   2.000       4.0061
   3.000       4.0656
   6.000       3.9038
   8.000       3.8344
   9.000       3.5658
  11.000       3.2008
  12.000       3.1125
  14.000       2.8643
  15.000       2.7712
  16.000       2.6274
  17.000       2.5263
  20.000       2.7195
  21.000       2.9350
  23.000       3.0883
  24.000       2.9908
  25.000       3.5194
  27.000       3.4847
  29.000       3.8769
  31.000       3.6719
  32.000       3.4497
  33.000       3.7362
  34.000       3.3133
  35.000       3.1768
  36.000       3.2835
  39.000       3.0522
  41.000       2.9224
  42.000       2.6233
  44.000       2.4166
  45.000       2.4806
  47.000       2.2901
  48.000       2.0694
  49.000       1.8461
  50.000       1.7945
  51.000       1.7496
  53.000       1.8411
  54.000       1.7912
  57.000       2.0424
  58.000       2.1508
  59.000       2.8133
  61.000       2.5977
  63.000       2.7372
  65.000       2.9695
  66.000       2.9106
  67.000       3.1969
  68.000       2.9040
  69.000       2.6177
  70.000       2.6478
  73.000       2.3877
  75.000       2.1488
  76.000       1.9536
  78.000       1.8137
  79.000       1.9534
  81.000       1.8429
  82.000       1.6069
  83.000       1.4692
  84.000       1.5148
  85.000       1.3683
  87.000       1.3921
  88.000       1.4174
  91.000       1.4922
  92.000       1.5962
  93.000       2.3685
  95.000       2.1305
  97.000       2.2908
  99.000       2.6498
 102.000       2.8287
 103.000       2.6859
 106.000       2.4391
 108.000       2.1780
 109.000       2.0577
 111.000       1.9119
 112.000       2.0068
 114.000       1.9176
 115.000       1.7313
 116.000       1.6454
 117.000       1.7301
 118.000       1.5651
 120.000       1.5734
 121.000       1.5932
 124.000       1.6626
 125.000       1.7316
 126.000       2.4801
 128.000       2.2849
 130.000       2.3046
 132.000       2.4996
 133.000       2.8377
 134.000       2.8647
 135.000       3.0638
 136.000       2.9904
 137.000       3.1255
 140.000       3.3353
 142.000       3.6706
 143.000       3.8004
 145.000       3.9352
 146.000       3.8684
 148.000       4.1055
 150.000       4.3933
 151.000       4.6944
 154.000       4.4760
 155.000       4.2610
 156.000       4.4509
 157.000       3.1762
 159.000       3.5376
 161.000       3.7224
 163.000       2.9884
 164.000       2.7952
 165.000       2.9514
 166.000       2.8963
 167.000       2.4355
 168.000       2.3834
 171.000       2.1146
 173.000       2.0258
 174.000       1.8549
 176.000       1.8845
 177.000       2.0731
 179.000       2.1902
 180.000       2.0681
 181.000       2.2141
 182.000       2.4903
 185.000       2.1942
 186.000       2.0252
 188.000       1.8679
 189.000       1.8842
 190.000       1.9681
 192.000       1.8228
 194.000       1.9094
 196.000       2.0561
 197.000       2.0276
 198.000       2.2320
 199.000       2.1183
 200.000       1.8289
 201.000       1.8603
 204.000       1.7848
 206.000       1.7500
 207.000       1.7824
 209.000       1.8009
 210.000       1.8108
 212.000       1.9873
 214.000       2.1616
 215.000       2.4129
 216.000       2.1503
 218.000       1.9914
 219.000       2.1412
 220.000       1.7232
 222.000       1.7999
 224.000       2.0421
 226.000       1.8295
 227.000       1.7913
 228.000       2.0230
 229.000       1.7598
 230.000       1.6548
 231.000       1.7778
 234.000       1.6460
 236.000       1.5273
 237.000       1.3745
 239.000       1.2202
 240.000       1.3090
 242.000       1.2568
 244.000       1.1272
 245.000       1.1887
 246.000       1.0870
 248.000       1.1267
 249.000       1.2285
 250.000       1.5312
 252.000       1.4289
 254.000       1.5887
 256.000       1.7060
 257.000       1.7340
 258.000       2.0075
 259.000       1.7764
 260.000       1.5312
 261.000       1.5641
 264.000       1.4301
 266.000       1.3111
 267.000       1.2204
 269.000       1.0486
 270.000       1.0725
 272.000       0.9975
 274.000       0.8994
 275.000       0.9514
 276.000       0.9202
 278.000       0.9859
 279.000       1.1183
 280.000       1.4555
 282.000       1.3583
 284.000       1.5729
 286.000       1.6463
 287.000       1.7901
 288.000       2.1981
 289.000       1.8910
 290.000       1.6192
 291.000       1.7359
 294.000       1.5977
 296.000       1.4832
 297.000       1.3802
 299.000       1.2658
 300.000       1.3575
 302.000       1.2752
 303.000       1.1197
 304.000       1.0667
 305.000       1.1151
 306.000       1.0817
 308.000       1.1122
 309.000       1.2114
 312.000       1.1269
 313.000       1.1329
 314.000       1.5658
 316.000       1.3705
 318.000       1.7841
 320.000       1.9414
 321.000       2.6916
 322.000       3.5172
 323.000       3.3124
 324.000       2.3896
 325.000       2.4081
 328.000       2.5085
 330.000       2.8283
 331.000       3.0663
 333.000       3.3932
 334.000       3.4308
 336.000       3.9101
 337.000       4.3073
 338.000       5.1303
 339.000       5.5758
 342.000       5.6854
 343.000       5.4206
 345.000       4.6095
 346.000       4.0549
 347.000       2.5712
 349.000       3.0049
 351.000       3.3084
 353.000       2.6868
 354.000       3.1212
 355.000       3.7963
 356.000       3.4040
 357.000       2.9507
 358.000       3.4392
 361.000       3.5185
 363.000       3.5133
 364.000       3.5844
 366.000       3.4608
 367.000       3.5053
 369.000       3.5604
 370.000       3.5884
 371.000       3.9137
 372.000       4.0516
 375.000       4.3816
 376.000       4.4978
 378.000       4.1235
 379.000       3.6383
 380.000       3.5311
 382.000       3.7330
 384.000       4.1171
 386.000       3.7639
 387.000       4.0295
 388.000       4.5393
 389.000       4.3760
 390.000       3.5011
 391.000       3.1368
 394.000       2.7489
 396.000       2.5548
 397.000       2.2289
 399.000       2.1309
 400.000       2.3376
 402.000       2.3590
 404.000       2.1685
 405.000       2.2777
 408.000       1.9861
 409.000       1.9579
 410.000       1.9087
 411.000       2.6461
 413.000       2.2993
 415.000       2.2603
 417.000       2.8447
 418.000       2.9313
 419.000       3.3100
 420.000       2.9294
 421.000       2.6811
 422.000       2.7254
 425.000       2.5857
 427.000       2.2841
 428.000       2.1793
 430.000       1.8728
 431.000       1.8713
 433.000       1.6857
 435.000       1.4823
 436.000       1.4303
 437.000       1.5130
 439.000       1.7004
 440.000       1.8223
 441.000       2.6962
 443.000       2.4288
 445.000       2.5438
 447.000       2.8761
 448.000       3.1808
 449.000       3.8523
 450.000       3.2698
 451.000       2.9749
 452.000       2.5132
 455.000       2.5476
 457.000       3.0180
 458.000       3.2312
 460.000       3.7078
 461.000       3.9538
 463.000       4.4645
 464.000       4.7230
 465.000       5.5641
 466.000       6.0240
 467.000       6.0801
 469.000       5.8122
 470.000       6.6344
 473.000       4.9078
 474.000       4.3666
 475.000       2.4831
 477.000       3.0649
 479.000       3.1906
 481.000       2.1262
 482.000       1.9720
 483.000       2.2024
 484.000       2.0654
 485.000       1.7319
 486.000       1.8162
 489.000       1.7660
 491.000       1.6728
 492.000       1.6285
 494.000       1.4873
 495.000       1.4138
 497.000       1.3144
 499.000       1.3070
 500.000       1.2913
 501.000       1.4480
 503.000       1.5240
 504.000       1.6877
 505.000       1.7458
 507.000       1.7449
 509.000       1.9226
 511.000       1.9095
 512.000       1.9506
 513.000       2.1779
 514.000       1.8059
 515.000       1.9862
 516.000       2.1813
 519.000       2.2301
 521.000       2.1118
 522.000       2.1167
 524.000       1.9204
 525.000       1.7544
 527.000       1.6254
 528.000       1.7269
 529.000       1.7345
 530.000       1.6204
 533.000       1.9103
 534.000       2.0623
 536.000       2.0783
 537.000       1.9057
 538.000       2.2512
 540.000       2.2671
 542.000       2.4800
 544.000       2.4580
 545.000       2.5080
 546.000       2.7767
 547.000       2.4554
 548.000       2.3839
 549.000       2.4750
 552.000       2.3363
 554.000       2.1934
 555.000       2.0376
 557.000       1.8545
 558.000       1.8558
 560.000       1.7170
 562.000       1.5521
 563.000       1.4558
 564.000       1.5687
 566.000       1.7152
 567.000       1.7606
 568.000       2.2446
 570.000       2.1098
 572.000       2.2212
 574.000       2.3788
 575.000       2.3482
 576.000       2.5841
 577.000       2.3385
 578.000       2.1366
 579.000       2.1981
 582.000       2.0258
 584.000       1.9137
 585.000       1.7638
 587.000       1.6383
 588.000       1.6616
 590.000       1.5935
 592.000       1.4976
 593.000       1.5017
 594.000       1.5139
 596.000       1.5791
 597.000       1.6695
 598.000       1.8976
 600.000       1.7741
 602.000       1.8850
 604.000       1.9980
 605.000       1.9509
 606.000       2.1620
 607.000       1.9335
 608.000       1.7851
 609.000       1.8876
 612.000       1.7294
 614.000       1.6397
 615.000       1.4956
 617.000       1.3899
 618.000       1.4646
 620.000       1.3969
 621.000       1.2438
 622.000       1.1495
 623.000       1.1993
 624.000       1.0693
 626.000       1.1023
 627.000       1.1081
 630.000       1.2012
 631.000       1.2519
 632.000       1.6063
 634.000       1.5051
 636.000       1.6305
 638.000       1.7119
 639.000       1.7035
 640.000       1.9054
 641.000       1.7535
 642.000       1.5319
 643.000       1.5718
 646.000       1.4156
 648.000       1.3195
 649.000       1.2043
 651.000       1.1338
 652.000       1.2094
 654.000       1.2228
 656.000       1.1562
 657.000       1.2309
 658.000       1.0885
 660.000       1.0790
 661.000       1.1059
 662.000       1.3474
 664.000       1.2442
 666.000       1.3486
 668.000       1.4635
 669.000       1.5121
 670.000       1.7169
 671.000       1.6099
 672.000       1.3414
 673.000       1.3347
 676.000       1.2235
 678.000       1.1687
 679.000       1.1267
 681.000       1.0952
 682.000       1.1485
 684.000       1.1590
 685.000       1.1058
 686.000       1.1438
 687.000       1.2234
 690.000       1.1699
 691.000       1.1558
 693.000       1.1106
 694.000       1.0799
 695.000       1.2344
 697.000       1.1999
 699.000       1.2838
 701.000       1.3409
 702.000       1.4010
 703.000       1.6009
 704.000       1.4871
 705.000       1.3645
 706.000       1.3993
 709.000       1.3865
 711.000       1.3023
 712.000       1.3324
 714.000       1.2630
 715.000       1.2712
 717.000       1.2736
 719.000       1.2518
 720.000       1.3016
 723.000       1.2578
 724.000       1.2683
 725.000       1.3510
 726.000       1.4703
 728.000       1.4793
 730.000       1.5994
 732.000       1.6113
 733.000       1.7044
 734.000       1.9768
 735.000       1.6860
 736.000       1.6307
 737.000       1.8158
 740.000       1.7856
 742.000       1.6462
 743.000       1.6061
 745.000       1.4327
 746.000       1.3945
 748.000       1.3500
 749.000       1.3576
 750.000       1.4562
 751.000       1.5523
 752.000       1.5692
 754.000       1.5920
 755.000       1.7778
 758.000       1.5318
 759.000       1.4071
 760.000       1.7738
 762.000       1.7502
 764.000       1.9840
 766.000       1.9873
 767.000       2.0228
 768.000       2.3307
 769.000       1.9422
 770.000       1.9099
 771.000       2.0899
 774.000       1.9693
 776.000       1.7923
 777.000       1.6535
 779.000       1.4399
 780.000       1.4219
 782.000       1.3307
 784.000       1.2921
 785.000       1.3705
 788.000       1.3505
 789.000       1.4041
 790.000       1.5536
 791.000       1.8670
 793.000       1.7485
 795.000       1.9655
 797.000       2.0972
 798.000       2.1358
 799.000       2.4025
 800.000       2.1274
 801.000       1.9790
 802.000       2.0246
 805.000       1.8817
 807.000       1.7524
 808.000       1.6616
 810.000       1.5854
 811.000       1.6378
 813.000       1.6236
 815.000       1.5768
 816.000       1.6520
 819.000       1.5628
 820.000       1.5517
 821.000       1.6003
 822.000       1.8748
 824.000       1.7593
 826.000       1.8324
 828.000       2.0301
 829.000       2.1783
 830.000       2.4127
 831.000       2.3558
 832.000       2.0043
 833.000       1.9532
 836.000       1.9399
 838.000       1.9213
 839.000       2.0928
 841.000       2.1335
 842.000       2.1370
 844.000       2.3054
 846.000       2.4885
 847.000       2.7357
 848.000       2.5152
 850.000       2.3582
 851.000       2.5519
 852.000       2.1077
 854.000       2.2350
 856.000       2.7072
 858.000       2.2817
 859.000       2.5298
 860.000       2.8759
 861.000       2.8045
 862.000       2.3402
 863.000       2.4272
 866.000       2.2169
 868.000       1.9865
 869.000       1.8611
 871.000       1.7951
 872.000       1.8075
 874.000       1.9323
 876.000       2.1497
 877.000       2.4558
 878.000       2.2013
 880.000       2.0096
 881.000       2.2334
 882.000       2.1813
 884.000       2.0511
 886.000       2.2845
 888.000       2.4727
 889.000       2.5898
 890.000       2.9652
 891.000       2.5705
 892.000       2.4565
 893.000       2.6241
 896.000       2.5456
 898.000       2.2970
 899.000       2.2520
 901.000       2.0388
 902.000       1.9779
 904.000       1.9122
 905.000       1.9314
 906.000       2.0350
 907.000       2.1288
 908.000       2.1773
 910.000       2.2297
 911.000       2.4614
 914.000       2.1709
 915.000       2.0107
 916.000       2.5841
 918.000       2.5068
 920.000       2.7820
 922.000       2.9106
 923.000       3.0495
 924.000       3.3979
 925.000       3.0399
 926.000       2.9950
 927.000       3.2411
 930.000       3.1977
 932.000       2.9265
 933.000       2.9190
 935.000       2.7080
 936.000       2.5785
 938.000       2.4903
 940.000       2.5606
 941.000       2.6047
 944.000       2.6953
 945.000       2.7577
 946.000       2.9579
 947.000       3.2711
 949.000       3.2107
 951.000       3.4887
 953.000       3.6031
 954.000       3.7550
 955.000       4.1711
 956.000       3.6586
 957.000       3.6987
 958.000       3.9830
 961.000       4.0066
 963.000       3.7852
 964.000       3.8077
 966.000       3.5537
 967.000       3.3694
 969.000       3.3886
 970.000       3.5969
 971.000       3.9156
 972.000       4.0804
 975.000       4.2466
 976.000       4.2686
 978.000       4.0390
 979.000       3.6901
 980.000       4.0632
 982.000       4.0693
 984.000       4.4817
 986.000       4.4273
 989.000       4.8925
 990.000       5.0036
 993.000       4.7773
 995.000       4.6499
 996.000       4.3215
 998.000       4.0174
 999.000       4.0483
1001.000       3.7695
1002.000       3.5195
1003.000       3.2009
1004.000       3.0618
1005.000       3.1231
1007.000       3.3325
1008.000       3.3182
1011.000       3.6159
1012.000       3.6895
1013.000       4.4750
1015.000       4.2932
1017.000       4.5245
1019.000       4.6464
1020.000       4.5071
1021.000       4.8263
1022.000       4.4392
1023.000       4.1635
1024.000       4.2568
1027.000       3.9692
1029.000       3.7536
1030.000       3.4374
1032.000       3.1761
1033.000       3.2975
1035.000       3.1406
1037.000       2.8186
1038.000       2.7156
1041.000       2.6928
1042.000       2.8826
1043.000       2.8655
1044.000       3.7578
1046.000       3.4914
1048.000       3.6613
1050.000       3.9655
1051.000       3.9102
1052.000       4.2307
1053.000       3.8893
1054.000       3.5945
1055.000       3.6747
1058.000       3.4128
1060.000       3.1957
1061.000       2.9406
1063.000       2.7535
1064.000       2.8784
1066.000       2.7719
1067.000       2.5298
1068.000       2.3995
1069.000       2.4879
1072.000       2.2938
1073.000       2.3177
1075.000       2.4370
1076.000       2.5269
1077.000       3.2424
1079.000       3.0115
1081.000       3.1625
1083.000       3.4298
1084.000       3.3405
1085.000       3.7033
1086.000       3.3286
1087.000       2.9484
1088.000       3.0296
1091.000       2.7207
1093.000       2.5167
1094.000       2.2232
1096.000       2.0123
1097.000       2.1517
1099.000       2.0654
1100.000       1.8460
1101.000       1.8593
1102.000       2.0439
1105.000       1.9086
1106.000       1.9011
1108.000       1.8598
1109.000       1.8259
1110.000       2.4875
1112.000       2.2604
1114.000       2.4691
1116.000       2.6706
1117.000       2.5786
1118.000       2.8992
1119.000       2.6488
1120.000       2.2016
1121.000       2.2502
1124.000       2.0398
1126.000       1.9690
1127.000       1.8986
1129.000       1.8642
1130.000       1.9097
1132.000       2.1043
1133.000       2.1703
1134.000       2.5097
1135.000       2.8161
1138.000       2.6892
1139.000       2.5648
1141.000       2.2720
1142.000       2.0465
1143.000       1.8619
1145.000       1.8899
1147.000       2.1554
1149.000       1.9574
1150.000       1.8808
1151.000       2.1181
1152.000       1.9838
1153.000       1.6290
1154.000       1.6767
1157.000       1.6355
1159.000       1.5830
1160.000       1.6167
1162.000       1.5455
1163.000       1.5471
1165.000       1.6891
1166.000       1.7709
1167.000       2.0735
1168.000       2.3215
1171.000       2.2595
1172.000       2.1809
1174.000       1.9281
1175.000       1.6996
1176.000       1.6511
1178.000       1.7484
1180.000       2.0429
1182.000       1.8277
1183.000       2.0154
1184.000       2.2973
1185.000       2.0828
1186.000       2.0951
1187.000       2.0698
1190.000       1.9302
1192.000       1.8255
1193.000       1.7300
1195.000       1.6264
1196.000       1.6536
1198.000       1.5724
1199.000       1.4726
1200.000       1.3798
1201.000       1.3789
1202.000       1.3348
1204.000       1.3802
1205.000       1.3822
1208.000       1.4702
1209.000       1.5081
1210.000       2.0029
1212.000       1.9131
1214.000       1.9390
1216.000       1.9484
1217.000       2.1174
1218.000       2.1462
1219.000       2.3840
1220.000       2.0070
1221.000       1.8973
1224.000       1.7435
1226.000       1.6821
1227.000       1.5320
1229.000       1.4360
1230.000       1.4902
1232.000       1.4444
1234.000       1.3343
1235.000       1.3406
1236.000       1.2819
1238.000       1.3309
1239.000       1.3253
1240.000       1.6413
1242.000       1.5403
1244.000       1.6187
1246.000       1.7340
1247.000       1.7258
1248.000       1.9177
1249.000       1.7275
1250.000       1.5876
1251.000       1.6482
1254.000       1.5233
1256.000       1.4516
1257.000       1.3444
1259.000       1.2681
1260.000       1.3076
1262.000       1.2588
1263.000       1.1721
1264.000       1.1309
1265.000       1.1621
1268.000       1.1158
1269.000       1.1305
1271.000       1.1657
1272.000       1.1831
1273.000       1.4415
1275.000       1.3626
1277.000       1.4590
1279.000       1.5318
1280.000       1.5330
1281.000       1.7019
1282.000       1.5802
1283.000       1.3858
1284.000       1.4059
1287.000       1.2880
1289.000       1.2124
1290.000       1.1195
1292.000       1.0557
1293.000       1.1179
1295.000       1.1212
1297.000       1.0542
1298.000       1.1077
1301.000       1.0117
1302.000       1.0113
1303.000       1.0465
1304.000       1.2451
1306.000       1.1682
1308.000       1.2724
1310.000       1.3691
1311.000       1.4273
1312.000       1.6479
1313.000       1.5202
1314.000       1.2703
1315.000       1.2961
1318.000       1.2173
1320.000       1.1471
1321.000       1.1464
1323.000       1.1397
1324.000       1.1745
1326.000       1.3156
1328.000       1.4224
1329.000       1.6460
1330.000       1.3950
1332.000       1.2722
1333.000       1.4069
1334.000       1.2109
1336.000       1.2084
1338.000       1.3651
1340.000       1.3326
1341.000       1.3639
1342.000       1.5950
1343.000       1.3471
1344.000       1.2917
1345.000       1.3754
1348.000       1.3576
1350.000       1.2638
1351.000       1.2610
1353.000       1.1439
1354.000       1.0577
1356.000       1.0216
1357.000       1.1143
1358.000       1.2582
1359.000       1.2829
1362.000       1.4871
1363.000       1.5554
1365.000       1.4295
1366.000       1.2072
1367.000       1.3612
1369.000       1.3678
1371.000       1.5863
1373.000       1.5512
1374.000       1.5874
1375.000       1.8589
1376.000       1.5122
1377.000       1.5379
1378.000       1.7260
1381.000       1.6750
1383.000       1.5625
1384.000       1.5008
1386.000       1.2986
1387.000       1.1703
1389.000       1.0680
1390.000       1.1367
1391.000       1.1785
1392.000       1.1488
1395.000       1.3440
1396.000       1.4546
1398.000       1.4417
1399.000       1.2771
1400.000       1.5734
1402.000       1.5595
1404.000       1.8082
1406.000       1.7475
1407.000       1.7175
1408.000       1.9862
1409.000       1.6361
1410.000       1.5812
1411.000       1.6898
1414.000       1.5963
1416.000       1.5052
1417.000       1.3976
1419.000       1.2268
1420.000       1.1821
1422.000       1.0615
1423.000       1.0317
1424.000       1.0098
1425.000       0.9862
1428.000       1.1182
1429.000       1.2223
1431.000       1.2479
1432.000       1.1481
1433.000       1.4765
1435.000       1.4280
1437.000       1.6136
1439.000       1.5982
1440.000       1.5461
1441.000       1.7275
1442.000       1.4458
1443.000       1.5938
1444.000       1.7456
1447.000       1.7229
1449.000       1.6522
1450.000       1.6923
1452.000       1.5865
1453.000       1.4562
1455.000       1.5119
1456.000       1.6914
1457.000       1.9404
1458.000       2.0371
1461.000       2.2007
1462.000       2.2246
1464.000       2.0298
1465.000       1.7493
1466.000       1.8209
1468.000       1.7599
1470.000       2.0061
1472.000       2.0426
1473.000       2.2578
1474.000       2.3019
1475.000       2.5434
1476.000       2.2153
1477.000       2.4006
1480.000       2.3209
1482.000       2.1026
1483.000       2.1124
1485.000       2.0369
1486.000       2.1890
1488.000       2.1183
1489.000       1.8966
1490.000       1.7650
1491.000       1.8329
1494.000       1.6081
1495.000       1.5752
1497.000       1.6921
1498.000       1.8456
1499.000       2.4859
1501.000       2.3779
1503.000       2.4868
1505.000       2.7288
