   2.000       6.7391
   3.000       6.2921
   6.000       5.9787
   8.000       6.6812
   9.000       6.6799
  11.000       7.4894
  12.000       8.0276
  14.000       8.8147
  16.000       9.1544
  17.000       9.9115
  18.000       8.6457
  20.000       7.8191
  21.000       7.5200
  22.000       5.4730
  24.000       6.0885
  26.000       6.0123
  28.000       4.9669
  29.000       4.3559
  30.000       4.5498
  31.000       4.4249
  32.000       3.9129
  33.000       4.0665
  36.000       3.8292
  38.000       3.5967
  39.000       3.2077
  41.000       2.7803
  42.000       2.7745
  44.000       2.4745
  45.000       2.2239
  46.000       1.9837
  47.000       1.9628
  48.000       1.9920
  50.000       2.2129
  51.000       2.3735
  54.000       2.4455
  55.000       2.4288
  56.000       3.4930
  58.000       3.2567
  60.000       3.6407
  62.000       3.7977
  63.000       3.6914
  64.000       4.1196
  65.000       3.7006
  66.000       3.1913
  67.000       3.2337
  70.000       2.8070
  72.000       2.5754
  73.000       2.1701
  75.000       1.9784
  76.000       2.2198
  78.000       2.2429
  80.000       2.0281
  81.000       2.2377
  84.000       1.8078
  85.000       1.7615
  86.000       1.7490
  87.000       2.4878
  89.000       2.1396
  91.000       2.3086
  93.000       2.6564
  94.000       2.5968
  95.000       2.8222
  96.000       2.8434
  97.000       2.1218
  98.000       1.9218
 101.000       1.5811
 103.000       1.5271
 104.000       1.4630
 106.000       1.6767
 107.000       1.9138
 109.000       2.2428
 111.000       2.3786
 112.000       2.7489
 113.000       2.1903
 115.000       1.8554
 116.000       1.8876
 117.000       1.5143
 119.000       1.4136
 121.000       1.3950
 123.000       1.5227
 124.000       1.5584
 125.000       1.7269
 126.000       1.7437
 127.000       1.3103
 128.000       1.2312
 131.000       1.1213
 133.000       1.1096
 134.000       1.0699
 136.000       1.0670
 137.000       1.1151
 139.000       1.1393
 141.000       1.1105
 142.000       1.1720
 145.000       1.1043
 146.000       1.0835
 147.000       1.1558
 148.000       1.1200
 150.000       1.1079
 152.000       1.1714
 154.000       1.1561
 155.000       1.1533
 156.000       1.2592
 157.000       1.2057
 158.000       1.0866
 159.000       1.0907
 162.000       1.0577
 164.000       1.0894
 165.000       1.0552
 167.000       1.0288
 168.000       1.0239
 170.000       1.0209
 172.000       1.0173
 173.000       1.0377
 176.000       1.0359
 177.000       1.0463
 178.000       1.1141
 179.000       0.9972
 181.000       1.0211
 183.000       1.0946
 185.000       1.0026
 186.000       0.9919
 187.000       1.0643
 188.000       1.0215
 189.000       0.9852
 190.000       1.0237
 193.000       1.0332
 195.000       1.0430
 196.000       1.0500
 198.000       1.0237
 199.000       1.0111
 201.000       1.0197
 203.000       1.0463
 204.000       1.1001
 205.000       1.0730
 207.000       1.0628
 208.000       1.1346
 209.000       1.0202
 211.000       1.0617
 213.000       1.1711
 215.000       1.0956
 216.000       1.0779
 217.000       1.4409
 218.000       1.3759
 219.000       1.0164
 220.000       0.9867
 223.000       0.9709
 225.000       0.9802
 226.000       0.9717
 228.000       1.0023
 229.000       1.0662
 231.000       1.1093
 232.000       1.0740
 233.000       1.1370
 234.000       1.2284
 237.000       1.1620
 238.000       1.1247
 240.000       1.0523
 241.000       1.0222
 242.000       0.9753
 244.000       0.9576
 246.000       1.0006
 248.000       1.0403
 249.000       1.0208
 250.000       1.1807
 251.000       1.2229
 252.000       1.1538
 253.000       1.3024
 256.000       1.0131
 258.000       1.1161
 259.000       1.0331
 261.000       1.0697
 262.000       1.2019
 264.000       1.3088
 265.000       1.2325
 266.000       1.3379
 267.000       1.5280
 268.000       1.2612
 270.000       1.1127
 271.000       1.1058
 274.000       1.0255
 275.000       1.0824
 276.000       1.0110
 278.000       1.1034
 280.000       1.5304
 282.000       1.2671
 283.000       1.4654
 284.000       1.7943
 285.000       1.8558
 286.000       1.3652
 287.000       1.3636
 290.000       1.2579
 292.000       1.2430
 293.000       1.1324
 295.000       1.0074
 296.000       0.9734
 298.000       0.9163
 300.000       0.8872
 301.000       0.9189
 302.000       0.9316
 304.000       0.9922
 305.000       1.0994
 306.000       1.1361
 308.000       1.1109
 310.000       1.2573
 312.000       1.2064
 313.000       1.1659
 314.000       1.3589
 315.000       1.1676
 316.000       1.0719
 317.000       1.1712
 320.000       1.1266
 322.000       1.0691
 323.000       1.0230
 325.000       0.9270
 326.000       0.8726
 328.000       0.8423
 329.000       0.8891
 330.000       0.9716
 331.000       1.0140
 334.000       1.0840
 335.000       1.1093
 337.000       1.0539
 338.000       0.9403
 339.000       1.0770
 341.000       1.0778
 343.000       1.2426
 345.000       1.2122
 346.000       1.2726
 347.000       1.4756
 348.000       1.3014
 349.000       1.2180
 350.000       1.2863
 353.000       1.2822
 355.000       1.2021
 356.000       1.2088
 358.000       1.1069
 359.000       1.0569
 361.000       1.0062
 363.000       0.9921
 364.000       0.9920
 367.000       1.0566
 368.000       1.1212
 369.000       1.2474
 370.000       1.3291
 372.000       1.3335
 374.000       1.4949
 376.000       1.4905
 377.000       1.6196
 378.000       1.8158
 379.000       1.6152
 380.000       1.6254
 381.000       1.7522
 384.000       1.7862
 386.000       1.6450
 387.000       1.6458
 389.000       1.4556
 390.000       1.3835
 392.000       1.2996
 393.000       1.2937
 394.000       1.2692
 395.000       1.2656
 396.000       1.3308
 398.000       1.4184
 399.000       1.5038
 402.000       1.4654
 403.000       1.3884
 404.000       1.8454
 406.000       1.8366
 408.000       2.0541
 410.000       2.0787
 411.000       2.1840
 412.000       2.4562
 413.000       2.1174
 414.000       2.1669
 415.000       2.2812
 418.000       2.2448
 420.000       2.3959
 421.000       2.3566
 423.000       2.3906
 424.000       2.4450
 426.000       2.5692
 427.000       2.6009
 428.000       2.7973
 429.000       2.9799
 432.000       2.8857
 433.000       2.7801
 435.000       2.5916
 436.000       2.5018
 437.000       2.0463
 439.000       2.1761
 441.000       2.2920
 443.000       1.9602
 444.000       1.7593
 445.000       1.8020
 446.000       1.6883
 447.000       1.7463
 448.000       1.8364
 451.000       1.8898
 453.000       2.0192
 454.000       2.0321
 456.000       2.0052
 457.000       1.9034
 459.000       1.9539
 460.000       2.1050
 461.000       2.2718
 462.000       2.3193
 463.000       2.4435
 465.000       2.4568
 466.000       2.6596
 469.000       2.3117
 470.000       2.1374
 471.000       1.7601
 473.000       1.9229
 475.000       2.0716
 477.000       1.7196
 478.000       1.5900
 479.000       1.6261
 480.000       1.4627
 481.000       1.7030
 482.000       1.8406
 485.000       1.9888
 487.000       2.0747
 488.000       2.1543
 490.000       2.0589
 491.000       1.8763
 493.000       1.8578
 494.000       2.0561
 495.000       2.2062
 496.000       2.1586
 499.000       2.4614
 500.000       2.5545
 502.000       2.4326
 503.000       2.1834
 504.000       1.9622
 506.000       2.1478
 508.000       2.3576
 510.000       2.0255
 511.000       1.9561
 512.000       2.3051
 513.000       1.8795
 514.000       1.9112
 515.000       2.0617
 518.000       1.9914
 520.000       1.9233
 521.000       1.7809
 523.000       1.5869
 524.000       1.5243
 526.000       1.3665
 527.000       1.3073
 528.000       1.1685
 529.000       1.0802
 530.000       1.1986
 532.000       1.3529
 533.000       1.4196
 536.000       1.4858
 537.000       1.4505
 538.000       1.8316
 540.000       1.7813
 542.000       1.9550
 544.000       1.9395
 545.000       1.8577
 546.000       2.0648
 547.000       1.8409
 548.000       1.6566
 549.000       1.6686
 552.000       1.4810
 554.000       1.3838
 555.000       1.2145
 557.000       1.1515
 558.000       1.2481
 560.000       1.1761
 561.000       1.0272
 562.000       0.9560
 563.000       1.0166
 564.000       0.8881
 566.000       0.8658
 567.000       0.8529
 570.000       0.9248
 571.000       1.0091
 572.000       1.3830
 574.000       1.2159
 576.000       1.2279
 578.000       1.4510
 579.000       1.4613
 580.000       1.5978
 581.000       1.5694
 582.000       1.3557
 583.000       1.3709
 586.000       1.3206
 588.000       1.2732
 589.000       1.2749
 591.000       1.1324
 592.000       1.0338
 594.000       1.0274
 595.000       1.1112
 596.000       1.2332
 597.000       1.2876
 600.000       1.3909
 601.000       1.4396
 603.000       1.3614
 604.000       1.1835
 605.000       1.2871
 607.000       1.3784
 609.000       1.6746
 611.000       1.4517
 612.000       1.4968
 613.000       1.7638
 614.000       1.4767
 615.000       1.4093
 616.000       1.5462
 619.000       1.5259
 621.000       1.4519
 622.000       1.4347
 624.000       1.3037
 625.000       1.2012
 627.000       1.1571
 629.000       1.2262
 630.000       1.2822
 633.000       1.3351
 634.000       1.3710
 635.000       1.5356
 636.000       1.4752
 638.000       1.4944
 640.000       1.6916
 642.000       1.6038
 643.000       1.6047
 644.000       1.7965
 645.000       1.6102
 646.000       1.4823
 647.000       1.5430
 650.000       1.4659
 652.000       1.4041
 653.000       1.3319
 655.000       1.2317
 656.000       1.2084
 658.000       1.1786
 660.000       1.1791
 661.000       1.2316
 664.000       1.2225
 665.000       1.2432
 666.000       1.3563
 667.000       1.3972
 669.000       1.3639
 671.000       1.5035
 673.000       1.4959
 674.000       1.5101
 675.000       1.6544
 676.000       1.5617
 677.000       1.4069
 678.000       1.4298
 681.000       1.3834
 683.000       1.3240
 684.000       1.2753
 686.000       1.1915
 687.000       1.1917
 689.000       1.1476
 690.000       1.1012
 691.000       1.0719
 692.000       1.0908
 693.000       1.0763
 695.000       1.1214
 696.000       1.1717
 699.000       1.1595
 700.000       1.1364
 701.000       1.3856
 703.000       1.3520
 705.000       1.4709
 707.000       1.5116
 708.000       1.5762
 709.000       1.7795
 710.000       1.6021
 711.000       1.4952
 712.000       1.5962
 715.000       1.5442
 717.000       1.4127
 718.000       1.3837
 720.000       1.2321
 721.000       1.2239
 723.000       1.1638
 724.000       1.1076
 725.000       1.0825
 726.000       1.1296
 727.000       1.0753
 729.000       1.1069
 730.000       1.1439
 733.000       1.1581
 734.000       1.1474
 735.000       1.5991
 737.000       1.5778
 739.000       1.9007
 741.000       1.8505
 744.000       4.2641
 745.000       4.2388
 748.000       3.7286
 750.000       3.4178
 751.000       2.9537
 753.000       2.7777
 754.000       3.0230
 756.000       2.9845
 757.000       2.6873
 758.000       2.7251
 759.000       3.0067
 760.000       2.6203
 762.000       2.4804
 763.000       2.6173
 766.000       2.4376
 767.000       2.5446
 768.000       3.4185
 770.000       3.0004
 772.000       3.1768
 774.000       3.7340
 775.000       3.8136
 776.000       4.2561
 777.000       3.9418
 778.000       3.3354
 779.000       3.2829
 782.000       2.8935
 784.000       2.4994
 785.000       2.3151
 787.000       2.2240
 788.000       2.4884
 790.000       2.5931
 792.000       2.4438
 793.000       2.6802
 794.000       2.1873
 796.000       2.0769
 797.000       2.0605
 798.000       2.9494
 800.000       2.7519
 802.000       3.0588
 804.000       3.3163
 805.000       3.5585
 806.000       4.1014
 807.000       3.5503
 808.000       3.3442
 809.000       3.5521
 812.000       3.4544
 814.000       3.0693
 815.000       3.0532
 817.000       2.7950
 818.000       2.7740
 820.000       2.6874
 821.000       2.6278
 822.000       2.6898
 823.000       2.7989
 824.000       2.8170
 826.000       2.8945
 827.000       3.1682
 830.000       2.8569
 831.000       2.7065
 832.000       3.6136
 834.000       3.4764
 836.000       3.8442
 838.000       4.0687
