   2.000       4.2235
   3.000       4.3645
   6.000       4.3135
   8.000       4.3772
   9.000       4.1923
  11.000       3.9450
  12.000       3.8833
  14.000       3.6902
  15.000       3.6179
  16.000       3.4627
  17.000       3.3536
  18.000       3.4969
  20.000       3.6641
  21.000       3.7212
  24.000       3.8191
  25.000       3.7799
  26.000       3.9859
  28.000       4.0334
  30.000       4.3068
  32.000       4.0120
  33.000       3.7219
  34.000       3.9205
  35.000       3.5118
  36.000       3.5611
  37.000       3.7450
  40.000       3.6049
  42.000       3.5882
  43.000       3.3386
  45.000       3.1071
  46.000       3.0784
  48.000       2.8868
  49.000       2.7757
  50.000       2.6077
  51.000       2.5157
  52.000       2.6097
  54.000       2.7508
  55.000       2.7733
  58.000       2.9084
  59.000       2.9131
  60.000       3.2859
  62.000       3.2091
  64.000       3.4172
  66.000       3.3569
  67.000       3.1448
  68.000       3.3850
  69.000       3.0192
  70.000       2.9103
  71.000       2.9915
  74.000       2.8009
  76.000       2.7329
  77.000       2.5020
  79.000       2.3204
  80.000       2.3402
  82.000       2.1809
  83.000       2.0498
  84.000       1.9097
  85.000       1.8587
  86.000       1.9033
  88.000       2.0049
  89.000       2.0435
  92.000       2.1241
  93.000       2.1431
  94.000       2.5721
  96.000       2.4431
  98.000       2.5951
 100.000       2.6887
 101.000       2.6121
 102.000       2.8758
 103.000       2.5708
 104.000       2.3898
 105.000       2.4664
 108.000       2.2993
 110.000       2.1760
 111.000       2.0059
 113.000       1.8431
 114.000       1.8613
 116.000       1.7292
 117.000       1.6161
 118.000       1.5165
 119.000       1.4740
 122.000       1.5437
 123.000       1.6483
 125.000       1.7255
 126.000       1.7022
 127.000       2.1836
 129.000       2.0517
 131.000       2.1981
 133.000       2.3531
 134.000       2.3620
 135.000       2.6435
 136.000       2.3279
 137.000       2.1844
 138.000       2.2777
 141.000       2.1412
 143.000       1.9690
 144.000       1.8578
 146.000       1.7045
 147.000       1.6901
 149.000       1.5672
 150.000       1.4890
 151.000       1.4020
 152.000       1.3360
 155.000       1.4594
 156.000       1.5860
 158.000       1.6510
 159.000       1.5938
 160.000       2.1006
 162.000       1.9764
 164.000       2.1258
 166.000       2.3069
 167.000       2.3747
 168.000       2.6419
 169.000       2.3385
 170.000       2.2647
 171.000       2.3427
 174.000       2.2503
 176.000       2.0820
 177.000       2.0083
 179.000       1.8468
 180.000       1.8081
 182.000       1.6774
 183.000       1.6186
 184.000       1.5068
 185.000       1.4208
 186.000       1.5573
 188.000       1.7053
 189.000       1.7965
 192.000       1.7968
 193.000       1.7419
 194.000       2.2545
 196.000       2.1611
 198.000       2.3102
 200.000       2.4501
 201.000       2.5162
 202.000       2.7717
 203.000       2.4678
 204.000       2.4100
 205.000       2.5282
 208.000       2.4339
 210.000       2.2491
 211.000       2.1432
 213.000       1.9620
 214.000       1.9651
 216.000       1.8294
 217.000       1.7059
 218.000       1.5575
 219.000       1.4930
 222.000       1.5341
 223.000       1.6590
 225.000       1.7979
 226.000       1.8018
 227.000       2.4205
 229.000       2.3018
 231.000       2.4571
 233.000       2.6204
 234.000       2.6799
 235.000       2.9440
 236.000       2.6531
 237.000       2.5304
 238.000       2.6214
 241.000       2.4556
 243.000       2.2535
 244.000       2.0818
 246.000       1.8770
 247.000       1.9836
 249.000       1.8913
 251.000       1.6666
 252.000       1.6485
 253.000       1.5645
 255.000       1.6623
 256.000       1.6445
 257.000       2.3964
 259.000       2.2092
 261.000       2.3286
 263.000       2.5826
 264.000       2.5238
 265.000       2.9197
 266.000       2.5673
 267.000       2.1203
 268.000       2.2111
 271.000       1.9675
 273.000       1.8677
 274.000       1.7372
 276.000       1.7031
 277.000       1.6523
 279.000       1.7439
 280.000       1.8376
 281.000       2.0503
 282.000       2.2025
 285.000       2.2150
 286.000       2.2013
 288.000       2.0375
 289.000       1.8324
 290.000       1.7903
 292.000       1.7768
 294.000       2.0416
 296.000       1.9278
 297.000       1.8995
 298.000       1.9409
 299.000       2.4051
 300.000       1.6880
 301.000       1.6605
 304.000       1.4927
 306.000       1.3999
 307.000       1.2790
 309.000       1.2014
 310.000       1.2193
 312.000       1.1777
 314.000       1.1263
 315.000       1.1495
 316.000       1.1206
 318.000       1.1503
 319.000       1.1861
 320.000       1.4234
 322.000       1.3037
 324.000       1.3149
 326.000       1.4250
 327.000       1.5648
 328.000       1.7375
 329.000       1.6072
 330.000       1.5769
 331.000       1.5390
 334.000       1.4798
 336.000       1.5163
 337.000       1.5060
 339.000       1.4665
 340.000       1.5841
 342.000       1.5404
 343.000       1.3751
 344.000       1.2789
 345.000       1.3119
 348.000       1.1992
 349.000       1.2130
 351.000       1.2745
 352.000       1.3460
 353.000       1.4054
 355.000       1.4704
 357.000       1.5965
 359.000       1.4538
 360.000       1.4201
 361.000       1.5631
 362.000       1.4740
 363.000       1.3608
 364.000       1.3324
 367.000       1.3810
 369.000       1.4291
 370.000       1.5048
 372.000       1.5372
 373.000       1.5846
 375.000       1.6945
 376.000       1.7314
 377.000       1.9174
 378.000       2.0786
 381.000       2.0154
 382.000       1.9308
 384.000       1.7527
 385.000       1.6491
 386.000       1.4076
 388.000       1.5102
 390.000       1.6811
 392.000       1.5186
 393.000       1.6852
 394.000       1.7599
 395.000       2.0502
 396.000       1.5879
 397.000       1.6466
 400.000       1.6017
 402.000       1.5238
 403.000       1.4708
 405.000       1.3776
 406.000       1.3844
 408.000       1.3411
 410.000       1.2589
 411.000       1.2477
 412.000       1.2729
 414.000       1.3399
 415.000       1.4137
 416.000       1.5709
 418.000       1.5318
 420.000       1.6504
 422.000       1.6767
 423.000       1.6820
 424.000       1.8288
 425.000       1.6680
 426.000       1.6125
 427.000       1.6705
 430.000       1.6028
 432.000       1.5470
 433.000       1.4795
 435.000       1.4063
 436.000       1.4217
 438.000       1.3764
 440.000       1.3127
 441.000       1.2951
 444.000       1.3076
 445.000       1.3540
 446.000       1.3840
 447.000       1.5452
 449.000       1.4980
 451.000       1.5823
 453.000       1.6085
 454.000       1.6097
 455.000       1.7330
 456.000       1.6358
 457.000       1.5236
 458.000       1.5413
 461.000       1.4661
 463.000       1.4250
 464.000       1.3591
 466.000       1.3057
 467.000       1.3290
 469.000       1.2973
 471.000       1.2454
 472.000       1.2457
 475.000       1.2322
 476.000       1.2587
 477.000       1.2740
 478.000       1.4235
 480.000       1.3787
 482.000       1.4420
 484.000       1.4826
 485.000       1.5091
 486.000       1.6196
 487.000       1.5725
 488.000       1.4303
 489.000       1.4351
 492.000       1.3866
 494.000       1.3381
 495.000       1.3118
 497.000       1.2760
 498.000       1.2992
 500.000       1.2989
 502.000       1.2759
 503.000       1.3186
 504.000       1.2579
 506.000       1.2582
 507.000       1.2867
 508.000       1.3981
 510.000       1.3784
 512.000       1.4536
 514.000       1.4788
 515.000       1.5303
 516.000       1.6768
 517.000       1.5697
 518.000       1.4720
 519.000       1.5124
 522.000       1.4665
 524.000       1.4159
 525.000       1.3787
 527.000       1.3151
 528.000       1.3138
 530.000       1.2697
 531.000       1.2454
 532.000       1.2372
 533.000       1.2412
 536.000       1.2722
 537.000       1.3037
 539.000       1.3107
 540.000       1.2799
 541.000       1.4584
 543.000       1.4329
 545.000       1.5178
 547.000       1.5496
 548.000       1.5778
 549.000       1.7382
 550.000       1.5815
 551.000       1.5178
 552.000       1.5680
 555.000       1.5116
 557.000       1.4486
 558.000       1.3992
 560.000       1.3237
 561.000       1.3198
 563.000       1.2745
 564.000       1.2436
 565.000       1.2324
 566.000       1.2346
 569.000       1.2722
 570.000       1.3190
 572.000       1.3294
 573.000       1.2849
 574.000       1.4872
 576.000       1.4515
 578.000       1.5607
 580.000       1.5928
 581.000       1.6488
 582.000       1.8062
 583.000       1.6894
 584.000       1.5796
 585.000       1.6260
 588.000       1.5801
 590.000       1.4820
 591.000       1.4447
 593.000       1.3797
 594.000       1.3986
 596.000       1.3988
 598.000       1.3817
 599.000       1.4402
 600.000       1.3635
 602.000       1.3651
 603.000       1.4109
 604.000       1.6104
 606.000       1.5622
 608.000       1.6682
 610.000       1.7529
 611.000       1.8238
 612.000       2.0379
 613.000       1.8910
 614.000       1.7231
 615.000       1.8101
 618.000       1.7342
 620.000       1.6472
 621.000       1.5993
 623.000       1.5219
 624.000       1.5293
 626.000       1.5157
 627.000       1.4874
 628.000       1.5189
 629.000       1.5839
 630.000       1.5452
 632.000       1.5512
 633.000       1.6309
 636.000       1.5362
 637.000       1.4957
 638.000       1.7161
 640.000       1.6894
 642.000       1.8258
 644.000       1.8357
 645.000       1.8531
 646.000       2.0524
 647.000       1.8302
 648.000       1.7566
 649.000       1.9276
 652.000       1.8133
 654.000       1.7076
 655.000       1.5821
 657.000       1.4801
 658.000       1.5081
 660.000       1.4512
 661.000       1.3682
 662.000       1.3317
 663.000       1.3885
 666.000       1.3030
 667.000       1.3148
 669.000       1.3707
 670.000       1.3857
 671.000       1.7508
 673.000       1.6464
 675.000       1.7374
 677.000       1.8808
 678.000       1.9359
 679.000       2.1306
 680.000       1.9459
 681.000       1.8450
 682.000       1.8712
 685.000       1.7957
 687.000       1.6478
 688.000       1.6544
 690.000       1.5903
 691.000       1.6376
 693.000       1.6324
 695.000       1.5963
 696.000       1.6555
 697.000       1.5513
 699.000       1.5342
 700.000       1.5207
 701.000       1.9062
 703.000       1.8137
 705.000       1.9195
 707.000       1.9999
 708.000       2.2285
 709.000       2.3942
 710.000       2.4548
 711.000       2.2304
 712.000       2.1977
 715.000       2.1343
 717.000       2.0088
 718.000       1.9899
 720.000       1.8684
 721.000       1.8671
 723.000       1.8345
 724.000       1.8243
 725.000       1.8860
 726.000       1.9493
 729.000       1.9696
 730.000       1.9673
 732.000       1.9093
 733.000       1.8414
 734.000       2.2478
 736.000       2.2138
 738.000       2.3993
 740.000       2.3621
 741.000       2.6404
 742.000       2.8877
 743.000       2.9214
 744.000       2.5420
 745.000       2.5189
 748.000       2.5382
 750.000       2.7672
 751.000       2.7854
 753.000       3.0173
 754.000       3.0774
 756.000       3.3420
 758.000       3.5744
 759.000       3.8611
 760.000       3.5261
 762.000       3.2654
 763.000       3.3376
 764.000       2.3897
 766.000       2.5528
 768.000       2.5886
 770.000       2.4096
 771.000       2.2957
 772.000       2.4579
 773.000       2.3268
 774.000       2.0636
 775.000       2.0573
 778.000       1.8526
 780.000       1.7857
 781.000       1.6166
 783.000       1.5769
 784.000       1.6849
 786.000       1.6259
 787.000       1.4812
 788.000       1.4228
 789.000       1.4713
 790.000       1.3696
 792.000       1.3521
 793.000       1.3674
 796.000       1.3832
 797.000       1.4550
 798.000       1.7317
 800.000       1.5717
 802.000       1.5769
 804.000       1.8093
 805.000       1.8269
 806.000       1.9849
 807.000       1.9367
 808.000       1.6158
 809.000       1.5598
 812.000       1.4145
 814.000       1.3386
 815.000       1.2769
 817.000       1.2553
 818.000       1.3639
 820.000       1.3403
 821.000       1.2054
 822.000       1.1755
 823.000       1.2411
 824.000       1.1325
 826.000       1.1161
 827.000       1.1476
 830.000       1.1259
 831.000       1.1677
 832.000       1.4120
 834.000       1.3402
 836.000       1.4157
 838.000       1.5003
 839.000       1.5494
 840.000       1.6510
 841.000       1.6253
 842.000       1.6588
 843.000       1.8233
 846.000       1.7056
 848.000       1.6631
 849.000       1.6016
 851.000       1.5051
 852.000       1.4991
 854.000       1.4486
 856.000       1.3952
 857.000       1.3896
 858.000       1.4169
 860.000       1.4721
 861.000       1.5383
 862.000       1.5849
 864.000       1.5963
 866.000       1.7557
 868.000       1.6451
 869.000       1.6217
 870.000       1.7725
 871.000       1.5949
 872.000       1.5812
 873.000       1.6810
 876.000       1.6482
 878.000       1.5886
 879.000       1.5293
 881.000       1.4235
 882.000       1.4002
 884.000       1.3378
 886.000       1.2923
 887.000       1.2831
 888.000       1.3292
 890.000       1.3966
 891.000       1.4824
 892.000       1.6006
 894.000       1.5749
 896.000       1.7028
 898.000       1.7075
 899.000       1.7166
 900.000       1.8916
 901.000       1.6878
 902.000       1.6582
 903.000       1.7108
 906.000       1.6480
 908.000       1.5737
 909.000       1.5096
 911.000       1.4067
 912.000       1.4077
 914.000       1.3494
 916.000       1.2928
 917.000       1.2948
 918.000       1.3147
 920.000       1.3668
 921.000       1.4365
 922.000       1.6130
 924.000       1.5651
 926.000       1.6808
 928.000       1.7299
 929.000       1.7545
 930.000       1.9366
 931.000       1.7507
 932.000       1.6744
 933.000       1.7315
 936.000       1.6472
 938.000       1.5986
 939.000       1.5167
 941.000       1.4347
 942.000       1.4302
 944.000       1.3727
 945.000       1.3366
 946.000       1.3084
 947.000       1.3024
 948.000       1.3391
 950.000       1.3837
 951.000       1.4469
 954.000       1.4068
 955.000       1.3811
 956.000       1.5633
 958.000       1.5165
 960.000       1.6177
 962.000       1.6421
 963.000       1.6509
 964.000       1.8069
 965.000       1.6716
 966.000       1.5528
 967.000       1.4891
 970.000       1.4260
 972.000       1.3946
 973.000       1.3337
 975.000       1.2893
 976.000       1.3070
 978.000       1.2754
 979.000       1.2331
 980.000       1.2097
 981.000       1.2211
 982.000       1.2134
 984.000       1.2329
 985.000       1.2649
 988.000       1.2519
 989.000       1.2474
 990.000       1.3864
 992.000       1.3458
 994.000       1.4121
 996.000       1.4469
 997.000       1.4685
 998.000       1.5933
 999.000       1.5127
1000.000       1.4011
1001.000       1.4180
1004.000       1.3765
1006.000       1.3529
1007.000       1.3205
1009.000       1.2785
1010.000       1.2796
1012.000       1.2601
1013.000       1.2399
1014.000       1.2373
1015.000       1.2478
1016.000       1.2611
1018.000       1.2807
1019.000       1.3306
1022.000       1.2839
1023.000       1.2601
1024.000       1.3464
1026.000       1.3347
1028.000       1.4144
1030.000       1.4050
1031.000       1.4164
1032.000       1.5405
1033.000       1.4395
1034.000       1.3643
1035.000       1.4028
1038.000       1.3643
1040.000       1.3557
1041.000       1.3212
1043.000       1.2676
1044.000       1.2549
1046.000       1.2326
1047.000       1.2238
1048.000       1.2259
1049.000       1.2349
1052.000       1.2637
1053.000       1.2984
1055.000       1.2969
1056.000       1.2524
1057.000       1.3148
1059.000       1.3264
1061.000       1.4251
1063.000       1.3600
1064.000       1.3635
1065.000       1.5049
1066.000       1.3939
1067.000       1.2935
1068.000       1.3360
1071.000       1.2924
1073.000       1.2367
1074.000       1.2113
1076.000       1.1427
1077.000       1.1553
1079.000       1.1174
1080.000       1.0682
1081.000       1.0430
1082.000       1.0702
1083.000       1.0365
1085.000       1.0575
1086.000       1.0790
1089.000       1.0898
1090.000       1.0863
1091.000       1.3079
1093.000       1.2859
1095.000       1.3806
1097.000       1.4272
1098.000       1.5063
1099.000       1.6852
1100.000       1.5128
1101.000       1.6356
1102.000       1.7998
1105.000       1.7910
1107.000       1.7264
1108.000       1.5930
1110.000       1.6093
1111.000       1.7248
1113.000       1.7631
1115.000       1.6976
1116.000       1.7812
1117.000       1.6284
1119.000       1.5842
1120.000       1.6125
1121.000       1.7215
1123.000       1.5604
1125.000       1.5692
1127.000       1.9563
1128.000       2.1359
1129.000       2.5408
1130.000       2.4137
1131.000       1.7496
1132.000       1.5695
1135.000       1.4715
1137.000       1.4795
1138.000       1.3578
1140.000       1.4051
1141.000       1.4879
1143.000       1.5963
1145.000       1.6755
1146.000       1.8653
1147.000       1.6695
1149.000       1.5356
1150.000       1.6700
1151.000       1.3336
1153.000       1.2399
1155.000       1.2411
1157.000       1.3867
1158.000       1.5040
1159.000       1.6689
1160.000       1.6303
1161.000       1.4007
1162.000       1.4007
1165.000       1.3096
1167.000       1.2621
1168.000       1.2016
1170.000       1.1840
1171.000       1.1860
1173.000       1.2111
1175.000       1.2651
1176.000       1.3615
1177.000       1.3338
1179.000       1.2924
1180.000       1.4486
1181.000       1.2972
1183.000       1.2458
1185.000       1.3018
1187.000       1.3535
1188.000       1.5994
1189.000       1.9483
1190.000       1.8540
1191.000       1.5950
1192.000       1.6433
1195.000       1.6037
1197.000       1.5917
1198.000       1.5407
1200.000       1.4444
1201.000       1.3984
1203.000       1.3522
1205.000       1.3666
1206.000       1.3822
1209.000       1.4192
1210.000       1.4544
1211.000       1.5416
1212.000       1.5271
1214.000       1.5334
1216.000       1.6591
1218.000       1.6011
1219.000       1.5703
1220.000       1.7204
1221.000       1.6718
1222.000       1.4193
1223.000       1.4190
1226.000       1.3889
1228.000       1.4042
1229.000       1.4666
1231.000       1.5075
1232.000       1.4877
1234.000       1.6333
1236.000       1.7968
1237.000       1.9957
1238.000       1.8163
1240.000       1.6927
1241.000       1.8339
1242.000       1.3784
1244.000       1.4763
1246.000       1.6029
1248.000       1.4167
1249.000       1.3872
1250.000       1.5436
1251.000       1.3883
1252.000       1.3174
1253.000       1.3883
1256.000       1.3528
1258.000       1.3048
1259.000       1.2589
1261.000       1.1700
1262.000       1.1704
1264.000       1.1273
1265.000       1.0895
1266.000       1.0808
1267.000       1.0892
1270.000       1.1339
1271.000       1.1961
1273.000       1.1984
1274.000       1.1343
1275.000       1.3294
1277.000       1.3230
1279.000       1.4479
1281.000       1.4057
1282.000       1.3992
1283.000       1.5408
1284.000       1.4243
1285.000       1.3113
1286.000       1.3627
1289.000       1.3255
1291.000       1.2943
1292.000       1.2559
1294.000       1.1513
1295.000       1.1906
1297.000       1.1513
1299.000       1.0587
1300.000       1.0659
1303.000       1.0485
1304.000       1.0941
1305.000       1.1514
1306.000       1.3089
1308.000       1.2905
1310.000       1.6176
1312.000       1.4194
1313.000       1.6672
1314.000       1.8055
1315.000       1.8854
1316.000       1.7468
1317.000       1.6774
1320.000       1.6454
1322.000       1.7171
1323.000       1.7154
1325.000       1.7051
1326.000       1.7493
1328.000       1.7568
1330.000       1.7137
1331.000       1.7253
1334.000       1.6969
1335.000       1.6961
1336.000       1.7221
1337.000       1.6182
1339.000       1.6828
1341.000       1.7534
1343.000       1.6037
1344.000       1.5792
1345.000       1.6424
1346.000       1.6277
1347.000       1.5409
1348.000       1.5831
1351.000       1.5806
1353.000       1.5937
1354.000       1.5736
1356.000       1.5121
1357.000       1.5144
1359.000       1.4806
1360.000       1.4582
1361.000       1.4549
1362.000       1.4544
1365.000       1.4950
1366.000       1.5340
1368.000       1.5340
1369.000       1.4888
1370.000       1.5326
1372.000       1.5663
1374.000       1.6811
1376.000       1.5812
1377.000       1.5749
1378.000       1.7063
1379.000       1.5703
1380.000       1.5481
1381.000       1.6297
1384.000       1.6120
1386.000       1.5763
1387.000       1.5347
1389.000       1.4386
1390.000       1.4080
1392.000       1.3557
1393.000       1.3506
1394.000       1.3434
1395.000       1.3291
1398.000       1.3936
1399.000       1.4489
1401.000       1.4633
1402.000       1.4061
1403.000       1.5760
1405.000       1.5670
1407.000       1.6884
1409.000       1.6687
1410.000       1.6771
1411.000       1.8517
1412.000       1.6594
1413.000       1.6091
1414.000       1.6807
1417.000       1.6303
1419.000       1.5930
1420.000       1.5280
1422.000       1.4344
1423.000       1.4153
1425.000       1.3422
1426.000       1.3210
1427.000       1.2891
1428.000       1.2683
1429.000       1.3327
1431.000       1.3909
1432.000       1.4521
1435.000       1.4187
1436.000       1.3803
1437.000       1.5650
1439.000       1.5390
1441.000       1.6424
1443.000       1.6397
1444.000       1.6469
1445.000       1.7779
1446.000       1.7288
1447.000       1.5731
1448.000       1.5718
1451.000       1.5268
1453.000       1.5094
1454.000       1.4433
1456.000       1.3554
1457.000       1.3473
1459.000       1.2928
1460.000       1.2630
1461.000       1.2530
1462.000       1.2417
1465.000       1.3079
1466.000       1.3638
1468.000       1.3706
1469.000       1.3150
1470.000       1.4445
1472.000       1.4419
1474.000       1.5775
1476.000       1.5210
1477.000       1.5295
1478.000       1.6716
1479.000       1.7125
1480.000       1.4993
1481.000       1.5589
1484.000       1.5073
1486.000       1.4842
1487.000       1.4648
1489.000       1.3989
1490.000       1.3660
1492.000       1.3851
1493.000       1.4185
1494.000       1.5036
1495.000       1.5621
1496.000       1.5986
1498.000       1.6222
1499.000       1.7718
1502.000       1.5536
1503.000       1.4405
1504.000       1.5141
1506.000       1.5340
1508.000       1.6727
1510.000       1.6312
1511.000       1.7078
1512.000       1.9255
1513.000       1.7242
1514.000       1.6416
1515.000       1.7143
1518.000       1.6498
1520.000       1.5001
1521.000       1.4541
1523.000       1.3213
1524.000       1.3399
1526.000       1.2761
1528.000       1.1846
1529.000       1.1923
1532.000       1.1643
1533.000       1.2343
1534.000       1.2875
1535.000       1.6957
1537.000       1.6494
1539.000       1.8450
1541.000       1.8759
1542.000       2.0051
1543.000       2.2418
1544.000       2.0001
1545.000       1.9482
1546.000       2.0330
1549.000       1.9795
1551.000       1.7748
1552.000       1.7243
1554.000       1.5898
1555.000       1.6303
1557.000       1.5639
1559.000       1.4471
1560.000       1.4434
1563.000       1.4142
1564.000       1.4834
1565.000       1.5098
1566.000       2.0821
1568.000       1.9520
1570.000       2.0822
1572.000       2.3308
1573.000       2.6058
1574.000       2.8377
1575.000       2.7108
1576.000       2.5575
1577.000       2.5075
1580.000       2.5497
1582.000       2.4445
1583.000       2.6447
1585.000       2.6272
1586.000       2.5555
1588.000       2.6030
1590.000       2.7429
1591.000       2.8610
1592.000       2.8264
1594.000       2.7730
1595.000       2.9255
1596.000       2.8319
1598.000       2.8602
1600.000       3.1305
1602.000       2.9665
1603.000       3.0962
1604.000       3.2469
1605.000       3.3512
1606.000       2.8569
1607.000       2.7956
1610.000       2.6321
1612.000       2.4504
1613.000       2.4386
1615.000       2.3647
1616.000       2.3944
1618.000       2.3928
1620.000       2.3753
1621.000       2.4466
1622.000       2.3647
1624.000       2.3550
1625.000       2.4053
1626.000       2.7477
1628.000       2.6431
1630.000       2.7206
1632.000       2.7734
1633.000       2.9818
1634.000       3.2293
1635.000       3.0547
1636.000       2.8880
1637.000       2.7202
1640.000       2.6648
1642.000       2.5677
1643.000       2.3941
1645.000       2.1936
1646.000       2.1522
1648.000       2.0191
1649.000       1.9690
1650.000       1.9060
1651.000       1.8747
1654.000       1.9414
1655.000       2.0258
1657.000       2.1012
1658.000       2.0697
1659.000       2.5449
1661.000       2.4206
1663.000       2.5957
1665.000       2.7282
1666.000       2.7171
1667.000       2.9744
1668.000       2.6613
1669.000       2.5461
1670.000       2.6433
1673.000       2.4800
1675.000       2.3188
1676.000       2.1230
1678.000       1.9495
1679.000       1.8478
1681.000       1.7256
1682.000       1.7362
1683.000       1.6802
1684.000       1.5924
1687.000       1.7779
1688.000       1.9320
1690.000       2.0025
1691.000       1.8883
1692.000       2.4081
1694.000       2.1977
1696.000       2.1127
1698.000       2.4394
1699.000       2.5844
1700.000       2.8943
1701.000       2.5870
1702.000       2.7012
1703.000       2.5338
1706.000       2.3734
1708.000       2.1940
1709.000       2.0259
1711.000       1.7981
1712.000       1.7308
1714.000       1.5544
1715.000       1.4872
1716.000       1.3553
1717.000       1.2638
1720.000       1.3901
1721.000       1.5517
1723.000       1.6868
1724.000       1.6424
1725.000       2.2721
1727.000       2.0953
1729.000       2.2420
1731.000       2.4803
1732.000       2.4316
1733.000       2.8447
1734.000       2.3751
1735.000       2.1288
1736.000       2.2624
1739.000       2.0778
1741.000       1.9344
1742.000       1.8014
1744.000       1.6543
1745.000       1.6087
1747.000       1.6703
1749.000       1.7714
1750.000       1.9763
1753.000       1.8230
1754.000       1.7620
1755.000       1.9628
1756.000       1.9165
1758.000       1.8532
1760.000       2.1142
1762.000       2.0828
1763.000       2.0467
1764.000       2.2417
1765.000       2.0089
1766.000       1.9469
1767.000       2.0497
1770.000       1.9440
1772.000       1.8609
1773.000       1.7386
1775.000       1.6025
1776.000       1.5951
1778.000       1.4844
1780.000       1.3792
1781.000       1.3298
1782.000       1.4202
1784.000       1.5257
1785.000       1.5970
1786.000       1.8484
1788.000       1.7719
1790.000       1.9001
1792.000       1.9608
1793.000       1.9486
1794.000       2.1297
1795.000       1.9353
1796.000       1.8376
1797.000       1.8804
1800.000       1.7810
1802.000       1.6855
1803.000       1.6017
1805.000       1.5112
1806.000       1.5358
1808.000       1.4664
1810.000       1.3710
1811.000       1.3323
1814.000       1.3759
1815.000       1.4427
1816.000       1.4837
1817.000       1.7446
1819.000       1.6660
1821.000       1.7498
1823.000       1.8566
1824.000       1.9026
1825.000       2.0730
1826.000       1.9224
1827.000       1.8143
1828.000       1.8378
1831.000       1.7722
1833.000       1.6660
1834.000       1.6225
1836.000       1.5436
1837.000       1.5578
1839.000       1.5071
1841.000       1.4403
1842.000       1.4268
1843.000       1.4474
1845.000       1.4985
1846.000       1.5453
1847.000       1.7870
1849.000       1.7355
1851.000       1.8374
1853.000       1.9164
1854.000       1.9970
1855.000       2.1709
1856.000       2.0302
1857.000       1.9228
1858.000       1.9618
1861.000       1.9062
1863.000       1.7782
1864.000       1.7705
1866.000       1.6742
1867.000       1.6918
1869.000       1.6402
1871.000       1.5528
1872.000       1.5259
1873.000       1.5636
1875.000       1.6273
1876.000       1.6930
1877.000       1.9765
1879.000       1.9516
1881.000       2.1532
1883.000       2.1097
1884.000       2.2849
1885.000       2.4764
1886.000       2.4251
1887.000       2.2036
1888.000       2.2142
1891.000       2.1962
1893.000       2.0905
1894.000       2.1020
1896.000       2.0069
1897.000       2.0137
1899.000       1.9444
1900.000       1.8811
1901.000       1.8093
1902.000       1.7843
1903.000       1.7949
1905.000       1.8441
1906.000       1.8457
1909.000       1.9129
1910.000       1.9242
1911.000       2.2968
1913.000       2.2902
1915.000       2.4250
1917.000       2.4596
1918.000       2.4574
1919.000       2.8639
1920.000       2.5049
1921.000       2.1517
1922.000       2.2667
1925.000       2.0239
1927.000       1.8690
1928.000       1.6777
1930.000       1.5047
1931.000       1.5908
1933.000       1.6262
1934.000       1.5284
1935.000       1.6778
1936.000       1.9305
1939.000       1.7391
1940.000       1.6635
1942.000       1.5458
1943.000       1.4561
1944.000       1.8530
1946.000       1.7113
1948.000       2.0057
1950.000       2.0715
1951.000       2.0765
1952.000       2.4791
1953.000       2.0683
1954.000       1.8444
1955.000       2.0711
1958.000       1.9685
1960.000       1.8607
1961.000       1.7510
1963.000       1.5497
1964.000       1.4635
1966.000       1.5423
1968.000       1.7666
1969.000       2.0683
1970.000       1.8454
1972.000       1.7346
1973.000       1.9990
1974.000       1.7461
1976.000       1.7096
1978.000       2.0800
1980.000       1.9694
1981.000       1.8786
1982.000       2.2993
1983.000       1.8579
1984.000       1.6215
1985.000       1.8995
1988.000       1.8480
1990.000       1.9253
1991.000       1.9007
1993.000       1.8253
1994.000       1.5808
1996.000       1.8088
1998.000       2.3265
1999.000       2.7468
2000.000       2.5861
2002.000       2.3780
2003.000       2.8738
2004.000       1.5084
2006.000       1.6597
2008.000       1.9988
2010.000       1.5573
2011.000       1.3954
2012.000       1.5998
2013.000       1.4172
2014.000       1.1778
2015.000       1.1819
2018.000       1.0876
2020.000       1.1089
2021.000       1.1073
2023.000       1.0879
2024.000       1.0981
2026.000       1.1154
2027.000       1.1454
2028.000       1.2631
2029.000       1.3329
2032.000       1.3828
2033.000       1.3684
2035.000       1.2493
2036.000       1.1418
2037.000       1.0516
2039.000       1.0943
2041.000       1.2050
2043.000       1.1391
2044.000       1.2375
2045.000       1.4404
2046.000       1.2306
2047.000       1.2640
2048.000       1.3917
2051.000       1.4483
2053.000       1.3940
2054.000       1.4362
2056.000       1.3193
2057.000       1.1838
2059.000       1.1199
2061.000       1.2119
2062.000       1.2454
2063.000       1.3576
2065.000       1.4176
2066.000       1.6128
2067.000       1.4807
2069.000       1.5327
2071.000       1.7264
2073.000       1.6465
2074.000       1.6908
2075.000       1.9294
2076.000       1.6254
2077.000       1.6695
2078.000       1.8360
2081.000       1.8514
2083.000       1.7510
2084.000       1.7347
2086.000       1.5347
2087.000       1.4208
2089.000       1.2920
2091.000       1.2876
2092.000       1.2351
2095.000       1.4166
2096.000       1.5386
2097.000       1.7057
2098.000       1.8391
2100.000       1.8504
2102.000       2.0929
2104.000       2.0446
2105.000       2.1039
2106.000       2.3787
2107.000       2.0162
2108.000       2.0555
2109.000       2.2251
2112.000       2.1863
2114.000       2.0197
2115.000       1.9406
2117.000       1.7003
2118.000       1.6173
2120.000       1.4562
2122.000       1.3686
2123.000       1.2901
2124.000       1.4677
2126.000       1.6295
2127.000       1.7583
2128.000       2.1617
2130.000       2.0941
2132.000       2.3281
2134.000       2.4067
2135.000       2.4851
2136.000       2.7974
2137.000       2.4011
2138.000       2.3897
2139.000       2.5603
2142.000       2.4633
2144.000       2.2430
2145.000       2.1213
2147.000       1.8804
2148.000       1.8536
2150.000       1.6966
2152.000       1.5547
2153.000       1.4833
2154.000       1.6017
2156.000       1.7556
2157.000       1.8448
2158.000       2.4526
2160.000       2.3061
2162.000       2.5036
2164.000       2.7225
2165.000       2.8417
2166.000       3.1626
2167.000       2.8054
2168.000       2.7068
2169.000       2.8352
2172.000       2.6846
2174.000       2.4234
2175.000       2.3003
2177.000       2.1165
2178.000       2.1374
2180.000       2.0229
2182.000       1.8892
2183.000       1.8431
2186.000       1.8843
2187.000       1.9892
2188.000       2.0361
2189.000       2.7167
2191.000       2.5262
2193.000       2.6521
2195.000       2.9887
2196.000       3.1793
2197.000       3.4801
2198.000       3.2159
2199.000       3.0446
2200.000       3.0950
2203.000       2.9801
2205.000       2.7166
2206.000       2.6860
2208.000       2.5703
2209.000       2.5721
2211.000       2.4959
2213.000       2.4266
2214.000       2.4054
2217.000       2.4516
2218.000       2.5176
2219.000       2.5941
2220.000       3.1335
2222.000       2.9817
2224.000       3.0737
2226.000       3.4185
2227.000       3.7111
2228.000       4.0014
2229.000       3.7553
2230.000       3.6765
2231.000       3.7598
2234.000       3.7666
2236.000       3.4944
2237.000       3.5630
2239.000       3.4046
2240.000       3.3241
2242.000       3.2254
2244.000       3.2089
2245.000       3.1640
2248.000       3.3026
2249.000       3.3982
2250.000       3.5279
2251.000       4.0083
2253.000       3.9121
2255.000       4.1329
2257.000       4.3524
