   2.000       3.5958
   3.000       3.6524
   6.000       3.5719
   8.000       3.5709
   9.000       3.4310
  11.000       3.2227
  12.000       3.1629
  14.000       2.9919
  15.000       2.9353
  16.000       2.7935
  17.000       2.6776
  18.000       2.8395
  20.000       3.0016
  21.000       3.0636
  24.000       3.1342
  25.000       3.0882
  26.000       3.3428
  28.000       3.3575
  30.000       3.5911
  32.000       3.4105
  33.000       3.2543
  34.000       3.4426
  35.000       3.1394
  36.000       3.1242
  37.000       3.2487
  40.000       3.1472
  42.000       3.0931
  43.000       2.9166
  45.000       2.7273
  46.000       2.7035
  48.000       2.5437
  49.000       2.4470
  50.000       2.2850
  51.000       2.1878
  52.000       2.2781
  54.000       2.4123
  55.000       2.4227
  58.000       2.5590
  59.000       2.5655
  60.000       2.9631
  62.000       2.8904
  64.000       3.0438
  66.000       3.0584
  67.000       2.9547
  68.000       3.1538
  69.000       2.8930
  70.000       2.7677
  71.000       2.8327
  74.000       2.6751
  76.000       2.5814
  77.000       2.4000
  79.000       2.2464
  80.000       2.2901
  82.000       2.1749
  84.000       2.0011
  85.000       1.9061
  88.000       1.9661
  89.000       2.0903
  90.000       2.0951
  91.000       2.5310
  93.000       2.3995
  95.000       2.4985
  97.000       2.6341
  98.000       2.5697
  99.000       2.7661
 100.000       2.5602
 101.000       2.3661
 102.000       2.3946
 105.000       2.2130
 107.000       2.1048
 108.000       1.9350
 110.000       1.8319
 111.000       1.9076
 113.000       1.8462
 115.000       1.6909
 116.000       1.6631
 117.000       1.6261
 119.000       1.6981
 120.000       1.6887
 121.000       2.1105
 123.000       1.9574
 125.000       2.0156
 127.000       2.2128
 128.000       2.2133
 129.000       2.3867
 130.000       2.2826
 131.000       2.0127
 132.000       1.9921
 135.000       1.8290
 137.000       1.7299
 138.000       1.6177
 140.000       1.5848
 141.000       1.6897
 143.000       1.7148
 145.000       1.6287
 146.000       1.7004
 147.000       1.5273
 149.000       1.5027
 150.000       1.4743
 151.000       1.7888
 153.000       1.6667
 155.000       1.7161
 157.000       1.8797
 158.000       1.9316
 159.000       2.0683
 160.000       2.0198
 161.000       1.7994
 162.000       1.7720
 165.000       1.6785
 167.000       1.5998
 168.000       1.5614
 170.000       1.5690
 171.000       1.6411
 173.000       1.6493
 174.000       1.5713
 175.000       1.5660
 176.000       1.6361
 179.000       1.5382
 180.000       1.5122
 182.000       1.5060
 183.000       1.5323
 184.000       1.7036
 186.000       1.6388
 188.000       1.6764
 190.000       1.7899
 191.000       1.8693
 192.000       2.0184
 193.000       1.9643
 194.000       1.7533
 195.000       1.7312
 198.000       1.6447
 200.000       1.5638
 201.000       1.5095
 203.000       1.4675
 204.000       1.5715
 206.000       1.5844
 208.000       1.4874
 209.000       1.5385
 210.000       1.3956
 212.000       1.3852
 213.000       1.3736
 214.000       1.6989
 216.000       1.6463
 218.000       1.7238
 220.000       1.8024
 221.000       1.8982
 222.000       2.1066
 223.000       2.0074
 224.000       1.7258
 225.000       1.7241
 228.000       1.6068
 230.000       1.4769
 231.000       1.4281
 233.000       1.3958
 234.000       1.4906
 236.000       1.5216
 238.000       1.4654
 239.000       1.5634
 242.000       1.4035
 243.000       1.3598
 244.000       1.3812
 245.000       1.6578
 247.000       1.5516
 249.000       1.5849
 251.000       1.7948
 252.000       1.9911
 253.000       2.1769
 254.000       2.0797
 255.000       1.9874
 256.000       1.9731
 259.000       1.9995
 261.000       1.9063
 262.000       1.9879
 264.000       1.9772
 265.000       2.0604
 267.000       2.0929
 268.000       2.0296
 269.000       2.0960
 270.000       2.2107
 273.000       2.1216
 274.000       2.0671
 276.000       1.9841
 277.000       1.9661
 278.000       2.1775
 280.000       2.1579
 282.000       2.2275
 284.000       2.2736
 285.000       2.3852
 286.000       2.4925
 287.000       2.5297
 288.000       2.2670
 289.000       2.3226
 292.000       2.2350
 294.000       2.1121
 295.000       2.0020
 297.000       1.8450
 298.000       1.8699
 300.000       1.7725
 301.000       1.6633
 302.000       1.6135
 303.000       1.6445
 306.000       1.6505
 307.000       1.7254
 309.000       1.7655
 310.000       1.7232
 311.000       2.2150
 313.000       2.1038
 315.000       2.2272
 317.000       2.3872
 318.000       2.4894
 319.000       2.6856
 320.000       2.5034
 321.000       2.4152
 322.000       2.4757
 325.000       2.3987
 327.000       2.2843
 328.000       2.1995
 330.000       2.1234
 331.000       2.1649
 333.000       2.0932
 334.000       1.9922
 335.000       1.9033
 336.000       1.8985
 337.000       1.8550
 339.000       1.8908
 340.000       1.8811
 343.000       1.9742
 344.000       2.0152
 345.000       2.3895
 347.000       2.2687
 349.000       2.3078
 351.000       2.5063
 352.000       2.5407
 353.000       2.7070
 354.000       2.5351
 355.000       2.4242
 356.000       2.4623
 359.000       2.3494
 361.000       2.2535
 362.000       2.1177
 364.000       2.0753
 365.000       2.1571
 367.000       2.1089
 368.000       1.9807
 369.000       1.8900
 370.000       1.9123
 373.000       1.8001
 374.000       1.8027
 376.000       1.8855
 377.000       1.9667
 378.000       2.3111
 380.000       2.1415
 382.000       2.1273
 384.000       2.4057
 385.000       2.7036
 386.000       3.1793
 387.000       2.8339
 388.000       2.6004
 389.000       2.3188
 392.000       2.3315
 394.000       2.3737
 395.000       2.4843
 397.000       2.3156
 398.000       2.2575
 400.000       2.1170
 401.000       2.0830
 402.000       1.9785
 403.000       1.8787
 404.000       2.0359
 406.000       2.1697
 407.000       2.2377
 410.000       2.2599
 411.000       2.2120
 412.000       2.3591
 414.000       2.6736
 416.000       3.1991
 418.000       2.3071
 419.000       2.3471
 420.000       2.7214
 421.000       2.7223
 422.000       2.5944
 423.000       2.9358
 426.000       3.4559
 428.000       4.1639
 429.000       4.7785
 431.000       5.3091
 432.000       5.9080
 434.000       6.5811
 435.000       6.4347
 436.000       7.1109
 437.000       7.9914
 440.000       7.1205
 441.000       6.4873
 443.000       5.7536
 444.000       5.7145
 445.000       3.3610
 447.000       4.2940
 449.000       4.8806
 451.000       3.2522
 452.000       3.0096
 453.000       3.1336
 454.000       3.1761
 455.000       2.7936
 456.000       2.8325
 459.000       2.7253
 461.000       2.6862
 462.000       2.5175
 464.000       2.3366
 465.000       2.3273
 467.000       2.1813
 468.000       2.0757
 469.000       1.9282
 470.000       1.8564
 471.000       1.9137
 473.000       2.0328
 474.000       2.0469
 477.000       2.1682
 478.000       2.1783
 479.000       2.5310
 481.000       2.4828
 483.000       2.6555
 485.000       2.5989
 486.000       2.4727
 487.000       2.6475
 488.000       2.3895
 489.000       2.3343
 490.000       2.4227
 493.000       2.3037
 495.000       2.2394
 496.000       2.0932
 498.000       1.9562
 499.000       1.9604
 501.000       1.8511
 502.000       1.7576
 503.000       1.6441
 504.000       1.6036
 505.000       1.6239
 507.000       1.7129
 508.000       1.7283
 511.000       1.8188
 512.000       1.8300
 513.000       2.1481
 515.000       2.0751
 517.000       2.2114
 519.000       2.2258
 520.000       2.1304
 521.000       2.2801
 522.000       2.0994
 523.000       2.0023
 524.000       2.0755
 527.000       1.9631
 529.000       1.8998
 530.000       1.7872
 532.000       1.6874
 533.000       1.6995
 535.000       1.6329
 536.000       1.5594
 537.000       1.4949
 538.000       1.4866
 539.000       1.4838
 541.000       1.5378
 542.000       1.5688
 545.000       1.5996
 546.000       1.5999
 547.000       1.8604
 549.000       1.7957
 551.000       1.9050
 553.000       1.9414
 554.000       1.9132
 555.000       2.0752
 556.000       1.9589
 557.000       1.7611
 558.000       1.8126
 561.000       1.6686
 563.000       1.6024
 564.000       1.5302
 566.000       1.5098
 567.000       1.6038
 569.000       1.6369
 570.000       1.5544
 571.000       1.6039
 572.000       1.7268
 573.000       1.5611
 575.000       1.4842
 576.000       1.5267
 579.000       1.4431
 580.000       1.4749
 581.000       1.6239
 583.000       1.5937
 585.000       1.7381
 587.000       1.6946
 588.000       1.7251
 589.000       1.8845
 590.000       1.7697
 591.000       1.6509
 592.000       1.6604
 595.000       1.5910
 597.000       1.5145
 598.000       1.5144
 600.000       1.5171
 601.000       1.6064
 603.000       1.6124
 604.000       1.5168
 605.000       1.5114
 606.000       1.5889
 607.000       1.4555
 609.000       1.4069
 610.000       1.3894
 613.000       1.4071
 614.000       1.4620
 615.000       1.6336
 617.000       1.6104
 619.000       1.6729
 621.000       1.6469
 622.000       1.7182
 623.000       1.8634
 624.000       1.8242
 625.000       1.6868
 626.000       1.6976
 629.000       1.6558
 631.000       1.5626
 632.000       1.5617
 634.000       1.5058
 635.000       1.5092
 637.000       1.4784
 638.000       1.4503
 639.000       1.4503
 640.000       1.4790
 643.000       1.4657
 644.000       1.4738
 646.000       1.4806
 647.000       1.4689
 648.000       1.7347
 650.000       1.6810
 652.000       1.7777
 654.000       1.7939
 655.000       1.9075
 656.000       2.0270
 657.000       2.0261
 658.000       1.8312
 659.000       1.7779
 662.000       1.6156
 664.000       1.5702
 665.000       1.4875
 667.000       1.5398
 668.000       1.6561
 670.000       1.7129
 671.000       1.6238
 672.000       1.6585
 673.000       1.7722
 674.000       1.5883
 676.000       1.5015
 677.000       1.4984
 680.000       1.4656
 681.000       1.5232
 682.000       1.5783
 684.000       1.4776
 686.000       1.4617
 688.000       1.6215
 689.000       1.6622
 690.000       1.7578
 691.000       1.7830
 692.000       1.5415
 693.000       1.4696
 696.000       1.4160
 698.000       1.4198
 699.000       1.4380
 701.000       1.5105
 702.000       1.5720
 704.000       1.6898
 706.000       1.7533
 707.000       1.8958
 708.000       1.6984
 710.000       1.5810
 711.000       1.5965
 712.000       1.4388
 714.000       1.4412
 716.000       1.4528
 718.000       1.4580
 719.000       1.4977
 720.000       1.6045
 721.000       1.5733
 722.000       1.4062
 723.000       1.3993
 726.000       1.3431
 728.000       1.3181
 729.000       1.2953
 731.000       1.2986
 732.000       1.3647
 734.000       1.3842
 735.000       1.3298
 736.000       1.3567
 737.000       1.4359
 738.000       1.3285
 740.000       1.2806
 741.000       1.2937
 744.000       1.2550
 745.000       1.2795
 746.000       1.3372
 748.000       1.3213
 750.000       1.3981
 752.000       1.3998
 753.000       1.4731
 754.000       1.6221
 755.000       1.6231
 756.000       1.3981
 757.000       1.5482
 760.000       1.6273
 762.000       1.6811
 763.000       1.6792
 765.000       1.6014
 766.000       1.5610
 768.000       1.5559
 769.000       1.5839
 770.000       1.6355
 771.000       1.6769
 774.000       1.7052
 775.000       1.7354
 777.000       1.7069
 778.000       1.6197
 779.000       1.5829
 781.000       1.6702
 783.000       1.8450
 785.000       1.6551
 786.000       1.6133
 787.000       1.7760
 788.000       1.5427
 789.000       1.5712
 790.000       1.6682
 793.000       1.6467
 795.000       1.6078
 796.000       1.5493
 798.000       1.4447
 799.000       1.3938
 801.000       1.3276
 803.000       1.3126
 804.000       1.2940
 807.000       1.3673
 808.000       1.4311
 809.000       1.5140
 810.000       1.6000
 812.000       1.5852
 814.000       1.7075
 816.000       1.6882
 817.000       1.6942
 818.000       1.8373
 819.000       1.6492
 820.000       1.6512
 821.000       1.7273
 824.000       1.6900
 826.000       1.6244
 827.000       1.5811
 829.000       1.4766
 830.000       1.4321
 832.000       1.3646
 834.000       1.3411
 835.000       1.3260
 836.000       1.3947
 838.000       1.4639
 839.000       1.5572
 840.000       1.6657
 842.000       1.6416
 844.000       1.7629
 846.000       1.7777
 847.000       1.8076
 848.000       1.9652
 849.000       1.7801
 850.000       1.7564
 851.000       1.8359
 854.000       1.7832
 856.000       1.6937
 857.000       1.6243
 859.000       1.5246
 860.000       1.5167
 862.000       1.4465
 863.000       1.3983
 864.000       1.3408
 865.000       1.3246
 866.000       1.3536
 868.000       1.4168
 869.000       1.4583
 872.000       1.4709
 873.000       1.4539
 874.000       1.7477
 876.000       1.6870
 878.000       1.7905
 880.000       1.8697
 881.000       1.8936
 882.000       2.0804
 883.000       1.8743
 884.000       1.8109
 885.000       1.8323
 888.000       1.7645
 890.000       1.6805
 891.000       1.6205
 893.000       1.5246
 894.000       1.5138
 896.000       1.4447
 897.000       1.4010
 898.000       1.3397
 899.000       1.3144
 900.000       1.3521
 902.000       1.4102
 903.000       1.4388
 906.000       1.4664
 907.000       1.4546
 908.000       1.7418
 910.000       1.6911
 912.000       1.7983
 914.000       1.8561
 915.000       1.9010
 916.000       2.0595
 917.000       1.9237
 918.000       1.8152
 919.000       1.8443
 922.000       1.7488
 924.000       1.6583
 925.000       1.5846
 927.000       1.5316
 928.000       1.5843
 930.000       1.5720
 932.000       1.4979
 933.000       1.5183
 936.000       1.4467
 937.000       1.4617
 938.000       1.4469
 939.000       1.7396
 941.000       1.6445
 943.000       1.7077
 945.000       1.8504
 946.000       2.1476
 947.000       2.2073
 948.000       2.5476
 949.000       2.5272
 950.000       2.5754
 953.000       2.4266
 955.000       2.3725
 956.000       2.1873
 958.000       2.0743
 959.000       2.1330
 961.000       2.0488
 962.000       1.9084
 963.000       1.8057
 964.000       1.8234
 965.000       1.7340
 967.000       1.7661
 968.000       1.7515
 971.000       1.8669
 972.000       1.9281
 973.000       2.3133
 975.000       2.1887
 977.000       2.2582
 979.000       2.3839
 980.000       2.3382
 981.000       2.4684
 982.000       2.3810
 983.000       2.1700
 984.000       2.1568
 987.000       2.0208
 989.000       1.9363
 990.000       1.8253
 992.000       1.7969
 993.000       1.8905
 995.000       1.9059
 997.000       1.8207
 998.000       1.8715
1001.000       1.7283
1002.000       1.7163
1003.000       1.6723
1004.000       1.9714
1006.000       1.8461
1008.000       1.8668
1010.000       2.0600
1011.000       2.0992
1012.000       2.2336
1013.000       2.2065
1014.000       1.9282
1015.000       1.8585
1018.000       1.7181
1020.000       1.6594
1021.000       1.6087
1023.000       1.6839
1024.000       1.7961
1026.000       1.8710
1027.000       1.8073
1028.000       1.8892
1029.000       2.0347
1030.000       1.8404
1032.000       1.7200
1033.000       1.7273
1036.000       1.6430
1037.000       1.6911
1038.000       1.7369
1040.000       1.6382
1042.000       1.5777
1044.000       1.7857
1045.000       1.9036
1046.000       2.0591
1047.000       1.9559
1048.000       1.8579
1049.000       1.7528
1052.000       1.7727
1054.000       1.7078
1055.000       1.7877
1057.000       1.7768
1058.000       1.8226
1060.000       1.8396
1061.000       1.8035
1062.000       1.8415
1063.000       1.9172
1066.000       1.8555
1067.000       1.8205
1069.000       1.7799
1070.000       1.7694
1071.000       1.9168
1073.000       1.9126
1075.000       2.0561
1077.000       1.9850
1078.000       2.1372
1079.000       2.2625
1080.000       2.2282
1081.000       2.1226
1082.000       2.0947
1085.000       2.0908
1087.000       2.2389
1088.000       2.2565
1090.000       2.4421
1091.000       2.7083
1093.000       2.9110
1094.000       2.8333
1095.000       3.1597
1096.000       3.4016
1099.000       3.4631
1100.000       3.4269
1102.000       2.9988
1103.000       2.6692
1104.000       1.9940
1106.000       2.0907
1108.000       2.1220
1110.000       2.0116
1111.000       2.0273
1112.000       2.2678
1113.000       2.1448
1114.000       1.8313
1115.000       1.7826
1118.000       1.6336
1120.000       1.5994
1121.000       1.5477
1123.000       1.5919
1124.000       1.6856
1126.000       1.7339
1127.000       1.6643
1128.000       1.7080
1129.000       1.8229
1130.000       1.6526
1132.000       1.5665
1133.000       1.5563
1136.000       1.5267
1137.000       1.5757
1138.000       1.6045
1140.000       1.5836
1142.000       1.5693
1144.000       1.5591
1145.000       1.5355
1146.000       1.6936
1147.000       1.6381
1148.000       1.4364
1149.000       1.4507
1152.000       1.3921
1154.000       1.3828
1155.000       1.3532
1157.000       1.3275
1158.000       1.3375
1160.000       1.3478
1161.000       1.3408
1162.000       1.3831
1163.000       1.4270
1166.000       1.4331
1167.000       1.4383
1169.000       1.3949
1170.000       1.3419
1171.000       1.3657
1173.000       1.3652
1175.000       1.4410
1177.000       1.4437
1178.000       1.4998
1179.000       1.6937
1180.000       1.4776
1181.000       1.5047
1182.000       1.6277
1185.000       1.6760
1187.000       1.6539
1188.000       1.7245
1190.000       1.6834
1191.000       1.5878
1193.000       1.6679
1195.000       1.8358
1196.000       2.0006
1199.000       1.9328
1200.000       1.8610
1201.000       2.0361
1202.000       1.6666
1204.000       1.7682
1206.000       1.9830
1208.000       1.8046
1209.000       1.8465
1210.000       2.0466
1211.000       2.0964
1212.000       1.7480
1213.000       1.8265
1216.000       1.7639
1218.000       1.6927
1219.000       1.5899
1221.000       1.5099
1222.000       1.5279
1224.000       1.4970
1226.000       1.4429
1227.000       1.4525
1230.000       1.4436
1231.000       1.4763
1232.000       1.5328
1233.000       1.7176
1235.000       1.6127
1237.000       1.7168
1239.000       1.8886
1240.000       1.9614
1241.000       2.1989
1242.000       1.9810
1243.000       1.8372
1244.000       1.8954
1247.000       1.7921
1249.000       1.6578
1250.000       1.5903
1252.000       1.5028
1253.000       1.4715
1255.000       1.4416
1257.000       1.4439
1258.000       1.4738
1261.000       1.4873
1262.000       1.5168
1263.000       1.6097
1264.000       1.8164
1266.000       1.7431
1268.000       1.9008
1270.000       1.9258
1271.000       2.0705
1272.000       2.3190
1273.000       2.1375
1274.000       1.9979
1275.000       2.0276
1278.000       1.9882
1280.000       1.8871
1281.000       1.8667
1283.000       1.7546
1284.000       1.6956
1286.000       1.6322
1288.000       1.6408
1289.000       1.6412
1292.000       1.7143
1293.000       1.7657
1294.000       1.8759
1295.000       1.9933
1297.000       1.9752
1299.000       2.1162
1301.000       2.1357
1302.000       2.1801
1303.000       2.3762
1304.000       2.1082
1305.000       2.1771
1306.000       2.2569
1309.000       2.2471
1311.000       2.1341
1312.000       2.1188
1314.000       1.9810
1315.000       1.8899
1317.000       1.7771
1319.000       1.7710
1320.000       1.7059
1323.000       1.8761
1324.000       1.9761
1325.000       2.0950
1326.000       2.2435
1328.000       2.2334
1330.000       2.3882
1332.000       2.3870
1333.000       2.4105
1334.000       2.5987
1335.000       2.3450
1336.000       2.3573
1337.000       2.4696
1340.000       2.4133
1342.000       2.2869
1343.000       2.2013
1345.000       2.0565
1346.000       2.0198
1348.000       1.8928
1349.000       1.8385
1350.000       1.7202
1351.000       1.6332
1352.000       1.7446
1354.000       1.8628
1355.000       1.9019
1358.000       1.9668
1359.000       1.9464
1360.000       2.3783
1362.000       2.3001
1364.000       2.4261
1366.000       2.5177
1367.000       2.5234
1368.000       2.7079
1369.000       2.4729
1370.000       2.4239
1371.000       2.4973
1374.000       2.3974
1376.000       2.2693
1377.000       2.1472
1379.000       2.0272
1380.000       2.0428
1382.000       1.9289
1383.000       1.8213
1384.000       1.6876
1385.000       1.6328
1386.000       1.6548
1388.000       1.7421
1389.000       1.7345
1392.000       1.8612
1393.000       1.8911
1394.000       2.3434
1396.000       2.2191
1398.000       2.3069
1400.000       2.4735
1401.000       2.4794
1402.000       2.6484
1403.000       2.4737
1404.000       2.3476
1405.000       2.3799
1408.000       2.2612
1410.000       2.1812
1411.000       2.0517
1413.000       1.9531
1414.000       2.0150
1416.000       1.9551
1418.000       1.8164
1419.000       1.7776
1422.000       1.7541
1423.000       1.8262
1424.000       1.8085
1425.000       2.1748
1427.000       2.0731
1429.000       2.1495
1431.000       2.2602
1432.000       2.2584
1433.000       2.3956
1434.000       2.2874
1435.000       2.1382
1436.000       2.1495
1439.000       2.0496
1441.000       1.9845
1442.000       1.9164
1444.000       1.8977
1445.000       1.9757
1447.000       1.9893
1448.000       1.9059
1449.000       1.9223
1450.000       2.0302
1453.000       1.8850
1454.000       1.8289
1456.000       1.8148
1457.000       1.8500
1458.000       2.0095
1460.000       1.9550
1462.000       2.0334
1464.000       2.0873
1465.000       2.0993
1466.000       2.2599
1467.000       2.1599
1468.000       2.0024
1469.000       2.0404
1472.000       2.0025
1474.000       1.9684
1475.000       1.9768
1477.000       1.9813
1478.000       1.9859
1480.000       2.0724
1481.000       2.1223
1482.000       2.3051
1483.000       2.4292
1486.000       2.4687
1487.000       2.4625
1489.000       2.2889
1490.000       2.1003
1491.000       2.0161
1493.000       1.9921
1495.000       2.0605
1497.000       2.0961
1498.000       1.9318
1499.000       2.2832
1500.000       1.9264
1501.000       1.8010
1502.000       1.7764
1505.000       1.5806
1507.000       1.4836
1508.000       1.3708
1510.000       1.3515
1511.000       1.5374
1513.000       1.6022
1515.000       1.4577
1516.000       1.5496
1519.000       1.3064
1520.000       1.2596
1521.000       1.2300
1522.000       1.5067
1524.000       1.3787
1526.000       1.4498
1528.000       1.6243
1529.000       1.6882
1530.000       1.8651
1531.000       1.7910
1532.000       1.5347
1533.000       1.4945
1536.000       1.3645
1538.000       1.2845
1539.000       1.2415
1541.000       1.2464
1542.000       1.3319
1544.000       1.3904
1546.000       1.3629
1547.000       1.4686
1550.000       1.2997
1551.000       1.2369
1552.000       1.2419
1553.000       1.4069
1555.000       1.3212
1557.000       1.3238
1559.000       1.5262
1560.000       1.6623
1561.000       1.8423
1562.000       1.7193
1563.000       1.6337
1564.000       1.6913
1567.000       1.7241
1569.000       1.6229
1570.000       1.6815
1572.000       1.6147
1573.000       1.5710
1575.000       1.5855
1576.000       1.6326
1577.000       1.7207
1578.000       1.7732
1581.000       1.8111
1582.000       1.8230
1584.000       1.7562
1585.000       1.6534
1586.000       1.8347
1588.000       1.8505
1590.000       1.9923
1592.000       2.0187
1593.000       2.1862
1594.000       2.3985
1595.000       2.1619
1596.000       2.2301
1597.000       2.3668
1600.000       2.4339
1602.000       2.2824
1603.000       2.3435
1605.000       2.2035
1606.000       2.1097
1608.000       2.0755
1609.000       2.1474
1610.000       2.2084
1611.000       2.2227
1612.000       2.3150
1614.000       2.3591
1615.000       2.4761
1618.000       2.3211
1619.000       2.2140
1620.000       2.5510
1622.000       2.5683
1624.000       2.7608
1626.000       2.7835
1627.000       2.9274
1628.000       3.1860
1629.000       2.8197
1630.000       2.9830
1631.000       3.0949
1634.000       3.2045
1636.000       3.3819
1637.000       3.4185
1639.000       3.3926
1640.000       3.3383
1642.000       3.4086
1643.000       3.5114
1644.000       3.6728
1645.000       3.7472
1648.000       3.8214
1649.000       3.8154
1651.000       3.6729
1652.000       3.5153
1653.000       3.0802
1655.000       3.2870
1657.000       3.4533
1659.000       3.0165
1660.000       2.8042
1661.000       2.8490
1662.000       2.6380
1663.000       2.8537
1664.000       3.0316
1667.000       3.1278
1669.000       3.2117
1670.000       3.1964
1672.000       3.0578
1673.000       2.8981
1675.000       2.8508
1676.000       2.9928
1677.000       3.0779
1678.000       3.0345
1681.000       3.2560
1682.000       3.3497
1684.000       3.2997
1685.000       3.1163
1686.000       2.9832
1688.000       3.1266
1690.000       3.3525
1692.000       2.9993
1693.000       2.8436
1694.000       2.9425
1695.000       2.6194
1696.000       2.9164
1697.000       3.1294
1700.000       3.2116
1702.000       3.2333
1703.000       3.2061
1705.000       3.0135
1706.000       2.8251
1708.000       2.7000
1709.000       2.8267
1710.000       2.8483
1711.000       2.7245
1714.000       3.0460
1715.000       3.2085
1717.000       3.2095
1718.000       3.0180
1719.000       3.0900
1721.000       3.1904
1723.000       3.4303
1725.000       3.1808
1726.000       3.0786
1727.000       3.3039
1728.000       3.1534
1729.000       2.8756
1730.000       2.9152
1733.000       2.7461
1735.000       2.6930
1736.000       2.4866
1738.000       2.3562
1739.000       2.4303
1741.000       2.3382
1743.000       2.1519
1744.000       2.0910
1745.000       2.0939
1747.000       2.1955
1748.000       2.1802
1749.000       2.5501
1751.000       2.4206
1753.000       2.5070
1755.000       2.6051
1756.000       2.4920
1757.000       2.6580
1758.000       2.4872
1759.000       2.2785
1760.000       2.2920
1763.000       2.1033
1765.000       2.0475
1766.000       1.8533
1768.000       1.7793
1769.000       1.8777
1771.000       1.8072
1772.000       1.6387
1773.000       1.5279
1774.000       1.5604
1775.000       1.4198
1777.000       1.4268
1778.000       1.3770
1781.000       1.5321
1782.000       1.6272
1783.000       1.9378
1785.000       1.7951
1787.000       1.8524
1789.000       1.9893
1790.000       1.9330
1791.000       2.0895
1792.000       1.9970
1793.000       1.7156
1794.000       1.6943
1797.000       1.5326
1799.000       1.4660
1800.000       1.3278
1802.000       1.3126
1803.000       1.4279
1805.000       1.4286
1806.000       1.2981
1807.000       1.2765
1808.000       1.3733
1809.000       1.1801
1811.000       1.1206
1812.000       1.0950
1815.000       1.1441
1816.000       1.2270
1817.000       1.4533
1819.000       1.3310
1821.000       1.3914
1823.000       1.5732
1824.000       1.6306
1825.000       1.8147
1826.000       1.9131
1827.000       1.5265
1828.000       1.8390
1831.000       1.6057
1833.000       1.6398
1834.000       1.5164
1836.000       1.5351
1837.000       1.6123
1839.000       1.7654
1841.000       1.8557
1842.000       2.0735
1843.000       1.7763
1845.000       1.6229
1846.000       1.6741
1847.000       1.3768
1849.000       1.4585
1851.000       1.8676
1853.000       1.3435
1854.000       1.2913
1855.000       1.4300
1856.000       1.3745
1857.000       1.2024
1858.000       1.2043
1861.000       1.1975
1863.000       1.2461
1864.000       1.2757
1866.000       1.2915
1867.000       1.3102
1869.000       1.3576
1870.000       1.3774
1871.000       1.4734
1872.000       1.5521
1873.000       1.5281
1875.000       1.4996
1876.000       1.5898
1879.000       1.4140
1880.000       1.3493
1881.000       1.2056
1883.000       1.2749
1885.000       1.3539
1887.000       1.2259
1888.000       1.2353
1889.000       1.3350
1890.000       1.2345
1891.000       1.2762
1892.000       1.3772
1895.000       1.4192
1897.000       1.4094
1898.000       1.4336
1900.000       1.3766
1901.000       1.3115
1903.000       1.3011
1905.000       1.3586
1906.000       1.3945
1909.000       1.4323
1910.000       1.4416
1911.000       1.5501
1912.000       1.4157
1914.000       1.4778
1916.000       1.5965
1918.000       1.4869
1919.000       1.5011
1920.000       1.6265
1921.000       1.4459
1922.000       1.5329
1923.000       1.6474
1926.000       1.6891
1928.000       1.6666
1929.000       1.6927
1931.000       1.5901
1932.000       1.5017
1934.000       1.4434
1936.000       1.4796
1937.000       1.4682
1940.000       1.5746
1941.000       1.6291
1942.000       1.7507
1943.000       1.6831
1945.000       1.7633
1947.000       1.9626
1949.000       1.7537
1950.000       1.9329
1951.000       2.2341
1952.000       2.1522
1953.000       1.8348
1954.000       1.5917
1957.000       1.5752
1959.000       1.6739
1960.000       1.6980
1962.000       1.8148
1963.000       1.9950
1965.000       2.1540
1966.000       2.0870
1967.000       2.2796
1968.000       2.5088
1971.000       2.3517
1972.000       2.2307
1974.000       2.0035
1975.000       1.9219
1976.000       1.5591
1978.000       1.6516
1980.000       1.7155
1982.000       1.5359
1983.000       1.5341
1984.000       1.6193
1985.000       1.5659
1986.000       1.5686
1987.000       1.5198
1990.000       1.5439
1992.000       1.5360
1993.000       1.5169
1995.000       1.4164
1996.000       1.4308
1998.000       1.3646
1999.000       1.3055
2000.000       1.2761
2001.000       1.2610
2004.000       1.3394
2005.000       1.4346
2007.000       1.4475
2008.000       1.3676
2009.000       1.4953
2011.000       1.5465
2013.000       1.7126
2015.000       1.5785
2016.000       1.5652
2017.000       1.5505
2018.000       1.7064
2019.000       1.5048
2020.000       1.5851
2023.000       1.5723
2025.000       1.6975
2026.000       1.7630
2028.000       1.9857
2029.000       1.9492
2031.000       2.2265
2033.000       2.5986
2034.000       2.9430
2035.000       2.6577
2037.000       2.3678
2038.000       2.5489
2039.000       1.5481
2041.000       1.6448
2043.000       1.8612
2045.000       1.6459
2046.000       1.8713
2047.000       2.2037
2048.000       2.2003
2049.000       1.6921
2050.000       1.7177
2053.000       1.5570
2055.000       1.6137
2056.000       1.5384
2058.000       1.6305
2059.000       1.7550
2061.000       1.8601
2063.000       1.8512
2064.000       1.9759
2065.000       1.7476
2067.000       1.6444
2068.000       1.6348
2069.000       1.4259
2071.000       1.4618
2073.000       1.4557
2075.000       1.3826
2076.000       1.3566
2077.000       1.3704
2078.000       1.4661
2079.000       1.3227
2080.000       1.3789
2083.000       1.3713
2085.000       1.3612
2086.000       1.3567
2088.000       1.2943
2089.000       1.2717
2091.000       1.2426
2093.000       1.2424
2094.000       1.2444
2097.000       1.2817
2098.000       1.3048
2099.000       1.3709
2100.000       1.3574
2102.000       1.3939
2104.000       1.5075
2106.000       1.4247
2107.000       1.4210
2108.000       1.5313
2109.000       1.3839
2110.000       1.4433
2111.000       1.5021
2114.000       1.4963
2116.000       1.4774
2117.000       1.4513
2119.000       1.3605
2120.000       1.3259
2122.000       1.2765
2124.000       1.2622
2125.000       1.2517
2128.000       1.3082
2129.000       1.3551
2130.000       1.4283
2131.000       1.4467
2133.000       1.4754
2135.000       1.6073
2137.000       1.5183
2138.000       1.5004
2139.000       1.6444
2140.000       1.4881
2141.000       1.4400
2142.000       1.5026
2145.000       1.4630
2147.000       1.4139
2148.000       1.3718
2150.000       1.3015
2151.000       1.3049
2153.000       1.2801
2155.000       1.2460
2156.000       1.2680
2157.000       1.2484
2159.000       1.2794
2160.000       1.3334
2161.000       1.4394
2163.000       1.4242
2165.000       1.5577
2167.000       1.5235
2168.000       1.5497
2169.000       1.6913
2170.000       1.5514
2171.000       1.5200
2172.000       1.5872
2175.000       1.5970
2177.000       1.5609
2178.000       1.5231
2180.000       1.4461
2181.000       1.4205
2183.000       1.3660
2184.000       1.3517
2185.000       1.3330
2186.000       1.3224
2187.000       1.3765
2189.000       1.4349
2190.000       1.5073
2193.000       1.4569
2194.000       1.4084
2195.000       1.5902
2197.000       1.5562
2199.000       1.6513
2201.000       1.7053
2202.000       1.7648
2203.000       2.0454
2204.000       1.7629
2205.000       1.6348
2206.000       1.7506
2209.000       1.6706
2211.000       1.6128
2212.000       1.4904
2214.000       1.3695
2215.000       1.4038
2217.000       1.4405
2219.000       1.4497
2220.000       1.6265
2223.000       1.4308
2224.000       1.3832
2225.000       1.4853
2226.000       1.5562
2228.000       1.5626
2230.000       1.8054
2232.000       1.7443
2233.000       1.7977
2234.000       2.1071
2235.000       1.6683
2236.000       1.8422
2237.000       2.1012
2240.000       2.1650
2242.000       1.9663
2243.000       2.0566
2245.000       1.8909
2246.000       1.7023
2248.000       1.6948
2249.000       1.9040
2250.000       2.1154
2251.000       2.1673
2254.000       2.3693
2255.000       2.4187
2257.000       2.2747
2258.000       2.0125
2259.000       2.2776
2261.000       2.3470
2263.000       2.6354
2265.000       2.5972
2266.000       2.7880
2267.000       3.1324
2268.000       2.6320
2269.000       2.8774
2270.000       3.0878
2273.000       3.1784
2275.000       2.9504
2276.000       3.0597
2278.000       2.8433
2279.000       2.5878
2281.000       2.4936
2282.000       2.7241
2283.000       2.8508
2284.000       2.7847
2285.000       3.1573
2287.000       3.3179
2288.000       3.6361
2291.000       3.2260
2292.000       2.9304
2293.000       3.3345
2295.000       3.3812
2297.000       3.6704
2299.000       3.6650
2300.000       3.8478
2301.000       4.2327
2302.000       3.6253
2303.000       3.9120
2304.000       4.2161
2307.000       4.2711
2309.000       3.9930
2310.000       4.0096
2312.000       3.6650
2313.000       3.4108
2315.000       3.1311
2317.000       3.1358
2318.000       2.9335
2321.000       3.4029
2322.000       3.6580
2323.000       3.9340
2324.000       4.3424
2326.000       4.3228
2328.000       4.6836
2330.000       4.7070
2331.000       4.8108
2332.000       5.2226
2333.000       4.5184
2334.000       4.8423
2335.000       5.1998
2338.000       5.2296
2340.000       4.9873
2341.000       4.8952
2343.000       4.4862
2344.000       4.2311
2346.000       3.9206
2347.000       3.9836
2348.000       3.8124
2349.000       3.5501
2350.000       4.0393
2352.000       4.3778
2353.000       4.5977
2356.000       4.5402
2357.000       4.3352
2358.000       5.1639
2360.000       5.1228
2362.000       5.5069
2364.000       5.4933
2365.000       5.4619
2366.000       5.8787
2367.000       5.2232
2368.000       5.2738
2369.000       5.5206
2372.000       5.3359
2374.000       5.0741
2375.000       4.8232
2377.000       4.4646
2378.000       4.3718
2380.000       4.0628
2381.000       3.9460
2382.000       3.6835
2383.000       3.4807
2384.000       3.7379
2386.000       3.9996
2387.000       4.0623
2390.000       4.2373
2391.000       4.1976
2392.000       5.1522
2394.000       4.9400
2396.000       5.1862
2398.000       5.4295
2399.000       5.4214
2400.000       5.7924
2401.000       5.3533
2402.000       5.1269
2403.000       5.0088
2406.000       4.8804
2408.000       5.1294
2409.000       5.0227
2411.000       5.1698
2412.000       5.3657
2414.000       5.5482
2415.000       5.4655
2416.000       5.6227
2417.000       5.8903
2420.000       5.5660
2421.000       5.3540
2423.000       5.1785
2424.000       5.2404
2425.000       4.5898
2427.000       4.6912
2429.000       4.6653
2431.000       4.3353
2432.000       4.0727
2433.000       3.9085
2434.000       4.1767
2435.000       4.0225
2436.000       3.9627
2439.000       4.0678
2441.000       4.3261
2442.000       4.4393
2444.000       4.5794
2445.000       4.5496
2447.000       4.7857
2448.000       4.9703
2449.000       5.2931
2450.000       5.5112
2453.000       5.4530
2454.000       5.3070
2456.000       5.0143
2457.000       4.8476
2458.000       3.9912
2460.000       4.2599
2462.000       4.3415
2464.000       3.8332
2465.000       3.7292
2466.000       3.6369
2467.000       3.6455
2468.000       3.9773
2469.000       4.1243
2472.000       4.4194
2474.000       4.5516
2475.000       4.7749
2477.000       4.7520
2478.000       4.5195
2480.000       4.6303
2481.000       4.9606
2482.000       5.2744
2483.000       5.3316
2486.000       5.5892
2487.000       5.6059
2489.000       5.3548
2490.000       5.0310
2491.000       4.4910
2493.000       4.8023
2495.000       5.0460
2497.000       4.5523
2498.000       4.4796
2499.000       4.8048
2500.000       4.2660
2501.000       4.4894
2502.000       4.8035
2505.000       4.8322
2507.000       4.6886
2508.000       4.6131
2510.000       4.2661
2511.000       4.0402
2513.000       3.7527
2515.000       3.7019
2516.000       3.4688
2519.000       3.9431
2520.000       4.2236
2521.000       4.4832
2522.000       4.7090
2524.000       4.7424
2526.000       5.1062
2528.000       4.9425
2529.000       4.8480
2530.000       5.1984
2531.000       4.5325
2532.000       4.8045
2533.000       5.1181
2536.000       5.0707
2538.000       4.8547
2539.000       4.6828
2541.000       4.2896
2542.000       4.0983
2544.000       3.7699
2545.000       3.7413
2546.000       3.4942
2547.000       3.2153
2548.000       3.6572
2550.000       3.9999
2551.000       4.1705
2554.000       4.2198
2555.000       4.0742
2556.000       4.9055
2558.000       4.8243
2560.000       5.1769
2562.000       5.1780
2563.000       5.0541
2564.000       5.4268
2565.000       4.8724
2566.000       4.7740
2567.000       4.9545
2570.000       4.6867
2572.000       4.4377
2573.000       4.1176
2575.000       3.8053
2576.000       3.8559
2578.000       3.6358
2580.000       3.3172
2581.000       3.1674
2582.000       3.2714
2584.000       3.5176
2585.000       3.5400
2586.000       4.4445
2588.000       4.1624
2590.000       4.3421
2592.000       4.6626
2593.000       4.5448
2594.000       4.8561
2595.000       4.4114
2596.000       4.2800
2597.000       4.4098
2600.000       4.1674
2602.000       3.9872
2603.000       3.6953
2605.000       3.4128
2606.000       3.4648
2608.000       3.2560
2610.000       2.9481
2611.000       2.7847
2612.000       2.9129
2614.000       3.1423
2615.000       3.1544
2616.000       3.9327
2618.000       3.7131
2620.000       3.8718
2622.000       4.0821
2623.000       3.9429
2624.000       4.2120
2625.000       3.8862
2626.000       3.6181
2627.000       3.6855
2630.000       3.3771
2632.000       3.2513
2633.000       2.9099
2635.000       2.7149
2636.000       2.8421
2638.000       2.6575
2639.000       2.3502
2640.000       2.0606
2641.000       2.0298
2642.000       1.8654
2644.000       1.9625
2645.000       1.8584
2648.000       2.2281
2649.000       2.3981
2650.000       3.0882
2652.000       2.8345
2654.000       2.9183
2656.000       3.1446
2657.000       2.9776
2658.000       3.1379
2659.000       3.0910
2660.000       2.5909
2661.000       2.5151
2664.000       2.2121
2666.000       2.1561
2667.000       1.9158
2669.000       1.9141
2670.000       2.1440
2672.000       2.2076
2673.000       1.9882
2674.000       2.0222
2675.000       2.2624
2678.000       1.9264
2679.000       1.7898
2681.000       1.7235
2682.000       1.8159
2683.000       2.0113
2685.000       1.8383
2687.000       1.8932
2689.000       2.0411
2690.000       2.0357
2691.000       2.1779
2692.000       2.2643
2693.000       1.8472
2694.000       2.1198
2697.000       2.1028
2699.000       2.1314
2700.000       2.1536
2702.000       2.1440
2703.000       2.1546
2705.000       2.3029
2706.000       2.3733
2707.000       2.6164
2708.000       2.8500
2711.000       2.7155
2712.000       2.6024
2714.000       2.4091
2715.000       2.2776
2716.000       2.0318
2718.000       2.2105
2720.000       2.5248
2722.000       2.0780
2723.000       2.0095
2724.000       2.1800
2725.000       1.9691
2726.000       1.9422
2727.000       2.0329
2730.000       1.9833
2732.000       1.9867
2733.000       1.9008
2735.000       1.8126
2736.000       1.8230
2738.000       1.7571
2739.000       1.6991
2740.000       1.6556
2741.000       1.6513
2744.000       1.6669
2745.000       1.7104
2747.000       1.7510
2748.000       1.7415
2749.000       1.8518
2751.000       1.8546
2753.000       1.9760
2755.000       1.8949
2756.000       1.8174
2757.000       1.9488
2758.000       1.8007
2759.000       1.7143
2760.000       1.7829
2763.000       1.7064
2765.000       1.7209
2766.000       1.6178
2768.000       1.5326
2769.000       1.5465
2771.000       1.5155
2772.000       1.4827
2773.000       1.5042
2774.000       1.5449
2775.000       1.5460
2777.000       1.5621
2778.000       1.6542
2781.000       1.5414
2782.000       1.4979
2783.000       1.5469
2785.000       1.5436
2787.000       1.6736
2789.000       1.5753
2790.000       1.4778
2791.000       1.5976
2792.000       1.5123
2793.000       1.3333
2794.000       1.3301
2797.000       1.2347
2799.000       1.2694
2800.000       1.2027
2802.000       1.2160
2803.000       1.2581
2805.000       1.2861
2806.000       1.2596
2807.000       1.2996
2808.000       1.3665
2811.000       1.3076
2812.000       1.2769
2814.000       1.2328
2815.000       1.2236
2816.000       1.1382
2818.000       1.1289
2820.000       1.1722
2822.000       1.1271
2823.000       1.1405
2824.000       1.1971
2825.000       1.2619
2826.000       1.1019
2827.000       1.0824
2830.000       1.1258
2832.000       1.2092
2833.000       1.2252
2835.000       1.2547
2836.000       1.2673
2838.000       1.3412
2840.000       1.4052
2841.000       1.5155
2842.000       1.4004
2844.000       1.3323
2845.000       1.3906
2846.000       1.1151
2848.000       1.2022
2850.000       1.2813
2852.000       1.1020
2853.000       1.1070
2854.000       1.1741
2855.000       1.1836
2856.000       1.0666
2857.000       1.0743
2860.000       1.0606
2862.000       1.1130
2863.000       1.1140
2865.000       1.1157
2866.000       1.1316
2868.000       1.1753
2869.000       1.1886
2870.000       1.2754
2871.000       1.3554
2872.000       1.3134
2874.000       1.2796
2875.000       1.3662
2878.000       1.2072
2879.000       1.1576
2880.000       1.0182
2882.000       1.0815
2884.000       1.1698
2886.000       1.0543
2887.000       1.0926
2888.000       1.2271
2889.000       1.1333
2890.000       1.0978
2891.000       1.1581
2894.000       1.1971
2896.000       1.1702
2897.000       1.1998
2899.000       1.1519
2900.000       1.1285
2902.000       1.1665
2903.000       1.2082
2904.000       1.3106
2905.000       1.3874
2908.000       1.3866
2909.000       1.3744
2911.000       1.2960
2912.000       1.2046
2913.000       1.2565
2915.000       1.2979
2917.000       1.4410
2919.000       1.4069
2920.000       1.5515
2921.000       1.7688
2922.000       1.5569
2923.000       1.5698
2924.000       1.6827
2927.000       1.6934
2929.000       1.5787
2930.000       1.6146
2932.000       1.5335
2933.000       1.4698
2935.000       1.4647
2936.000       1.5303
2937.000       1.6088
2938.000       1.6450
2939.000       1.7084
2941.000       1.7337
2942.000       1.8565
2945.000       1.6803
2946.000       1.5741
2947.000       1.7834
2949.000       1.7780
2951.000       1.9185
2953.000       1.9740
2954.000       2.1344
2955.000       2.3572
2956.000       2.1209
2957.000       2.1508
2958.000       2.2701
2961.000       2.2764
2963.000       2.1130
2964.000       2.1501
2966.000       2.0568
2967.000       1.9859
2969.000       1.9440
2971.000       1.9826
2972.000       1.9954
2975.000       2.0624
2976.000       2.0964
2977.000       2.2086
2978.000       2.3935
2980.000       2.3559
2982.000       2.4914
2984.000       2.6109
2985.000       2.7985
2986.000       3.0352
2987.000       2.7740
2988.000       2.8059
2989.000       2.9215
2992.000       2.9403
2994.000       2.7525
2995.000       2.8100
2997.000       2.6873
2998.000       2.5822
3000.000       2.4995
3002.000       2.5308
3003.000       2.4966
3006.000       2.6404
3007.000       2.7178
3008.000       2.8502
3009.000       3.0869
3011.000       3.0553
3013.000       3.2059
3015.000       3.3389
3016.000       3.5397
3017.000       3.8208
3018.000       3.4787
3019.000       3.5910
3020.000       3.7837
3023.000       3.8692
3025.000       3.6602
3026.000       3.7570
3028.000       3.5738
3029.000       3.4234
3031.000       3.3983
3032.000       3.5330
3033.000       3.6721
3034.000       3.7077
3035.000       3.8836
3037.000       3.9665
3038.000       4.2412
3041.000       3.8651
3042.000       3.6390
3043.000       4.0220
3045.000       4.0270
3047.000       4.2819
3049.000       4.3109
