   2.000       3.3849
   3.000       3.5275
   6.000       3.4871
   8.000       3.4604
   9.000       3.3537
  11.000       3.1304
  12.000       3.0322
  14.000       2.8619
  15.000       2.8477
  16.000       2.7422
  17.000       2.6234
  18.000       2.8467
  20.000       3.0247
  21.000       3.1462
  24.000       3.1208
  25.000       3.0237
  26.000       3.3016
  28.000       3.3314
  30.000       3.5858
  32.000       3.4034
  33.000       3.2552
  34.000       3.4722
  35.000       3.0872
  36.000       3.1614
  37.000       3.3504
  40.000       3.2805
  42.000       3.2085
  43.000       3.0560
  45.000       2.8136
  46.000       2.7257
  48.000       2.5340
  49.000       2.4937
  50.000       2.3518
  51.000       2.2211
  52.000       2.4293
  54.000       2.6125
  55.000       2.7051
  58.000       2.7408
  59.000       2.6739
  60.000       3.0880
  62.000       3.0503
  64.000       3.2780
  66.000       3.2093
  67.000       3.0677
  68.000       3.2983
  69.000       2.9354
  70.000       2.9075
  71.000       3.0131
  74.000       2.8828
  76.000       2.7958
  77.000       2.6041
  79.000       2.3959
  80.000       2.3746
  82.000       2.2006
  83.000       2.0960
  84.000       1.9433
  85.000       1.8470
  88.000       1.9529
  89.000       2.1020
  91.000       2.2411
  92.000       2.2239
  93.000       2.6894
  95.000       2.5970
  97.000       2.7704
  99.000       2.7973
 100.000       2.6706
 101.000       2.8901
 102.000       2.5818
 103.000       2.4852
 104.000       2.5480
 107.000       2.4114
 109.000       2.3214
 110.000       2.1480
 112.000       1.9617
 113.000       1.9622
 115.000       1.8134
 116.000       1.6987
 117.000       1.5603
 118.000       1.5018
 119.000       1.5660
 121.000       1.6900
 122.000       1.7497
 125.000       1.8084
 126.000       1.8024
 127.000       2.2522
 129.000       2.1643
 131.000       2.3281
 133.000       2.3661
 134.000       2.2487
 135.000       2.4711
 136.000       2.1660
 137.000       2.0671
 138.000       2.1898
 141.000       2.0529
 143.000       1.9478
 144.000       1.7957
 146.000       1.6272
 147.000       1.6149
 149.000       1.4950
 150.000       1.4116
 151.000       1.3317
 152.000       1.2838
 155.000       1.3901
 156.000       1.5140
 158.000       1.5783
 159.000       1.5151
 160.000       1.9009
 162.000       1.8084
 164.000       1.9854
 166.000       2.0288
 167.000       1.9805
 168.000       2.1822
 169.000       1.9708
 170.000       1.8254
 171.000       1.8765
 174.000       1.7160
 176.000       1.6499
 177.000       1.5049
 179.000       1.3898
 180.000       1.4226
 182.000       1.3581
 183.000       1.2562
 184.000       1.2129
 185.000       1.2676
 186.000       1.1991
 188.000       1.2341
 189.000       1.2978
 192.000       1.2847
 193.000       1.2823
 194.000       1.5977
 196.000       1.5192
 198.000       1.6480
 200.000       1.6879
 201.000       1.6809
 202.000       1.8369
 203.000       1.7066
 204.000       1.6191
 205.000       1.7082
 208.000       1.5102
 210.000       1.5075
 211.000       1.3805
 213.000       1.3669
 214.000       1.4909
 216.000       1.5675
 218.000       1.5422
 219.000       1.6885
 220.000       1.4330
 222.000       1.3464
 223.000       1.3578
 224.000       1.4185
 226.000       1.3792
 228.000       1.4769
 230.000       1.4763
 231.000       1.4908
 232.000       1.6577
 233.000       1.5857
 234.000       1.3546
 235.000       1.3968
 238.000       1.3900
 240.000       1.3421
 241.000       1.3805
 243.000       1.3628
 244.000       1.3761
 246.000       1.4595
 247.000       1.5087
 248.000       1.6989
 249.000       1.8632
 252.000       1.8224
 253.000       1.7596
 255.000       1.5864
 256.000       1.4551
 257.000       1.4203
 259.000       1.4569
 261.000       1.5886
 263.000       1.5393
 264.000       1.5787
 265.000       1.7246
 266.000       1.6155
 267.000       1.5381
 268.000       1.5761
 271.000       1.5312
 273.000       1.5079
 274.000       1.5142
 276.000       1.4917
 277.000       1.4725
 279.000       1.4916
 280.000       1.5208
 281.000       1.5800
 282.000       1.6178
 283.000       1.6382
 285.000       1.6419
 286.000       1.7427
 289.000       1.5914
 290.000       1.5259
 291.000       1.5313
 293.000       1.5431
 295.000       1.6118
 297.000       1.5942
 298.000       1.6462
 299.000       1.7332
 300.000       1.6728
 301.000       1.6560
 302.000       1.6987
 305.000       1.7256
 307.000       1.7049
 308.000       1.7189
 310.000       1.6649
 311.000       1.6309
 313.000       1.6184
 314.000       1.6391
 315.000       1.6629
 316.000       1.6693
 319.000       1.7156
 320.000       1.7458
 322.000       1.7307
 323.000       1.6712
 324.000       1.7554
 326.000       1.7816
 328.000       1.8827
 330.000       1.8381
 331.000       1.8929
 332.000       2.0324
 333.000       1.9004
 334.000       1.8762
 335.000       1.9489
 338.000       1.9481
 340.000       1.9016
 341.000       1.9016
 343.000       1.8246
 344.000       1.7825
 346.000       1.7426
 348.000       1.7464
 349.000       1.7518
 350.000       1.7967
 352.000       1.8376
 353.000       1.9218
 354.000       1.9501
 356.000       1.9658
 358.000       2.0884
 360.000       2.0478
 361.000       2.0783
 362.000       2.2233
 363.000       2.0515
 364.000       2.0570
 365.000       2.1354
 368.000       2.1247
 370.000       2.0721
 371.000       2.0428
 373.000       1.9350
 374.000       1.8732
 376.000       1.7937
 377.000       1.8060
 378.000       1.7747
 379.000       1.7244
 380.000       1.8438
 382.000       1.9277
 383.000       2.0056
 386.000       1.9606
 387.000       1.8948
 388.000       2.0956
 390.000       2.0962
 392.000       2.2145
 394.000       2.1789
 395.000       2.1760
 396.000       2.3191
 397.000       2.1388
 398.000       2.1322
 399.000       2.2155
 402.000       2.1923
 404.000       2.1336
 405.000       2.0920
 407.000       1.9764
 408.000       1.9371
 410.000       1.8517
 411.000       1.8346
 412.000       1.7944
 413.000       1.7421
 416.000       1.8483
 417.000       1.9314
 419.000       1.9708
 420.000       1.9177
 421.000       2.1585
 423.000       2.1558
 425.000       2.2974
 427.000       2.2460
 428.000       2.2480
 429.000       2.3876
 430.000       2.2547
 431.000       2.1765
 432.000       2.2402
 435.000       2.1980
 437.000       2.1308
 438.000       2.0784
 440.000       1.9645
 441.000       1.9585
 443.000       1.8681
 445.000       1.7807
 446.000       1.7310
 447.000       1.8169
 449.000       1.9045
 450.000       1.9759
 451.000       2.1587
 453.000       2.1304
 455.000       2.2598
 457.000       2.2520
 458.000       2.2462
 459.000       2.3962
 460.000       2.2173
 461.000       2.1803
 462.000       2.2625
 465.000       2.2110
 467.000       2.1471
 468.000       2.0729
 470.000       1.9487
 471.000       1.9289
 473.000       1.8328
 475.000       1.7499
 476.000       1.6930
 477.000       1.7899
 479.000       1.8873
 480.000       1.9531
 481.000       2.1444
 483.000       2.1058
 485.000       2.2221
 487.000       2.2322
 488.000       2.2040
 489.000       2.3588
 490.000       2.1664
 491.000       2.1211
 492.000       2.1869
 495.000       2.1019
 497.000       2.0323
 498.000       1.9385
 500.000       1.8225
 501.000       1.8304
 503.000       1.7428
 505.000       1.6379
 506.000       1.5805
 509.000       1.6429
 510.000       1.7353
 511.000       1.7776
 512.000       2.0247
 514.000       1.9704
 516.000       2.0687
 518.000       2.1203
 519.000       2.0674
 520.000       2.2679
 521.000       2.0113
 522.000       1.9581
 523.000       2.0790
 526.000       1.9449
 528.000       1.8735
 529.000       1.7338
 531.000       1.5892
 532.000       1.5852
 534.000       1.4866
 535.000       1.4106
 536.000       1.3409
 537.000       1.3317
 538.000       1.3411
 540.000       1.4054
 541.000       1.4490
 544.000       1.4802
 545.000       1.4768
 546.000       1.7791
 548.000       1.7260
 550.000       1.8825
 552.000       1.8671
 553.000       1.8162
 554.000       1.9864
 555.000       1.7914
 556.000       1.6972
 557.000       1.7537
 560.000       1.6362
 562.000       1.5643
 563.000       1.4411
 565.000       1.3447
 566.000       1.3911
 568.000       1.3363
 570.000       1.2350
 571.000       1.2300
 574.000       1.2084
 575.000       1.2551
 576.000       1.2691
 577.000       1.5578
 579.000       1.4825
 581.000       1.5679
 583.000       1.6531
 584.000       1.6484
 585.000       1.8413
 586.000       1.6491
 587.000       1.5090
 588.000       1.5461
 591.000       1.4424
 593.000       1.3253
 594.000       1.2599
 596.000       1.1926
 597.000       1.2109
 599.000       1.1751
 600.000       1.1278
 601.000       1.1341
 602.000       1.1723
 603.000       1.1705
 605.000       1.1913
 606.000       1.2806
 609.000       1.1822
 610.000       1.1461
 611.000       1.4444
 613.000       1.3599
 615.000       1.4437
 617.000       1.5951
 618.000       1.7063
 619.000       1.9038
 620.000       1.7147
 621.000       1.6473
 622.000       1.7037
 625.000       1.6547
 627.000       1.5053
 628.000       1.4766
 630.000       1.3668
 631.000       1.3664
 633.000       1.3282
 635.000       1.2854
 636.000       1.3233
 637.000       1.2977
 639.000       1.3411
 640.000       1.4256
 641.000       1.7156
 643.000       1.6325
 645.000       1.7500
 647.000       1.9157
 648.000       2.0597
 649.000       2.0227
 650.000       2.2534
 651.000       2.1903
 652.000       2.3386
 655.000       2.4302
 657.000       2.5384
 658.000       2.5013
 660.000       2.5813
 661.000       2.5364
 663.000       2.6817
 665.000       2.8974
 666.000       3.1035
 667.000       2.9590
 669.000       2.8159
 670.000       2.9837
 671.000       2.2941
 673.000       2.2824
 675.000       2.2945
 677.000       2.4260
 678.000       2.4604
 679.000       2.6890
 680.000       2.5352
 681.000       2.2324
 682.000       2.2009
 685.000       1.9673
 687.000       1.8759
 688.000       1.8111
 690.000       1.8038
 691.000       1.9748
 693.000       1.9383
 694.000       1.7280
 695.000       1.6257
 696.000       1.7232
 699.000       1.4694
 700.000       1.4021
 702.000       1.4832
 703.000       1.6460
 704.000       1.9788
 706.000       1.9404
 708.000       1.9323
 710.000       1.8946
 711.000       2.0460
 712.000       2.2071
 713.000       2.2315
 714.000       1.9748
 715.000       1.8023
 718.000       1.7447
 720.000       1.6858
 721.000       1.5913
 723.000       1.4804
 724.000       1.5253
 726.000       1.4427
 727.000       1.3381
 728.000       1.2697
 729.000       1.2769
 732.000       1.2535
 733.000       1.2963
 735.000       1.3549
 736.000       1.3692
 737.000       1.6992
 739.000       1.6415
 741.000       1.7539
 743.000       1.8093
 744.000       1.8025
 745.000       1.9476
 746.000       1.8737
 747.000       1.6343
 748.000       1.6088
 751.000       1.4752
 753.000       1.3914
 754.000       1.3166
 756.000       1.3354
 757.000       1.4244
 759.000       1.4521
 760.000       1.3806
 761.000       1.4102
 762.000       1.5046
 763.000       1.3704
 765.000       1.3107
 766.000       1.3226
 769.000       1.2804
 770.000       1.3141
 771.000       1.4666
 773.000       1.3532
 775.000       1.3873
 777.000       1.5658
 778.000       1.6684
 779.000       1.8222
 780.000       1.7772
 781.000       1.5636
 782.000       1.5428
 785.000       1.4781
 787.000       1.4044
 788.000       1.4135
 790.000       1.4520
 791.000       1.4990
 793.000       1.5855
 795.000       1.6321
 796.000       1.7629
 797.000       1.5977
 799.000       1.5139
 800.000       1.5727
 801.000       1.5289
 803.000       1.4770
 805.000       1.5259
 807.000       1.6387
 808.000       1.7708
 809.000       1.9067
 810.000       1.8624
 811.000       1.7268
 812.000       1.7379
 815.000       1.7298
 817.000       1.6836
 818.000       1.7017
 820.000       1.6644
 821.000       1.6445
 823.000       1.6321
 824.000       1.6440
 825.000       1.6663
 826.000       1.6773
 827.000       1.7249
 829.000       1.7690
 830.000       1.8751
 833.000       1.7472
 834.000       1.6766
 835.000       1.7652
 837.000       1.7732
 839.000       1.8632
 841.000       1.8596
 842.000       1.9058
 843.000       2.0588
 844.000       1.8934
 845.000       1.8811
 846.000       1.9692
 849.000       1.9504
 851.000       1.9037
 852.000       1.8561
 854.000       1.7245
 855.000       1.6862
 857.000       1.5939
 859.000       1.5469
 860.000       1.5148
 861.000       1.6167
 863.000       1.7012
 864.000       1.8062
 865.000       1.8984
 867.000       1.8912
 869.000       2.0238
 871.000       1.9824
 872.000       1.9415
 873.000       2.1086
 874.000       1.9046
 875.000       1.8547
 876.000       1.9500
 879.000       1.8848
 881.000       1.8269
 882.000       1.7250
 884.000       1.5864
 885.000       1.5678
 887.000       1.4586
 888.000       1.4049
 889.000       1.3252
 890.000       1.2813
 891.000       1.3454
 893.000       1.4223
 894.000       1.4598
 897.000       1.4956
 898.000       1.4843
 899.000       1.7949
 901.000       1.7451
 903.000       1.8736
 905.000       1.8997
 906.000       1.8666
 907.000       2.0672
 908.000       1.8545
 909.000       1.7179
 910.000       1.7762
 913.000       1.6582
 915.000       1.5716
 916.000       1.4634
 918.000       1.3605
 919.000       1.3815
 921.000       1.3137
 923.000       1.2278
 924.000       1.2146
 925.000       1.2314
 927.000       1.2927
 928.000       1.3392
 929.000       1.5790
 931.000       1.4890
 933.000       1.5877
 935.000       1.6837
 936.000       1.6944
 937.000       1.8671
 938.000       1.7197
 939.000       1.5735
 940.000       1.6053
 943.000       1.5215
 945.000       1.4539
 946.000       1.3951
 948.000       1.3272
 949.000       1.3331
 951.000       1.2735
 952.000       1.2264
 953.000       1.1879
 954.000       1.1739
 955.000       1.2182
 957.000       1.2677
 958.000       1.3277
 961.000       1.2939
 962.000       1.2698
 963.000       1.5004
 965.000       1.4501
 967.000       1.5365
 969.000       1.5922
 970.000       1.6456
 971.000       1.7897
 972.000       1.6973
 973.000       1.5682
 974.000       1.5949
 977.000       1.5483
 979.000       1.4708
 980.000       1.4545
 982.000       1.3915
 983.000       1.3914
 985.000       1.3559
 987.000       1.3133
 988.000       1.3066
 989.000       1.3323
 991.000       1.3736
 992.000       1.4367
 993.000       1.5693
 995.000       1.5387
 997.000       1.6284
 999.000       1.6750
1000.000       1.7163
1001.000       1.8721
1002.000       1.7172
1003.000       1.6613
1004.000       1.7627
1007.000       1.6914
1009.000       1.6021
1010.000       1.5365
1012.000       1.4494
1013.000       1.4485
1015.000       1.3810
1016.000       1.3262
1017.000       1.2662
1018.000       1.2516
1019.000       1.2673
1021.000       1.3235
1022.000       1.3510
1025.000       1.3825
1026.000       1.3757
1027.000       1.6516
1029.000       1.5931
1031.000       1.6838
1033.000       1.7454
1034.000       1.7605
1035.000       1.9163
1036.000       1.7652
1037.000       1.6688
1038.000       1.7022
1041.000       1.6146
1043.000       1.5250
1044.000       1.4454
1046.000       1.3769
1047.000       1.4101
1049.000       1.3572
1050.000       1.2764
1051.000       1.2198
1052.000       1.2292
1055.000       1.2023
1056.000       1.2369
1058.000       1.2848
1059.000       1.2972
1060.000       1.5830
1062.000       1.5001
1064.000       1.5684
1066.000       1.6816
1067.000       1.7137
1068.000       1.8727
1069.000       1.7220
1070.000       1.6268
1071.000       1.6634
1074.000       1.5883
1076.000       1.4988
1077.000       1.4360
1079.000       1.3694
1080.000       1.4040
1082.000       1.3655
1083.000       1.2907
1084.000       1.2501
1085.000       1.2708
1088.000       1.2303
1089.000       1.2511
1091.000       1.2872
1092.000       1.2982
1093.000       1.5741
1095.000       1.5054
1097.000       1.5832
1099.000       1.6727
1100.000       1.6942
1101.000       1.8477
1102.000       1.7513
1103.000       1.5508
1104.000       1.7354
1107.000       1.5771
1109.000       1.5430
1110.000       1.4718
1112.000       1.4769
1113.000       1.5486
1115.000       1.5951
1117.000       1.5697
1118.000       1.6586
1119.000       1.5041
1121.000       1.4599
1122.000       1.4675
1123.000       1.5060
1125.000       1.4808
1127.000       1.5330
1129.000       1.4817
1130.000       1.6221
1131.000       2.1121
1132.000       1.8532
1133.000       1.4906
1134.000       1.7974
1137.000       1.5516
1139.000       1.3752
1140.000       1.2636
1142.000       1.1808
1143.000       1.1861
1145.000       1.1824
1146.000       1.1619
1147.000       1.2204
1148.000       1.3064
1149.000       1.2641
1151.000       1.2723
1152.000       1.3915
1155.000       1.2343
1156.000       1.1657
1157.000       1.4784
1159.000       1.3539
1161.000       1.5305
1163.000       1.6200
1164.000       1.8381
1165.000       2.0256
1166.000       1.9884
1167.000       1.8039
1168.000       1.9309
1171.000       1.9237
1173.000       1.8695
1174.000       1.8156
1176.000       1.6663
1177.000       1.5967
1179.000       1.4835
1180.000       1.4787
1181.000       1.4123
1182.000       1.3323
1183.000       1.4969
1185.000       1.6228
1186.000       1.7162
1189.000       1.6821
1190.000       1.6042
1191.000       1.8876
1193.000       1.8822
1195.000       2.0517
1197.000       2.0192
1198.000       1.9932
1199.000       2.1966
1200.000       1.8837
1201.000       1.9476
1202.000       2.0993
1205.000       2.0662
1207.000       1.9749
1208.000       1.8971
1210.000       1.7317
1211.000       1.6648
1213.000       1.5427
1214.000       1.5224
1215.000       1.4369
1216.000       1.3550
1217.000       1.4945
1219.000       1.6200
1220.000       1.6945
1223.000       1.7023
1224.000       1.6446
1225.000       1.9903
1227.000       1.9621
1229.000       2.1411
1231.000       2.1261
1232.000       2.0896
1233.000       2.3013
1234.000       2.0031
1235.000       1.9887
1236.000       2.0979
1239.000       2.0103
1241.000       1.8697
1242.000       1.7753
1244.000       1.6254
1245.000       1.5935
1247.000       1.4810
1248.000       1.4267
1249.000       1.3465
1250.000       1.2827
1253.000       1.3885
1254.000       1.4999
1256.000       1.5716
1257.000       1.5262
1258.000       1.9616
1260.000       1.8705
1262.000       2.0255
1264.000       2.1348
1265.000       2.2168
1266.000       2.4543
1267.000       2.2222
1268.000       2.0921
1269.000       2.1585
1272.000       2.0477
1274.000       1.8929
1275.000       1.7939
1277.000       1.6689
1278.000       1.6976
1280.000       1.6338
1282.000       1.5240
1283.000       1.5107
1284.000       1.5045
1286.000       1.5808
1287.000       1.6271
1288.000       2.0171
1290.000       1.8913
1292.000       2.0182
1294.000       2.1922
1295.000       2.2358
1296.000       2.4683
1297.000       2.2725
1298.000       2.0519
1299.000       2.0715
1302.000       1.9179
1304.000       1.7995
1305.000       1.6678
1307.000       1.6070
1308.000       1.6830
1310.000       1.6553
1311.000       1.5418
1312.000       1.5169
1313.000       1.5968
1314.000       1.4623
1316.000       1.4355
1317.000       1.4452
1320.000       1.4677
1321.000       1.5153
1322.000       1.8621
1324.000       1.7078
1326.000       1.7473
1328.000       1.9918
1329.000       2.0102
1330.000       2.2581
1331.000       2.0593
1332.000       1.8061
1333.000       1.8469
1336.000       1.7098
1338.000       1.6081
1339.000       1.4926
1341.000       1.4462
1342.000       1.5052
1344.000       1.5326
1346.000       1.5077
1347.000       1.6021
1348.000       1.4683
1350.000       1.4417
1351.000       1.5144
1352.000       1.6481
1354.000       1.5297
1356.000       1.6208
1358.000       1.7870
1359.000       1.8974
1360.000       2.1499
1361.000       1.9126
1362.000       1.8549
1363.000       1.9186
1366.000       1.9282
1368.000       2.1231
1369.000       2.1036
1371.000       2.3592
1372.000       2.4832
1374.000       2.8176
1376.000       3.0766
1377.000       3.5020
1380.000       3.0634
1381.000       2.6984
1382.000       2.8296
1383.000       1.7381
1385.000       1.8426
1387.000       1.9067
1389.000       1.7765
1390.000       1.7207
1391.000       1.9084
1392.000       1.7646
1393.000       1.5293
1394.000       1.5415
1397.000       1.4217
1399.000       1.3824
1400.000       1.2988
1402.000       1.2547
1403.000       1.2951
1405.000       1.2863
1406.000       1.2313
1407.000       1.2359
1408.000       1.2886
1409.000       1.2272
1411.000       1.2240
1412.000       1.2757
1415.000       1.2204
1416.000       1.2182
1417.000       1.3349
1419.000       1.2939
1421.000       1.3883
1423.000       1.3960
1424.000       1.3794
1425.000       1.5049
1426.000       1.4619
1427.000       1.2623
1428.000       1.2523
1431.000       1.2207
1433.000       1.2202
1434.000       1.2019
1436.000       1.1835
1437.000       1.2046
1439.000       1.2166
1441.000       1.2072
1442.000       1.2527
1443.000       1.1993
1445.000       1.1900
1446.000       1.2272
1447.000       1.2247
1449.000       1.2354
1451.000       1.3027
1453.000       1.2620
1454.000       1.2852
1455.000       1.3844
1456.000       1.3370
1457.000       1.2542
1458.000       1.2982
1461.000       1.2891
1463.000       1.2658
1464.000       1.2708
1466.000       1.2272
1467.000       1.2327
1469.000       1.2236
1471.000       1.2090
1472.000       1.2297
1475.000       1.2210
1476.000       1.2332
1477.000       1.2925
1478.000       1.2836
1480.000       1.3096
1482.000       1.4222
1484.000       1.3492
1485.000       1.3975
1486.000       1.5252
1487.000       1.4090
1488.000       1.4023
1489.000       1.4479
1492.000       1.4766
1494.000       1.4379
1495.000       1.4395
1497.000       1.3319
1498.000       1.2917
1500.000       1.2248
1501.000       1.2283
1502.000       1.2206
1503.000       1.1988
1506.000       1.2807
1507.000       1.3437
1509.000       1.3617
1510.000       1.2979
1511.000       1.4831
1513.000       1.5083
1515.000       1.6653
1517.000       1.6147
1518.000       1.6443
1519.000       1.8224
1520.000       1.6124
1521.000       1.6113
1522.000       1.7135
1525.000       1.6748
1527.000       1.5901
1528.000       1.5216
1530.000       1.3907
1531.000       1.3645
1533.000       1.2744
1535.000       1.2148
1536.000       1.1701
1539.000       1.2502
1540.000       1.3331
1541.000       1.4039
1542.000       1.6416
1544.000       1.5959
1546.000       1.7316
1548.000       1.7798
1549.000       1.8040
1550.000       2.0129
1551.000       1.7860
1552.000       1.7140
1553.000       1.8056
1556.000       1.6882
1558.000       1.5909
1559.000       1.4897
1561.000       1.3890
1562.000       1.3994
1564.000       1.3067
1565.000       1.2394
1566.000       1.1828
1567.000       1.1610
1570.000       1.2026
1571.000       1.2582
1573.000       1.3031
1574.000       1.2933
1575.000       1.6353
1577.000       1.5432
1579.000       1.6273
1581.000       1.7521
1582.000       1.8035
1583.000       1.9852
1584.000       1.8395
1585.000       1.7011
1586.000       1.7348
1589.000       1.6519
1591.000       1.5368
1592.000       1.4945
1594.000       1.4187
1595.000       1.4459
1597.000       1.3951
1599.000       1.3162
1600.000       1.2961
1603.000       1.3175
1604.000       1.3684
1605.000       1.4204
1606.000       1.6872
1608.000       1.6153
1610.000       1.6949
1612.000       1.8227
1613.000       1.9401
1614.000       2.1341
1615.000       1.9745
1616.000       1.8816
1617.000       1.9416
1620.000       1.9238
1622.000       1.8223
1623.000       1.8174
1625.000       1.7168
1626.000       1.6890
1628.000       1.6128
1629.000       1.5922
1630.000       1.5596
1631.000       1.5201
1634.000       1.6162
1635.000       1.6952
1637.000       1.7225
1638.000       1.6656
1639.000       1.9745
1641.000       1.9496
1643.000       2.0736
1645.000       2.1192
1646.000       2.2020
1647.000       2.3979
1648.000       2.1929
1649.000       2.1521
1650.000       2.2437
1653.000       2.1977
1655.000       2.0804
1656.000       2.0232
1658.000       1.8918
1659.000       1.8766
1661.000       1.7755
1662.000       1.7225
1663.000       1.6580
1664.000       1.6106
1667.000       1.6984
1668.000       1.7959
1670.000       1.8534
1671.000       1.8069
1672.000       2.1843
1674.000       2.1199
1676.000       2.2593
1678.000       2.3401
1679.000       2.3548
1680.000       2.5805
1681.000       2.3888
1682.000       2.2788
1683.000       2.4232
1686.000       2.3258
1688.000       2.2446
1689.000       2.1310
1691.000       1.9687
1692.000       1.9535
1694.000       1.8932
1696.000       1.8345
1697.000       1.8675
1700.000       1.8677
1701.000       1.9395
1702.000       2.0832
1703.000       2.2254
1705.000       2.1763
1707.000       2.3679
1709.000       2.3689
1710.000       2.3604
1711.000       2.6058
1712.000       2.9634
1713.000       2.1332
1714.000       2.2322
1717.000       2.1121
1719.000       2.0762
1720.000       1.9130
1722.000       1.7986
1723.000       1.8897
1725.000       1.8193
1726.000       1.6637
1727.000       1.6074
1728.000       1.6666
1729.000       1.5821
1731.000       1.6138
1732.000       1.7031
1735.000       1.6504
1736.000       1.6655
1737.000       2.0274
1739.000       1.9396
1741.000       2.0549
1743.000       2.1278
1744.000       2.1270
1745.000       2.3599
1746.000       2.1403
1747.000       1.9633
1748.000       2.0359
1751.000       1.9286
1753.000       1.7921
1754.000       1.6463
1756.000       1.6116
1757.000       1.6646
1759.000       1.6376
1760.000       1.5521
1761.000       1.5179
1762.000       1.5549
1765.000       1.4778
1766.000       1.4772
1768.000       1.5147
1769.000       1.5412
1770.000       1.9265
1772.000       1.6840
1774.000       1.6348
1776.000       2.1414
1777.000       2.5493
1778.000       2.8970
1779.000       2.8081
1780.000       2.4450
1781.000       2.4225
1784.000       2.2446
1786.000       2.2328
1787.000       2.0744
1789.000       2.1287
1790.000       2.2660
1792.000       2.3350
1793.000       2.2308
1794.000       2.2701
1795.000       2.4278
1798.000       2.1883
1799.000       2.0629
1801.000       2.0149
1802.000       2.1020
1803.000       2.0866
1805.000       2.0297
1807.000       1.8932
1809.000       1.9869
1810.000       2.0545
1811.000       2.1889
1812.000       1.9502
1813.000       2.1846
1814.000       2.1388
1817.000       2.1059
1819.000       1.9878
1820.000       1.9349
1822.000       1.8020
1823.000       1.7467
1825.000       1.6856
1826.000       1.6872
1827.000       1.6842
1828.000       1.6870
1829.000       1.7515
1831.000       1.8207
1832.000       1.9341
1835.000       1.8380
1836.000       1.7596
1837.000       2.1091
1839.000       2.0532
1841.000       2.2037
1843.000       2.2838
1844.000       2.3497
1845.000       2.5784
1846.000       2.3118
1847.000       2.2835
1848.000       2.3895
1851.000       2.3533
1853.000       2.2237
1854.000       2.1934
1856.000       2.0613
1857.000       2.0013
1859.000       1.9354
1861.000       1.9247
1862.000       1.9134
1865.000       1.9810
1866.000       2.0501
1867.000       2.1545
1868.000       2.3678
1870.000       2.3257
1872.000       2.4813
1874.000       2.5408
1875.000       2.6076
1876.000       2.8298
1877.000       2.5811
1878.000       2.5405
1879.000       2.6481
1882.000       2.6255
1884.000       2.4927
1885.000       2.4760
1887.000       2.3478
1888.000       2.2992
1890.000       2.2556
1891.000       2.2718
1892.000       2.3116
1893.000       2.3415
1894.000       2.3906
1896.000       2.4221
1897.000       2.5331
1900.000       2.3991
1901.000       2.3228
1902.000       2.6597
1904.000       2.6306
1906.000       2.7958
1908.000       2.8530
1909.000       2.9434
1910.000       3.1668
1911.000       2.9104
1912.000       2.9256
1913.000       3.0248
1916.000       3.0423
1918.000       3.1629
1919.000       3.1630
1921.000       3.1659
1922.000       3.1674
1924.000       3.2590
1925.000       3.3182
1926.000       3.4870
1927.000       3.6103
1930.000       3.6042
1931.000       3.5566
1933.000       3.3997
1934.000       3.2746
1935.000       2.9169
1937.000       3.0535
1939.000       3.1930
1941.000       2.8875
1942.000       2.7426
1943.000       2.8301
1944.000       2.6235
1945.000       2.7747
1946.000       2.9228
1949.000       2.9984
1951.000       3.0456
1952.000       3.0386
1954.000       2.9322
1955.000       2.7970
1957.000       2.7910
1958.000       2.9304
1959.000       3.0490
1960.000       3.0609
1961.000       3.2225
1963.000       3.2861
1964.000       3.4921
1967.000       3.1946
1968.000       3.0127
1969.000       2.8915
1971.000       3.0027
1973.000       3.2165
1975.000       2.9479
1976.000       2.8568
1977.000       2.9803
1978.000       2.6702
1979.000       2.9358
1980.000       3.1388
1983.000       3.2137
1985.000       3.2119
1986.000       3.1866
1988.000       3.0159
1989.000       2.8362
1991.000       2.7524
1992.000       2.9080
1993.000       3.0022
1994.000       2.9395
1997.000       3.2333
1998.000       3.3490
2000.000       3.2839
2001.000       3.0658
2002.000       3.1105
2004.000       3.1948
2006.000       3.4276
2008.000       3.2252
2009.000       3.1151
2010.000       3.3828
2011.000       3.1888
2012.000       2.8655
2013.000       2.8664
2016.000       2.7745
2018.000       2.7091
2019.000       2.5788
2021.000       2.4372
2022.000       2.4537
2024.000       2.3430
2025.000       2.2355
2026.000       2.1220
2027.000       2.0837
2028.000       2.1086
2030.000       2.2057
2031.000       2.2459
2034.000       2.3049
2035.000       2.3090
2036.000       2.6634
2038.000       2.5966
2040.000       2.7435
2042.000       2.7789
2043.000       2.7305
2044.000       2.9505
2045.000       2.6752
2046.000       2.5890
2047.000       2.6876
2050.000       2.5599
2052.000       2.4553
2053.000       2.3075
2055.000       2.1588
2056.000       2.1822
2058.000       2.0931
2060.000       1.9578
2061.000       1.9051
2064.000       1.9356
2065.000       2.0411
2066.000       2.0802
2067.000       2.4328
2069.000       2.3273
2071.000       2.4672
2073.000       2.5712
2074.000       2.5414
2075.000       2.7885
2076.000       2.9100
2077.000       2.4442
2078.000       2.2529
2081.000       2.1482
2083.000       2.0984
2084.000       1.9532
2086.000       1.7824
2087.000       1.7702
2089.000       1.6414
2090.000       1.5537
2091.000       1.4472
2092.000       1.4114
2093.000       1.4623
2095.000       1.5688
2096.000       1.6339
2099.000       1.6659
2100.000       1.6510
2101.000       2.0433
2103.000       1.9838
2105.000       2.1325
2107.000       2.1582
2108.000       2.1567
2109.000       2.3448
2110.000       2.1390
2111.000       2.0288
2112.000       2.0847
2115.000       1.9427
2117.000       1.8391
2118.000       1.6799
2120.000       1.5707
2121.000       1.6463
2123.000       1.5795
2125.000       1.4231
2126.000       1.3998
2129.000       1.3543
2130.000       1.4305
2131.000       1.4186
2132.000       1.8331
2134.000       1.7003
2136.000       1.7786
2138.000       1.9276
2139.000       1.8880
2140.000       2.0374
2141.000       1.9353
2142.000       1.6983
2143.000       1.6767
2146.000       1.5311
2148.000       1.4379
2149.000       1.3637
2151.000       1.3451
2152.000       1.4314
2154.000       1.3943
2155.000       1.2782
2156.000       1.2377
2157.000       1.2942
2158.000       1.1831
2160.000       1.1599
2161.000       1.1542
2164.000       1.1953
2165.000       1.2527
2166.000       1.5023
2168.000       1.4382
2170.000       1.3989
2172.000       1.4481
2173.000       1.5517
2174.000       1.5030
2175.000       1.6888
2176.000       1.6090
2177.000       1.5387
2180.000       1.6605
2182.000       1.7957
2183.000       1.8330
2185.000       1.9154
2186.000       2.3994
2188.000       2.3921
2189.000       2.1017
2190.000       2.4787
2191.000       2.5590
2192.000       3.2259
2194.000       3.4676
2195.000       4.5380
2198.000       2.8231
2199.000       2.0983
2200.000       1.6197
2202.000       1.7324
2204.000       1.9419
2206.000       1.7222
2207.000       1.4977
2208.000       1.6094
2209.000       1.4095
2210.000       1.5270
2211.000       1.4165
2214.000       1.3265
2216.000       1.2984
2217.000       1.2599
2219.000       1.2864
2220.000       1.4009
2222.000       1.4627
2224.000       1.4161
2225.000       1.5101
2226.000       1.3292
2228.000       1.2652
2229.000       1.2532
2230.000       1.3645
2232.000       1.3163
2234.000       1.3302
2236.000       1.4142
2237.000       1.5255
2238.000       1.6605
2239.000       1.6700
2240.000       1.4569
2241.000       1.4694
2244.000       1.4801
2246.000       1.4800
2247.000       1.4948
2249.000       1.4430
2250.000       1.4226
2252.000       1.4004
2253.000       1.4139
2254.000       1.4451
2255.000       1.4493
2256.000       1.5194
2258.000       1.5586
2259.000       1.6613
2262.000       1.5314
2263.000       1.4560
2264.000       1.4971
2266.000       1.5490
2268.000       1.6658
2270.000       1.5710
2271.000       1.6161
2272.000       1.7368
2273.000       1.6149
2274.000       1.6280
2275.000       1.7134
2278.000       1.7460
2280.000       1.7050
2281.000       1.7262
2283.000       1.6398
2284.000       1.5796
2286.000       1.5329
2287.000       1.5664
2288.000       1.5803
2289.000       1.5519
2292.000       1.6693
2293.000       1.7377
2295.000       1.7296
2296.000       1.6394
2297.000       1.7695
2299.000       1.8122
2301.000       1.9536
2303.000       1.8719
2304.000       1.9240
2305.000       2.0684
2306.000       1.8982
2307.000       1.9330
2308.000       2.0287
2311.000       2.0336
2313.000       1.9707
2314.000       1.9583
2316.000       1.8515
2317.000       1.7988
2319.000       1.7274
2320.000       1.7365
2321.000       1.7169
2322.000       1.6667
2325.000       1.7870
2326.000       1.8698
2328.000       1.8922
2329.000       1.8194
2330.000       2.0387
2332.000       2.0437
2334.000       2.1706
2336.000       2.1378
2337.000       2.1676
2338.000       2.3227
2339.000       2.1619
2340.000       2.1179
2341.000       2.1956
2344.000       2.1645
2346.000       2.0933
2347.000       2.0596
2349.000       1.9562
2350.000       1.9326
2352.000       1.8515
2354.000       1.7925
2355.000       1.7510
2356.000       1.8423
2358.000       1.9217
2359.000       2.0026
2360.000       2.1469
2362.000       2.1285
2364.000       2.2462
2366.000       2.2456
2367.000       2.2579
2368.000       2.4204
2369.000       2.2240
2370.000       2.2000
2371.000       2.2821
2374.000       2.2371
2376.000       2.1652
2377.000       2.1090
2379.000       1.9969
2380.000       1.9633
2382.000       1.8744
2384.000       1.8163
2385.000       1.7540
2388.000       1.8631
2389.000       1.9522
2390.000       2.0247
2391.000       2.1959
2393.000       2.1656
2395.000       2.2789
2397.000       2.2924
2398.000       2.2929
2399.000       2.4431
2400.000       2.2603
2401.000       2.2411
2402.000       2.3039
2405.000       2.2604
2407.000       2.2056
2408.000       2.1421
2410.000       2.0338
2411.000       2.0117
2413.000       1.9240
2414.000       1.8889
2415.000       1.8293
2416.000       1.7783
2419.000       1.8549
2420.000       1.9311
2422.000       1.9885
2423.000       1.9619
2424.000       2.1940
2426.000       2.1725
2428.000       2.2897
2430.000       2.2692
2431.000       2.2311
2432.000       2.3759
2433.000       2.1927
2434.000       2.1529
2435.000       2.2138
2438.000       2.1334
2440.000       2.0904
2441.000       1.9958
2443.000       1.9123
2444.000       1.9213
2446.000       1.8699
2448.000       1.8011
2449.000       1.7818
2450.000       1.8028
2452.000       1.8580
2453.000       1.8975
2454.000       2.0381
2456.000       1.9921
2458.000       2.0729
2460.000       2.0880
2461.000       2.0558
2462.000       2.1725
2463.000       2.0981
2464.000       1.9333
2465.000       1.9307
2468.000       1.8442
2470.000       1.8360
2471.000       1.7725
2473.000       1.7545
2474.000       1.7954
2476.000       1.8140
2478.000       1.7916
2479.000       1.8507
2480.000       1.7552
2482.000       1.7380
2483.000       1.7518
2484.000       1.7789
2486.000       1.7714
2488.000       1.8505
2490.000       1.8037
2491.000       1.7739
2492.000       1.9055
2493.000       1.8551
2494.000       1.6135
2495.000       1.5977
2498.000       1.4788
2500.000       1.4337
2501.000       1.3681
2503.000       1.3791
2504.000       1.4740
2506.000       1.5211
2507.000       1.4577
2508.000       1.5421
2509.000       1.6907
2510.000       1.5065
2512.000       1.4008
2513.000       1.4308
2516.000       1.3294
2517.000       1.3617
2518.000       1.4475
2520.000       1.3902
2522.000       1.4845
2524.000       1.5214
2525.000       1.5513
2526.000       1.7511
2527.000       1.5577
2528.000       1.5262
2529.000       1.3872
2532.000       1.2840
2534.000       1.3094
2535.000       1.4078
2537.000       1.3044
2538.000       1.2755
2540.000       1.2622
2542.000       1.2686
2543.000       1.3162
2546.000       1.3129
2547.000       1.3326
2548.000       1.4408
2549.000       1.3021
2551.000       1.5545
2553.000       2.1072
2555.000       1.3310
2556.000       1.4100
2557.000       1.7329
2558.000       1.5608
2559.000       1.3743
2560.000       1.4250
2563.000       1.4623
2565.000       1.4968
2566.000       1.4825
2568.000       1.4265
2569.000       1.4862
2571.000       1.4732
2572.000       1.3984
2573.000       1.4181
2574.000       1.4569
2577.000       1.4885
2578.000       1.5352
2580.000       1.4899
2581.000       1.4091
2582.000       1.4492
2584.000       1.5079
2586.000       1.6584
2588.000       1.5336
2589.000       1.5861
2590.000       1.7341
2591.000       1.6240
2592.000       1.5589
2593.000       1.6169
2596.000       1.6043
2598.000       1.5578
2599.000       1.5416
2601.000       1.4495
2602.000       1.4274
2604.000       1.3733
2606.000       1.3370
2607.000       1.3363
2608.000       1.3850
2610.000       1.4445
2611.000       1.5509
2612.000       1.6104
2614.000       1.6158
2616.000       1.7334
2618.000       1.7086
2619.000       1.7317
2620.000       1.8987
2621.000       1.7011
2622.000       1.6992
2623.000       1.7878
2626.000       1.7669
2628.000       1.7080
2629.000       1.6644
2631.000       1.5303
2632.000       1.4661
2634.000       1.3638
2636.000       1.3336
2637.000       1.2784
2640.000       1.4187
2641.000       1.5146
2642.000       1.6305
2643.000       1.7219
2645.000       1.7178
2647.000       1.8604
2649.000       1.8257
2650.000       1.8179
2651.000       1.9754
2652.000       1.7706
2653.000       1.7786
2654.000       1.8570
2657.000       1.8416
2659.000       1.7919
2660.000       1.7409
2662.000       1.5942
2663.000       1.5188
2665.000       1.4047
2667.000       1.3721
2668.000       1.2972
2671.000       1.4605
2672.000       1.5703
2673.000       1.6844
2674.000       1.7707
2676.000       1.7800
2678.000       1.9495
2680.000       1.8713
2681.000       1.8369
2682.000       2.0151
2683.000       1.7718
2684.000       1.7804
2685.000       1.9037
2688.000       1.8741
2690.000       1.7857
2691.000       1.7091
2693.000       1.5538
2694.000       1.5028
2696.000       1.4024
2697.000       1.3761
2698.000       1.3214
2699.000       1.2891
2700.000       1.3706
2702.000       1.4686
2703.000       1.5575
2706.000       1.5307
2707.000       1.4747
2708.000       1.8252
2710.000       1.7927
2712.000       1.9612
2714.000       1.9755
2715.000       2.0048
2716.000       2.2384
2717.000       1.9360
2718.000       1.9509
2719.000       2.0762
2722.000       2.0328
2724.000       1.8724
2725.000       1.8036
2727.000       1.6406
2728.000       1.5964
2730.000       1.4968
2732.000       1.4426
2733.000       1.4148
2736.000       1.4916
2737.000       1.5877
2738.000       1.6806
2739.000       2.0371
2741.000       1.9658
2743.000       2.1381
2745.000       2.2570
2746.000       2.3438
2747.000       2.6115
2748.000       2.2719
2749.000       2.2900
2750.000       2.4340
2753.000       2.3918
2755.000       2.1961
2756.000       2.1593
2758.000       1.9910
2759.000       1.9248
2761.000       1.8153
2763.000       1.7743
2764.000       1.7419
2765.000       1.8589
2767.000       1.9631
2768.000       2.0822
2769.000       2.4389
2771.000       2.3655
2773.000       2.5540
2775.000       2.6916
2776.000       2.8392
2777.000       3.1256
2778.000       2.7711
2779.000       2.8071
2780.000       2.9656
2783.000       2.9235
2785.000       2.6933
2786.000       2.6721
2788.000       2.4951
2789.000       2.4228
2791.000       2.2910
2793.000       2.2344
2794.000       2.1565
2797.000       2.3194
2798.000       2.4474
2799.000       2.5707
2800.000       2.9988
2802.000       2.9163
2804.000       3.0976
2806.000       3.2665
2807.000       3.4186
2808.000       3.7152
2809.000       3.3370
2810.000       3.3775
2811.000       3.5220
2814.000       3.4830
2816.000       3.2359
2817.000       3.2105
2819.000       3.0065
2820.000       2.9169
2822.000       2.7638
2824.000       2.7000
2825.000       2.5979
2828.000       2.7968
2829.000       2.9475
2830.000       3.0746
2831.000       3.5651
2833.000       3.4691
2835.000       3.6652
2837.000       3.8523
2838.000       4.0241
2839.000       4.3473
2840.000       3.9602
2841.000       3.9780
2842.000       4.1307
2845.000       4.1064
2847.000       3.8495
2848.000       3.8620
2850.000       3.6677
2851.000       3.6170
2853.000       3.5258
2854.000       3.5138
2855.000       3.5209
2856.000       3.5281
2859.000       3.6105
2860.000       3.6839
2862.000       3.6964
2863.000       3.6012
2864.000       4.2385
2866.000       4.1602
2868.000       4.4125
2870.000       4.5307
