   2.000       2.6372
   3.000       2.4596
   6.000       2.2874
   8.000       2.3468
   9.000       2.1960
  11.000       2.1652
  12.000       2.2579
  14.000       2.2608
  16.000       2.1668
  17.000       2.1976
  20.000       2.1009
  21.000       2.0976
  22.000       2.0832
  23.000       2.0690
  25.000       2.0395
  27.000       2.1090
  29.000       2.0193
  30.000       1.8790
  31.000       1.9352
  32.000       1.9625
  33.000       1.6982
  34.000       1.6322
  37.000       1.5224
  39.000       1.6333
  40.000       1.5527
  42.000       1.5912
  43.000       1.6739
  45.000       1.7447
  47.000       1.7263
  48.000       1.8199
  51.000       1.6629
  52.000       1.5966
  53.000       1.5885
  54.000       1.3751
  56.000       1.3981
  58.000       1.4303
  60.000       1.2822
  61.000       1.2076
  62.000       1.2060
  63.000       1.3026
  64.000       1.1941
  65.000       1.1836
  68.000       1.2379
  70.000       1.3009
  71.000       1.3356
  73.000       1.3481
  74.000       1.3452
  76.000       1.4172
  78.000       1.4876
  79.000       1.5834
  80.000       1.4838
  82.000       1.4249
  83.000       1.4849
  84.000       1.2235
  86.000       1.3174
  88.000       1.4391
  90.000       1.2624
  91.000       1.2761
  92.000       1.3841
  93.000       1.2699
  94.000       1.2977
  95.000       1.3918
  98.000       1.3999
 100.000       1.3695
 101.000       1.3544
 103.000       1.3557
 104.000       1.3307
 106.000       1.3635
 108.000       1.4207
 109.000       1.4827
 112.000       1.4575
 113.000       1.4271
 114.000       1.5037
 115.000       1.3950
 117.000       1.3972
 119.000       1.5674
 121.000       1.5927
 122.000       1.6954
 123.000       1.9108
 124.000       1.6762
 125.000       1.6882
 126.000       1.8064
 129.000       1.8216
 131.000       1.7398
 132.000       1.7579
 134.000       1.6721
 135.000       1.5997
 137.000       1.5472
 139.000       1.5773
 140.000       1.5662
 143.000       1.6551
 144.000       1.6997
 145.000       1.7977
 146.000       1.8432
 148.000       1.8514
 150.000       1.9977
 152.000       1.9825
 153.000       2.0528
 154.000       2.2330
 155.000       2.0188
 156.000       2.0407
 157.000       2.1367
 160.000       2.1362
 162.000       2.0609
 163.000       2.0485
 165.000       1.9443
 166.000       1.8783
 168.000       1.7990
 170.000       1.7879
 171.000       1.7378
 174.000       1.8637
 175.000       1.9409
 176.000       2.0301
 177.000       2.1499
 179.000       2.1441
 181.000       2.2737
 183.000       2.2706
 184.000       2.3326
 185.000       2.5026
 186.000       2.3152
 187.000       2.2972
 188.000       2.3869
 191.000       2.3800
 193.000       2.2900
 194.000       2.2718
 196.000       2.1596
 197.000       2.0920
 199.000       1.9921
 200.000       2.0039
 201.000       1.9489
 202.000       1.8652
 203.000       2.0257
 205.000       2.1364
 206.000       2.2238
 209.000       2.1853
 210.000       2.1135
 211.000       2.3859
 213.000       2.3665
 215.000       2.4886
 217.000       2.5152
 218.000       2.5663
 219.000       2.7314
 220.000       2.5117
 221.000       2.5553
 222.000       2.6002
 225.000       2.5927
 227.000       2.4816
 228.000       2.4416
 230.000       2.2893
 231.000       2.2238
 233.000       2.1015
 234.000       2.0801
 235.000       1.9806
 236.000       1.8901
 237.000       2.0215
 239.000       2.1481
 240.000       2.1989
 243.000       2.2446
 244.000       2.1999
 245.000       2.6036
 247.000       2.5673
 249.000       2.7074
 251.000       2.7651
 252.000       2.8151
 253.000       3.0241
 254.000       2.7432
 255.000       2.7597
 256.000       2.8524
 259.000       2.7700
 261.000       2.6101
 262.000       2.4970
 264.000       2.3454
 265.000       2.3415
 267.000       2.2107
 268.000       2.1182
 269.000       1.9771
 270.000       1.9056
 271.000       1.9436
 273.000       2.0367
 274.000       2.0120
 277.000       2.1702
 278.000       2.2028
 279.000       2.7478
 281.000       2.6181
 283.000       2.7168
 285.000       2.9334
 286.000       2.9845
 287.000       3.2167
 288.000       2.9881
 289.000       2.8102
 290.000       2.8190
 293.000       2.6392
 295.000       2.4660
 296.000       2.3374
 298.000       2.2802
 299.000       2.3362
 301.000       2.2515
 302.000       2.1320
 303.000       2.0152
 304.000       1.9887
 307.000       1.9476
 308.000       1.9866
 310.000       2.0855
 311.000       2.1542
 312.000       2.6438
 314.000       2.4442
 316.000       2.4155
 318.000       2.7856
 319.000       2.9186
 320.000       3.0979
 321.000       2.9967
 322.000       2.7965
 323.000       2.7256
 326.000       2.6270
 328.000       2.5370
 329.000       2.5182
 331.000       2.4184
 332.000       2.4784
 334.000       2.4320
 335.000       2.3340
 336.000       2.2813
 337.000       2.3219
 338.000       2.2066
 340.000       2.1875
 341.000       2.1337
 344.000       2.2430
 345.000       2.3156
 346.000       2.7519
 348.000       2.5762
 350.000       3.0849
 352.000       3.0989
 353.000       3.2712
 354.000       3.8960
 355.000       3.4403
 356.000       3.0201
 357.000       2.7646
 360.000       2.6345
 362.000       2.7309
 363.000       2.8744
 365.000       3.0785
 366.000       3.1794
 368.000       3.4124
 369.000       3.4674
 370.000       3.7251
 371.000       3.9797
 374.000       3.7801
 375.000       3.5838
 377.000       3.3271
 378.000       3.2728
 379.000       2.6800
 381.000       2.8998
 383.000       3.0466
 385.000       2.6220
 386.000       2.4725
 387.000       2.5172
 388.000       2.4849
 389.000       2.4604
 390.000       2.1724
 393.000       2.1641
 395.000       2.1545
 396.000       2.1631
 398.000       2.1184
 399.000       2.0947
 401.000       2.0967
 402.000       2.1255
 403.000       2.1852
 404.000       2.2221
 405.000       2.2466
 407.000       2.2537
 408.000       2.3487
 411.000       2.2084
 412.000       2.1413
 413.000       2.1528
 415.000       2.1854
 417.000       2.2912
 419.000       2.2254
 420.000       2.2340
 421.000       2.3778
 422.000       2.2044
 423.000       2.2091
 424.000       2.2959
 427.000       2.2866
 429.000       2.2560
 430.000       2.2154
 432.000       2.1236
 433.000       2.0846
 435.000       2.0308
 437.000       2.0213
 438.000       2.0100
 441.000       2.0664
 442.000       2.1138
 443.000       2.1873
 444.000       2.2289
 446.000       2.2391
 448.000       2.3712
 450.000       2.3068
 451.000       2.2874
 452.000       2.4370
 453.000       2.2531
 454.000       2.2221
 455.000       2.2991
 458.000       2.2579
 460.000       2.2311
 461.000       2.1741
 463.000       2.0683
 464.000       2.0246
 466.000       1.9600
 468.000       1.9460
 469.000       1.9224
 472.000       1.9962
 473.000       2.0533
 474.000       2.1268
 475.000       2.1683
 477.000       2.1674
 479.000       2.3068
 481.000       2.2316
 482.000       2.1598
 483.000       2.3193
 484.000       2.1206
 485.000       2.0536
 486.000       2.1297
 489.000       2.0499
 491.000       2.0472
 492.000       1.9490
 494.000       1.8493
 495.000       1.8260
 497.000       1.7712
 498.000       1.7578
 499.000       1.7589
 500.000       1.7693
 501.000       1.8006
 503.000       1.8353
 504.000       1.9047
 507.000       1.8454
 508.000       1.8036
 509.000       1.8989
 511.000       1.8924
 513.000       2.0352
 515.000       1.9371
 516.000       1.8403
 517.000       1.9814
 518.000       1.8194
 519.000       1.7264
 520.000       1.7964
 523.000       1.7433
 525.000       1.7353
 526.000       1.6627
 528.000       1.5703
 529.000       1.5411
 531.000       1.5108
 533.000       1.5190
 534.000       1.5497
 537.000       1.5675
 538.000       1.5857
 539.000       1.6788
 540.000       1.6345
 542.000       1.6397
 544.000       1.7885
 546.000       1.7080
 547.000       1.6672
 548.000       1.8555
 549.000       1.6498
 550.000       1.5949
 551.000       1.7169
 554.000       1.7007
 556.000       1.6952
 557.000       1.6800
 559.000       1.6015
 560.000       1.5029
 562.000       1.4870
 564.000       1.5738
 565.000       1.6276
 566.000       1.6904
 568.000       1.7099
 569.000       1.8833
 570.000       1.6311
 572.000       1.6888
 574.000       1.8665
 576.000       1.7151
 577.000       1.7052
 578.000       1.8857
 579.000       1.6541
 580.000       1.7027
 581.000       1.8480
 584.000       1.8997
 586.000       1.8316
 587.000       1.8192
 589.000       1.7172
 590.000       1.6050
 592.000       1.5806
 593.000       1.6863
 594.000       1.7845
 595.000       1.7918
 598.000       1.9493
 599.000       2.0231
 601.000       1.9597
 602.000       1.7788
 603.000       1.9286
 605.000       1.8352
 607.000       1.9612
 609.000       2.1138
 610.000       2.3069
 611.000       2.3353
 612.000       2.4938
 613.000       2.4805
 614.000       2.6666
 617.000       2.8609
 619.000       2.8436
 620.000       2.9137
 622.000       2.6929
 623.000       2.4486
 625.000       2.3415
 626.000       2.5357
 627.000       2.6187
 628.000       2.4998
 631.000       2.8853
 632.000       3.0609
 634.000       3.0224
 635.000       2.7502
 636.000       2.9372
 638.000       3.0725
 640.000       3.3589
 642.000       3.1340
 643.000       3.1385
 644.000       3.3857
 645.000       2.9826
 646.000       3.1366
 647.000       3.3526
 650.000       3.3504
 652.000       3.1951
 653.000       3.0940
 655.000       2.8253
 656.000       2.6941
 658.000       2.4829
 659.000       2.4702
 660.000       2.3133
 661.000       2.1452
 662.000       2.4163
 664.000       2.6403
 665.000       2.7615
 668.000       2.7896
 669.000       2.6897
 670.000       3.3018
 672.000       3.2512
 674.000       3.4946
 676.000       3.5396
 677.000       3.5678
 678.000       3.8793
 679.000       3.4128
 680.000       3.4768
 681.000       3.6519
 684.000       3.5570
 686.000       3.3328
 687.000       3.1882
 689.000       2.9520
 690.000       2.9067
 692.000       2.7119
 693.000       2.6108
 694.000       2.4250
 695.000       2.3176
 696.000       2.4245
 698.000       2.5843
 699.000       2.6043
 702.000       2.7676
 703.000       2.7633
 704.000       3.5226
 706.000       3.3774
 708.000       3.5647
 710.000       3.7740
 711.000       3.7927
 712.000       4.1298
 713.000       3.7222
 714.000       3.6894
 715.000       4.0379
 718.000       3.7912
 720.000       3.5291
 721.000       3.3261
 723.000       3.1583
 724.000       3.1735
 726.000       3.0350
 727.000       2.9070
 728.000       2.7627
 729.000       2.7167
 730.000       2.7264
 732.000       2.8151
 733.000       2.8273
 736.000       2.9467
 737.000       2.9847
 738.000       3.7664
 740.000       3.5131
 742.000       3.5971
 744.000       4.0154
 745.000       4.1663
 746.000       4.4498
 747.000       4.2248
 748.000       3.9728
 749.000       3.9838
 752.000       3.8560
 754.000       3.5800
 755.000       3.5151
 757.000       3.4001
 758.000       3.4296
 760.000       3.3515
 761.000       3.2523
 762.000       3.1710
 763.000       3.1710
 764.000       3.1414
 766.000       3.1912
 767.000       3.2082
 770.000       3.2706
 771.000       3.2882
 772.000       3.9940
 774.000       3.8077
 776.000       3.8944
 778.000       4.2909
 779.000       4.5533
 780.000       4.8474
 781.000       4.5852
 782.000       4.4765
 783.000       4.5588
 786.000       4.5126
 788.000       4.1974
 789.000       4.1931
 791.000       4.0232
 792.000       4.0293
 794.000       3.9658
 795.000       3.8956
 796.000       3.8583
 797.000       3.8919
 798.000       3.8366
 800.000       3.8529
 801.000       3.8604
 804.000       3.9031
 805.000       3.9188
 806.000       4.7044
 808.000       4.5533
 810.000       4.7094
 812.000       5.0775
 813.000       5.3763
 814.000       5.7699
 815.000       5.3474
 816.000       5.3119
 817.000       5.4182
 820.000       5.4549
 822.000       5.6162
 823.000       5.5765
 825.000       5.4995
 826.000       5.4908
 828.000       5.5128
 829.000       5.5412
 830.000       5.6553
 831.000       5.7409
 834.000       5.7661
 835.000       5.7552
 837.000       5.6480
 838.000       5.5398
 839.000       5.2414
 841.000       5.4719
 843.000       5.7692
 845.000       5.1948
 846.000       4.8128
 847.000       4.9142
 848.000       4.6122
 849.000       4.6856
 850.000       4.8348
 853.000       4.8334
 855.000       4.9741
 856.000       4.8519
 858.000       4.7317
 859.000       4.6304
 861.000       4.6057
 862.000       4.6924
 863.000       4.7724
 864.000       4.7758
 867.000       4.9105
 868.000       4.9615
 870.000       4.9051
 871.000       4.7667
 872.000       4.5253
 874.000       4.6312
 876.000       4.8343
 878.000       4.4628
 879.000       4.1403
 880.000       4.1941
 881.000       3.9417
 882.000       4.0960
 883.000       4.2423
 886.000       4.2633
 888.000       4.4132
 889.000       4.3249
 891.000       4.1806
 892.000       4.0288
 894.000       3.9636
 895.000       4.0836
 896.000       4.1489
 897.000       4.0881
 900.000       4.3351
 901.000       4.4447
 903.000       4.3994
 904.000       4.2165
 905.000       3.9892
 907.000       4.1257
 909.000       4.3455
 911.000       3.9440
 912.000       3.7007
 913.000       3.8857
 914.000       3.8184
 915.000       3.3875
 916.000       3.3374
 919.000       3.2801
 921.000       3.3774
 922.000       3.2442
 924.000       3.1533
 925.000       3.1750
 927.000       3.1488
 929.000       3.0913
 930.000       3.1148
 933.000       3.0754
 934.000       3.1104
 935.000       3.1520
 936.000       3.0269
 938.000       3.0685
 940.000       3.2165
 942.000       2.9873
 943.000       2.7590
 944.000       2.8668
 945.000       2.7093
 946.000       2.5976
 947.000       2.6722
 950.000       2.5784
 952.000       2.6319
 953.000       2.5180
 955.000       2.4641
 956.000       2.4584
 958.000       2.4810
 960.000       2.5111
 961.000       2.5973
 962.000       2.5133
 964.000       2.4920
 965.000       2.5582
 966.000       2.3572
 968.000       2.3720
 970.000       2.5034
 972.000       2.3610
 973.000       2.2022
 974.000       2.3608
 975.000       2.0988
 976.000       2.1486
 977.000       2.2808
 980.000       2.2813
 982.000       2.3191
 983.000       2.2703
 985.000       2.1442
 986.000       2.0371
 988.000       1.9796
 990.000       2.0388
 991.000       2.0453
 994.000       2.1526
 995.000       2.2016
 996.000       2.3476
 997.000       2.1194
 999.000       2.2009
1001.000       2.4054
1003.000       2.1591
1004.000       2.0250
1005.000       2.1769
1006.000       1.9263
1007.000       1.9728
1008.000       2.1243
1011.000       2.1446
1013.000       2.1555
1014.000       2.1214
1016.000       1.9711
1017.000       1.8308
1019.000       1.7347
1021.000       1.7782
1022.000       1.7529
1023.000       1.9255
1025.000       2.0250
1026.000       2.1978
1027.000       2.0312
1029.000       2.1057
1031.000       2.3186
1033.000       2.1275
1034.000       1.9750
1035.000       2.1155
1036.000       1.8896
1037.000       2.2848
1038.000       2.7045
1041.000       2.4560
1043.000       2.3025
1044.000       2.1505
1046.000       2.0841
1047.000       2.0111
1049.000       2.0191
1050.000       2.1044
1051.000       2.2361
1052.000       2.2980
1055.000       2.3825
1056.000       2.4013
1058.000       2.2979
1059.000       2.1442
1060.000       2.3574
1062.000       2.1608
1064.000       2.3188
1066.000       2.6031
1067.000       2.7501
1068.000       3.0615
1069.000       2.7749
1070.000       2.7306
1071.000       2.8776
1074.000       2.9715
1076.000       3.2046
1077.000       3.2128
1079.000       3.4493
1080.000       3.5302
1082.000       3.8464
1084.000       4.1051
1085.000       4.4619
1086.000       4.0540
1088.000       3.7543
1089.000       3.8894
1090.000       2.7999
1092.000       2.9348
1094.000       3.0460
1096.000       2.9055
1097.000       2.8603
1098.000       3.0830
1099.000       2.8471
1100.000       2.7038
1101.000       2.8078
1104.000       2.6884
1106.000       2.5576
1107.000       2.4005
1109.000       2.2297
1110.000       2.2445
1112.000       2.1008
1113.000       1.9705
1114.000       1.8121
1115.000       1.7592
1116.000       1.7646
1118.000       1.8632
1119.000       1.8447
1122.000       2.0111
1123.000       2.0543
1124.000       2.5965
1126.000       2.4769
1128.000       2.6327
1130.000       2.7925
1131.000       2.8524
1132.000       3.1180
1133.000       2.8540
1134.000       2.6856
1135.000       2.6717
1138.000       2.5251
1140.000       2.3584
1141.000       2.2416
1143.000       2.1313
1144.000       2.1957
1146.000       2.1248
1148.000       1.9837
1149.000       1.9449
1152.000       1.9321
1153.000       2.0062
1154.000       2.0026
1155.000       2.5146
1157.000       2.3692
1159.000       2.4437
1161.000       2.6809
1162.000       2.7623
1163.000       2.9820
1164.000       2.7911
1165.000       2.6208
1166.000       2.6553
1169.000       2.5442
1171.000       2.3930
1172.000       2.3246
1174.000       2.2334
1175.000       2.2518
1177.000       2.1705
1178.000       2.0956
1179.000       2.0222
1180.000       1.9957
1181.000       2.0252
1183.000       2.0850
1184.000       2.1211
1187.000       2.1433
1188.000       2.1442
1189.000       2.5622
1191.000       2.4539
1193.000       2.5338
1195.000       2.7178
1196.000       2.7895
1197.000       3.0033
1198.000       2.7767
1199.000       2.6880
1200.000       2.7494
1203.000       2.6637
1205.000       2.5356
1206.000       2.4660
1208.000       2.3601
1209.000       2.3535
1211.000       2.2661
1212.000       2.2086
1213.000       2.1294
1214.000       2.0898
1215.000       2.1366
1217.000       2.2130
1218.000       2.2520
1221.000       2.2831
1222.000       2.2741
1223.000       2.6525
1225.000       2.5642
1227.000       2.6584
1229.000       2.7855
1230.000       2.8329
1231.000       3.0114
1232.000       2.8397
1233.000       2.7291
1234.000       2.7660
1237.000       2.6542
1239.000       2.5468
1240.000       2.4551
1242.000       2.3896
1243.000       2.4365
1245.000       2.4046
1247.000       2.3209
1248.000       2.3273
1249.000       2.2816
1251.000       2.3139
1252.000       2.3117
1253.000       2.6162
1255.000       2.5018
1257.000       2.5346
1259.000       2.7115
1260.000       2.7116
1261.000       2.8744
1262.000       2.7012
1263.000       2.6282
1264.000       2.7057
1267.000       2.6040
1269.000       2.5906
1270.000       2.5196
1272.000       2.4837
1273.000       2.4990
1275.000       2.4714
1276.000       2.4364
1277.000       2.4150
1278.000       2.4166
1281.000       2.4097
1282.000       2.4237
1284.000       2.4428
1285.000       2.4473
1286.000       2.4717
1288.000       2.4515
1290.000       2.5045
1292.000       2.4502
1293.000       2.3538
1294.000       2.3933
1295.000       2.3878
1296.000       2.2502
1297.000       2.2293
1300.000       2.1370
1302.000       2.1687
1303.000       2.1009
1305.000       2.1209
1306.000       2.1819
1308.000       2.2123
1310.000       2.1836
1311.000       2.2360
1314.000       2.1365
1315.000       2.1014
1316.000       2.0726
1317.000       2.0532
1319.000       2.0124
1321.000       2.0068
1323.000       2.0848
1324.000       1.7712
1325.000       2.1610
1326.000       1.6743
1327.000       1.7081
1328.000       1.6650
1331.000       1.6021
1333.000       1.6730
1334.000       1.6293
1336.000       1.6860
1337.000       1.6972
1339.000       1.7361
1341.000       1.7672
1342.000       1.8162
1343.000       1.7723
1345.000       1.7350
1346.000       1.7735
1347.000       1.4750
1349.000       1.4956
1351.000       1.4804
1353.000       1.5006
1354.000       1.4698
1355.000       1.6384
1356.000       1.5261
1357.000       1.3456
1358.000       1.2967
1361.000       1.2055
1363.000       1.1231
1364.000       1.1053
1366.000       1.1249
1367.000       1.1691
1369.000       1.2116
1370.000       1.1813
1371.000       1.2300
1372.000       1.3187
1373.000       1.2188
1375.000       1.1765
1376.000       1.2206
1379.000       1.1403
1380.000       1.1328
1381.000       1.2561
1383.000       1.1800
1385.000       1.2118
1387.000       1.3545
1388.000       1.4867
1389.000       1.6093
1390.000       1.5704
1391.000       1.4678
1392.000       1.4723
1395.000       1.4553
1397.000       1.3654
1398.000       1.3835
1400.000       1.3737
1401.000       1.3709
1403.000       1.3959
1405.000       1.4274
1406.000       1.4902
1409.000       1.4310
1410.000       1.4021
1411.000       1.4381
1412.000       1.5372
1414.000       1.5073
1416.000       1.5716
1418.000       1.6616
1419.000       1.8018
1420.000       1.9552
1421.000       1.8437
1422.000       1.7881
1423.000       1.8204
1426.000       1.8155
1428.000       1.7175
1429.000       1.7525
1431.000       1.7234
1432.000       1.6940
1434.000       1.6822
1436.000       1.7124
1437.000       1.7431
1440.000       1.7561
1441.000       1.7569
1442.000       1.8233
1443.000       1.9161
1445.000       1.8919
1447.000       1.9570
1449.000       2.0568
1450.000       2.2157
1451.000       2.3684
1452.000       2.2498
1453.000       2.2245
1454.000       2.2769
1457.000       2.2871
1459.000       2.1682
1460.000       2.2131
1462.000       2.1477
1463.000       2.1289
1465.000       2.1129
1467.000       2.1254
1468.000       2.1538
1469.000       2.1557
1471.000       2.1657
1472.000       2.2271
1473.000       2.4034
1475.000       2.3931
1477.000       2.5169
1479.000       2.5622
1480.000       2.7572
1481.000       2.9261
1482.000       2.8141
1483.000       2.7765
1484.000       2.9158
1487.000       2.9273
1489.000       3.0088
1490.000       2.9016
1492.000       2.9648
1493.000       3.0239
1495.000       3.0934
1496.000       3.0768
1497.000       3.1549
1498.000       3.2533
1499.000       3.1486
1501.000       3.0798
1502.000       3.1201
1505.000       3.0043
1506.000       3.0029
1507.000       2.7371
1509.000       2.6915
1511.000       2.5978
1513.000       2.8000
1514.000       2.7793
1515.000       2.7663
1516.000       2.8524
1517.000       2.9077
1518.000       3.0150
1521.000       3.1810
1523.000       3.2433
1524.000       3.3446
1526.000       3.2897
1527.000       3.0886
1529.000       3.2297
1530.000       3.5280
1531.000       3.8807
1532.000       4.0094
1535.000       4.1982
1536.000       4.1830
1538.000       3.8992
1539.000       3.5633
1540.000       3.2298
1542.000       3.2704
1544.000       3.4390
1546.000       3.4201
1547.000       3.2418
1548.000       3.6021
1549.000       3.1263
1550.000       2.9106
1551.000       2.6114
1554.000       2.3541
1556.000       2.2654
1557.000       2.3343
1559.000       2.3721
1560.000       2.4506
1562.000       2.4840
1564.000       2.4433
1565.000       2.4852
1566.000       2.3881
1568.000       2.3489
1569.000       2.3293
1570.000       2.5144
1572.000       2.6098
1574.000       2.8106
1576.000       2.4346
1577.000       2.4285
1578.000       2.4305
1579.000       2.3478
1580.000       2.6345
1581.000       2.7883
1584.000       2.9362
1586.000       2.9981
1587.000       3.0480
1589.000       2.9268
1590.000       2.7850
1592.000       2.7223
1593.000       2.8368
1594.000       2.8768
1595.000       2.8007
1598.000       3.0300
1599.000       3.1430
1601.000       3.1262
1602.000       2.9646
1603.000       2.9121
1605.000       3.0546
1607.000       3.2538
1609.000       2.9760
1610.000       2.9050
1611.000       3.0563
1612.000       2.7500
1613.000       2.9115
1614.000       3.0769
1617.000       3.0670
1619.000       3.0567
1620.000       2.9405
1622.000       2.7550
1623.000       2.6846
1625.000       2.5315
1626.000       2.5056
1627.000       2.3980
1628.000       2.2970
1629.000       2.4569
1631.000       2.5879
1632.000       2.6394
1635.000       2.6883
1636.000       2.6435
1637.000       2.9040
1639.000       2.9027
1641.000       3.0790
1643.000       2.9676
1644.000       2.8336
1645.000       2.9757
1646.000       2.7610
1647.000       2.6843
1648.000       2.7488
1651.000       2.6100
1653.000       2.5842
1654.000       2.4126
1656.000       2.3065
1657.000       2.3368
1659.000       2.2226
1660.000       2.1098
1661.000       1.9781
1662.000       1.9323
1663.000       1.9360
1665.000       2.0051
1666.000       1.9762
1669.000       2.1191
1670.000       2.1680
1671.000       2.4365
1673.000       2.3431
1675.000       2.4125
1677.000       2.4819
1678.000       2.3943
1679.000       2.5533
1680.000       2.4070
1681.000       2.2177
1682.000       2.1816
1685.000       2.0538
1687.000       2.0369
1688.000       1.9106
1690.000       1.8548
1691.000       1.9273
1693.000       1.8665
1694.000       1.7432
1695.000       1.6507
1696.000       1.6555
1697.000       1.5781
1699.000       1.5967
1700.000       1.5594
1703.000       1.6773
1704.000       1.7441
1705.000       1.9321
1707.000       1.8545
1709.000       1.9032
1711.000       1.9597
1712.000       1.9255
1713.000       2.0282
1714.000       1.9935
1715.000       1.7880
1716.000       1.7675
1719.000       1.6401
1721.000       1.6092
1722.000       1.4966
1724.000       1.4992
1725.000       1.6112
1727.000       1.6565
1729.000       1.5815
1730.000       1.6612
1731.000       1.4664
1733.000       1.4259
1734.000       1.3761
1735.000       1.5714
1737.000       1.4645
1739.000       1.4615
1741.000       1.6243
1742.000       1.6223
1743.000       1.7926
1744.000       1.6559
1745.000       1.4887
1746.000       1.4876
1749.000       1.3841
1751.000       1.3356
1752.000       1.2495
1754.000       1.1856
1755.000       1.2294
1757.000       1.1878
1758.000       1.0961
1759.000       1.0444
1760.000       1.0759
1761.000       1.0040
1763.000       1.0277
1764.000       1.0446
1767.000       1.0835
1768.000       1.1056
1769.000       1.3263
1771.000       1.2695
1773.000       1.3610
1775.000       1.4175
1776.000       1.4462
1777.000       1.6351
1778.000       1.4664
1779.000       1.3474
1780.000       1.4036
1783.000       1.3221
1785.000       1.2251
1786.000       1.1490
1788.000       1.0557
1789.000       1.0865
1791.000       1.0566
1793.000       0.9851
1794.000       1.0142
1797.000       0.9503
1798.000       0.9883
1799.000       1.0239
1800.000       1.3064
1802.000       1.2329
1804.000       1.3543
1806.000       1.4475
1807.000       1.5103
1808.000       1.7459
1809.000       1.5411
1810.000       1.3881
1811.000       1.4620
1814.000       1.3487
1816.000       1.2337
1817.000       1.1723
1819.000       1.1124
1820.000       1.1454
1822.000       1.1942
1824.000       1.2396
1825.000       1.3926
1826.000       1.2147
1828.000       1.1444
1829.000       1.2190
1830.000       1.3165
1832.000       1.2470
1834.000       1.3693
1836.000       1.4555
1837.000       1.5048
1838.000       1.4444
1839.000       1.5949
1840.000       1.7364
1841.000       1.7207
1844.000       2.0200
1846.000       2.6903
1847.000       2.9791
1849.000       3.7063
1850.000       3.7280
1852.000       4.4785
1854.000       5.2745
1855.000       6.0144
1856.000       5.2257
1858.000       4.4905
1859.000       4.6273
1860.000       1.8492
1862.000       2.5024
1864.000       2.9181
1866.000       1.9225
1867.000       1.9053
1868.000       2.6670
1869.000       1.9974
1870.000       1.8367
1871.000       2.1446
1874.000       2.1634
1876.000       2.2649
1877.000       2.2534
1879.000       2.1806
1880.000       2.1535
1882.000       2.1395
1883.000       2.1682
1884.000       2.2207
1885.000       2.2437
1886.000       2.2987
1888.000       2.3175
1889.000       2.4266
1892.000       2.2734
1893.000       2.1981
1894.000       2.0804
1896.000       2.1908
1898.000       2.3509
1900.000       2.1265
1901.000       2.0758
1902.000       2.2322
1903.000       2.0440
1904.000       2.0279
1905.000       2.1162
1908.000       2.1169
1910.000       2.1285
1911.000       2.1029
1913.000       2.0006
1914.000       1.9213
1916.000       1.8497
1918.000       1.8602
1919.000       1.8275
1922.000       1.9540
1923.000       2.0242
1924.000       2.1457
1925.000       2.0614
1927.000       2.1082
1929.000       2.2622
1931.000       2.1384
1932.000       2.1051
1933.000       2.2777
1934.000       2.0259
1935.000       2.0825
1936.000       2.2189
1939.000       2.2197
1941.000       2.1847
1942.000       2.1285
1944.000       1.9727
1945.000       1.8829
1947.000       1.7785
1948.000       1.7931
1949.000       1.7372
1950.000       1.6670
1951.000       1.8222
1953.000       1.9528
1954.000       2.0640
1957.000       2.0104
1958.000       1.9190
1959.000       2.1399
1961.000       2.1545
1963.000       2.3400
1965.000       2.2506
1966.000       2.2100
1967.000       2.4190
1968.000       2.1290
1969.000       2.1165
1970.000       2.2398
1973.000       2.1637
1975.000       2.0826
1976.000       1.9705
1978.000       1.8101
1979.000       1.7580
1981.000       1.6427
1982.000       1.6064
1983.000       1.5300
1984.000       1.4675
1987.000       1.5719
1988.000       1.6867
1990.000       1.7708
1991.000       1.7181
1992.000       2.0497
1994.000       1.9859
1996.000       2.1415
1998.000       2.1691
1999.000       2.1245
2000.000       2.3428
2001.000       2.0720
2002.000       1.9876
2003.000       1.9905
2006.000       1.8828
2008.000       1.7982
2009.000       1.6633
2011.000       1.5120
2012.000       1.4999
2014.000       1.3796
2015.000       1.3028
2016.000       1.2075
2017.000       1.1742
2018.000       1.2123
2020.000       1.2903
2021.000       1.3262
2024.000       1.3829
2025.000       1.3849
2026.000       1.7687
2028.000       1.6837
2030.000       1.8144
2032.000       1.8842
2033.000       1.8395
2034.000       2.0774
2035.000       1.8844
2036.000       1.5872
2037.000       1.6164
2040.000       1.4220
2042.000       1.3470
2043.000       1.2163
2045.000       1.1628
2046.000       1.2440
2048.000       1.3134
2050.000       1.3242
2051.000       1.4912
2052.000       1.2710
2054.000       1.1975
2055.000       1.3037
2056.000       1.2861
2058.000       1.1937
2060.000       1.3164
2062.000       1.3670
2063.000       1.3502
2064.000       1.4811
2065.000       1.5050
2066.000       1.1515
2067.000       1.0887
2070.000       0.9641
2072.000       0.9186
2073.000       0.8649
2075.000       0.8804
2076.000       0.9724
2078.000       0.9813
2079.000       0.8849
2080.000       0.8804
2081.000       0.9506
2082.000       0.8540
2084.000       0.8445
2085.000       0.9072
2088.000       0.8319
2089.000       0.8420
2090.000       0.9584
2092.000       0.8844
2094.000       0.9141
2096.000       1.0333
2097.000       1.1359
2098.000       1.2651
2099.000       1.2269
2100.000       1.0714
2101.000       1.0735
2104.000       1.0481
2106.000       0.9853
2107.000       0.9752
2109.000       0.9390
2110.000       0.9630
2112.000       0.9827
2114.000       0.9680
2115.000       1.0305
2118.000       0.9458
2119.000       0.9362
2120.000       0.9789
2121.000       1.0782
2123.000       1.0477
2125.000       1.1280
2127.000       1.1865
2128.000       1.2769
2129.000       1.3275
2130.000       1.2948
2131.000       1.3914
2132.000       1.4116
2135.000       1.5191
2137.000       1.5879
2138.000       1.6564
2140.000       1.6372
2141.000       1.5862
2143.000       1.5946
2145.000       1.6549
2146.000       1.6911
2149.000       1.7105
2150.000       1.7032
2151.000       1.7903
2152.000       1.5563
2154.000       1.6663
2156.000       1.7709
2158.000       1.5938
2159.000       1.6232
2160.000       1.7203
2161.000       1.5941
2162.000       1.6990
2163.000       1.8105
2166.000       1.8934
2168.000       1.9079
2169.000       1.9426
2171.000       1.8507
2172.000       1.7420
2174.000       1.6830
2176.000       1.7440
2177.000       1.7173
2180.000       1.8543
2181.000       1.9077
2182.000       2.0305
2183.000       1.8851
2185.000       1.9781
2187.000       2.1470
2189.000       1.9574
2190.000       1.9656
2191.000       2.0897
2192.000       1.8934
2193.000       2.0094
2194.000       2.1388
2197.000       2.1926
2199.000       2.1677
2200.000       2.1672
2202.000       2.0372
2203.000       1.9209
2205.000       1.8214
2207.000       1.8433
2208.000       1.7754
2211.000       1.9594
2212.000       2.0552
2213.000       2.1800
2214.000       2.1657
2216.000       2.2205
2218.000       2.3916
2220.000       2.2659
2221.000       2.2629
2222.000       2.4305
2223.000       2.1782
2224.000       2.2528
2225.000       2.3836
2228.000       2.3783
2230.000       2.3208
2231.000       2.2716
2233.000       2.1308
2234.000       2.0534
2236.000       1.9419
2237.000       1.9516
2238.000       1.8809
2239.000       1.7958
2240.000       1.9456
2242.000       2.0589
2243.000       2.1190
2246.000       2.1273
2247.000       2.0691
2248.000       2.3277
2250.000       2.3240
2252.000       2.4753
2254.000       2.4379
2255.000       2.4271
2256.000       2.6028
2257.000       2.3511
2258.000       2.3640
2259.000       2.4647
2262.000       2.3898
2264.000       2.3102
2265.000       2.2088
2267.000       2.0824
2268.000       2.0576
2270.000       1.9416
2271.000       1.8883
2272.000       1.7819
2273.000       1.7067
2274.000       1.7990
2276.000       1.8964
2277.000       1.9203
2280.000       1.9875
2281.000       1.9789
2282.000       2.3137
2284.000       2.2421
2286.000       2.3468
2288.000       2.4153
2289.000       2.4105
2290.000       2.5685
2291.000       2.4006
2292.000       2.2982
2293.000       2.3376
2296.000       2.2391
2298.000       2.1509
2299.000       2.0479
2301.000       1.9520
2302.000       1.9706
2304.000       1.8853
2305.000       1.7952
2306.000       1.6917
2307.000       1.6570
2308.000       1.6562
2310.000       1.7182
2311.000       1.7010
2314.000       1.8101
2315.000       1.8414
2316.000       2.1937
2318.000       2.0982
2320.000       2.1622
2322.000       2.2934
2323.000       2.3257
2324.000       2.4776
2325.000       2.3585
2326.000       2.2071
2327.000       2.2175
2330.000       2.1117
2332.000       2.0172
2333.000       1.9286
2335.000       1.8775
2336.000       1.9366
2338.000       1.8907
2339.000       1.7789
2340.000       1.7027
2341.000       1.7184
2344.000       1.6361
2345.000       1.6535
2347.000       1.7253
2348.000       1.7802
2349.000       2.1042
2351.000       1.9982
2353.000       2.0388
2355.000       2.2134
2356.000       2.2666
2357.000       2.4185
2358.000       2.3047
2359.000       2.1628
2360.000       2.2280
2363.000       2.0941
2365.000       1.9738
2366.000       1.8836
2368.000       1.8641
2369.000       1.9390
2371.000       1.9253
2372.000       1.8249
2373.000       1.7882
2374.000       1.8463
2375.000       1.7058
2377.000       1.6717
2378.000       1.6270
2381.000       1.7166
2382.000       1.7873
2383.000       2.0899
2385.000       1.9537
2387.000       1.9648
2389.000       2.1970
2390.000       2.2974
2391.000       2.4445
2392.000       2.3820
2393.000       2.1889
2394.000       2.1509
2397.000       2.0512
2399.000       1.9456
2400.000       1.9444
2402.000       1.9520
2403.000       2.0217
2405.000       2.0520
2406.000       1.9929
2407.000       2.0201
2408.000       2.1034
2409.000       1.9703
2411.000       1.9060
2412.000       1.8933
2415.000       1.8846
2416.000       1.9302
2417.000       2.1372
2419.000       2.0709
2421.000       2.1299
2423.000       2.2248
2424.000       2.3709
2425.000       2.5942
2426.000       2.4676
2427.000       2.2731
2428.000       2.2756
2431.000       2.2347
2433.000       2.4553
2434.000       2.4615
2436.000       2.7268
2437.000       2.8137
2439.000       3.1197
2441.000       3.3733
2442.000       3.7053
2443.000       3.3152
2445.000       3.0112
2446.000       3.0999
2447.000       2.0849
2449.000       2.2617
2451.000       2.3096
2453.000       2.0357
2454.000       1.9039
2455.000       1.9944
2456.000       1.9933
2457.000       1.7237
2458.000       1.7837
2461.000       1.6425
2463.000       1.5249
2464.000       1.4317
2466.000       1.3389
2467.000       1.4072
2469.000       1.3592
2471.000       1.2373
2472.000       1.2267
2475.000       1.2092
2476.000       1.2560
2477.000       1.2921
2478.000       1.6513
2480.000       1.5500
2482.000       1.6588
2484.000       1.8062
2485.000       1.9474
2486.000       2.1500
2487.000       2.0251
2488.000       1.8578
2489.000       1.8945
2492.000       1.8529
2494.000       1.7181
2495.000       1.7194
2497.000       1.6211
2498.000       1.6142
2500.000       1.5665
2502.000       1.5169
2503.000       1.5165
2504.000       1.5456
2506.000       1.6022
2507.000       1.6938
2508.000       1.9440
2510.000       1.9039
2512.000       2.0359
2514.000       2.1270
2515.000       2.2782
2516.000       2.5038
2517.000       2.2836
2518.000       2.2357
2519.000       2.3460
2522.000       2.3236
2524.000       2.1369
2525.000       2.1320
2527.000       1.9775
2528.000       1.9285
2530.000       1.8267
2532.000       1.7583
2533.000       1.6861
2536.000       1.8117
2537.000       1.9304
2538.000       2.0392
2539.000       2.4047
2541.000       2.3408
2543.000       2.5058
2545.000       2.6356
2546.000       2.7765
2547.000       3.0373
2548.000       2.7227
2549.000       2.7414
2550.000       2.8694
2553.000       2.8159
2555.000       2.6065
2556.000       2.5310
2558.000       2.3533
2559.000       2.3109
2561.000       2.1833
2562.000       2.1318
2563.000       2.0341
2564.000       1.9772
2565.000       2.0598
2567.000       2.1649
2568.000       2.2132
2571.000       2.2638
2572.000       2.2374
2573.000       2.8552
2575.000       2.7322
2577.000       2.8825
2579.000       3.0969
2580.000       3.2281
2581.000       3.4983
2582.000       3.2147
2583.000       3.1101
2584.000       3.1710
2587.000       3.0384
2589.000       2.8100
2590.000       2.7145
2592.000       2.5929
2593.000       2.6462
2595.000       2.5774
2597.000       2.4600
2598.000       2.4442
2599.000       2.4180
2601.000       2.4742
2602.000       2.4638
2603.000       3.1041
2605.000       2.9200
2607.000       2.9813
2609.000       3.3404
2610.000       3.5139
2611.000       3.8006
2612.000       3.5225
2613.000       3.4362
2614.000       3.5754
2617.000       3.5265
2619.000       3.2731
2620.000       3.3000
2622.000       3.1685
2623.000       3.1710
2625.000       3.1067
2626.000       3.0701
2627.000       3.0876
2628.000       3.1262
2631.000       3.1534
2632.000       3.1814
2634.000       3.1661
2635.000       3.1113
2636.000       3.6789
2638.000       3.6022
2640.000       3.7608
2642.000       3.9462
2643.000       4.2220
2644.000       4.5116
2645.000       4.2890
2646.000       4.2522
2647.000       4.3952
2650.000       4.5318
2652.000       4.3238
2653.000       4.5490
2655.000       4.3600
2656.000       4.2605
2658.000       4.2687
2659.000       4.3887
2660.000       4.6759
2661.000       4.6595
2662.000       5.3110
2664.000       5.6548
2665.000       6.5704
2668.000       5.2773
2669.000       4.6010
2670.000       4.8163
2672.000       4.9219
2674.000       5.2985
2676.000       5.1234
