   2.000       3.8802
   3.000       3.8717
   6.000       3.3337
   8.000       3.1336
   9.000       2.7037
  11.000       2.5730
  12.000       2.8831
  14.000       2.9619
  15.000       2.6727
  16.000       2.8679
  17.000       3.2696
  18.000       2.8278
  20.000       2.6414
  21.000       2.9336
  24.000       2.4371
  25.000       2.4412
  26.000       2.8808
  28.000       2.5658
  30.000       2.8710
  32.000       3.0773
  33.000       2.9415
  34.000       3.3379
  35.000       3.1253
  36.000       2.3480
  37.000       2.3059
  40.000       1.8863
  42.000       1.7599
  43.000       1.5297
  45.000       1.5943
  46.000       1.8716
  48.000       2.1843
  49.000       2.1263
  50.000       2.5771
  51.000       3.0191
  52.000       2.6825
  54.000       2.4560
  55.000       2.8715
  58.000       2.0211
  59.000       1.8098
  60.000       1.5912
  62.000       1.4508
  64.000       1.7430
  66.000       1.7415
  67.000       1.7196
  68.000       1.9772
  69.000       1.8352
  70.000       1.4469
  71.000       1.4303
  74.000       1.2406
  76.000       1.1884
  77.000       1.1023
  79.000       1.1020
  80.000       1.1907
  82.000       1.2652
  84.000       1.2577
  85.000       1.3918
  86.000       1.1999
  88.000       1.1316
  89.000       1.2066
  90.000       1.1485
  92.000       1.0900
  94.000       1.2032
  96.000       1.2271
  97.000       1.2720
  98.000       1.4432
  99.000       1.3684
 100.000       1.1506
 101.000       1.0460
 104.000       0.9515
 106.000       0.9287
 107.000       0.8706
 109.000       0.8427
 110.000       0.8888
 112.000       0.8597
 113.000       0.7949
 114.000       0.7759
 115.000       0.8071
 116.000       0.7622
 118.000       0.7685
 119.000       0.7985
 122.000       0.7858
 123.000       0.7942
 124.000       0.9061
 126.000       0.8708
 128.000       0.9378
 130.000       0.9525
 131.000       0.9751
 132.000       1.1085
 133.000       1.0600
 134.000       0.8776
 135.000       0.8638
 138.000       0.7844
 140.000       0.7918
 141.000       0.7396
 143.000       0.7199
 144.000       0.7577
 146.000       0.7478
 147.000       0.6990
 148.000       0.6982
 149.000       0.7434
 150.000       0.6907
 152.000       0.6923
 153.000       0.7323
 156.000       0.6942
 157.000       0.6902
 158.000       0.7269
 160.000       0.7170
 162.000       0.7982
 164.000       0.7627
 165.000       0.7821
 166.000       0.9258
 167.000       0.8883
 168.000       0.6836
 169.000       0.6992
 172.000       0.6601
 174.000       0.6778
 175.000       0.6475
 177.000       0.6098
 178.000       0.6264
 180.000       0.6331
 181.000       0.6135
 182.000       0.6486
 183.000       0.7149
 184.000       0.6629
 186.000       0.6539
 187.000       0.7108
 190.000       0.6329
 191.000       0.6038
 192.000       0.6299
 194.000       0.6639
 196.000       0.7984
 198.000       0.7023
 199.000       0.7457
 200.000       0.9102
 201.000       0.7995
 202.000       0.6936
 203.000       0.7715
 206.000       0.7599
 208.000       0.7264
 209.000       0.7114
 211.000       0.6261
 212.000       0.6023
 214.000       0.5873
 215.000       0.5981
 216.000       0.6568
 217.000       0.7182
 218.000       0.7111
 220.000       0.7166
 221.000       0.7962
 224.000       0.6891
 225.000       0.6224
 226.000       0.7708
 228.000       0.7750
 230.000       0.9200
 232.000       0.9357
 233.000       1.0763
 234.000       1.3446
 235.000       1.3354
 236.000       0.9059
 237.000       0.9908
 240.000       0.9935
 242.000       1.2646
 243.000       1.3684
 245.000       1.7975
 246.000       1.8587
 248.000       2.4906
 249.000       2.9430
 250.000       3.8236
 251.000       4.3938
 254.000       4.2188
 255.000       3.7564
 257.000       2.9237
 258.000       2.5331
 259.000       1.0010
 261.000       1.3151
 263.000       1.8573
 265.000       1.2062
 266.000       1.2151
 267.000       1.5932
 268.000       1.2884
 269.000       1.0422
 270.000       1.2222
 273.000       1.2312
 275.000       1.2316
 276.000       1.2611
 278.000       1.1807
 279.000       1.0595
 281.000       1.1920
 283.000       1.4234
 284.000       1.6637
 287.000       1.5511
 288.000       1.4441
 289.000       1.7041
 290.000       1.1114
 292.000       1.2581
 294.000       1.5968
 296.000       1.2937
 297.000       1.2738
 298.000       1.5937
 299.000       1.2209
 300.000       1.1408
 301.000       1.2614
 304.000       1.1465
 306.000       1.0860
 307.000       0.9580
 309.000       0.8192
 310.000       0.7938
 312.000       0.7540
 313.000       0.7486
 314.000       0.8285
 315.000       0.9143
 316.000       0.9315
 318.000       0.9575
 319.000       1.1254
 322.000       0.9063
 323.000       0.7923
 324.000       1.0172
 326.000       0.9578
 328.000       1.1276
 330.000       1.1505
 331.000       1.1457
 332.000       1.3606
 333.000       1.0552
 334.000       1.1443
 335.000       1.2968
 338.000       1.3469
 340.000       1.3924
 341.000       1.5366
 343.000       1.6627
 344.000       2.2447
 346.000       2.3216
 347.000       2.1619
 348.000       2.8561
 349.000       3.1946
 352.000       3.5950
 353.000       3.5164
 355.000       2.6485
 356.000       1.9485
 357.000       1.3222
 359.000       1.7360
 361.000       2.4950
 363.000       1.6919
 364.000       1.4397
 365.000       1.5878
 366.000       1.5672
 367.000       1.2301
 368.000       1.2684
 371.000       1.1439
 373.000       1.0772
 374.000       0.9714
 376.000       0.8877
 377.000       0.9400
 379.000       0.8930
 381.000       0.7818
 382.000       0.7746
 385.000       0.7590
 386.000       0.8140
 387.000       0.8596
 388.000       1.0577
 390.000       0.9796
 392.000       1.0839
 394.000       1.1455
 395.000       1.1695
 396.000       1.3235
 397.000       1.2499
 398.000       1.0453
 399.000       1.0497
 402.000       0.9660
 404.000       0.9217
 405.000       0.8645
 407.000       0.8200
 408.000       0.8590
 410.000       0.8417
 412.000       0.7793
 413.000       0.7926
 416.000       0.7571
 417.000       0.7799
 418.000       0.8079
 419.000       0.9443
 421.000       0.9041
 423.000       0.9870
 425.000       1.0098
 426.000       1.0460
 427.000       1.1835
 428.000       1.1352
 429.000       0.9453
 430.000       0.9452
 433.000       0.8731
 435.000       0.8520
 436.000       0.8062
 438.000       0.7753
 439.000       0.8202
 441.000       0.8137
 443.000       0.7619
 444.000       0.7930
 447.000       0.7326
 448.000       0.7399
 449.000       0.7608
 450.000       0.8624
 452.000       0.8501
 454.000       0.9413
 456.000       0.9190
 457.000       0.9754
 458.000       1.1114
 459.000       1.0783
 460.000       0.9027
 461.000       0.9148
 464.000       0.8896
 466.000       0.8598
 467.000       0.8498
 469.000       0.7854
 470.000       0.8077
 472.000       0.8016
 474.000       0.7737
 475.000       0.8188
 478.000       0.7586
 479.000       0.7625
 480.000       0.8053
 481.000       0.9261
 483.000       0.9576
 485.000       1.1162
 487.000       1.0306
 488.000       1.1338
 489.000       1.3359
 490.000       1.2063
 491.000       1.0847
 492.000       1.1763
 495.000       1.1855
 497.000       1.0799
 498.000       1.1305
 500.000       1.0037
 501.000       1.0225
 503.000       0.9878
 504.000       0.9506
 505.000       1.0100
 506.000       1.1016
 509.000       1.0725
 510.000       1.0638
 512.000       1.0192
 513.000       0.9587
 514.000       1.2938
 516.000       1.3545
 518.000       1.6670
 520.000       1.4957
 522.000       5.2110
 523.000       5.5738
 524.000       5.4269
 525.000       4.3431
 526.000       4.5503
 529.000       4.1627
 531.000       3.6874
 532.000       3.5500
 534.000       3.4555
 535.000       3.5660
 537.000       4.1373
 539.000       4.5390
 540.000       5.4039
 543.000       4.4862
 544.000       3.9710
 545.000       4.4315
 546.000       4.0889
 548.000       3.6803
 550.000       4.2573
 552.000       4.8019
