   2.000       4.4524
   3.000       4.4853
   6.000       4.5528
   8.000       4.7522
   9.000       4.7435
  11.000       4.6451
  12.000       4.5618
  14.000       4.5093
  15.000       4.5742
  16.000       4.5985
  17.000       4.5519
  18.000       4.7324
  20.000       4.8355
  21.000       4.9992
  24.000       4.8086
  25.000       4.6717
  26.000       4.3425
  28.000       4.5585
  30.000       4.7710
  32.000       4.2588
  33.000       4.0383
  34.000       4.0786
  35.000       3.8629
  36.000       4.1074
  37.000       4.3119
  40.000       4.4086
  42.000       4.5055
  43.000       4.4730
  45.000       4.2772
  46.000       4.1115
  48.000       3.9932
  49.000       4.0838
  50.000       4.0605
  51.000       3.9458
  52.000       4.2293
  54.000       4.4060
  55.000       4.5817
  58.000       4.4356
  59.000       4.2648
  60.000       4.2254
  62.000       4.3856
  64.000       4.6607
  66.000       4.2500
  67.000       4.0577
  68.000       4.2161
  69.000       3.8257
  70.000       4.0695
  71.000       4.3178
  74.000       4.3330
  76.000       4.3224
  77.000       4.2027
  79.000       3.9392
  80.000       3.7842
  82.000       3.5943
  83.000       3.6284
  84.000       3.5385
  85.000       3.3821
  88.000       3.6530
  89.000       3.8549
  91.000       3.9678
  92.000       3.8400
  93.000       4.1126
  95.000       4.1528
  97.000       4.4292
  99.000       4.2115
 100.000       4.0197
 101.000       4.2576
 102.000       3.7880
 103.000       3.9135
 104.000       4.1297
 107.000       4.0289
 109.000       3.9695
 110.000       3.7652
 112.000       3.4987
 113.000       3.3980
 115.000       3.1842
 116.000       3.1385
 117.000       2.9845
 118.000       2.8256
 121.000       3.0371
 122.000       3.2249
 124.000       3.3796
 125.000       3.3296
 126.000       3.7693
 128.000       3.7021
 130.000       3.9234
 132.000       3.8792
 133.000       3.6758
 134.000       3.9269
 135.000       3.5100
 136.000       3.4584
 137.000       3.5871
 140.000       3.3995
 142.000       3.3297
 143.000       3.0871
 145.000       2.8807
 146.000       2.8709
 148.000       2.6720
 149.000       2.5413
 150.000       2.3447
 151.000       2.2328
 152.000       2.3257
 154.000       2.4676
 155.000       2.4644
 158.000       2.6422
 159.000       2.6735
 160.000       3.1357
 162.000       2.9998
 164.000       3.1378
 166.000       3.2106
 167.000       3.0545
 168.000       3.2511
 169.000       3.0247
 170.000       2.7817
 171.000       2.7964
 174.000       2.5687
 176.000       2.5288
 177.000       2.2999
 179.000       2.1874
 180.000       2.2881
 182.000       2.1668
 183.000       1.9678
 184.000       1.8078
 185.000       1.7814
 188.000       1.7304
 189.000       1.7939
 191.000       1.9136
 192.000       1.9967
 193.000       2.3597
 195.000       2.2139
 197.000       2.2649
 199.000       2.3807
 200.000       2.2974
 201.000       2.4407
 202.000       2.4071
 203.000       2.0200
 204.000       1.9635
 207.000       1.7518
 209.000       1.7018
 210.000       1.5300
 212.000       1.4778
 213.000       1.6309
 215.000       1.6231
 217.000       1.4303
 218.000       1.4425
 219.000       1.3111
 221.000       1.3459
 222.000       1.3464
 223.000       1.6315
 225.000       1.4907
 227.000       1.5365
 229.000       1.6818
 230.000       1.7101
 231.000       1.8451
 232.000       1.8661
 233.000       1.5419
 234.000       1.5038
 237.000       1.4303
 239.000       1.3582
 240.000       1.3343
 242.000       1.2920
 243.000       1.3542
 245.000       1.3603
 246.000       1.2676
 247.000       1.2596
 248.000       1.3269
 251.000       1.2582
 252.000       1.2901
 254.000       1.2931
 255.000       1.2549
 256.000       1.4747
 258.000       1.4476
 260.000       1.5570
 262.000       1.5924
 263.000       1.7193
 264.000       1.9300
 265.000       1.7652
 266.000       1.6679
 267.000       1.7423
 270.000       1.7217
 272.000       1.5979
 273.000       1.6019
 275.000       1.4492
 276.000       1.4308
 278.000       1.3978
 280.000       1.3438
 281.000       1.3846
 284.000       1.3281
 285.000       1.3974
 286.000       1.4880
 287.000       1.7883
 289.000       1.8392
 291.000       2.0591
 293.000       1.8852
 294.000       1.9298
 295.000       2.0941
 296.000       1.9869
 297.000       1.9672
 298.000       1.9419
 301.000       2.0206
 303.000       1.9119
 304.000       2.1457
 306.000       2.0983
 307.000       2.1151
 309.000       2.1350
 310.000       2.1228
 311.000       2.1706
 312.000       2.2308
 315.000       2.2087
 316.000       2.2027
 318.000       2.1547
 319.000       2.1085
 320.000       2.3392
 322.000       2.3646
 324.000       2.7018
 326.000       2.5600
 327.000       2.6168
 328.000       2.8268
 329.000       2.8201
 330.000       2.4235
 331.000       2.3235
 334.000       2.0452
 336.000       2.0108
 337.000       1.8190
 339.000       1.8672
 340.000       2.0626
 342.000       2.1084
 343.000       1.9267
 344.000       1.9112
 345.000       2.0794
 348.000       1.7812
 349.000       1.6547
 351.000       1.6407
 352.000       1.7806
 353.000       1.8794
 355.000       1.7391
 357.000       1.6906
 359.000       1.8490
 360.000       1.7579
 361.000       1.8142
 362.000       1.8185
 363.000       1.6302
 364.000       1.5822
 367.000       1.4916
 369.000       1.4890
 370.000       1.4490
 372.000       1.4759
 373.000       1.5500
 375.000       1.5718
 376.000       1.5108
 377.000       1.5273
 378.000       1.5980
 379.000       1.4853
 381.000       1.4311
 382.000       1.4275
 385.000       1.4145
 386.000       1.4535
 387.000       1.4673
 389.000       1.4256
 391.000       1.4166
 393.000       1.4877
 394.000       1.5145
 395.000       1.6128
 396.000       1.6070
 397.000       1.4507
 398.000       1.4379
 401.000       1.4425
 403.000       1.4309
 404.000       1.4404
 406.000       1.4717
 407.000       1.5757
 409.000       1.6352
 410.000       1.5718
 411.000       1.6577
 412.000       1.8039
 413.000       1.6259
 415.000       1.5324
 416.000       1.5879
 419.000       1.4577
 420.000       1.4744
 421.000       1.4998
 423.000       1.4830
 425.000       1.5468
 427.000       1.5782
 428.000       1.5275
 429.000       1.8017
 430.000       1.8439
 431.000       1.4257
 432.000       1.6124
 435.000       1.4973
 437.000       1.5349
 438.000       1.4521
 440.000       1.4546
 441.000       1.5177
 443.000       1.5305
 445.000       1.4840
 446.000       1.5222
 447.000       1.4426
 449.000       1.4282
 450.000       1.4326
 451.000       1.4010
 453.000       1.3931
 455.000       1.4455
 457.000       1.3791
 458.000       1.3481
 459.000       1.3721
 460.000       1.4169
 461.000       1.3178
 462.000       1.2806
 465.000       1.2666
 467.000       1.2889
 468.000       1.3209
 470.000       1.3887
 471.000       1.4870
 473.000       1.5532
 474.000       1.4975
 475.000       1.5602
 476.000       1.6774
 477.000       1.5259
 479.000       1.4459
 480.000       1.4672
 483.000       1.3818
 484.000       1.4049
 485.000       1.2981
 487.000       1.3260
 489.000       1.3202
 491.000       1.2870
 492.000       1.3421
 493.000       1.3649
 494.000       1.4442
 495.000       1.3759
 496.000       1.3644
 499.000       1.2643
 501.000       1.2323
 502.000       1.2689
 504.000       1.2917
 505.000       1.4535
 507.000       1.4630
 508.000       1.3039
 509.000       1.2859
 510.000       1.4024
 513.000       1.2184
 514.000       1.1565
 516.000       1.1285
 517.000       1.2056
 518.000       1.3096
 520.000       1.3293
 522.000       1.4160
 524.000       1.3143
 525.000       1.3241
 526.000       1.3961
 527.000       1.4002
 528.000       1.2619
 529.000       1.2454
 532.000       1.2329
 534.000       1.2662
 535.000       1.2577
 537.000       1.2615
 538.000       1.2847
 540.000       1.3000
 541.000       1.2875
 542.000       1.3228
 543.000       1.3716
 544.000       1.3322
 546.000       1.3130
 547.000       1.3565
 550.000       1.2855
 551.000       1.2694
 552.000       1.2227
 554.000       1.2461
 556.000       1.2922
 558.000       1.2574
 559.000       1.2877
 560.000       1.3820
 561.000       1.3147
 562.000       1.2717
 563.000       1.3057
 566.000       1.3069
 568.000       1.2977
 569.000       1.3063
 571.000       1.2824
 572.000       1.2679
 574.000       1.2753
 576.000       1.2960
 577.000       1.3368
 580.000       1.3211
 581.000       1.3156
 582.000       1.3766
 583.000       1.3094
 585.000       1.3323
 587.000       1.4242
 589.000       1.3675
 590.000       1.4095
 591.000       1.5290
 592.000       1.4324
 593.000       1.3987
 594.000       1.4587
 597.000       1.4753
 599.000       1.4576
 600.000       1.4722
 602.000       1.4133
 603.000       1.3642
 605.000       1.3438
 607.000       1.3752
 608.000       1.3925
 611.000       1.4296
 612.000       1.4487
 613.000       1.5340
 614.000       1.4790
 616.000       1.5217
 618.000       1.6493
 620.000       1.5583
 621.000       1.5959
 622.000       1.7377
 623.000       1.5862
 624.000       1.5797
 625.000       1.6609
 628.000       1.6636
 630.000       1.6222
 631.000       1.6157
 633.000       1.5237
 634.000       1.4636
 636.000       1.4127
 638.000       1.4276
 639.000       1.4190
 642.000       1.4948
 643.000       1.5385
 644.000       1.6282
 645.000       1.6554
 647.000       1.6761
 649.000       1.8181
 651.000       1.7535
 652.000       1.7744
 653.000       1.9474
 654.000       1.7495
 655.000       1.7308
 656.000       1.8254
 659.000       1.8092
 661.000       1.7778
 662.000       1.7515
 664.000       1.6610
 665.000       1.6063
 667.000       1.5789
 668.000       1.6201
 669.000       1.6751
 670.000       1.6893
 673.000       1.7682
 674.000       1.8041
 676.000       1.7682
 677.000       1.6707
 678.000       1.7561
 680.000       1.7716
 682.000       1.9104
 684.000       1.8341
 685.000       1.9189
 686.000       1.9808
 687.000       2.1993
 688.000       2.1642
 689.000       2.4072
 692.000       2.2950
 694.000       2.3345
 695.000       2.1428
 697.000       1.9960
 698.000       2.0150
 700.000       1.9073
 701.000       1.7998
 702.000       1.7078
 703.000       1.6863
 706.000       1.7053
 707.000       1.7849
 709.000       1.8668
 710.000       1.8640
 711.000       2.0818
 713.000       2.0525
 715.000       2.2063
 717.000       2.0993
 718.000       1.9999
 719.000       2.1219
 720.000       2.0285
 721.000       1.8589
 722.000       1.8917
 725.000       1.7879
 727.000       1.7480
 728.000       1.6285
 730.000       1.5778
 731.000       1.6526
 733.000       1.6818
 735.000       1.6296
 736.000       1.7223
 737.000       1.5509
 739.000       1.5281
 740.000       1.5345
 741.000       1.6991
 743.000       1.6310
 745.000       1.7181
 747.000       1.7702
 748.000       1.7552
 749.000       1.9284
 750.000       1.7747
 751.000       1.6521
 752.000       1.7154
 755.000       1.6626
 757.000       1.6334
 758.000       1.5900
 760.000       1.5785
 761.000       1.6306
 763.000       1.6672
 764.000       1.6328
 765.000       1.7036
 766.000       1.8174
 769.000       1.7269
 770.000       1.6749
 772.000       1.6071
 773.000       1.5817
 774.000       1.6023
 776.000       1.5911
 778.000       1.6811
 780.000       1.6727
 781.000       1.6865
 782.000       1.8335
 783.000       1.7173
 784.000       1.6315
 785.000       1.6652
 788.000       1.6435
 790.000       1.6010
 791.000       1.6182
 793.000       1.6321
 794.000       1.6469
 796.000       1.7251
 797.000       1.7582
 798.000       1.8882
 799.000       2.0058
 802.000       1.9617
 803.000       1.9074
 805.000       1.7871
 806.000       1.7086
 807.000       1.6601
 809.000       1.6574
 811.000       1.7114
 813.000       1.7483
 814.000       1.8225
 815.000       1.9666
 816.000       1.8432
 817.000       1.8133
 818.000       1.8954
 821.000       1.9694
 823.000       1.8342
 824.000       1.8267
 826.000       1.7024
 827.000       1.6347
 829.000       1.6281
 831.000       1.6633
 832.000       1.7353
 833.000       1.7184
 835.000       1.7612
 836.000       1.9276
 837.000       2.1022
 839.000       1.9650
 841.000       2.1073
 843.000       2.2913
 844.000       2.5550
 845.000       2.5363
 846.000       2.7840
 847.000       2.6560
 848.000       2.6008
 851.000       2.7428
 853.000       2.5153
 854.000       2.7013
 856.000       2.5216
 857.000       2.3845
 859.000       2.3147
 860.000       2.3885
 861.000       2.4405
 862.000       2.4129
 865.000       2.6138
 866.000       2.7553
 868.000       2.7422
 869.000       2.5357
 870.000       3.1357
 872.000       3.0317
 874.000       3.3358
 876.000       3.4324
 877.000       3.7647
 878.000       3.9635
 879.000       4.1330
 880.000       3.5462
 881.000       3.5166
 884.000       3.2983
 886.000       3.4695
 887.000       3.2872
 889.000       3.5532
 890.000       3.7684
 892.000       4.0640
 894.000       4.1888
 895.000       4.5170
 896.000       3.9992
 898.000       3.6838
 899.000       3.6301
 900.000       2.9436
 902.000       3.0136
 904.000       2.8482
 906.000       2.7862
 907.000       2.7474
 908.000       2.6824
 909.000       3.0695
 910.000       2.5593
 911.000       2.3269
 914.000       2.1483
 916.000       2.2277
 917.000       2.1392
 919.000       2.3397
 920.000       2.4741
 922.000       2.6608
 923.000       2.6604
 924.000       2.8707
 925.000       3.0812
 926.000       2.8851
 928.000       2.7206
 929.000       2.8405
 932.000       2.5076
 933.000       2.4802
 934.000       2.0890
 936.000       2.0146
 938.000       1.8806
 940.000       1.9937
 941.000       2.0944
 942.000       2.0732
 943.000       2.5119
 944.000       2.0271
 945.000       1.9072
 948.000       2.1026
 950.000       2.3317
 951.000       2.5504
 953.000       2.6559
 954.000       2.5629
 956.000       2.8516
 957.000       3.1470
 958.000       3.6257
 959.000       3.8355
 960.000       3.9804
 962.000       3.9295
 963.000       4.4198
 966.000       3.4901
 967.000       3.0758
 968.000       2.1949
 970.000       2.5105
 972.000       2.7051
 974.000       2.1854
 975.000       2.2024
 976.000       2.3704
 977.000       2.3441
 978.000       1.9723
 979.000       1.9219
 982.000       1.8168
 984.000       1.6929
 985.000       1.6428
 987.000       1.5680
 988.000       1.6045
 990.000       1.5785
 992.000       1.5229
 993.000       1.5588
 994.000       1.4999
 996.000       1.5187
 997.000       1.5505
 998.000       1.8668
1000.000       1.7503
1002.000       1.7982
1004.000       1.9423
1005.000       2.0764
1006.000       2.2859
1007.000       2.1773
1008.000       1.9558
1009.000       1.9862
1012.000       1.9168
1014.000       1.8222
1015.000       1.7926
1017.000       1.6845
1018.000       1.6804
1020.000       1.6361
1022.000       1.6022
1023.000       1.6259
1024.000       1.6303
1026.000       1.6672
1027.000       1.7487
1028.000       1.9175
1030.000       1.8974
1032.000       2.0631
1034.000       2.0615
1035.000       2.1310
1036.000       2.3159
1037.000       2.1585
1038.000       2.0507
1039.000       2.1299
1042.000       2.0851
1044.000       1.9997
1045.000       1.9751
1047.000       1.8856
1048.000       1.8535
1050.000       1.8078
1052.000       1.7982
1053.000       1.8096
1054.000       1.8456
1056.000       1.8900
1057.000       1.9848
1058.000       2.0683
1060.000       2.0528
1062.000       2.1844
1064.000       2.1853
1065.000       2.1939
1066.000       2.3813
1067.000       2.1516
1068.000       2.1087
1069.000       2.1891
1072.000       2.1115
1074.000       2.0121
1075.000       1.9288
1077.000       1.8138
1078.000       1.8016
1080.000       1.7114
1081.000       1.6563
1082.000       1.5798
1083.000       1.5413
1084.000       1.5896
1086.000       1.6648
1087.000       1.6969
1090.000       1.7359
1091.000       1.7253
1092.000       2.0609
1094.000       1.9881
1096.000       2.0931
1098.000       2.1731
1099.000       2.1769
1100.000       2.3499
1101.000       2.1560
1102.000       2.0747
1103.000       2.1389
1106.000       2.0475
1108.000       1.9677
1109.000       1.8822
1111.000       1.7911
1112.000       1.7941
1114.000       1.7135
1115.000       1.6467
1116.000       1.5615
1117.000       1.5227
1118.000       1.5510
1120.000       1.6146
1121.000       1.6280
1124.000       1.6925
1125.000       1.7019
1126.000       1.9816
1128.000       1.9126
1130.000       1.9958
1132.000       2.0552
1133.000       2.0483
1134.000       2.1809
1135.000       2.0520
1136.000       1.9434
1137.000       1.9731
1140.000       1.8790
1142.000       1.8228
1143.000       1.7309
1145.000       1.6612
1146.000       1.6877
1148.000       1.6253
1149.000       1.5477
1150.000       1.4730
1151.000       1.4636
1152.000       1.4408
1154.000       1.4787
1155.000       1.4761
1158.000       1.5493
1159.000       1.5754
1160.000       1.8065
1162.000       1.7380
1164.000       1.7944
1166.000       1.8654
1167.000       1.8568
1168.000       1.9645
1169.000       1.9202
1170.000       1.7291
1171.000       1.7065
1174.000       1.6004
1176.000       1.5586
1177.000       1.4845
1179.000       1.4719
1180.000       1.5415
1182.000       1.5552
1184.000       1.4949
1185.000       1.5348
1186.000       1.4357
1188.000       1.4219
1189.000       1.4089
1190.000       1.5692
1192.000       1.4974
1194.000       1.5086
1196.000       1.6095
1197.000       1.6381
1198.000       1.7634
1199.000       1.7169
1200.000       1.5218
1201.000       1.5041
1204.000       1.4252
1206.000       1.3897
1207.000       1.3523
1209.000       1.3500
1210.000       1.4016
1212.000       1.4186
1214.000       1.3876
1215.000       1.4358
1216.000       1.3611
1218.000       1.3421
1219.000       1.3762
1220.000       1.4340
1222.000       1.3899
1224.000       1.4371
1226.000       1.4867
1227.000       1.5421
1228.000       1.6946
1229.000       1.5851
1230.000       1.4683
1231.000       1.4742
1234.000       1.4260
1236.000       1.4001
1237.000       1.3838
1239.000       1.3564
1240.000       1.3997
1242.000       1.3820
1243.000       1.3269
1244.000       1.3152
1245.000       1.3476
1248.000       1.3111
1249.000       1.3089
1251.000       1.3121
1252.000       1.3173
1253.000       1.4292
1255.000       1.4141
1257.000       1.4598
1259.000       1.4820
1260.000       1.5175
1261.000       1.6200
1262.000       1.5168
1263.000       1.5167
1264.000       1.5648
1267.000       1.5635
1269.000       1.5282
1270.000       1.5131
1272.000       1.4643
1273.000       1.4659
1275.000       1.4327
1276.000       1.4109
1277.000       1.3988
1278.000       1.4046
1279.000       1.4132
1281.000       1.4358
1282.000       1.4711
1285.000       1.4462
1286.000       1.4322
1287.000       1.5687
1289.000       1.5557
1291.000       1.6149
1293.000       1.6241
1294.000       1.6223
1295.000       1.6866
1296.000       1.6006
1297.000       1.6200
1298.000       1.6749
1301.000       1.7167
1303.000       1.7235
1304.000       1.6910
1306.000       1.6496
1307.000       1.6336
1309.000       1.6340
1310.000       1.6331
1311.000       1.6549
1312.000       1.6937
1313.000       1.6780
1315.000       1.6979
1316.000       1.7417
1319.000       1.6933
1320.000       1.6490
1321.000       1.7257
1323.000       1.7640
1325.000       1.8806
1327.000       1.6357
1328.000       1.6741
1329.000       1.6400
1330.000       1.8686
1331.000       1.6960
1332.000       1.7701
1335.000       1.7076
1337.000       1.6090
1338.000       1.5461
1340.000       1.4310
1341.000       1.4116
1343.000       1.3904
1344.000       1.4005
1345.000       1.4965
1346.000       1.5818
1349.000       1.6076
1350.000       1.6122
1352.000       1.5361
1353.000       1.4261
1354.000       1.6897
1356.000       1.6499
1358.000       1.8357
1360.000       1.7128
1361.000       1.7230
1362.000       1.8514
1363.000       1.7710
1364.000       1.6003
1365.000       1.5899
1368.000       1.5156
1370.000       1.4555
1371.000       1.4119
1373.000       1.3603
1374.000       1.3751
1376.000       1.3544
1378.000       1.3431
1379.000       1.3941
1380.000       1.3860
1382.000       1.3880
1383.000       1.5053
1384.000       1.5205
1386.000       1.4901
1388.000       1.6329
1390.000       1.6422
1391.000       1.6722
1392.000       1.8321
1393.000       1.7063
1394.000       1.6603
1395.000       1.6569
1398.000       1.6023
1400.000       1.5614
1401.000       1.5077
1403.000       1.4525
1404.000       1.4921
1406.000       1.4453
1407.000       1.3793
1408.000       1.3593
1409.000       1.3648
1412.000       1.3945
1413.000       1.4354
1415.000       1.4319
1416.000       1.4000
1417.000       1.5706
1419.000       1.5343
1421.000       1.6009
1423.000       1.6226
1424.000       1.6219
1425.000       1.7068
1426.000       1.6533
1427.000       1.5572
1428.000       1.5571
1431.000       1.5099
1433.000       1.4974
1434.000       1.4822
1436.000       1.4881
1437.000       1.5115
1439.000       1.5257
1440.000       1.5071
1441.000       1.5295
1442.000       1.5633
1443.000       1.5387
1445.000       1.5277
1446.000       1.5595
1449.000       1.5025
1450.000       1.4916
1451.000       1.4893
1453.000       1.4739
1455.000       1.4867
1457.000       1.4987
1458.000       1.4752
1459.000       1.5421
1460.000       1.4687
1461.000       1.4436
1462.000       1.4824
1465.000       1.4662
1467.000       1.4564
1468.000       1.4311
1470.000       1.4397
1471.000       1.4560
1473.000       1.4844
1474.000       1.4944
1475.000       1.5661
1476.000       1.6250
1477.000       1.6109
1479.000       1.5912
1480.000       1.6799
1483.000       1.5200
1484.000       1.4717
1485.000       1.4409
1487.000       1.4138
1489.000       1.4389
1491.000       1.4866
1492.000       1.5174
1493.000       1.6305
1494.000       1.5942
1495.000       1.4482
1496.000       1.4678
1499.000       1.4016
1501.000       1.3931
1502.000       1.3156
1504.000       1.3028
1505.000       1.3133
1507.000       1.3231
1508.000       1.3144
1509.000       1.3426
1510.000       1.3831
1513.000       1.3618
1514.000       1.3543
1516.000       1.3307
1517.000       1.3076
1518.000       1.3505
1520.000       1.3061
1522.000       1.3499
1524.000       1.4121
1525.000       1.4993
1526.000       1.5400
1527.000       1.6129
1528.000       1.5330
1529.000       1.6372
1532.000       1.7041
1534.000       1.6799
1535.000       1.6827
1537.000       1.5448
1538.000       1.5327
1540.000       1.4241
1541.000       1.3750
1542.000       1.3202
1543.000       1.2915
1546.000       1.3543
1547.000       1.4174
1549.000       1.4736
1550.000       1.4531
1551.000       1.6970
1553.000       1.7417
1555.000       1.9349
1557.000       1.8611
1558.000       1.8793
1559.000       2.1410
1560.000       1.8058
1561.000       1.8668
1562.000       1.7770
1565.000       1.8799
1567.000       1.7806
1568.000       1.7596
1570.000       1.5511
1571.000       1.4886
1573.000       1.3665
1574.000       1.3322
1575.000       1.2718
1576.000       1.2478
1577.000       1.3298
1579.000       1.4459
1580.000       1.5503
1583.000       1.5239
1584.000       1.4519
1585.000       1.9903
1587.000       1.9239
1589.000       2.1950
1591.000       2.2710
1592.000       2.6551
1593.000       3.0556
1594.000       2.6615
1595.000       2.8635
1596.000       2.8855
1599.000       3.2311
1601.000       3.8659
1602.000       4.3590
1604.000       4.9266
1605.000       5.0318
1607.000       5.7820
1609.000       6.3746
1610.000       7.0957
1611.000       6.2132
1613.000       5.5851
1614.000       5.7700
1615.000       3.3594
1617.000       4.0350
1619.000       4.4399
1621.000       3.2277
1622.000       3.2147
1623.000       3.5432
1624.000       3.6581
1625.000       2.5700
1626.000       2.3261
1629.000       2.1706
1631.000       2.0077
1632.000       1.8459
1634.000       1.6672
1635.000       1.6439
1637.000       1.5286
1638.000       1.4545
1639.000       1.3785
1640.000       1.3618
1643.000       1.3973
1644.000       1.4874
1646.000       1.5754
1647.000       1.5451
1648.000       2.0263
1650.000       1.9054
1652.000       2.0920
1654.000       2.1901
1655.000       2.1962
1656.000       2.4324
1657.000       2.1534
1658.000       2.0880
1659.000       2.1984
1662.000       2.1184
1664.000       1.9688
1665.000       1.8710
1667.000       1.7078
1668.000       1.6494
1670.000       1.5350
1671.000       1.5200
1672.000       1.4728
1673.000       1.4356
1674.000       1.5486
1676.000       1.6423
1677.000       1.7415
1680.000       1.6894
1681.000       1.6260
1682.000       2.0839
1684.000       1.9947
1686.000       2.1486
1688.000       2.2716
1689.000       2.3255
1690.000       2.5566
1691.000       2.2796
1692.000       2.2302
1693.000       2.3161
1696.000       2.2229
1698.000       2.0625
1699.000       1.9906
1701.000       1.8496
1702.000       1.8084
1704.000       1.7062
1705.000       1.6790
1706.000       1.6378
1707.000       1.5873
1710.000       1.7116
1711.000       1.8101
1713.000       1.8472
1714.000       1.7778
1715.000       2.2348
1717.000       2.1431
1719.000       2.2729
1721.000       2.4295
1722.000       2.5285
1723.000       2.7804
1724.000       2.5038
1725.000       2.4440
1726.000       2.5471
1729.000       2.4834
1731.000       2.2991
1732.000       2.2388
1734.000       2.0508
1735.000       1.9993
1737.000       1.8659
1738.000       1.8208
1739.000       1.7342
1740.000       1.6638
1741.000       1.8110
1743.000       1.9516
1744.000       2.0713
1747.000       2.0218
1748.000       1.9484
1749.000       2.5221
1751.000       2.4292
1753.000       2.5976
1755.000       2.7629
1756.000       2.8484
1757.000       3.1812
1758.000       2.7762
1759.000       2.7398
1760.000       2.8971
1763.000       2.8290
1765.000       2.6079
1766.000       2.5684
1768.000       2.3349
1769.000       2.2315
1771.000       2.1469
1773.000       2.1626
1774.000       2.2109
1777.000       2.2736
1778.000       2.3612
1779.000       2.5748
1780.000       2.8421
1782.000       2.7837
1784.000       3.0638
1786.000       3.1261
1787.000       3.2252
1788.000       3.5741
1789.000       3.2143
1790.000       3.0663
1791.000       3.1980
1794.000       3.1079
1796.000       2.8623
1797.000       2.7912
1799.000       2.6092
1800.000       2.5691
1802.000       2.5417
1804.000       2.5540
1805.000       2.6695
1808.000       2.5789
1809.000       2.6013
1810.000       2.7275
1811.000       3.1452
1813.000       3.0358
1815.000       3.2642
1817.000       3.4362
1818.000       3.6180
1819.000       3.9017
1820.000       3.6513
1821.000       3.4942
1822.000       3.4857
1825.000       3.3806
1827.000       3.1845
1828.000       3.2438
1830.000       3.1958
1831.000       3.2381
1833.000       3.2500
1835.000       3.2422
1836.000       3.3155
1837.000       3.2193
1839.000       3.1871
1840.000       3.2150
1841.000       3.5595
1843.000       3.5191
1845.000       3.6599
1847.000       3.5592
1848.000       3.7088
1849.000       3.8661
1850.000       3.9501
1851.000       3.4366
1852.000       3.2686
1855.000       3.0267
1857.000       2.8070
1858.000       2.7554
1860.000       2.7620
1861.000       2.9472
1863.000       3.0195
1865.000       2.9461
1866.000       3.0955
1867.000       2.7739
1869.000       2.6608
1870.000       2.5558
1871.000       3.1468
1873.000       3.0642
1875.000       3.0796
1877.000       3.0340
1878.000       3.2197
1879.000       3.5608
1880.000       3.1687
1881.000       3.1253
1882.000       3.3586
1885.000       3.2533
1887.000       3.0854
1888.000       2.8356
1890.000       2.5713
1891.000       2.4658
1893.000       2.2654
1894.000       2.2551
1895.000       2.1936
1896.000       2.0972
1899.000       2.3298
1900.000       2.4847
1902.000       2.5557
1903.000       2.4430
1904.000       3.0916
1906.000       2.9155
1908.000       3.1129
1910.000       3.3357
1911.000       3.3251
1912.000       3.6618
1913.000       3.2318
1914.000       3.1015
1915.000       3.2193
1918.000       3.0171
1920.000       2.8886
1921.000       2.6089
1923.000       2.4727
1924.000       2.5585
1926.000       2.4782
1927.000       2.2906
1928.000       2.2057
1929.000       2.3001
1932.000       2.1633
1933.000       2.2307
1935.000       2.3167
1936.000       2.3134
1937.000       2.8397
1939.000       2.6105
1941.000       2.4776
1943.000       2.8743
1944.000       2.9107
1945.000       3.0987
1946.000       3.0109
1947.000       2.7630
1948.000       2.6895
1951.000       2.5307
1953.000       2.4925
1954.000       2.3663
1956.000       2.3668
1957.000       2.5913
1959.000       2.6547
1960.000       2.4444
1961.000       2.4787
1962.000       2.6935
1965.000       2.4203
1966.000       2.3404
1968.000       2.2619
1969.000       2.2996
1970.000       2.4718
1972.000       2.3607
1974.000       2.3874
1976.000       2.5499
1977.000       2.5469
1978.000       2.7819
1979.000       2.5381
1980.000       2.3886
1981.000       2.4799
1984.000       2.3936
1986.000       2.2719
1987.000       2.2036
1989.000       2.0421
1990.000       1.9969
1992.000       1.8909
1994.000       1.8325
1995.000       1.7928
1998.000       1.9185
1999.000       2.0201
2000.000       2.1692
2001.000       2.3447
2003.000       2.2987
2005.000       2.4748
2007.000       2.5010
2008.000       2.5097
2009.000       2.7558
2010.000       2.4477
2011.000       2.3869
2012.000       2.5094
2015.000       2.4045
2017.000       2.2751
2018.000       2.1582
2020.000       1.9785
2021.000       1.9428
2023.000       1.8074
2025.000       1.6969
2026.000       1.6257
2027.000       1.7648
2029.000       1.8983
2030.000       1.9953
2031.000       2.3080
2033.000       2.2215
2035.000       2.3892
2037.000       2.4539
2038.000       2.4222
2039.000       2.6466
2040.000       2.3683
2041.000       2.2826
2042.000       2.3510
2045.000       2.2336
2047.000       2.1300
2048.000       1.9974
2050.000       1.8397
2051.000       1.8431
2053.000       1.7294
2055.000       1.6000
2056.000       1.5192
2059.000       1.6237
2060.000       1.7434
2061.000       1.8212
2062.000       2.1335
2064.000       2.0401
2066.000       2.1756
2068.000       2.2568
2069.000       2.2224
2070.000       2.4275
2071.000       2.2315
2072.000       2.0422
2073.000       2.0996
2076.000       1.9626
2078.000       1.8771
2079.000       1.7535
2081.000       1.6250
2082.000       1.6464
2084.000       1.5819
2086.000       1.4690
2087.000       1.4564
2088.000       1.4637
2090.000       1.5481
2091.000       1.6194
2092.000       1.8602
2094.000       1.7829
2096.000       1.9225
2098.000       1.9639
2099.000       1.9404
2100.000       2.1296
2101.000       1.9574
2102.000       1.8087
2103.000       1.8876
2106.000       1.8121
2108.000       1.7288
2109.000       1.6451
2111.000       1.5017
2112.000       1.5024
2114.000       1.4486
2116.000       1.3549
2117.000       1.3533
2120.000       1.3549
2121.000       1.4395
2122.000       1.5299
2123.000       1.7549
2125.000       1.7237
2127.000       1.9012
2129.000       1.8822
2130.000       1.9061
2131.000       2.1243
2132.000       1.8884
2133.000       1.8196
2134.000       1.9410
2137.000       1.8945
2139.000       1.7598
2140.000       1.6921
2142.000       1.5349
2143.000       1.5116
2145.000       1.4408
2147.000       1.3904
2148.000       1.4106
2149.000       1.4156
2151.000       1.4842
2152.000       1.5705
2153.000       1.8684
2155.000       1.8087
2157.000       1.9959
2159.000       2.0560
2160.000       2.1026
2161.000       2.3694
2162.000       2.0254
2163.000       2.0715
2164.000       1.8524
2167.000       1.7602
2169.000       1.6347
2170.000       1.5293
2172.000       1.3995
2173.000       1.4154
2175.000       1.3596
2176.000       1.2958
2177.000       1.2925
2178.000       1.3289
2181.000       1.3501
2182.000       1.4000
2184.000       1.3973
2185.000       1.3341
2186.000       1.8033
2188.000       1.6701
2190.000       1.7695
2192.000       1.8837
2193.000       2.0747
2194.000       2.1618
2195.000       2.2257
2196.000       2.0790
2197.000       2.1985
2200.000       2.1697
2202.000       2.0663
2203.000       1.9868
2205.000       1.9158
2206.000       1.9353
2208.000       1.8787
2209.000       1.8100
2210.000       1.7542
2211.000       1.7486
2214.000       1.7460
2215.000       1.7908
2217.000       1.8390
2218.000       1.8423
2219.000       2.1771
2221.000       2.0209
2223.000       2.0477
2225.000       2.2621
2226.000       2.4380
2227.000       2.5333
2228.000       2.5298
2229.000       2.4825
2230.000       2.1599
2233.000       2.3085
2235.000       2.3537
2236.000       2.2627
2238.000       2.2450
2239.000       2.1728
2241.000       2.2728
2242.000       2.3751
2243.000       2.5367
2244.000       2.6057
2245.000       2.7074
2247.000       2.7581
2248.000       3.0055
2251.000       2.6197
2252.000       2.3945
2253.000       2.4999
2255.000       2.5063
2257.000       2.6993
2259.000       2.5166
2260.000       2.6007
2261.000       2.7616
2262.000       2.6882
2263.000       2.4527
2264.000       2.3692
2267.000       2.2633
2269.000       2.1960
2270.000       2.0878
2272.000       1.9950
2273.000       2.0390
2275.000       1.9803
2277.000       1.8673
2278.000       1.8339
2281.000       1.8289
2282.000       1.8924
2283.000       1.8826
2284.000       2.1692
2286.000       2.0954
2288.000       2.1796
2290.000       2.2327
2291.000       2.2184
2292.000       2.3407
2293.000       2.4655
2294.000       1.9598
2295.000       1.7907
2298.000       1.6247
2300.000       1.6804
2301.000       1.7635
2303.000       1.9902
2304.000       2.1346
2306.000       2.4131
2307.000       2.4597
2308.000       2.7873
2309.000       3.0822
2310.000       2.8326
2312.000       2.6158
2313.000       2.7969
2316.000       2.3041
2317.000       2.2200
2318.000       1.6333
2320.000       1.7054
2322.000       1.7119
2324.000       1.5914
2325.000       1.5745
2326.000       1.6859
2327.000       1.6503
2328.000       1.4755
2329.000       1.4785
2332.000       1.4133
2334.000       1.3976
2335.000       1.3536
2337.000       1.3358
2338.000       1.3923
2340.000       1.4083
2341.000       1.3494
2342.000       1.3685
2343.000       1.4536
2344.000       1.3376
2346.000       1.3193
2347.000       1.3547
2350.000       1.3086
2351.000       1.3128
2352.000       1.3708
2354.000       1.3411
2356.000       1.4041
2358.000       1.4098
2359.000       1.4051
2360.000       1.5193
2361.000       1.4343
2362.000       1.3478
2363.000       1.4076
2366.000       1.3785
2368.000       1.3864
2369.000       1.3298
2371.000       1.2711
2372.000       1.2934
2374.000       1.3239
2376.000       1.3041
2377.000       1.3844
2378.000       1.2651
2380.000       1.2620
2381.000       1.3201
2382.000       1.2930
2384.000       1.3108
2386.000       1.4624
2388.000       1.3798
2389.000       1.4164
2390.000       1.5937
2391.000       1.4517
2392.000       1.3980
2393.000       1.5054
2396.000       1.5095
2398.000       1.3935
2399.000       1.3538
2401.000       1.2183
2402.000       1.1999
2404.000       1.1837
2405.000       1.1425
2406.000       1.1487
2407.000       1.2199
2410.000       1.1715
2411.000       1.2268
2413.000       1.2537
2414.000       1.1799
2415.000       1.5455
2417.000       1.5096
2419.000       1.7082
2421.000       1.7782
2422.000       1.9405
2423.000       2.2302
2424.000       1.9171
2425.000       1.9219
2426.000       2.0589
2429.000       2.0177
2431.000       1.8006
2432.000       1.7802
2434.000       1.6495
2435.000       1.6253
2437.000       1.5798
2439.000       1.5720
2440.000       1.6181
2441.000       1.5981
2443.000       1.6328
2444.000       1.7177
2445.000       2.1190
2447.000       2.0221
2449.000       2.1700
2451.000       2.3945
2452.000       2.6022
2453.000       2.9031
2454.000       2.5893
2455.000       2.5493
2456.000       2.6365
2459.000       2.5533
2461.000       2.2960
2462.000       2.2947
2464.000       2.1884
2465.000       2.1812
2467.000       2.1086
2469.000       2.0695
2470.000       2.0544
2473.000       2.1155
2474.000       2.1625
2475.000       2.2410
2476.000       2.7133
2478.000       2.5868
2480.000       2.6829
2482.000       3.0015
2483.000       3.2725
2484.000       3.5735
2485.000       3.2914
2486.000       3.2330
2487.000       3.3164
2490.000       3.2966
2492.000       3.0341
2493.000       3.0958
2495.000       2.9663
2496.000       2.9030
2498.000       2.8034
2500.000       2.7687
2501.000       2.7143
2502.000       2.8671
2504.000       2.9673
2505.000       3.1019
2506.000       3.5094
2508.000       3.4263
2510.000       3.5805
2512.000       3.8245
2513.000       4.1204
2514.000       4.4283
2515.000       4.0942
2516.000       4.1370
2517.000       4.2837
2520.000       4.2912
2522.000       3.9988
2523.000       4.0438
2525.000       3.8438
2526.000       3.7689
2528.000       3.6133
2530.000       3.5164
2531.000       3.4016
2532.000       3.6197
2534.000       3.7859
2535.000       3.9153
2536.000       4.4887
2538.000       4.3982
2540.000       4.5925
2542.000       4.8287
2543.000       5.1083
2544.000       5.4419
2545.000       5.0401
2546.000       5.1188
2547.000       5.2967
2550.000       5.2584
2552.000       4.9289
2553.000       4.8958
2555.000       4.6524
2556.000       4.5915
2558.000       4.3968
2560.000       4.2547
2561.000       4.0967
2564.000       4.3168
2565.000       4.5188
2566.000       4.6181
2567.000       5.4056
2569.000       5.2446
2571.000       5.4289
2573.000       5.7733
2574.000       6.0109
2575.000       6.3917
2576.000       5.9378
2577.000       5.9161
2578.000       6.0618
2581.000       5.9358
2583.000       5.5755
2584.000       5.4787
2586.000       5.2542
2587.000       5.2298
2589.000       5.0422
2591.000       4.8793
2592.000       4.7347
2595.000       4.9029
2596.000       5.0906
2597.000       5.1418
2598.000       6.0512
2600.000       5.8115
2602.000       5.9446
2604.000       6.4198
2605.000       6.6907
2606.000       7.0780
2607.000       6.7252
2608.000       6.5319
2609.000       6.5944
2612.000       6.4680
2614.000       6.1193
2615.000       6.0993
2617.000       5.9320
2618.000       5.9405
2620.000       5.8629
2622.000       5.7843
2623.000       5.7936
2626.000       5.7832
2627.000       5.8481
2628.000       5.9066
2629.000       6.6627
2631.000       6.4691
2633.000       6.6253
2635.000       6.9918
