   2.000       4.4551
   3.000       4.5708
   6.000       4.5194
   8.000       4.5181
   9.000       4.3280
  11.000       4.0595
  12.000       3.9841
  14.000       3.7868
  15.000       3.7154
  16.000       3.5478
  17.000       3.4269
  18.000       3.5774
  20.000       3.7540
  21.000       3.8017
  24.000       3.9205
  25.000       3.8857
  26.000       4.2401
  28.000       4.2394
  30.000       4.5154
  32.000       4.3415
  33.000       4.1330
  34.000       4.3829
  35.000       3.9512
  36.000       3.9453
  37.000       4.1042
  40.000       3.9268
  42.000       3.8499
  43.000       3.6019
  45.000       3.3736
  46.000       3.3715
  48.000       3.1967
  50.000       3.0196
  51.000       2.8972
  54.000       3.0245
  55.000       3.1967
  56.000       3.2348
  57.000       3.6616
  59.000       3.5372
  61.000       3.7074
  63.000       3.7643
  64.000       3.5993
  65.000       3.8355
  66.000       3.5039
  67.000       3.3572
  68.000       3.4402
  71.000       3.2172
  73.000       3.1219
  74.000       2.8779
  76.000       2.7147
  77.000       2.7607
  79.000       2.6029
  80.000       2.4411
  81.000       2.2701
  82.000       2.2182
  83.000       2.2145
  85.000       2.2993
  86.000       2.2792
  89.000       2.4468
  90.000       2.5145
  91.000       3.0079
  93.000       2.8358
  95.000       2.9328
  97.000       3.1077
  98.000       3.0629
  99.000       3.2578
 100.000       3.2790
 101.000       2.7835
 102.000       2.7247
 105.000       2.5270
 107.000       2.4306
 108.000       2.2482
 110.000       2.1319
 111.000       2.2103
 113.000       2.1100
 114.000       1.9488
 115.000       1.8320
 116.000       1.8327
 119.000       1.7918
 120.000       1.8488
 122.000       1.9356
 123.000       1.9767
 124.000       2.3913
 126.000       2.2541
 128.000       2.3609
 130.000       2.5037
 131.000       2.4907
 132.000       2.6933
 133.000       2.5216
 134.000       2.3158
 135.000       2.2671
 138.000       2.1340
 140.000       2.0069
 141.000       1.8984
 143.000       1.7890
 144.000       1.8580
 146.000       1.8092
 148.000       1.6752
 149.000       1.6757
 152.000       1.6213
 153.000       1.6808
 154.000       1.7091
 155.000       2.0878
 157.000       1.9787
 159.000       2.0949
 161.000       2.2341
 162.000       2.2862
 163.000       2.4887
 164.000       2.3120
 165.000       2.1561
 166.000       2.1941
 169.000       2.0756
 171.000       1.9463
 172.000       1.8525
 174.000       1.7633
 175.000       1.8315
 177.000       1.7812
 179.000       1.6485
 180.000       1.6343
 181.000       1.5983
 183.000       1.6556
 184.000       1.6657
 185.000       2.0439
 187.000       1.9287
 189.000       2.0107
 191.000       2.1726
 192.000       2.1951
 193.000       2.3818
 194.000       2.1933
 195.000       2.0664
 196.000       2.1368
 199.000       1.9967
 201.000       1.8748
 202.000       1.7441
 204.000       1.6237
 205.000       1.6761
 207.000       1.6075
 209.000       1.4643
 210.000       1.4309
 213.000       1.4138
 214.000       1.4998
 215.000       1.5170
 216.000       1.9193
 218.000       1.7970
 220.000       1.8877
 222.000       2.0398
 223.000       2.0062
 224.000       2.2042
 225.000       1.9988
 226.000       1.8326
 227.000       1.8960
 230.000       1.7339
 232.000       1.6214
 233.000       1.4787
 235.000       1.3802
 236.000       1.4378
 238.000       1.3682
 239.000       1.2430
 240.000       1.1643
 241.000       1.2010
 242.000       1.1120
 244.000       1.1412
 245.000       1.1483
 248.000       1.2206
 249.000       1.2592
 250.000       1.6254
 252.000       1.5095
 254.000       1.6015
 256.000       1.7143
 257.000       1.6655
 258.000       1.8490
 259.000       1.6772
 260.000       1.4849
 261.000       1.5280
 264.000       1.4008
 266.000       1.2989
 267.000       1.2080
 269.000       1.1299
 270.000       1.1625
 272.000       1.1320
 273.000       1.0698
 274.000       1.0780
 275.000       1.1448
 276.000       1.0783
 278.000       1.0823
 279.000       1.1453
 282.000       1.0890
 283.000       1.0742
 284.000       1.3277
 286.000       1.2489
 288.000       1.3682
 290.000       1.4407
 291.000       1.4584
 292.000       1.6583
 293.000       1.5352
 294.000       1.2852
 295.000       1.3061
 298.000       1.2193
 300.000       1.1936
 301.000       1.1653
 303.000       1.1240
 304.000       1.1442
 306.000       1.1457
 307.000       1.1210
 308.000       1.1595
 309.000       1.2229
 310.000       1.1849
 312.000       1.1758
 313.000       1.2496
 316.000       1.1500
 317.000       1.1146
 318.000       1.1586
 320.000       1.1641
 322.000       1.2865
 324.000       1.2303
 325.000       1.2701
 326.000       1.4040
 327.000       1.3500
 328.000       1.2517
 329.000       1.3011
 332.000       1.3903
 334.000       1.4052
 335.000       1.4931
 337.000       1.4192
 338.000       1.4129
 340.000       1.4088
 341.000       1.4070
 342.000       1.4444
 343.000       1.4931
 344.000       1.4679
 346.000       1.4730
 347.000       1.5417
 350.000       1.4514
 351.000       1.4119
 352.000       1.4557
 354.000       1.6019
 356.000       1.8069
 358.000       1.5405
 359.000       1.6344
 360.000       1.7719
 361.000       1.6367
 362.000       1.6895
 363.000       1.7649
 366.000       1.8409
 368.000       1.8437
 369.000       1.9222
 371.000       1.8052
 372.000       1.8303
 374.000       1.7365
 376.000       1.6126
 377.000       1.5684
 378.000       1.6176
 380.000       1.7013
 381.000       1.7347
 382.000       1.9421
 384.000       2.0351
 386.000       2.2866
 388.000       2.0192
 389.000       2.0455
 390.000       2.2003
 391.000       2.1654
 392.000       1.9117
 393.000       1.8995
 396.000       1.8015
 398.000       1.7931
 399.000       1.7226
 401.000       1.5917
 402.000       1.5966
 404.000       1.4884
 405.000       1.4167
 406.000       1.3367
 407.000       1.3090
 408.000       1.3422
 410.000       1.4134
 411.000       1.4411
 414.000       1.4895
 415.000       1.4851
 416.000       1.7043
 418.000       1.7209
 420.000       1.8623
 422.000       1.7771
 423.000       1.6817
 424.000       1.8494
 425.000       1.6463
 426.000       1.5509
 427.000       1.6131
 430.000       1.4990
 432.000       1.4760
 433.000       1.3496
 435.000       1.2586
 436.000       1.2982
 438.000       1.2499
 440.000       1.1595
 441.000       1.1563
 444.000       1.1454
 445.000       1.1914
 446.000       1.2317
 447.000       1.3705
 449.000       1.3150
 451.000       1.4014
 453.000       1.4059
 454.000       1.3912
 455.000       1.4659
 456.000       1.4678
 457.000       1.3087
 458.000       1.3119
 461.000       1.2964
 463.000       1.2738
 464.000       1.2727
 466.000       1.2362
 467.000       1.2311
 469.000       1.2525
 471.000       1.2696
 472.000       1.3373
 475.000       1.2806
 476.000       1.2660
 477.000       1.3352
 478.000       1.3293
 480.000       1.3534
 482.000       1.4728
 484.000       1.4334
 485.000       1.5585
 486.000       1.7433
 487.000       1.6288
 488.000       1.5943
 489.000       1.7415
 492.000       1.8918
 494.000       1.8004
 495.000       1.9687
 497.000       1.8375
 498.000       1.7163
 500.000       1.7507
 502.000       1.9029
 503.000       2.0605
 506.000       2.0128
 507.000       1.9824
 508.000       2.1923
 509.000       2.0663
 511.000       2.2083
 513.000       2.6331
 515.000       2.3128
 518.000      10.6297
 519.000      10.8960
 522.000      10.4612
 524.000      10.4303
 525.000       9.8184
 527.000       9.4685
 528.000       9.6556
 530.000       9.5073
 531.000       9.1759
 532.000       9.1031
 533.000       9.3196
 534.000       8.9984
 536.000       8.9833
 537.000       9.0960
 540.000       9.0749
 541.000       9.1520
 542.000       9.6956
 544.000       9.4150
 546.000       9.7724
 548.000       9.8626
 549.000       9.4274
 550.000       9.9237
 551.000       9.3500
 552.000       8.6931
 553.000       8.7606
 556.000       8.1765
 558.000       8.0496
 559.000       7.4568
 561.000       7.2936
 562.000       7.5279
 564.000       7.6144
 566.000       7.4625
 567.000       7.7452
 570.000       7.2446
 571.000       7.1418
 572.000       7.1185
 573.000       7.5974
 575.000       7.0879
 577.000       7.0680
 579.000       7.6156
 580.000       7.3612
 581.000       7.7256
 582.000       7.6226
 583.000       6.5320
 584.000       6.2764
 587.000       5.5880
 589.000       5.5965
 590.000       5.1639
 592.000       5.3843
 593.000       5.7777
 595.000       6.0630
 596.000       5.8658
 597.000       6.2114
 598.000       6.7081
 599.000       6.1277
 601.000       5.7564
 602.000       5.9477
 605.000       5.3920
 606.000       5.4603
 607.000       5.1202
 609.000       4.7190
 611.000       4.5046
 613.000       5.0320
 614.000       4.7715
 615.000       5.0954
 616.000       5.0229
 617.000       4.0815
 618.000       3.9036
 621.000       3.4330
 623.000       3.5209
 624.000       3.2957
 626.000       3.5729
 627.000       3.7869
 629.000       4.2416
 631.000       4.5162
 632.000       5.0348
 633.000       4.3461
 635.000       3.9080
 636.000       4.0406
 637.000       3.0790
 639.000       2.9400
 641.000       2.8943
 643.000       3.0474
 644.000       3.0485
 645.000       3.3535
 646.000       3.3140
 647.000       2.7196
 648.000       2.3643
 651.000       2.2705
 653.000       2.4754
 654.000       2.5602
 656.000       2.8748
 657.000       3.5311
 659.000       3.8971
 660.000       3.4776
 661.000       3.8024
 662.000       4.3876
 663.000       3.6406
 665.000       3.2708
 666.000       3.6289
 669.000       2.8353
 670.000       2.9149
 671.000       2.2888
 673.000       2.3646
 675.000       2.6635
 677.000       2.3286
 678.000       2.4359
 679.000       2.5913
 680.000       2.6613
 681.000       2.3396
 682.000       2.3963
 685.000       2.3545
 687.000       2.3502
 688.000       2.4001
 690.000       2.3811
 691.000       2.5418
 693.000       2.6538
 694.000       2.6275
 695.000       2.9723
 696.000       3.2550
 699.000       3.2600
 700.000       3.1702
 702.000       2.7877
 703.000       2.5103
 704.000       2.3550
 706.000       2.4715
 708.000       2.7551
 710.000       2.5544
 711.000       2.4834
 712.000       2.9069
 713.000       2.4043
 714.000       2.2919
 715.000       2.5374
 718.000       2.4784
 720.000       2.4926
 721.000       2.4031
 723.000       2.2245
 724.000       1.9795
 726.000       2.0354
 727.000       2.4291
 728.000       2.9408
 729.000       3.1076
 732.000       3.4365
 733.000       3.4194
 735.000       3.0077
 736.000       2.5235
 737.000       2.2110
 739.000       2.3068
 741.000       2.6676
 743.000       2.3512
 744.000       2.2550
 745.000       2.5737
 746.000       2.2410
 747.000       2.0174
 748.000       2.0860
 751.000       1.9419
 753.000       1.8997
 754.000       1.7635
 756.000       1.6672
 757.000       1.7106
 759.000       1.6502
 760.000       1.5439
 761.000       1.4744
 762.000       1.4961
 763.000       1.4369
 765.000       1.4773
 766.000       1.4945
 769.000       1.5421
 770.000       1.5642
 771.000       1.7754
 773.000       1.7187
 775.000       1.8568
 777.000       1.8421
 778.000       1.7973
 779.000       1.9549
 780.000       1.7900
 781.000       1.6878
 782.000       1.7224
 785.000       1.6465
 787.000       1.5776
 788.000       1.4837
 790.000       1.3815
 791.000       1.3864
 793.000       1.3084
 794.000       1.2400
 795.000       1.1768
 796.000       1.1707
 797.000       1.1738
 799.000       1.2268
 800.000       1.2577
 803.000       1.2940
 804.000       1.2921
 805.000       1.5822
 807.000       1.5217
 809.000       1.6256
 811.000       1.6829
 812.000       1.6937
 813.000       1.8620
 814.000       1.6821
 815.000       1.6143
 816.000       1.6750
 819.000       1.6096
 821.000       1.5277
 822.000       1.4634
 824.000       1.3802
 825.000       1.3799
 827.000       1.3321
 829.000       1.2859
 830.000       1.2858
 833.000       1.2986
 834.000       1.3405
 835.000       1.3902
 836.000       1.5932
 838.000       1.5481
 840.000       1.6573
 842.000       1.7090
 843.000       1.7677
 844.000       1.9220
 845.000       1.7997
 846.000       1.6953
 847.000       1.7275
 850.000       1.6764
 852.000       1.5877
 853.000       1.5678
 855.000       1.5151
 856.000       1.5185
 858.000       1.4956
 860.000       1.4759
 861.000       1.4963
 862.000       1.4905
 864.000       1.5097
 865.000       1.5616
 866.000       1.7005
 868.000       1.6588
 870.000       1.7534
 872.000       1.8206
 873.000       1.8621
 874.000       2.0454
 875.000       1.8626
 876.000       1.7767
 877.000       1.8386
 880.000       1.7607
 882.000       1.6560
 883.000       1.5678
 885.000       1.4512
 886.000       1.4713
 888.000       1.4053
 889.000       1.3232
 890.000       1.2904
 891.000       1.3345
 892.000       1.2914
 894.000       1.3286
 895.000       1.3865
 898.000       1.3675
 899.000       1.3561
 900.000       1.7412
 902.000       1.6597
 904.000       1.7574
 906.000       1.8764
 907.000       1.8596
 908.000       2.1146
 909.000       1.8783
 910.000       1.6994
 911.000       1.7153
 914.000       1.6918
 916.000       1.7781
 917.000       1.7483
 919.000       1.7149
 920.000       1.7515
 922.000       1.7971
 923.000       1.7758
 924.000       1.8508
 925.000       1.9422
 928.000       1.9090
 929.000       1.9067
 931.000       1.8326
 932.000       1.7497
 933.000       1.5942
 935.000       1.6511
 937.000       1.7696
 939.000       1.6344
 940.000       1.6262
 941.000       1.8001
 942.000       1.6461
 943.000       1.5562
 944.000       1.5932
 947.000       1.5860
 949.000       1.6198
 950.000       1.5920
 952.000       1.5574
 953.000       1.5225
 955.000       1.5613
 956.000       1.5913
 957.000       1.6681
 958.000       1.7116
 959.000       1.7787
 961.000       1.8420
 962.000       2.0531
 965.000       1.7592
 966.000       1.6173
 967.000       1.5380
 969.000       1.5668
 971.000       1.6283
 973.000       1.5806
 974.000       1.5827
 975.000       1.7087
 976.000       1.5706
 977.000       1.5290
 978.000       1.5883
 981.000       1.4840
 983.000       1.3880
 984.000       1.5434
 986.000       1.5184
 987.000       1.4797
 989.000       1.5053
 990.000       1.5676
 991.000       1.6600
 992.000       1.6963
 995.000       1.7583
 996.000       1.7659
 998.000       1.6774
 999.000       1.5789
1000.000       1.6805
1002.000       1.8608
1004.000       2.2793
1006.000       1.6692
1007.000       1.8082
1008.000       1.9923
1009.000       1.9725
1010.000       2.0083
1011.000       1.7251
1014.000       1.9541
1016.000       2.0679
1017.000       2.0959
1019.000       2.1561
1020.000       2.3127
1022.000       2.4173
1023.000       2.3514
1024.000       2.5280
1025.000       2.7410
1028.000       2.6035
1029.000       2.4913
1031.000       2.2751
1032.000       2.2125
1033.000       2.0661
1035.000       2.0637
1037.000       2.2144
1039.000       2.2376
1040.000       2.3464
1041.000       2.6477
1042.000       2.4176
1043.000       2.1563
1044.000       2.1891
1047.000       2.0707
1049.000       1.9281
1050.000       1.8621
1052.000       1.7736
1053.000       1.7844
1055.000       1.7219
1056.000       1.6604
1057.000       1.6022
1058.000       1.5900
1061.000       1.5877
1062.000       1.6343
1064.000       1.6914
1065.000       1.6972
1066.000       2.0689
1068.000       1.9664
1070.000       2.0457
1072.000       2.2263
1073.000       2.2918
1074.000       2.4189
1075.000       2.4276
1076.000       2.2426
1077.000       2.5000
1080.000       2.3977
1082.000       2.7845
1083.000       3.3333
1085.000       4.1475
1086.000       4.4275
1088.000       5.2562
1090.000       5.8878
1091.000       6.6921
1092.000       5.5842
1094.000       4.7440
1095.000       4.6346
1096.000       2.8270
1098.000       3.4527
1100.000       3.8278
1102.000       2.5369
1103.000       2.6296
1104.000       3.0604
1105.000       2.5665
1106.000       2.4818
1107.000       2.5528
1110.000       2.3737
1112.000       2.2901
1113.000       2.0675
1115.000       1.9371
1116.000       1.9085
1118.000       1.8099
1119.000       1.7487
1120.000       1.6649
1121.000       1.6169
1124.000       1.6701
1125.000       1.7666
1127.000       1.8545
1128.000       1.8336
1129.000       2.2205
1131.000       2.0455
1133.000       2.1114
1135.000       2.3168
1136.000       2.2808
1137.000       2.4525
1138.000       2.3089
1139.000       2.0703
1140.000       2.0439
1143.000       1.8815
1145.000       1.7866
1146.000       1.6344
1148.000       1.5744
1149.000       1.6141
1151.000       1.5531
1153.000       1.4446
1154.000       1.4210
1157.000       1.4154
1158.000       1.4857
1159.000       1.5129
1160.000       1.8019
1162.000       1.6492
1164.000       1.6711
1166.000       1.9015
1167.000       1.9277
1168.000       2.1007
1169.000       1.9816
1170.000       1.7547
1171.000       1.7673
1174.000       1.6552
1176.000       1.5653
1177.000       1.4431
1179.000       1.3461
1180.000       1.4127
1182.000       1.3827
1184.000       1.2740
1185.000       1.2895
1188.000       1.2136
1189.000       1.2514
1190.000       1.2597
1191.000       1.5780
1193.000       1.4843
1195.000       1.5925
1197.000       1.6952
1198.000       1.6704
1199.000       1.8735
1200.000       1.6704
1201.000       1.5009
1202.000       1.5631
1205.000       1.4348
1207.000       1.3243
1208.000       1.2227
1210.000       1.1379
1211.000       1.1907
1213.000       1.1990
1215.000       1.1382
1216.000       1.2165
1219.000       1.0846
1220.000       1.0863
1221.000       1.1165
1222.000       1.3548
1224.000       1.2791
1226.000       1.4038
1228.000       1.4670
1229.000       1.4432
1230.000       1.6277
1231.000       1.3980
1232.000       1.3668
1233.000       1.4646
1236.000       1.4353
1238.000       1.3298
1239.000       1.3206
1241.000       1.2156
1242.000       1.1805
1244.000       1.1491
1245.000       1.1525
1246.000       1.1781
1247.000       1.2070
1248.000       1.2366
1250.000       1.2739
1251.000       1.3721
1254.000       1.2668
1255.000       1.1969
1256.000       1.4579
1258.000       1.4338
1260.000       1.6122
1262.000       1.6199
1263.000       1.7242
1264.000       1.7853
1265.000       1.8013
1266.000       1.8985
1267.000       2.0000
1270.000       2.1836
1272.000       2.2125
1273.000       2.3114
1275.000       2.2719
1276.000       2.1403
1278.000       2.1651
1280.000       2.3226
1281.000       2.4084
1282.000       2.4541
1284.000       2.4423
1285.000       2.6283
1286.000       2.2823
1288.000       2.2893
1290.000       2.4732
1292.000       2.4868
1293.000       2.5866
1294.000       2.5602
1295.000       2.8352
1296.000       2.5041
1297.000       2.5888
1300.000       2.4815
1302.000       2.3121
1303.000       2.3241
1305.000       2.2185
1306.000       2.0508
1308.000       2.0106
1309.000       2.1709
1310.000       2.2685
1311.000       2.2174
1314.000       2.4648
1315.000       2.5592
1317.000       2.4944
1318.000       2.2979
1319.000       2.6240
1321.000       2.5608
1323.000       2.6622
1325.000       2.6555
1326.000       2.8295
1327.000       2.9343
1328.000       3.0039
1329.000       2.8381
1330.000       2.9141
1333.000       3.0184
1335.000       3.1062
1336.000       3.1837
1338.000       3.1819
1339.000       3.1963
1341.000       3.2892
1343.000       3.4307
1344.000       3.6407
1345.000       3.5156
1347.000       3.3887
1348.000       3.6278
1349.000       3.0528
1351.000       3.3483
1353.000       3.8425
1355.000       3.2226
1356.000       3.1670
1357.000       3.0099
1358.000       3.5114
1359.000       3.1251
1360.000       3.1939
1363.000       3.2065
1365.000       3.6226
1366.000       3.5949
1368.000       3.9948
1369.000       3.9945
1371.000       4.5122
1373.000       5.0732
1374.000       5.6932
1377.000       5.1270
1378.000       4.5794
1379.000       4.7494
1380.000       2.7219
1382.000       3.0835
1384.000       3.3371
1386.000       2.5932
1387.000       2.5675
1388.000       3.3854
1389.000       2.5248
1390.000       2.2566
1391.000       2.0482
1394.000       1.7912
1396.000       1.6445
1397.000       1.5098
1399.000       1.5151
1400.000       1.6484
1402.000       1.6804
1403.000       1.5391
1404.000       1.5187
1405.000       1.6383
1408.000       1.4147
1409.000       1.3294
1411.000       1.3399
1412.000       1.4395
1413.000       1.7267
1415.000       1.5519
1417.000       1.5376
1419.000       1.8243
1420.000       1.9389
1421.000       2.0186
1422.000       2.1096
1423.000       1.8379
1424.000       1.7204
1427.000       1.6626
1429.000       1.6542
1430.000       1.6860
1432.000       1.7686
1433.000       1.8283
1435.000       1.9198
1437.000       1.9594
1438.000       2.0789
1441.000       1.9189
1442.000       1.8206
1443.000       1.8157
1444.000       1.7635
1446.000       1.7414
1448.000       1.6773
1450.000       1.7987
1451.000       1.9044
1452.000       1.9725
1453.000       1.9977
1454.000       1.9089
1455.000       1.8929
1458.000       1.9292
1460.000       1.9197
1461.000       2.0187
1463.000       2.0895
1464.000       2.0793
1466.000       2.1640
1468.000       2.2605
1469.000       2.3727
1472.000       2.2829
1473.000       2.2007
1474.000       2.2620
1475.000       2.0351
1477.000       2.0925
1479.000       2.1411
1481.000       2.0900
1482.000       2.2512
1483.000       2.3038
1484.000       2.3614
1485.000       2.3356
1486.000       2.3449
1489.000       2.4956
1491.000       2.5001
1492.000       2.6997
1494.000       2.7003
1495.000       2.5823
1497.000       2.6078
1499.000       2.7510
1500.000       2.8097
1501.000       2.8667
1503.000       2.8593
1504.000       3.0192
1505.000       2.6868
1507.000       2.8648
1509.000       3.0218
1511.000       2.7605
1512.000       2.9654
1513.000       3.0344
1514.000       2.9673
1515.000       3.2129
1516.000       3.3946
1519.000       3.6337
1521.000       3.5298
1522.000       3.6999
1524.000       3.5105
1525.000       3.3764
1527.000       3.2957
1528.000       3.3807
1529.000       3.4094
1530.000       3.3716
1531.000       3.5467
1533.000       3.6556
1534.000       3.8092
1537.000       3.6502
1538.000       3.5067
1539.000       3.8425
1541.000       3.9855
1543.000       4.2802
1545.000       4.0827
1546.000       4.3710
1547.000       4.6968
1548.000       4.6713
1549.000       4.1388
1550.000       4.0024
1553.000       3.9010
1555.000       4.2823
1556.000       4.3934
1558.000       4.8748
1559.000       5.1153
1561.000       5.7332
1562.000       5.9094
1563.000       6.6211
1564.000       7.2490
1567.000       6.8489
1568.000       6.4055
1570.000       5.6974
1571.000       5.4395
1572.000       3.5921
1574.000       4.0522
1576.000       4.3285
1578.000       3.4664
1581.000       3.9995
1582.000       4.2445
1585.000       4.2427
1587.000       4.1893
1588.000       4.1848
1590.000       3.9892
1591.000       3.7209
1593.000       3.6672
1595.000       3.9270
1596.000       4.0319
1599.000       4.2398
1600.000       4.2606
1601.000       4.6567
1602.000       4.0821
1604.000       4.1849
1606.000       4.4758
1608.000       4.3272
1609.000       4.4388
1610.000       4.8427
1611.000       4.2405
1612.000       4.4648
1613.000       4.8068
1616.000       4.8704
1618.000       4.6151
1619.000       4.6310
1621.000       4.2393
1622.000       3.9344
1624.000       3.6245
1626.000       3.6092
1627.000       3.4050
1628.000       3.9498
1630.000       4.2612
1631.000       4.6036
1632.000       4.8775
1634.000       4.9010
1636.000       5.3469
1638.000       5.2644
1639.000       5.3262
1640.000       5.8006
1641.000       4.9808
1642.000       5.3259
1643.000       5.7205
1646.000       5.7112
1648.000       5.4211
1649.000       5.2743
1651.000       4.7651
1652.000       4.4819
1654.000       4.0756
1655.000       4.0901
1656.000       3.8060
1657.000       3.4402
1658.000       4.0429
1660.000       4.4839
1661.000       4.7106
1664.000       4.7398
1665.000       4.5273
1666.000       5.5858
1668.000       5.5108
1670.000       5.9647
1672.000       5.9717
1673.000       5.8967
1674.000       6.4081
1675.000       5.5451
1676.000       5.6968
1677.000       6.0406
1680.000       5.8086
1682.000       5.5029
1683.000       5.1307
1685.000       4.6271
1686.000       4.5262
1688.000       4.0823
1689.000       3.8534
1690.000       3.3918
1691.000       3.0778
1692.000       3.3787
1694.000       3.7721
1695.000       3.7878
1698.000       4.1904
1699.000       4.2026
1700.000       5.5154
1702.000       5.2408
1704.000       5.5807
1706.000       5.8175
1707.000       5.6356
1708.000       6.0424
1709.000       5.5313
1710.000       5.1869
1711.000       5.3768
1714.000       4.7852
1716.000       4.5134
1717.000       3.8695
1719.000       3.5366
1720.000       3.7731
1722.000       3.5301
1723.000       3.0432
1724.000       2.7501
1725.000       2.9059
1728.000       2.5316
1729.000       2.5747
1731.000       2.8384
1732.000       3.0505
1733.000       4.2871
1735.000       3.7729
1737.000       3.9059
1739.000       4.4314
1740.000       4.2827
1741.000       4.5077
1742.000       4.5947
1743.000       3.6380
1744.000       3.3686
1747.000       2.9073
1749.000       2.7839
1750.000       2.5752
1752.000       2.6992
1753.000       3.0895
1755.000       3.3696
1757.000       3.2960
1758.000       3.6593
1759.000       2.9560
1761.000       2.6540
1762.000       2.5816
1763.000       2.8308
1765.000       2.6055
1767.000       2.5597
1769.000       2.8518
1770.000       2.9663
1771.000       3.1579
1772.000       3.2265
1773.000       2.6721
1774.000       2.6920
1777.000       2.4852
1779.000       2.3180
1780.000       2.1519
1782.000       1.9597
1783.000       2.0404
1785.000       1.8886
1786.000       1.6921
1787.000       1.5566
1788.000       1.5837
1791.000       1.5071
1792.000       1.5518
1794.000       1.6693
1795.000       1.7385
1796.000       2.3445
1798.000       2.1860
1800.000       2.3721
1802.000       2.5100
1803.000       2.5032
1804.000       2.7715
1805.000       2.6569
1806.000       2.1454
1807.000       2.0666
1810.000       1.7910
1812.000       1.6909
1813.000       1.6195
1815.000       1.6398
1816.000       1.8137
1818.000       1.8171
1819.000       1.6279
1820.000       1.5742
1821.000       1.6838
1824.000       1.4757
1825.000       1.4151
1827.000       1.4274
1828.000       1.5340
1829.000       1.7564
1831.000       1.7587
1833.000       1.8049
1835.000       1.6421
1836.000       1.6868
1837.000       1.7129
1838.000       1.8627
1839.000       1.6424
1840.000       1.5986
1843.000       1.6684
1845.000       1.6655
1846.000       1.8036
1848.000       1.8889
1849.000       1.8873
1851.000       1.9974
1853.000       2.1420
1854.000       2.3048
1855.000       2.1468
1857.000       2.0151
1858.000       2.0643
1859.000       1.8237
1861.000       1.9246
1863.000       2.0169
1865.000       1.9307
1866.000       2.1631
1867.000       2.3115
1868.000       2.2581
1869.000       2.3024
1870.000       2.1839
1873.000       2.4553
1875.000       2.7790
1876.000       3.0121
1878.000       3.2092
1879.000       3.2421
1881.000       3.6153
1882.000       3.8683
1883.000       4.4537
1884.000       4.7992
1885.000       4.7727
1887.000       4.5885
1888.000       5.1000
1891.000       4.0305
1892.000       3.6600
1893.000       2.5868
1895.000       2.8795
1897.000       3.1344
1899.000       2.6744
1900.000       3.0188
1901.000       3.2991
1902.000       3.3450
1903.000       2.9289
1904.000       3.2592
1907.000       3.2877
1909.000       2.9661
1910.000       2.9702
1912.000       2.7162
1913.000       2.4567
1915.000       2.2800
1917.000       2.4051
1918.000       2.3775
1921.000       2.6767
1922.000       2.8158
1923.000       3.1193
1924.000       3.3518
1926.000       3.3157
1928.000       3.6478
1930.000       3.7487
1931.000       4.1162
1932.000       4.5295
1933.000       3.9905
1934.000       4.2168
1935.000       4.4884
1938.000       4.5910
1940.000       4.2642
1941.000       4.3315
1943.000       3.9483
1944.000       3.6251
1946.000       3.3044
1948.000       3.3327
1949.000       3.0898
1952.000       3.6756
1953.000       3.9779
1954.000       4.3320
1955.000       4.7525
1957.000       4.7406
1959.000       5.1422
1961.000       5.2088
1962.000       5.3947
1963.000       5.8949
1964.000       5.1059
1965.000       5.3992
1966.000       5.7732
1969.000       5.7597
1971.000       5.3943
1972.000       5.2800
1974.000       4.8114
1975.000       4.5523
1977.000       4.1854
1978.000       4.2075
1979.000       3.9819
1980.000       3.6395
1983.000       4.1722
1984.000       4.5610
1986.000       4.7985
1987.000       4.6011
1988.000       5.7463
1990.000       5.6145
1992.000       6.0235
1994.000       6.1913
1995.000       6.2421
1996.000       6.7769
1997.000       5.9612
1998.000       6.0621
1999.000       6.3623
2002.000       6.1686
2004.000       5.7769
2005.000       5.4842
2007.000       5.0295
2008.000       4.9325
2010.000       4.5600
2011.000       4.3798
2012.000       4.0370
2013.000       3.8185
2014.000       4.0597
2016.000       4.3715
2017.000       4.4320
2020.000       4.6922
2021.000       4.6753
2022.000       6.0379
2024.000       5.7323
2026.000       6.0440
2028.000       6.4611
2029.000       6.6072
2030.000       6.4886
2031.000       7.1392
2032.000       6.4219
2033.000       6.6328
2036.000       6.4661
2038.000       6.4335
2039.000       6.0618
2041.000       6.0722
2042.000       6.3035
2044.000       6.4613
2046.000       6.3784
2047.000       6.6445
2050.000       6.1456
2051.000       5.9829
2052.000       5.8713
2053.000       6.1446
2055.000       5.8181
2057.000       5.5928
2059.000       6.2696
2062.000       4.1456
2063.000       4.2302
2066.000       4.1276
2068.000       4.1020
2069.000       3.9205
2071.000       3.6707
2072.000       3.6209
2074.000       3.4358
2075.000       3.3448
2076.000       3.1802
2077.000       3.0571
2080.000       3.1851
2081.000       3.3508
2083.000       3.5168
2084.000       3.4960
2085.000       3.8632
2087.000       3.8536
2089.000       4.1159
2091.000       3.9504
2092.000       3.7712
2093.000       3.9817
2094.000       3.6129
2095.000       3.6230
2096.000       3.7446
2099.000       3.5943
2101.000       3.5250
2102.000       3.3120
2104.000       3.1397
2105.000       3.1444
2107.000       2.9899
2108.000       2.8604
2109.000       2.6728
2110.000       2.5823
2111.000       2.6147
2113.000       2.7202
2114.000       2.6616
2117.000       2.8953
2118.000       2.9550
2119.000       3.3777
2121.000       3.2625
2123.000       3.3848
2125.000       3.4537
2126.000       3.3014
2127.000       3.4873
2128.000       3.2322
2129.000       3.0747
2130.000       3.1107
2133.000       2.8988
2135.000       2.8361
2136.000       2.6186
2138.000       2.5475
2139.000       2.6485
2141.000       2.5616
2142.000       2.3864
2143.000       2.2542
2144.000       2.2706
2145.000       2.1249
2147.000       2.1173
2148.000       2.0092
2151.000       2.2433
2152.000       2.3737
2153.000       2.7104
2155.000       2.5356
2157.000       2.5447
2159.000       2.7337
2160.000       2.6821
2161.000       2.7484
2162.000       2.8351
2163.000       2.4395
2164.000       2.2836
2167.000       2.0576
2169.000       2.0555
2170.000       1.9562
2172.000       2.1053
2173.000       2.3000
2175.000       2.4005
2176.000       2.2645
2177.000       2.3108
2178.000       2.4691
2179.000       2.1842
2181.000       2.0151
2182.000       1.9398
2185.000       1.9564
2186.000       2.0896
2187.000       1.9941
2189.000       1.8602
2191.000       1.7176
2193.000       1.9522
2194.000       2.0591
2195.000       2.2338
2196.000       2.1971
2197.000       1.9390
2198.000       1.8750
2201.000       1.7929
2203.000       1.7660
2204.000       1.6498
2206.000       1.6409
2207.000       1.7841
2209.000       1.7732
2210.000       1.6066
2211.000       1.5591
2212.000       1.6756
2215.000       1.4398
2216.000       1.3494
2218.000       1.3850
2219.000       1.5179
2220.000       1.8219
2222.000       1.6780
2224.000       1.6603
2226.000       1.9129
2227.000       2.1132
2228.000       2.2025
2229.000       2.2626
2230.000       2.1120
2231.000       2.0360
2234.000       1.7725
2236.000       1.6545
2237.000       1.4606
2239.000       1.3794
2240.000       1.3500
2242.000       1.3293
2243.000       1.3381
2244.000       1.3768
2245.000       1.4087
2248.000       1.4400
2249.000       1.4683
2251.000       1.4438
2252.000       1.3712
2253.000       1.6381
2255.000       1.5121
2257.000       1.5225
2259.000       1.6578
2260.000       1.8655
2261.000       2.1202
2262.000       2.1008
2263.000       1.9602
2264.000       1.8644
2267.000       1.9580
2269.000       1.8306
2270.000       1.9489
2272.000       1.7681
2273.000       1.7736
2275.000       1.6933
2276.000       1.6038
2277.000       1.5546
2278.000       1.5917
2279.000       1.5523
2281.000       1.6068
2282.000       1.6748
2285.000       1.6741
2286.000       1.6559
2287.000       2.2267
2289.000       2.3137
2291.000       2.7603
2293.000       2.4297
2294.000       2.6563
2295.000       3.0413
2296.000       2.7303
2297.000       2.5209
2298.000       2.6218
2301.000       2.4430
2303.000       2.1958
2304.000       2.0684
2306.000       1.8799
2307.000       1.8747
2309.000       1.7935
2311.000       1.7170
2312.000       1.7423
2313.000       1.7218
2315.000       1.8012
2316.000       1.8844
2317.000       2.3912
2319.000       2.2139
2321.000       2.4102
2323.000       2.6572
2324.000       2.7764
2325.000       3.0797
2326.000       2.7687
2327.000       2.6457
2328.000       2.7220
2331.000       2.5830
2333.000       2.3710
2334.000       2.2865
2336.000       2.1695
2337.000       2.1953
2339.000       2.1422
2341.000       2.0744
2342.000       2.0940
2345.000       2.0656
2346.000       2.1037
2347.000       2.1513
2348.000       2.6198
2350.000       2.4677
2352.000       2.5665
2354.000       2.8525
2355.000       3.0252
2356.000       3.2964
2357.000       3.0651
2358.000       2.9291
2359.000       3.0138
2362.000       2.9390
2364.000       2.7265
2365.000       2.7376
2367.000       2.6594
2368.000       2.6360
2370.000       2.5982
2371.000       2.6124
2372.000       2.6538
2373.000       2.6613
2374.000       2.7545
2376.000       2.7971
2377.000       2.9457
2380.000       2.7521
2381.000       2.6605
2382.000       3.0842
2384.000       2.9882
2386.000       3.0862
2388.000       3.3351
2389.000       3.5908
2390.000       3.8501
2391.000       3.6237
2392.000       3.5822
2393.000       3.6723
2396.000       3.6870
2398.000       3.4500
2399.000       3.5324
2401.000       3.4160
2402.000       3.3354
2404.000       3.2768
2406.000       3.2949
2407.000       3.2728
2410.000       3.3837
2411.000       3.4462
2412.000       3.5772
2413.000       3.9158
2415.000       3.8659
2417.000       4.0213
2419.000       4.2166
2420.000       4.4717
2421.000       4.8639
2422.000       4.3518
2423.000       4.5132
2424.000       4.8189
2427.000       4.8947
2429.000       4.7796
2430.000       4.8178
2432.000       4.6736
2433.000       4.5411
2435.000       4.5946
2436.000       4.7804
2437.000       5.0569
2438.000       5.2066
2441.000       5.3027
2442.000       5.2684
2444.000       5.0564
2445.000       4.8133
2446.000       4.9200
2448.000       4.9611
2450.000       5.2391
2452.000       5.2066
