   2.000       3.7883
   3.000       3.8763
   6.000       3.8097
   8.000       3.8299
   9.000       3.6762
  11.000       3.4521
  12.000       3.4116
  14.000       3.2444
  15.000       3.1672
  16.000       3.0402
  17.000       2.9571
  18.000       3.0843
  20.000       3.2324
  21.000       3.3107
  24.000       3.3472
  25.000       3.3054
  26.000       3.5519
  28.000       3.5898
  30.000       3.8512
  32.000       3.6215
  33.000       3.4212
  34.000       3.6482
  35.000       3.2655
  36.000       3.2704
  37.000       3.4437
  40.000       3.3314
  42.000       3.2660
  43.000       3.0906
  45.000       2.8695
  46.000       2.8271
  48.000       2.6717
  50.000       2.5478
  51.000       2.4655
  52.000       2.6128
  54.000       2.7662
  55.000       2.8630
  56.000       3.1097
  58.000       3.0571
  60.000       3.2709
  62.000       3.2174
  63.000       3.0631
  64.000       3.2986
  65.000       2.9477
  66.000       2.8823
  67.000       3.0256
  70.000       2.8957
  72.000       2.8082
  73.000       2.6458
  75.000       2.4337
  76.000       2.3845
  78.000       2.2350
  80.000       2.1197
  81.000       2.0397
  82.000       2.1924
  84.000       2.3467
  85.000       2.4638
  86.000       2.7010
  88.000       2.6350
  90.000       2.8420
  92.000       2.8199
  93.000       2.7146
  94.000       2.9373
  95.000       2.6044
  96.000       2.5860
  97.000       2.7177
 100.000       2.6314
 102.000       2.5313
 103.000       2.4119
 105.000       2.2058
 106.000       2.1278
 108.000       1.9658
 109.000       1.9372
 110.000       1.8404
 111.000       1.7418
 112.000       1.9397
 114.000       2.1016
 115.000       2.2340
 118.000       2.1837
 119.000       2.0950
 120.000       2.5171
 122.000       2.4685
 124.000       2.6605
 126.000       2.6584
 127.000       2.6026
 128.000       2.8433
 129.000       2.4857
 130.000       2.4941
 131.000       2.6510
 134.000       2.5753
 136.000       2.4462
 137.000       2.3348
 139.000       2.1118
 140.000       2.0310
 142.000       1.8610
 143.000       1.8286
 144.000       1.7302
 145.000       1.6051
 148.000       1.8268
 149.000       2.0004
 151.000       2.0919
 152.000       1.9955
 153.000       2.4785
 155.000       2.4174
 157.000       2.6155
 159.000       2.6449
 160.000       2.6113
 161.000       2.8799
 162.000       2.5142
 163.000       2.4624
 164.000       2.6104
 167.000       2.4831
 169.000       2.3402
 170.000       2.1841
 172.000       1.9642
 173.000       1.9340
 175.000       1.7663
 177.000       1.6043
 178.000       1.4935
 179.000       1.6651
 181.000       1.8417
 182.000       1.9372
 183.000       2.3389
 185.000       2.2267
 187.000       2.4094
 189.000       2.4857
 190.000       2.3539
 191.000       2.6410
 192.000       2.2653
 193.000       2.1321
 194.000       2.2930
 197.000       2.0640
 199.000       1.8590
 200.000       1.6156
 202.000       1.4868
 203.000       1.4221
 205.000       1.3456
 206.000       1.3642
 207.000       1.3636
 208.000       1.3293
 211.000       1.4636
 212.000       1.5488
 214.000       1.5539
 215.000       1.4575
 216.000       1.9656
 218.000       1.6554
 220.000       1.8586
 222.000       2.3345
 223.000       2.8622
 224.000       3.4099
 225.000       3.0506
 226.000       2.9663
 227.000       2.9603
 230.000       3.1043
 232.000       3.8050
 233.000       3.9973
 235.000       4.7075
 236.000       4.8754
 238.000       5.6838
 240.000       6.3488
 241.000       7.1387
 242.000       6.1315
 244.000       5.3739
 245.000       5.4252
 246.000       2.8678
 248.000       3.5184
 250.000       3.8965
 252.000       2.7648
 253.000       2.3613
 254.000       2.6582
 255.000       2.5809
 256.000       1.9732
 257.000       1.9531
 260.000       1.7849
 262.000       1.6988
 263.000       1.5757
 265.000       1.5244
 266.000       1.5829
 268.000       1.5394
 269.000       1.4448
 270.000       1.3916
 271.000       1.4206
 272.000       1.3362
 274.000       1.3307
 275.000       1.3122
 278.000       1.3846
 279.000       1.4362
 280.000       1.7258
 282.000       1.5989
 284.000       1.6270
 286.000       1.8106
 287.000       1.8436
 288.000       1.9700
 289.000       1.9331
 290.000       1.7402
 291.000       1.6257
 294.000       1.5493
 296.000       1.5116
 297.000       1.4734
 299.000       1.4428
 300.000       1.4721
 302.000       1.4628
 303.000       1.4245
 304.000       1.4262
 305.000       1.4560
 306.000       1.4266
 308.000       1.4257
 309.000       1.4618
 312.000       1.4247
 313.000       1.4187
 314.000       1.5343
 316.000       1.5076
 318.000       1.5730
 320.000       1.6028
 321.000       1.6367
 322.000       1.7749
 323.000       1.6679
 324.000       1.5795
 325.000       1.6022
 328.000       1.5795
 330.000       1.5487
 331.000       1.5387
 333.000       1.4898
 334.000       1.4800
 336.000       1.4714
 337.000       1.4741
 338.000       1.5013
 339.000       1.5301
 342.000       1.5446
 343.000       1.5587
 345.000       1.5395
 346.000       1.4899
 347.000       1.5743
 349.000       1.5808
 351.000       1.6776
 353.000       1.6513
 354.000       1.6821
 355.000       1.8179
 356.000       1.6917
 357.000       1.6451
 358.000       1.7043
 361.000       1.6829
 363.000       1.6290
 364.000       1.6083
 366.000       1.5472
 367.000       1.5451
 369.000       1.5293
 371.000       1.5198
 372.000       1.5594
 373.000       1.5300
 375.000       1.5489
 376.000       1.6113
 377.000       1.6813
 379.000       1.6688
 381.000       1.7718
 383.000       1.7820
 384.000       1.8267
 385.000       1.9780
 386.000       1.8152
 387.000       1.7896
 388.000       1.8628
 391.000       1.8425
 393.000       1.7845
 394.000       1.7525
 396.000       1.6642
 397.000       1.6366
 399.000       1.5833
 401.000       1.5619
 402.000       1.5555
 403.000       1.6034
 405.000       1.6511
 406.000       1.7177
 407.000       1.8121
 409.000       1.7999
 411.000       1.9193
 413.000       1.9014
 414.000       1.9063
 415.000       2.0554
 416.000       1.8949
 417.000       1.8462
 418.000       1.9211
 421.000       1.8847
 423.000       1.8263
 424.000       1.7888
 426.000       1.6983
 427.000       1.6709
 429.000       1.6126
 431.000       1.5826
 432.000       1.5699
 433.000       1.6312
 435.000       1.6861
 436.000       1.7656
 437.000       1.8489
 439.000       1.8329
 441.000       1.9584
 443.000       1.9402
 444.000       1.9583
 445.000       2.1022
 446.000       1.9463
 447.000       1.9115
 448.000       1.9721
 451.000       1.9452
 453.000       1.8984
 454.000       1.8620
 456.000       1.7691
 457.000       1.7410
 459.000       1.6729
 460.000       1.6602
 461.000       1.6353
 462.000       1.6032
 465.000       1.6833
 466.000       1.7455
 468.000       1.7699
 469.000       1.7244
 470.000       1.9158
 472.000       1.9136
 474.000       2.0269
 476.000       1.9939
 477.000       1.9991
 478.000       2.1423
 479.000       1.9819
 480.000       1.9553
 481.000       2.0292
 484.000       1.9934
 486.000       1.9366
 487.000       1.8924
 489.000       1.7899
 490.000       1.7701
 492.000       1.6962
 494.000       1.6451
 495.000       1.6029
 498.000       1.6859
 499.000       1.7549
 500.000       1.8258
 501.000       1.9534
 503.000       1.9414
 505.000       2.0671
 507.000       2.0382
 508.000       2.0387
 509.000       2.1848
 510.000       2.0312
 511.000       1.9798
 512.000       2.0529
 515.000       2.0328
 517.000       1.9814
 518.000       1.9460
 520.000       1.8393
 521.000       1.8016
 523.000       1.7339
 525.000       1.6991
 526.000       1.6713
 527.000       1.7524
 529.000       1.8218
 530.000       1.9003
 531.000       1.9884
 533.000       1.9919
 535.000       2.1407
 537.000       2.0787
 538.000       2.0760
 539.000       2.2282
 540.000       2.0265
 541.000       2.0386
 542.000       2.1318
 545.000       2.1092
 547.000       2.0511
 548.000       1.9999
 550.000       1.8727
 551.000       1.8279
 553.000       1.7383
 555.000       1.6936
 556.000       1.6333
 559.000       1.7478
 560.000       1.8370
 561.000       1.9165
 562.000       2.0517
 564.000       2.0340
 566.000       2.1778
 568.000       2.1543
 569.000       2.1404
 570.000       2.3081
 571.000       2.0974
 572.000       2.0688
 573.000       2.1545
 576.000       2.0972
 578.000       2.0402
 579.000       1.9793
 581.000       1.8897
 582.000       1.8696
 584.000       1.8347
 586.000       1.8248
 587.000       1.8424
 590.000       1.8503
 591.000       1.8798
 592.000       1.9476
 593.000       2.0232
 595.000       1.9966
 597.000       2.1187
 599.000       2.1116
 600.000       2.1030
 601.000       2.2639
 602.000       2.1071
 603.000       1.9891
 604.000       2.0044
 607.000       1.8977
 609.000       1.8026
 610.000       1.7524
 612.000       1.7328
 613.000       1.8094
 615.000       1.7921
 616.000       1.6993
 617.000       1.6794
 618.000       1.7412
 619.000       1.6241
 621.000       1.5879
 622.000       1.5716
 625.000       1.6077
 626.000       1.6628
 627.000       1.9005
 629.000       1.8294
 631.000       1.8340
 633.000       1.9088
 634.000       1.9424
 635.000       2.1229
 636.000       2.0643
 637.000       1.8456
 638.000       1.8464
 641.000       1.7424
 643.000       1.6650
 644.000       1.6055
 646.000       1.5614
 647.000       1.5855
 649.000       1.5510
 650.000       1.5077
 651.000       1.4950
 652.000       1.5059
 655.000       1.5035
 656.000       1.5145
 658.000       1.5211
 659.000       1.5170
 660.000       1.7370
 662.000       1.6801
 664.000       1.7076
 666.000       1.7367
 667.000       1.8326
 668.000       1.9359
 669.000       1.8909
 670.000       1.8192
 671.000       1.8278
 674.000       1.7496
 676.000       1.6741
 677.000       1.6291
 679.000       1.5931
 680.000       1.6101
 682.000       1.5891
 683.000       1.5598
 684.000       1.5733
 685.000       1.6047
 686.000       1.5975
 688.000       1.6045
 689.000       1.6709
 692.000       1.5953
 693.000       1.5697
 694.000       1.7390
 696.000       1.6883
 698.000       1.7507
 700.000       1.8377
 701.000       1.8795
 702.000       2.0302
 703.000       1.8902
 704.000       1.8274
 705.000       1.8882
 708.000       1.8753
 710.000       1.8009
 711.000       1.8007
 713.000       1.7172
 714.000       1.6698
 716.000       1.6413
 717.000       1.6732
 718.000       1.7048
 719.000       1.7098
 720.000       1.7892
 722.000       1.8335
 723.000       1.9448
 726.000       1.8081
 727.000       1.7239
 728.000       1.8840
 730.000       1.8891
 732.000       2.0272
 734.000       2.0053
 735.000       2.0546
 736.000       2.2238
 737.000       2.0111
 738.000       2.0467
 739.000       2.1787
 742.000       2.1871
 744.000       2.1048
 745.000       2.1097
 747.000       1.9894
 748.000       1.9048
 750.000       1.8463
 751.000       1.8947
 752.000       1.9118
 753.000       1.8720
 756.000       2.0134
 757.000       2.0939
 759.000       2.0927
 760.000       1.9868
 761.000       2.2012
 763.000       2.2167
 765.000       2.3681
 767.000       2.3336
 768.000       2.3651
 769.000       2.5506
 770.000       2.2859
 771.000       2.3653
 772.000       2.5058
 775.000       2.5113
 777.000       2.4215
 778.000       2.3916
 780.000       2.2308
 781.000       2.1271
 783.000       2.0159
 784.000       2.0512
 785.000       2.0097
 786.000       1.9290
 787.000       2.1151
 789.000       2.2440
 790.000       2.3571
 793.000       2.2877
 794.000       2.1875
 795.000       2.4874
 797.000       2.4874
 799.000       2.6578
 801.000       2.6213
 802.000       2.6217
 803.000       2.8196
 804.000       2.5402
 805.000       2.5686
 806.000       2.6977
 809.000       2.6591
 811.000       2.5459
 812.000       2.4763
 814.000       2.3075
 815.000       2.2345
 817.000       2.1038
 818.000       2.0867
 819.000       2.0114
 820.000       1.9120
 823.000       2.0836
 824.000       2.2192
 826.000       2.2949
 827.000       2.2214
 828.000       2.6120
 830.000       2.5653
 832.000       2.7261
 834.000       2.7612
 835.000       2.7569
 836.000       2.9708
 837.000       2.6672
 838.000       2.6864
 839.000       2.8028
 842.000       2.7372
 844.000       2.6228
 845.000       2.5195
 847.000       2.3313
 848.000       2.2861
 850.000       2.1418
 852.000       2.0322
 853.000       1.9205
 856.000       2.0875
 857.000       2.2386
 858.000       2.3312
 859.000       2.6675
 861.000       2.6033
 863.000       2.7617
 865.000       2.8118
 866.000       2.7930
 867.000       3.0153
 868.000       2.7169
 869.000       2.6884
 870.000       2.8043
 873.000       2.7125
 875.000       2.5763
 876.000       2.4575
 878.000       2.2838
 879.000       2.2707
 881.000       2.1308
 882.000       2.0395
 883.000       1.9162
 884.000       1.8536
 885.000       1.9258
 887.000       2.0380
 888.000       2.0813
 891.000       2.1484
 892.000       2.1423
 893.000       2.6449
 895.000       2.5500
 897.000       2.6999
 899.000       2.8005
 900.000       2.8131
 901.000       3.0324
 902.000       2.8002
 903.000       2.6679
 904.000       2.7377
 907.000       2.6405
 909.000       2.4984
 910.000       2.4231
 912.000       2.3027
 913.000       2.3290
 915.000       2.2886
 916.000       2.2277
 917.000       2.2507
 918.000       2.3277
 921.000       2.2939
 922.000       2.3037
 924.000       2.2851
 925.000       2.2419
 926.000       2.6249
 928.000       2.5443
 930.000       2.6902
 932.000       2.7974
 933.000       2.8440
 934.000       3.1051
 935.000       2.8326
 936.000       2.7235
 937.000       2.7188
 940.000       2.6633
 942.000       2.5446
 943.000       2.5145
 945.000       2.4602
 946.000       2.5194
 948.000       2.6021
 949.000       2.6130
 950.000       2.8384
 951.000       3.0651
 954.000       2.9771
 955.000       2.8847
 957.000       2.6704
 958.000       2.5336
 959.000       2.6325
 961.000       2.5930
 963.000       2.7866
 965.000       2.8167
 966.000       2.8614
 967.000       3.1330
 968.000       2.8681
 969.000       2.7583
 970.000       2.9020
 973.000       2.8944
 975.000       2.8377
 976.000       2.9022
 978.000       2.8744
 979.000       2.8009
 981.000       2.9290
 983.000       3.1452
 984.000       3.3995
 987.000       3.2536
 988.000       3.1164
 989.000       3.3512
 990.000       2.8672
 992.000       2.9373
 994.000       3.1826
 996.000       3.0215
 997.000       3.1093
 998.000       3.3469
 999.000       3.1804
1000.000       3.0043
1001.000       3.0090
1004.000       3.0441
1006.000       2.9643
1007.000       3.1500
1009.000       3.1507
1010.000       3.0741
1012.000       3.2196
1014.000       3.4526
1015.000       3.6993
1016.000       3.5267
1018.000       3.4015
1019.000       3.6344
1020.000       3.2738
1022.000       3.3199
1024.000       3.6540
1026.000       3.3954
1027.000       3.5840
1028.000       3.7649
1029.000       3.7919
1030.000       3.4293
1031.000       3.3203
1034.000       3.2143
1036.000       3.0706
1037.000       2.9555
1039.000       2.7793
1040.000       2.7460
1042.000       2.6497
1043.000       2.6336
1044.000       2.6623
1045.000       2.6847
1048.000       2.7821
1049.000       2.8465
1051.000       2.8248
1052.000       2.7182
1053.000       3.1280
1055.000       3.0273
1057.000       3.2150
1059.000       3.3440
1060.000       3.3739
1061.000       3.6957
1062.000       3.3233
1063.000       3.2536
1064.000       3.3394
1067.000       3.3626
1069.000       3.5690
1070.000       3.6555
1072.000       3.9491
1073.000       4.0048
1075.000       4.4612
1077.000       4.8610
1078.000       5.4184
1081.000       4.8181
1082.000       4.3666
1083.000       4.4738
1084.000       3.2050
1086.000       3.4652
1088.000       3.5965
1090.000       3.2342
1091.000       3.1357
1092.000       3.3714
1093.000       3.0574
1094.000       3.0056
1095.000       3.1349
1098.000       3.0234
1100.000       2.9229
1101.000       2.7551
1103.000       2.5486
1104.000       2.5947
1106.000       2.4666
1108.000       2.2758
1109.000       2.2057
1112.000       2.2296
1113.000       2.3711
1114.000       2.3900
1115.000       2.8891
1117.000       2.7968
1119.000       2.9771
1121.000       3.0259
1122.000       2.9704
1123.000       3.2201
1124.000       2.9821
1125.000       2.7369
1126.000       2.8058
1129.000       2.6485
1131.000       2.5653
1132.000       2.4429
1134.000       2.3592
1135.000       2.4214
1137.000       2.4174
1138.000       2.3479
1139.000       2.4061
1140.000       2.5236
1143.000       2.4448
1144.000       2.4143
1146.000       2.3569
1147.000       2.3183
1148.000       2.5270
1150.000       2.4528
1152.000       2.5923
1154.000       2.6402
1155.000       2.6115
1156.000       2.8244
1157.000       2.6521
1158.000       2.4254
1159.000       2.4590
1162.000       2.3512
1164.000       2.2663
1165.000       2.2158
1167.000       2.1491
1168.000       2.1670
1170.000       2.1972
1172.000       2.2114
1173.000       2.3235
1176.000       2.2189
1177.000       2.1851
1178.000       2.2868
1179.000       2.3157
1181.000       2.2957
1183.000       2.4463
1185.000       2.4309
1186.000       2.4624
1187.000       2.6602
1188.000       2.4861
1189.000       2.3199
1190.000       2.3765
1193.000       2.2837
1195.000       2.1883
1196.000       2.0833
1198.000       1.9533
1199.000       1.9689
1201.000       1.8762
1202.000       1.8019
1203.000       1.7599
1204.000       1.7770
1205.000       1.7746
1207.000       1.8123
1208.000       1.8715
1211.000       1.8535
1212.000       1.8477
1213.000       2.2233
1215.000       2.1372
1217.000       2.2762
1219.000       2.3687
1220.000       2.3452
1221.000       2.5816
1222.000       2.3243
1223.000       2.2041
1224.000       2.3172
1227.000       2.2406
1229.000       2.1379
1230.000       2.0567
1232.000       1.9239
1233.000       1.9276
1235.000       1.9344
1236.000       1.9520
1237.000       2.1319
1238.000       2.2923
1241.000       2.2887
1242.000       2.2510
1244.000       2.0966
1245.000       1.9444
1246.000       2.1537
1248.000       2.1106
1250.000       2.3143
1252.000       2.3261
1253.000       2.3256
1254.000       2.5918
1255.000       2.2351
1256.000       2.2459
1257.000       2.4156
1260.000       2.3835
1262.000       2.3011
1263.000       2.2440
1265.000       2.0770
1266.000       2.0074
1268.000       1.9823
1269.000       2.0576
1270.000       2.2343
1271.000       2.3241
1274.000       2.4601
1275.000       2.4953
1277.000       2.3445
1278.000       2.1220
1279.000       2.2919
1281.000       2.3007
1283.000       2.5515
1285.000       2.4571
1286.000       2.4510
1287.000       2.7090
1288.000       2.3719
1289.000       2.3757
1290.000       2.5426
1293.000       2.5073
1295.000       2.4387
1296.000       2.3880
1298.000       2.2372
1299.000       2.1507
1301.000       2.0934
1303.000       2.1413
1304.000       2.1905
1307.000       2.2458
1308.000       2.2875
1309.000       2.4611
1310.000       2.4128
1312.000       2.4411
1314.000       2.6648
1316.000       2.5378
1317.000       2.4598
1318.000       2.6875
1319.000       2.3790
1320.000       2.3476
1321.000       2.4940
1324.000       2.4612
1326.000       2.3814
1327.000       2.3402
1329.000       2.1816
1330.000       2.0865
1332.000       2.0247
1333.000       2.0864
1334.000       2.1620
1335.000       2.1784
1338.000       2.3185
1339.000       2.3940
1341.000       2.3482
1342.000       2.1871
1343.000       2.3829
1345.000       2.4146
1347.000       2.6349
1349.000       2.5142
1350.000       2.4984
1351.000       2.6787
1352.000       2.4481
1353.000       2.4328
1354.000       2.5274
1357.000       2.4661
1359.000       2.3885
1360.000       2.3035
1362.000       2.1817
1363.000       2.1625
1365.000       2.0710
1366.000       2.0207
1367.000       1.9477
1368.000       1.9130
1369.000       1.9604
1371.000       2.0412
1372.000       2.0796
1375.000       2.1136
1376.000       2.0949
1377.000       2.3944
1379.000       2.3457
1381.000       2.4728
1383.000       2.4948
1384.000       2.4616
1385.000       2.6246
1386.000       2.4445
1387.000       2.3555
1388.000       2.3939
1391.000       2.3091
1393.000       2.2494
1394.000       2.1770
1396.000       2.0913
1397.000       2.0767
1399.000       2.0205
1400.000       1.9911
1401.000       1.9625
1402.000       1.9512
1403.000       1.9932
1405.000       2.0445
1406.000       2.1050
1409.000       2.0702
1410.000       2.0392
1411.000       2.2274
1413.000       2.1922
1415.000       2.3002
1417.000       2.2951
1418.000       2.2491
1419.000       2.3825
1420.000       2.2305
1421.000       2.1470
1422.000       2.1954
1425.000       2.1095
1427.000       2.0628
1428.000       1.9715
1430.000       1.8891
1431.000       1.8996
1433.000       1.8380
1434.000       1.7742
1435.000       1.7086
1436.000       1.6957
1437.000       1.6953
1439.000       1.7477
1440.000       1.7741
1443.000       1.8101
1444.000       1.8118
1445.000       2.0229
1447.000       1.9671
1449.000       2.0520
1451.000       2.0812
1452.000       2.0420
1453.000       2.1641
1454.000       2.0809
1455.000       1.8898
1456.000       1.8804
1459.000       1.7698
1461.000       1.7296
1462.000       1.6362
1464.000       1.6060
1465.000       1.6709
1467.000       1.6627
1468.000       1.5812
1469.000       1.5795
1470.000       1.6613
1471.000       1.5300
1473.000       1.4922
1474.000       1.4837
1477.000       1.5040
1478.000       1.5451
1479.000       1.7279
1481.000       1.6495
1483.000       1.6857
1485.000       1.8079
1486.000       1.8728
1487.000       2.0395
1488.000       1.9675
1489.000       1.7456
1490.000       1.8009
1493.000       1.6449
1495.000       1.5775
1496.000       1.4526
1498.000       1.4258
1499.000       1.5192
1501.000       1.5066
1502.000       1.3941
1503.000       1.3652
1504.000       1.4387
1507.000       1.3040
1508.000       1.2611
1510.000       1.2823
1511.000       1.3475
1512.000       1.5398
1514.000       1.4482
1516.000       1.4875
1518.000       1.5723
1519.000       1.5733
1520.000       1.6779
1521.000       1.6190
1522.000       1.4865
1523.000       1.4801
1526.000       1.3941
1528.000       1.3442
1529.000       1.2836
1531.000       1.2775
1532.000       1.3605
1534.000       1.3744
1535.000       1.3014
1536.000       1.3328
1537.000       1.4342
1540.000       1.3288
1541.000       1.2734
1543.000       1.2242
1544.000       1.2453
1545.000       1.3728
1547.000       1.3138
1549.000       1.3598
1551.000       1.4286
1552.000       1.4663
1553.000       1.5444
1554.000       1.5097
1555.000       1.4189
1556.000       1.4249
1559.000       1.3800
1561.000       1.3374
1562.000       1.3234
1564.000       1.3371
1565.000       1.4200
1567.000       1.4464
1568.000       1.3857
1569.000       1.4441
1570.000       1.5406
1573.000       1.4835
1574.000       1.4466
1576.000       1.3585
1577.000       1.3331
1578.000       1.4094
1580.000       1.3633
1582.000       1.3791
1584.000       1.4779
1585.000       1.5559
1586.000       1.6850
1587.000       1.6504
1588.000       1.5518
1589.000       1.5617
1592.000       1.5400
1594.000       1.5051
1595.000       1.5377
1597.000       1.5305
1598.000       1.5276
1600.000       1.5479
1602.000       1.5675
1603.000       1.6049
1606.000       1.5834
1607.000       1.5681
1608.000       1.6213
1609.000       1.6001
1611.000       1.6120
1613.000       1.6780
1615.000       1.6909
1616.000       1.7776
1617.000       1.9453
1618.000       1.8009
1619.000       1.7746
1620.000       1.8722
1623.000       1.9153
1625.000       1.8515
1626.000       1.8611
1628.000       1.7968
1629.000       1.7428
1631.000       1.7413
1633.000       1.7950
1634.000       1.8531
1635.000       1.8429
1637.000       1.8468
1638.000       1.9391
1639.000       1.9627
1641.000       1.8933
1643.000       1.9846
1645.000       2.0974
1646.000       2.1640
1647.000       2.3502
1648.000       2.1640
1649.000       2.1058
1650.000       2.2031
1653.000       2.1582
1655.000       2.0831
1656.000       2.0315
1658.000       1.9198
1659.000       1.8674
1661.000       1.8053
1663.000       1.7972
1664.000       1.7808
1667.000       1.8512
1668.000       1.9090
1669.000       1.9818
1670.000       2.0991
1672.000       2.0700
1674.000       2.1979
1676.000       2.2027
1677.000       2.2461
1678.000       2.3919
1679.000       2.2817
1680.000       2.1848
1681.000       2.1424
1684.000       2.1155
1686.000       2.0717
1687.000       2.0990
1689.000       2.0517
1690.000       2.0202
1692.000       2.0363
1694.000       2.0888
1695.000       2.1607
1696.000       2.1181
1698.000       2.1061
1699.000       2.1946
1700.000       2.1806
1702.000       2.1869
1704.000       2.4627
1706.000       2.2683
1707.000       2.4619
1708.000       2.4657
1709.000       2.7196
1710.000       2.5613
1711.000       2.6421
1714.000       2.6387
1716.000       2.5534
1717.000       2.5145
1719.000       2.3035
1720.000       2.1647
1722.000       2.0910
1723.000       2.1836
1724.000       2.2623
1725.000       2.2531
1728.000       2.4453
1729.000       2.5484
1731.000       2.5070
1732.000       2.3148
1733.000       2.5233
1735.000       2.6116
1737.000       2.9630
1739.000       2.7198
1740.000       2.7504
1741.000       3.0420
1742.000       2.6564
1743.000       2.6527
1744.000       2.8200
1747.000       2.7570
1749.000       2.6507
1750.000       2.5528
1752.000       2.3647
1753.000       2.2869
1755.000       2.2163
1757.000       2.2370
1758.000       2.2942
1761.000       2.3206
1762.000       2.3781
1763.000       2.5343
1764.000       2.6442
1766.000       2.6069
1768.000       2.8348
1770.000       2.8063
1771.000       2.7880
1772.000       3.0669
1773.000       2.8541
1774.000       2.5867
1775.000       2.6640
1778.000       2.5594
1780.000       2.4597
1781.000       2.3438
1783.000       2.1695
1784.000       2.1267
1786.000       2.0660
1788.000       2.0559
1789.000       2.1210
1792.000       2.1135
1793.000       2.1676
1794.000       2.3243
1795.000       2.4129
1797.000       2.3791
1799.000       2.6067
1801.000       2.5449
1802.000       2.4779
1803.000       2.6648
1804.000       2.4730
1805.000       2.3116
1806.000       2.3671
1809.000       2.2568
1811.000       2.1933
1812.000       2.0840
1814.000       1.9832
1815.000       2.0070
1817.000       1.9610
1819.000       1.8800
1820.000       1.8824
1823.000       1.8598
1824.000       1.9133
1825.000       1.9515
1826.000       2.1546
1828.000       2.1019
1830.000       2.2274
1832.000       2.2340
1833.000       2.1830
1834.000       2.3398
1835.000       2.1696
1836.000       2.0818
1837.000       2.1574
1840.000       2.0771
1842.000       2.0194
1843.000       1.9267
1845.000       1.8318
1846.000       1.8414
1848.000       1.7890
1849.000       1.7390
1850.000       1.7293
1851.000       1.7526
1852.000       1.7637
1854.000       1.8022
1855.000       1.8893
1858.000       1.8130
1859.000       1.7732
1860.000       1.9728
1862.000       1.9399
1864.000       2.0724
1866.000       2.0650
1867.000       2.0315
1868.000       2.2101
1869.000       2.0343
1870.000       1.9216
1871.000       1.9883
1874.000       1.9185
1876.000       1.8868
1877.000       1.8835
1879.000       1.7895
1880.000       1.7965
1882.000       1.7859
1884.000       1.7679
1885.000       1.8264
1886.000       1.7723
1888.000       1.7848
1889.000       1.8595
1890.000       1.8568
1892.000       2.0146
1894.000       2.3601
1896.000       1.9008
1897.000       1.8074
1898.000       1.9631
1899.000       1.8229
1900.000       1.7598
1901.000       1.9121
1904.000       1.8407
1906.000       1.8179
1907.000       1.7592
1909.000       1.6823
1910.000       1.6656
1912.000       1.6607
1913.000       1.7114
1914.000       1.8541
1915.000       1.9428
1916.000       1.9873
1918.000       1.9655
1919.000       2.1411
1922.000       1.8351
1923.000       1.7193
1924.000       1.7572
1926.000       1.7773
1928.000       1.9479
1930.000       1.8605
1931.000       1.8295
1932.000       2.1081
1933.000       1.7788
1934.000       1.7544
1935.000       1.9175
1938.000       1.9378
1940.000       1.8801
1941.000       1.8285
1943.000       1.7400
1944.000       1.6598
1946.000       1.6915
1947.000       1.8586
1948.000       2.1710
1949.000       2.2485
1950.000       2.5802
1952.000       2.6629
1953.000       3.1903
1956.000       2.3379
1957.000       1.9364
1958.000       1.9176
1960.000       1.8392
1962.000       1.9916
1964.000       2.0725
1965.000       2.1712
1966.000       2.3748
1967.000       2.1986
1968.000       2.1109
1969.000       2.1928
1972.000       2.1451
1974.000       2.0944
1975.000       2.0317
1977.000       1.9097
1978.000       1.9005
1980.000       1.8227
1982.000       1.7567
1983.000       1.7255
1986.000       1.8131
1987.000       1.8857
1988.000       1.9948
1989.000       2.1013
1991.000       2.0895
1993.000       2.2390
1995.000       2.2210
1996.000       2.2508
1997.000       2.4646
1998.000       2.2104
1999.000       2.2099
2000.000       2.3124
2003.000       2.3062
2005.000       2.2205
2006.000       2.1952
2008.000       2.0531
2009.000       1.9739
2011.000       1.8743
2012.000       1.8992
2013.000       1.8810
2014.000       1.8248
2015.000       1.9946
2017.000       2.1018
2018.000       2.2369
2021.000       2.1197
2022.000       2.0159
2023.000       2.2894
2025.000       2.2935
2027.000       2.4668
2029.000       2.4305
2030.000       2.4430
2031.000       2.6439
2032.000       2.3603
2033.000       2.4066
2034.000       2.5396
2037.000       2.5131
2039.000       2.4004
2040.000       2.3592
2042.000       2.2014
2043.000       2.1312
2045.000       2.0032
2047.000       1.9404
2048.000       1.8658
2049.000       2.0392
2051.000       2.1680
2052.000       2.2905
2053.000       2.4875
2055.000       2.4647
2057.000       2.6447
2059.000       2.6410
2060.000       2.6608
2061.000       2.8584
2062.000       2.5903
2063.000       2.6069
2064.000       2.7273
2067.000       2.6912
2069.000       2.5777
2070.000       2.5149
2072.000       2.3477
2073.000       2.2934
2075.000       2.1549
2077.000       2.0715
2078.000       1.9648
2081.000       2.1447
2082.000       2.2795
2083.000       2.3780
2084.000       2.6455
2086.000       2.6052
2088.000       2.7653
2090.000       2.7845
2091.000       2.7723
2092.000       2.9840
2093.000       2.6947
2094.000       2.6811
2095.000       2.8000
2098.000       2.7229
2100.000       2.6184
2101.000       2.5132
2103.000       2.3413
2104.000       2.3088
2106.000       2.1791
2108.000       2.0666
2109.000       1.9770
2110.000       2.1176
2112.000       2.2543
2113.000       2.3273
2114.000       2.6258
2116.000       2.5630
2118.000       2.7259
2120.000       2.7499
2121.000       2.6922
2122.000       2.8881
2123.000       2.6223
2124.000       2.5646
2125.000       2.6593
2128.000       2.5492
2130.000       2.4554
2131.000       2.3236
2133.000       2.1723
2134.000       2.1711
2136.000       2.0657
2138.000       1.9482
2139.000       1.8697
2142.000       1.9538
2143.000       2.0674
2144.000       2.1130
2145.000       2.4219
2147.000       2.3375
2149.000       2.4733
2151.000       2.5142
2152.000       2.4466
2153.000       2.6098
2154.000       2.4077
2155.000       2.3045
2156.000       2.3636
2159.000       2.2329
2161.000       2.1725
2162.000       2.0275
2164.000       1.9209
2165.000       1.9627
2167.000       1.9003
2169.000       1.7836
2170.000       1.7565
2173.000       1.7480
2174.000       1.8178
2175.000       1.8243
2176.000       2.1039
2178.000       2.0103
2180.000       2.1063
2182.000       2.1753
2183.000       2.1335
2184.000       2.2641
2185.000       2.1853
2186.000       1.9619
2187.000       1.9344
2190.000       1.7916
2192.000       1.7352
2193.000       1.6470
2195.000       1.6494
2196.000       1.7395
2198.000       1.7499
2199.000       1.6601
2200.000       1.6688
2201.000       1.7613
2202.000       1.6110
2204.000       1.5536
2205.000       1.5516
2208.000       1.5505
2209.000       1.5995
2210.000       1.7493
2212.000       1.6579
2214.000       1.6637
2216.000       1.7996
2217.000       1.8672
2218.000       1.9785
2219.000       1.9676
2220.000       1.7810
2221.000       1.7350
2224.000       1.7255
2226.000       1.7470
2227.000       1.7454
2229.000       1.7723
2230.000       1.8178
2232.000       1.9576
2234.000       2.0296
2235.000       2.2116
2236.000       1.9673
2238.000       1.8621
2239.000       1.9444
2240.000       1.7914
2242.000       1.7750
2244.000       1.9598
2246.000       1.8823
2247.000       1.9468
2248.000       2.0321
2249.000       2.1368
2250.000       1.9800
2251.000       2.0264
2254.000       2.0642
2256.000       2.2497
2257.000       2.4310
2259.000       2.6889
2260.000       2.8772
2262.000       3.2315
2264.000       3.3883
2265.000       3.7503
2266.000       3.3234
2268.000       3.0322
2269.000       3.2961
2270.000       2.1515
2272.000       2.3498
2274.000       2.5629
2276.000       2.2458
2277.000       2.2432
2278.000       2.4066
2279.000       2.3278
2280.000       2.1655
2281.000       2.1930
2284.000       2.1626
2286.000       2.2623
2287.000       2.2134
2289.000       2.3137
2290.000       2.3826
2292.000       2.5289
2294.000       2.6385
2295.000       2.8361
2296.000       2.5909
2298.000       2.4320
2299.000       2.4777
2300.000       2.0289
2302.000       2.0658
2304.000       2.0760
2306.000       2.0314
2307.000       2.0060
2308.000       2.1321
2309.000       2.0857
2310.000       1.8332
2311.000       1.7728
2314.000       1.6524
2316.000       1.6064
2317.000       1.5744
2319.000       1.6065
2320.000       1.6860
2322.000       1.7238
2323.000       1.6667
2324.000       1.7138
2325.000       1.8169
2326.000       1.6813
2328.000       1.6115
2329.000       1.6356
2332.000       1.5681
2333.000       1.5969
2334.000       1.6539
2336.000       1.6321
2338.000       1.6537
2340.000       1.6271
2341.000       1.7032
2342.000       1.8501
2343.000       1.7790
2344.000       1.6199
2345.000       1.6240
2348.000       1.5820
2350.000       1.5592
2351.000       1.5410
2353.000       1.5154
2354.000       1.5072
2356.000       1.5122
2357.000       1.5303
2358.000       1.5815
2359.000       1.6227
2362.000       1.6334
2363.000       1.6267
2365.000       1.5841
2366.000       1.5336
2367.000       1.5636
2369.000       1.5666
2371.000       1.6498
2373.000       1.6413
2374.000       1.6870
2375.000       1.8326
2376.000       1.7052
2377.000       1.6735
2378.000       1.7376
2381.000       1.7644
2383.000       1.7436
2384.000       1.7785
2386.000       1.7263
2387.000       1.6541
2389.000       1.6499
2391.000       1.7239
2392.000       1.7637
2395.000       1.8066
2396.000       1.8104
2397.000       1.9380
2398.000       1.7722
2400.000       1.8299
2402.000       1.9550
2404.000       1.8548
2405.000       1.8578
2406.000       2.0033
2407.000       1.8270
2408.000       1.8299
2409.000       1.9095
2412.000       1.9065
2414.000       1.8541
2415.000       1.8425
2417.000       1.7447
2418.000       1.6806
2420.000       1.6228
2421.000       1.6470
2422.000       1.6346
2423.000       1.6000
2424.000       1.7048
2426.000       1.7847
2427.000       1.8703
2430.000       1.8049
2431.000       1.7277
2432.000       1.8948
2434.000       1.9056
2436.000       2.0309
2438.000       1.9897
2439.000       1.9991
2440.000       2.1413
2441.000       1.9617
2442.000       1.9745
2443.000       2.0648
2446.000       2.0470
2448.000       1.9855
2449.000       1.9506
2451.000       1.8502
2452.000       1.8038
2454.000       1.7369
2455.000       1.7385
2456.000       1.7119
2457.000       1.6704
2460.000       1.7611
2461.000       1.8356
2463.000       1.8700
2464.000       1.8123
2465.000       2.0171
2467.000       2.0077
2469.000       2.1307
2471.000       2.1133
2472.000       2.1222
2473.000       2.2764
2474.000       2.0854
2475.000       2.0774
2476.000       2.1619
2479.000       2.1257
2481.000       2.0584
2482.000       2.0010
2484.000       1.8852
2485.000       1.8422
2487.000       1.7591
2488.000       1.7387
2489.000       1.6834
2490.000       1.6425
2491.000       1.7219
2493.000       1.8008
2494.000       1.8545
2497.000       1.8564
2498.000       1.8203
2499.000       2.0872
2501.000       2.0580
2503.000       2.1755
2505.000       2.1867
2506.000       2.1898
2507.000       2.3493
2508.000       2.1699
2509.000       2.1188
2510.000       2.1899
2513.000       2.1289
2515.000       2.0479
2516.000       1.9780
2518.000       1.8717
2519.000       1.8645
2521.000       1.7816
2523.000       1.7075
2524.000       1.6640
2525.000       1.7366
2527.000       1.8140
2528.000       1.8655
2529.000       2.0816
2531.000       2.0303
2533.000       2.1335
2535.000       2.1799
2536.000       2.1856
2537.000       2.3341
2538.000       2.1725
2539.000       2.1014
2540.000       2.1582
2543.000       2.0949
2545.000       2.0258
2546.000       1.9553
2548.000       1.8586
2549.000       1.8476
2551.000       1.7668
2552.000       1.7208
2553.000       1.6605
2554.000       1.6214
2557.000       1.6753
2558.000       1.7441
2560.000       1.8005
2561.000       1.7832
2562.000       2.0545
2564.000       2.0021
2566.000       2.0914
2568.000       2.1499
2569.000       2.1620
2570.000       2.3279
2571.000       2.1445
2572.000       2.0729
2573.000       2.1482
2576.000       2.0695
2578.000       1.9796
2579.000       1.9103
2581.000       1.8228
2582.000       1.8324
2584.000       1.7583
2585.000       1.6956
2586.000       1.6341
2587.000       1.6110
2590.000       1.6392
2591.000       1.6976
2593.000       1.7505
2594.000       1.7432
2595.000       2.0345
2597.000       1.9694
2599.000       2.0618
2601.000       2.1413
2602.000       2.1587
2603.000       2.3324
2604.000       2.1510
2605.000       2.0707
2606.000       2.1383
2609.000       2.0631
2611.000       1.9935
2612.000       1.9273
2614.000       1.8300
2615.000       1.8114
2617.000       1.7395
2618.000       1.7114
2619.000       1.6714
2620.000       1.6492
2621.000       1.7031
2623.000       1.7665
2624.000       1.8301
2627.000       1.8071
2628.000       1.7734
2629.000       2.0037
2631.000       1.9618
2633.000       2.0682
2635.000       2.0873
2636.000       2.0654
2637.000       2.2067
2638.000       2.0696
2639.000       1.9632
2640.000       2.0049
2643.000       1.9265
2645.000       1.8719
2646.000       1.7989
2648.000       1.7205
2649.000       1.7332
2651.000       1.6872
2653.000       1.6176
2654.000       1.6078
2655.000       1.6158
2657.000       1.6680
2658.000       1.7035
2659.000       1.8603
2661.000       1.8169
2663.000       1.9013
2665.000       1.9247
2666.000       1.9018
2667.000       2.0328
2668.000       1.9170
2669.000       1.7944
2670.000       1.8226
2673.000       1.7433
2675.000       1.7109
2676.000       1.6292
2678.000       1.5701
2679.000       1.6009
2681.000       1.5734
2683.000       1.5068
2684.000       1.5075
2687.000       1.4874
2688.000       1.5191
2689.000       1.5390
2690.000       1.6713
2692.000       1.6263
2694.000       1.6962
2696.000       1.7144
2697.000       1.6819
2698.000       1.7971
2699.000       1.7273
2700.000       1.5562
2701.000       1.5542
2704.000       1.4484
2706.000       1.4238
2707.000       1.3532
2709.000       1.3554
2710.000       1.4167
2712.000       1.4574
2714.000       1.4350
2715.000       1.5157
2718.000       1.3898
2719.000       1.3460
2720.000       1.3470
2721.000       1.3806
2723.000       1.3273
2725.000       1.3638
2727.000       1.4104
2728.000       1.4016
2729.000       1.5099
2730.000       1.4706
2731.000       1.2865
2732.000       1.3289
2735.000       1.2213
2737.000       1.2036
2738.000       1.1514
2740.000       1.1665
2741.000       1.1993
2743.000       1.2407
2745.000       1.2576
2746.000       1.3350
2747.000       1.2324
2749.000       1.1871
2750.000       1.2124
2751.000       1.2003
2753.000       1.1562
2755.000       1.1923
2757.000       1.2519
2758.000       1.2406
2759.000       1.3920
2760.000       1.2725
2761.000       1.2631
2762.000       1.4235
2765.000       1.1845
2767.000       1.2241
2768.000       1.2799
2770.000       1.3326
2771.000       1.3718
2773.000       1.5158
2774.000       1.5643
2775.000       1.7590
2776.000       1.9376
2779.000       1.8409
2780.000       1.7473
2782.000       1.5674
2783.000       1.4657
2784.000       1.1729
2786.000       1.3238
2788.000       1.6934
2790.000       1.3454
2791.000       1.3265
2792.000       1.4139
2793.000       1.5403
2794.000       1.3976
2795.000       1.4550
2798.000       1.5785
2800.000       1.5880
2801.000       1.6703
2803.000       1.5797
2804.000       1.4498
2806.000       1.4596
2807.000       1.6101
2808.000       1.7616
2809.000       1.7807
2812.000       1.9480
2813.000       1.9909
2815.000       1.8820
2816.000       1.6852
2817.000       1.6689
2819.000       1.7867
2821.000       1.9858
2823.000       1.8254
2824.000       1.8751
2825.000       2.1078
2826.000       1.7735
2827.000       1.9102
2828.000       2.1016
2831.000       2.1647
2833.000       2.0703
2834.000       2.0690
2836.000       1.8615
2837.000       1.6913
2839.000       1.5709
2840.000       1.6698
2841.000       1.6775
2842.000       1.5879
2843.000       1.8693
2845.000       2.0288
2846.000       2.2415
2849.000       2.0350
2850.000       1.8510
2851.000       2.1647
2853.000       2.2082
2855.000       2.4553
2857.000       2.3584
2858.000       2.3578
2859.000       2.6139
2860.000       2.2082
2861.000       2.3313
2862.000       2.5403
2865.000       2.5212
2867.000       2.3590
2868.000       2.2825
2870.000       2.0334
2871.000       1.9159
2873.000       1.7315
2875.000       1.6574
2876.000       1.5597
2877.000       1.7907
2879.000       1.9771
2880.000       2.1378
2881.000       2.4687
2883.000       2.4263
2885.000       2.6722
2887.000       2.6933
2888.000       2.7153
2889.000       2.9889
2890.000       2.5986
2891.000       2.6446
2892.000       2.8180
2895.000       2.7533
2897.000       2.5640
2898.000       2.4681
2900.000       2.2338
2901.000       2.1547
2903.000       1.9800
2905.000       1.8846
2906.000       1.7697
2909.000       1.9713
2910.000       2.1447
2911.000       2.2700
2912.000       2.7209
2914.000       2.6355
2916.000       2.8520
2918.000       2.9519
2919.000       3.0120
2920.000       3.2984
2921.000       2.9148
2922.000       2.9350
2923.000       3.0946
2926.000       3.0222
2928.000       2.8245
2929.000       2.7230
2931.000       2.5025
2932.000       2.4399
2934.000       2.2724
2935.000       2.2201
2936.000       2.1174
2937.000       2.0252
2940.000       2.1768
2941.000       2.3205
2943.000       2.4251
2944.000       2.3662
2945.000       3.0062
2947.000       2.9018
2949.000       3.0949
2951.000       3.2510
2952.000       3.3274
2953.000       3.6259
2954.000       3.2396
2955.000       3.2392
2956.000       3.3889
2959.000       3.3007
2961.000       3.0797
2962.000       2.9900
2964.000       2.7979
2965.000       2.7562
2967.000       2.6171
2968.000       2.5609
2969.000       2.4775
2970.000       2.4133
2973.000       2.5281
2974.000       2.6495
2976.000       2.7324
2977.000       2.6774
2978.000       3.3230
2980.000       3.2015
2982.000       3.3739
2984.000       3.5848
2985.000       3.7170
2986.000       4.0263
2987.000       3.6660
2988.000       3.6419
2989.000       3.7587
2992.000       3.6857
2994.000       3.4220
2995.000       3.3774
2997.000       3.1838
2998.000       3.1465
3000.000       3.0309
3002.000       2.9520
3003.000       2.9040
3006.000       2.9977
3007.000       3.1125
3008.000       3.2192
3009.000       3.7774
3011.000       3.6605
3013.000       3.8381
3015.000       4.0636
3016.000       4.2806
3017.000       4.6076
3018.000       4.2584
3019.000       4.2273
3020.000       4.3743
3023.000       4.3543
3025.000       4.0680
3026.000       4.0759
3028.000       3.8776
3029.000       3.8108
3031.000       3.7183
3032.000       3.7173
3033.000       3.7301
3034.000       3.7343
3037.000       3.8374
3038.000       3.9239
3040.000       3.9304
3041.000       3.8165
3042.000       4.5245
3044.000       4.4029
3046.000       4.6110
3048.000       4.8522
