   2.000       3.6894
   3.000       3.6270
   6.000       3.3140
   8.000       3.2683
   9.000       2.9711
  11.000       2.8087
  12.000       2.9532
  14.000       2.9506
  15.000       2.7956
  16.000       2.9222
  17.000       3.1616
  18.000       2.9521
  20.000       2.8664
  21.000       3.0904
  24.000       2.7482
  25.000       2.7098
  26.000       2.8992
  28.000       2.8005
  30.000       3.0928
  32.000       2.9966
  33.000       2.7690
  34.000       3.0269
  35.000       2.8567
  36.000       2.3071
  37.000       2.2634
  40.000       1.9207
  42.000       1.9085
  43.000       1.6214
  45.000       1.5836
  46.000       1.7975
  48.000       1.8187
  49.000       1.6013
  50.000       1.6393
  51.000       1.8391
  52.000       1.5705
  54.000       1.4756
  55.000       1.6050
  58.000       1.4074
  59.000       1.4665
  60.000       1.6118
  62.000       1.4572
  64.000       1.5680
  66.000       1.6136
  67.000       1.5155
  68.000       1.6572
  69.000       1.6815
  70.000       1.2404
  71.000       1.1677
  74.000       1.0065
  76.000       0.9939
  77.000       0.9061
  79.000       0.9063
  80.000       1.0367
  82.000       1.1155
  84.000       1.0508
  85.000       1.1657
  86.000       0.9498
  88.000       0.8921
  89.000       0.9479
  90.000       0.9446
  92.000       0.9061
  94.000       1.0057
  96.000       1.0024
  97.000       1.0517
  98.000       1.1993
  99.000       1.1609
 100.000       0.9451
 101.000       0.9512
 104.000       0.8735
 106.000       0.8569
 107.000       0.8066
 109.000       0.7815
 110.000       0.8215
 112.000       0.7979
 113.000       0.7374
 114.000       0.7188
 115.000       0.7515
 116.000       0.7151
 118.000       0.7300
 119.000       0.7726
 122.000       0.7441
 123.000       0.7411
 124.000       0.8360
 126.000       0.8064
 128.000       0.8707
 130.000       0.8856
 131.000       0.9084
 132.000       1.0335
 133.000       0.9969
 134.000       0.8157
 135.000       0.8114
 138.000       0.7522
 140.000       0.7725
 141.000       0.7280
 143.000       0.7047
 144.000       0.7317
 146.000       0.7268
 147.000       0.6867
 148.000       0.6880
 149.000       0.7308
 150.000       0.6834
 152.000       0.6838
 153.000       0.7172
 156.000       0.6885
 157.000       0.6821
 158.000       0.7001
 160.000       0.7003
 162.000       0.7808
 164.000       0.7317
 165.000       0.7451
 166.000       0.8848
 167.000       0.8371
 168.000       0.6618
 169.000       0.6903
 172.000       0.6559
 174.000       0.6651
 175.000       0.6218
 177.000       0.5809
 178.000       0.5999
 180.000       0.6031
 181.000       0.5776
 182.000       0.6077
 183.000       0.6707
 184.000       0.6162
 186.000       0.6081
 187.000       0.6585
 190.000       0.5934
 191.000       0.5687
 192.000       0.6191
 194.000       0.6338
 196.000       0.7646
 198.000       0.7136
 199.000       0.7754
 200.000       0.9631
 201.000       0.8506
 202.000       0.6925
 203.000       0.7236
 206.000       0.6814
 208.000       0.6482
 209.000       0.6487
 211.000       0.5799
 212.000       0.5693
 214.000       0.5734
 215.000       0.5811
 216.000       0.6409
 217.000       0.7105
 218.000       0.6808
 220.000       0.6812
 221.000       0.7617
 224.000       0.6492
 225.000       0.5870
 226.000       0.7333
 228.000       0.7515
 230.000       0.8985
 232.000       0.8605
 233.000       1.3173
 234.000       2.0889
 235.000       1.9329
 236.000       0.9777
 237.000       1.3150
 240.000       1.6072
 242.000       1.9849
 243.000       2.2301
 245.000       2.3317
 246.000       2.3709
 248.000       2.6399
 249.000       2.7908
 250.000       3.2034
 251.000       3.4854
 254.000       3.4618
 255.000       3.3402
 257.000       2.9474
 258.000       2.6532
 259.000       1.4339
 261.000       2.0896
 263.000       2.6779
 265.000       1.5698
 266.000       1.4165
 267.000       2.0581
 268.000       1.4668
 269.000       1.1540
 270.000       1.1553
 273.000       1.1615
 275.000       1.2631
 276.000       1.3711
 278.000       1.4715
 279.000       1.4532
 281.000       1.6968
 283.000       1.9278
 284.000       2.2200
 287.000       1.9736
 288.000       1.7649
 289.000       1.9451
 290.000       1.1212
 292.000       1.3446
 294.000       1.5825
 296.000       1.2228
 297.000       1.2087
 298.000       1.4772
 299.000       1.1575
 300.000       1.1262
 301.000       1.2431
 304.000       1.2021
 306.000       1.1843
 307.000       1.1188
 309.000       1.0225
 310.000       0.9768
 312.000       0.9822
 313.000       1.0143
 314.000       1.1130
 315.000       1.2020
 316.000       1.2096
 318.000       1.2404
 319.000       1.4169
 322.000       1.1768
 323.000       1.0477
 324.000       1.1028
 326.000       1.1095
 328.000       1.2814
 330.000       1.1968
 331.000       1.1675
 332.000       1.3394
 333.000       1.0755
 334.000       1.1871
 335.000       1.3594
 338.000       1.4169
 340.000       1.5708
 341.000       1.5686
 343.000       1.7954
 344.000       2.3577
 346.000       2.5394
 347.000       2.1552
 348.000       2.3863
 349.000       2.6994
 352.000       2.6514
 353.000       2.6544
 355.000       2.2009
 356.000       1.8834
 357.000       1.2907
 359.000       1.3695
 361.000       1.5115
 363.000       1.3864
 364.000       1.3922
 365.000       1.5723
 366.000       1.4559
 367.000       1.2571
 368.000       1.2661
 371.000       1.1561
 373.000       1.1166
 374.000       1.0075
 376.000       0.9337
 377.000       1.0169
 379.000       0.9668
 381.000       0.8327
 382.000       0.8156
 385.000       0.7917
 386.000       0.8392
 387.000       0.8602
 388.000       1.0819
 390.000       1.0081
 392.000       1.0853
 394.000       1.1500
 395.000       1.1648
 396.000       1.3112
 397.000       1.2515
 398.000       1.0362
 399.000       1.0308
 402.000       0.9396
 404.000       0.8965
 405.000       0.8360
 407.000       0.7840
 408.000       0.8329
 410.000       0.8155
 412.000       0.7370
 413.000       0.7525
 416.000       0.7046
 417.000       0.7314
 418.000       0.7628
 419.000       0.9091
 421.000       0.8715
 423.000       0.9613
 425.000       0.9795
 426.000       1.0184
 427.000       1.1611
 428.000       1.1029
 429.000       0.9207
 430.000       0.9282
 433.000       0.8611
 435.000       0.8408
 436.000       0.7922
 438.000       0.7545
 439.000       0.7991
 441.000       0.7870
 443.000       0.7298
 444.000       0.7521
 447.000       0.7079
 448.000       0.7172
 449.000       0.7440
 450.000       0.8332
 452.000       0.8173
 454.000       0.9013
 456.000       0.8911
 457.000       0.9322
 458.000       1.0678
 459.000       1.0271
 460.000       0.8534
 461.000       0.8723
 464.000       0.8281
 466.000       0.8088
 467.000       0.7846
 469.000       0.7338
 470.000       0.7542
 472.000       0.7485
 474.000       0.7187
 475.000       0.7519
 478.000       0.7093
 479.000       0.7183
 480.000       0.7643
 481.000       0.8434
 483.000       0.8656
 485.000       1.0019
 487.000       0.9432
 488.000       1.0343
 489.000       1.2379
 490.000       1.0920
 491.000       0.9773
 492.000       1.0601
 495.000       1.0638
 497.000       0.9673
 498.000       1.0001
 500.000       0.8437
 501.000       0.8309
 503.000       0.7742
 504.000       0.7422
 505.000       0.7754
 506.000       0.8517
 509.000       0.8320
 510.000       0.8480
 512.000       0.8396
 513.000       0.7797
 514.000       1.1608
 516.000       1.2054
 518.000       1.5188
 520.000       1.3657
 522.000       4.7256
 523.000       5.0313
 524.000       5.0784
 525.000       4.1011
 526.000       4.2764
 529.000       3.8798
 531.000       3.4560
 532.000       3.0393
 534.000       2.6866
 535.000       2.8218
 537.000       2.8043
 539.000       2.6451
 540.000       2.9164
 543.000       2.5316
 544.000       2.5416
 545.000       2.7218
 546.000       3.6711
 548.000       3.0897
 550.000       3.3293
 552.000       4.1519
