   2.000       2.5033
   3.000       2.5043
   6.000       2.3550
   8.000       2.2884
   9.000       2.1100
  11.000       1.9343
  12.000       1.9545
  14.000       1.8096
  15.000       1.6769
  16.000       1.5320
  17.000       1.4880
  18.000       1.5126
  20.000       1.6203
  21.000       1.6477
  24.000       1.7505
  25.000       1.7668
  26.000       2.1624
  28.000       2.0869
  30.000       2.2595
  32.000       2.2518
  33.000       2.1297
  34.000       2.3331
  35.000       2.0722
  36.000       1.9454
  37.000       2.0427
  40.000       1.8966
  42.000       1.8202
  43.000       1.6464
  45.000       1.4896
  46.000       1.5199
  48.000       1.4025
  49.000       1.2720
  50.000       1.1624
  51.000       1.1610
  52.000       1.1469
  54.000       1.2334
  55.000       1.2890
  58.000       1.3300
  59.000       1.3360
  60.000       1.7177
  62.000       1.6346
  64.000       1.7938
  66.000       1.8036
  67.000       1.7061
  68.000       1.8733
  69.000       1.6836
  70.000       1.5471
  71.000       1.6242
  74.000       1.5158
  76.000       1.4519
  77.000       1.3262
  79.000       1.1939
  80.000       1.2114
  82.000       1.1563
  84.000       1.0712
  85.000       1.0932
  88.000       1.0674
  89.000       1.1346
  90.000       1.2246
  91.000       1.3849
  93.000       1.3330
  95.000       1.4976
  97.000       1.4717
  98.000       1.3716
  99.000       1.5325
 100.000       1.3698
 101.000       1.2272
 102.000       1.3144
 105.000       1.2590
 107.000       1.2367
 108.000       1.1562
 110.000       1.0548
 111.000       1.0342
 113.000       1.0147
 114.000       1.0131
 115.000       1.0585
 116.000       1.1107
 117.000       1.1251
 119.000       1.1586
 120.000       1.2777
 123.000       1.1332
 124.000       1.0485
 125.000       1.1564
 127.000       1.1758
 129.000       1.4426
 131.000       1.3795
 132.000       1.4267
 133.000       1.6534
 134.000       1.8421
 135.000       1.4301
 136.000       1.5600
 139.000       1.5018
 141.000       1.5649
 142.000       1.5793
 144.000       1.5221
 145.000       1.5147
 147.000       1.5091
 148.000       1.5071
 149.000       1.5434
 150.000       1.5717
 153.000       1.6003
 154.000       1.6255
 156.000       1.5964
 157.000       1.5296
 158.000       1.4495
 160.000       1.5486
 162.000       1.6914
 164.000       1.4735
 165.000       1.5244
 166.000       1.7814
 167.000       1.9064
 168.000       1.4726
 169.000       1.5436
 172.000       1.6253
 174.000       1.7593
 175.000       1.8430
 177.000       2.0926
 178.000       2.1658
 180.000       2.5666
 182.000       2.8864
 183.000       3.3190
 184.000       2.7801
 186.000       2.4274
 187.000       2.5387
 188.000       1.6720
 190.000       1.7557
 192.000       2.0161
 194.000       1.9059
 195.000       1.7429
 196.000       2.0266
 197.000       1.6972
 198.000       1.5984
 199.000       1.7161
 202.000       1.6856
 204.000       1.6563
 205.000       1.5786
 207.000       1.3870
 208.000       1.3171
 210.000       1.1706
 211.000       1.1451
 212.000       1.0591
 213.000       0.9887
 214.000       1.1405
 216.000       1.2814
 217.000       1.3834
 220.000       1.3631
 221.000       1.2887
 222.000       1.6164
 224.000       1.6257
 226.000       1.8119
 228.000       1.7510
 229.000       1.7680
 230.000       2.0031
 231.000       1.7193
 232.000       1.7050
 233.000       1.8287
 236.000       1.7747
 238.000       1.6663
 239.000       1.5917
 241.000       1.4217
 242.000       1.3698
 244.000       1.2525
 245.000       1.2251
 246.000       1.1722
 247.000       1.1153
 250.000       1.2527
 251.000       1.3710
 253.000       1.4236
 254.000       1.3422
 255.000       1.7487
 257.000       1.7069
 259.000       1.8882
 261.000       1.9280
 262.000       1.9829
 263.000       2.2290
 264.000       1.9447
 265.000       1.9032
 266.000       2.0235
 269.000       1.9795
 271.000       1.8554
 272.000       1.7961
 274.000       1.6100
 275.000       1.5378
 277.000       1.4064
 278.000       1.3840
 279.000       1.3085
 280.000       1.2363
 281.000       1.3966
 283.000       1.5384
 284.000       1.6606
 287.000       1.6049
 288.000       1.5213
 289.000       1.9641
 291.000       1.9306
 293.000       2.1240
 295.000       2.1412
 296.000       2.1788
 297.000       2.4160
 298.000       2.1195
 299.000       2.1049
 300.000       2.2245
 303.000       2.1719
 305.000       2.0429
 306.000       1.9600
 308.000       1.7552
 309.000       1.6762
 311.000       1.5101
 312.000       1.4797
 313.000       1.3718
 314.000       1.2707
 315.000       1.4563
 317.000       1.6163
 318.000       1.7237
 321.000       1.7157
 322.000       1.6399
 323.000       2.1237
 325.000       2.0705
 327.000       2.2590
 329.000       2.2920
 330.000       2.2774
 331.000       2.5089
 332.000       2.1956
 333.000       2.1695
 334.000       2.2902
 337.000       2.1833
 339.000       2.0435
 340.000       1.9115
 342.000       1.7155
 343.000       1.6998
 345.000       1.5456
 347.000       1.4074
 348.000       1.3042
 351.000       1.4412
 352.000       1.5912
 353.000       1.6642
 354.000       2.0970
 356.000       1.9960
 358.000       2.1508
 360.000       2.2537
 361.000       2.2179
 362.000       2.4606
 363.000       2.1525
 364.000       2.0864
 365.000       2.1442
 368.000       2.0372
 370.000       1.9244
 371.000       1.8093
 373.000       1.6380
 374.000       1.6054
 376.000       1.4823
 378.000       1.3946
 379.000       1.3292
 382.000       1.4440
 383.000       1.5613
 384.000       1.6515
 385.000       1.9286
 387.000       1.8700
 389.000       2.0393
 391.000       2.0617
 392.000       2.0325
 393.000       2.2370
 394.000       1.9877
 395.000       1.9099
 396.000       1.9947
 399.000       1.8910
 401.000       1.7738
 402.000       1.6580
 404.000       1.5070
 405.000       1.5133
 407.000       1.4017
 409.000       1.2694
 410.000       1.1949
 413.000       1.2760
 414.000       1.3961
 415.000       1.4510
 416.000       1.8272
 418.000       1.7442
 420.000       1.8767
 422.000       1.9729
 423.000       1.9490
 424.000       2.1774
 425.000       1.8836
 426.000       1.8454
 427.000       1.9742
 430.000       1.8746
 432.000       1.7363
 433.000       1.6026
 435.000       1.4338
 436.000       1.4293
 438.000       1.3024
 439.000       1.2045
 440.000       1.0946
 441.000       1.0713
 442.000       1.0967
 444.000       1.1961
 445.000       1.2524
 448.000       1.2999
 449.000       1.2925
 450.000       1.7983
 452.000       1.7026
 454.000       1.8632
 456.000       1.9652
 457.000       1.9731
 458.000       2.2095
 459.000       1.9246
 460.000       1.8520
 461.000       1.9512
 464.000       1.8381
 466.000       1.6818
 467.000       1.5554
 469.000       1.3983
 470.000       1.4172
 472.000       1.3284
 474.000       1.2102
 475.000       1.1914
 478.000       1.1971
 479.000       1.2889
 480.000       1.3403
 481.000       1.7942
 483.000       1.6768
 485.000       1.8100
 487.000       1.9762
 488.000       2.0179
 489.000       2.2496
 490.000       1.9948
 491.000       1.8920
 492.000       1.9633
 495.000       1.8712
 497.000       1.7090
 498.000       1.6373
 500.000       1.4980
 501.000       1.4827
 503.000       1.4111
 505.000       1.3560
 506.000       1.3576
 509.000       1.3825
 510.000       1.4510
 511.000       1.5366
 512.000       1.8742
 514.000       1.7820
 516.000       1.9173
 518.000       2.0636
 519.000       2.1359
 520.000       2.3738
 521.000       2.0878
 522.000       2.0844
 523.000       2.1898
 526.000       2.1853
 528.000       2.0339
 529.000       2.0502
 531.000       1.9359
 532.000       1.8639
 534.000       1.8352
 536.000       1.8851
 537.000       1.9447
 540.000       1.9763
 541.000       1.9997
 542.000       2.1615
 543.000       2.2766
 545.000       2.1542
 547.000       2.2776
 549.000       2.4362
 550.000       2.6591
 551.000       2.7306
 552.000       2.8348
 553.000       2.6870
 554.000       2.7250
 557.000       2.7227
 559.000       2.5569
 560.000       2.6522
 562.000       2.5759
 563.000       2.5015
 565.000       2.5138
 566.000       2.5996
 567.000       2.7218
 568.000       2.7706
 571.000       2.8696
 572.000       2.8984
 574.000       2.7997
 575.000       2.6439
 576.000       2.9336
 578.000       2.8835
 580.000       3.0615
 582.000       3.0207
 583.000       3.1705
 584.000       3.3125
 585.000       3.3602
 586.000       2.9877
 587.000       2.8856
 590.000       2.6348
 592.000       2.5456
 593.000       2.2933
 595.000       2.2352
 596.000       2.3653
 598.000       2.3335
 599.000       2.1591
 600.000       2.0875
 601.000       2.1901
 604.000       1.9694
 605.000       1.9099
 607.000       1.9724
 608.000       2.0947
 609.000       2.5236
 611.000       2.2760
 613.000       2.2145
 615.000       2.6066
 616.000       2.5709
 617.000       2.7826
 618.000       2.5912
 619.000       2.3152
 620.000       2.3165
 623.000       2.0881
 625.000       1.9363
 626.000       1.7567
 628.000       1.7844
 629.000       1.9218
 631.000       1.9544
 632.000       1.8350
 633.000       1.8591
 634.000       2.0055
 637.000       1.7845
 638.000       1.6689
 640.000       1.6327
 641.000       1.7244
 642.000       2.0063
 644.000       1.7848
 646.000       1.7265
 648.000       2.0912
 649.000       2.2680
 650.000       2.3724
 651.000       2.5116
 652.000       2.0952
 653.000       1.9105
 656.000       1.7735
 658.000       1.7666
 659.000       1.7998
 661.000       1.9567
 662.000       2.1154
 664.000       2.3109
 666.000       2.3852
 667.000       2.6424
 670.000       2.2927
 671.000       2.0606
 672.000       2.0563
 673.000       1.8806
 675.000       1.8970
 677.000       2.2502
 679.000       2.1635
 680.000       2.1824
 681.000       2.7700
 682.000       2.4135
 683.000       1.7239
 684.000       1.7846
 687.000       1.7474
 689.000       1.9180
 690.000       2.0631
 692.000       2.1895
 693.000       2.1095
 695.000       2.4652
 697.000       2.8662
 698.000       3.2866
 699.000       2.9820
 701.000       2.7178
 702.000       3.1310
 703.000       1.6667
 705.000       2.0032
 707.000       2.5151
 709.000       1.7656
 710.000       1.7449
 711.000       1.8585
 712.000       1.8787
 713.000       1.6918
 714.000       1.7660
 717.000       1.7563
 719.000       1.7127
 720.000       1.6356
 722.000       1.4734
 723.000       1.4419
 725.000       1.3473
 726.000       1.3029
 727.000       1.2504
 728.000       1.2387
 729.000       1.2875
 731.000       1.3768
 732.000       1.4507
 735.000       1.4370
 736.000       1.3891
 737.000       1.7550
 739.000       1.7270
 741.000       1.9219
 743.000       1.9565
 744.000       1.9657
 745.000       2.2333
 746.000       1.9076
 747.000       1.8483
 748.000       1.9806
 751.000       1.8853
 753.000       1.7628
 754.000       1.6253
 756.000       1.4355
 757.000       1.4311
 759.000       1.3296
 761.000       1.2194
 762.000       1.1989
 765.000       1.2196
 766.000       1.3272
 767.000       1.3875
 768.000       1.7939
 770.000       1.6994
 772.000       1.8862
 774.000       1.9627
 775.000       1.9519
 776.000       2.2095
 777.000       1.9195
 778.000       1.7770
 779.000       1.8746
 782.000       1.7173
 784.000       1.5738
 785.000       1.4100
 787.000       1.2497
 788.000       1.2941
 790.000       1.2310
 792.000       1.1208
 793.000       1.1448
 796.000       1.0801
 797.000       1.1376
 798.000       1.1704
 799.000       1.6208
 801.000       1.4844
 803.000       1.6340
 805.000       1.7918
 806.000       1.8199
 807.000       2.0661
 808.000       1.8482
 809.000       1.6389
 810.000       1.6796
 813.000       1.5398
 815.000       1.3907
 816.000       1.3067
 818.000       1.2043
 819.000       1.2331
 821.000       1.2166
 823.000       1.1795
 824.000       1.2493
 827.000       1.1735
 828.000       1.1809
 829.000       1.2571
 830.000       1.5522
 832.000       1.4546
 834.000       1.5896
 836.000       1.7314
 837.000       1.8646
 838.000       2.1017
 839.000       1.9185
 840.000       1.7834
 841.000       1.8707
 844.000       1.8759
 846.000       1.7252
 847.000       1.7668
 849.000       1.6270
 850.000       1.5499
 852.000       1.5103
 854.000       1.5520
 855.000       1.6052
 856.000       1.6367
 858.000       1.6761
 859.000       1.8365
 860.000       1.9875
 862.000       1.9863
 864.000       2.1851
 866.000       2.2198
 867.000       2.4189
 868.000       2.6868
 869.000       2.3930
 870.000       2.4342
 871.000       2.5931
 874.000       2.6317
 876.000       2.4488
 877.000       2.4796
 879.000       2.2941
 880.000       2.2080
 882.000       2.1254
 883.000       2.1615
 884.000       2.1961
 885.000       2.1979
 886.000       2.3198
 888.000       2.3931
 889.000       2.5408
 892.000       2.3772
 893.000       2.2597
 894.000       2.7299
 896.000       2.7196
 898.000       2.9452
 900.000       2.9827
 901.000       3.1074
 902.000       3.4098
 903.000       3.0062
 904.000       3.1106
 905.000       3.2025
 908.000       3.3145
 910.000       3.5396
 911.000       3.5959
 913.000       3.6287
 914.000       3.6381
 916.000       3.7995
 917.000       3.8991
 918.000       4.1640
 919.000       4.3698
 922.000       4.3155
 923.000       4.2145
 925.000       3.9718
 926.000       3.8080
 927.000       3.1603
 929.000       3.4277
 931.000       3.6349
 933.000       3.0917
 934.000       2.9209
 935.000       2.9546
 936.000       2.9992
 937.000       3.0024
 938.000       3.1875
 941.000       3.3025
 943.000       3.4253
 944.000       3.4116
 946.000       3.2463
 947.000       3.0618
 949.000       3.0238
 950.000       3.1959
 951.000       3.3185
 952.000       3.2893
 955.000       3.5357
 956.000       3.6324
 958.000       3.5512
 959.000       3.3277
 960.000       3.1088
 962.000       3.3129
 964.000       3.6123
 966.000       3.1275
 967.000       2.9410
 968.000       3.0533
 969.000       2.6608
 970.000       3.0738
 971.000       3.3534
 974.000       3.4965
 976.000       3.5426
 977.000       3.5514
 979.000       3.3260
 980.000       3.0693
 982.000       2.9549
 983.000       3.1696
 984.000       3.2660
 985.000       3.1492
 988.000       3.5530
 989.000       3.7246
 991.000       3.6691
 992.000       3.3894
 993.000       3.3633
 995.000       3.5354
 997.000       3.8477
 999.000       3.4674
1000.000       3.3266
1001.000       3.5820
1002.000       3.3436
1003.000       3.0887
1004.000       3.1932
1007.000       3.0223
1009.000       2.9433
1010.000       2.6975
1012.000       2.4952
1013.000       2.5172
1015.000       2.3357
1016.000       2.1654
1017.000       1.9572
1018.000       1.8708
1021.000       1.8987
1022.000       2.0421
1024.000       2.2306
1025.000       2.2767
1026.000       2.7803
1028.000       2.6470
1030.000       2.8094
1032.000       2.8851
1033.000       2.7568
1034.000       2.9848
1035.000       2.6859
1036.000       2.5344
1037.000       2.6123
1040.000       2.4186
1042.000       2.2971
1043.000       2.0686
1045.000       1.9012
1046.000       1.9567
1048.000       1.8100
1049.000       1.6296
1050.000       1.4539
1051.000       1.4314
1052.000       1.3712
1054.000       1.4568
1055.000       1.4386
1058.000       1.6213
1059.000       1.6925
1060.000       2.2401
1062.000       2.0737
1064.000       2.1999
1066.000       2.3700
1067.000       2.3038
1068.000       2.5403
1069.000       2.2801
1070.000       2.0748
1071.000       2.1309
1074.000       1.9364
1076.000       1.7918
1077.000       1.6013
1079.000       1.4664
1080.000       1.5385
1082.000       1.4295
1083.000       1.2598
1084.000       1.1416
1085.000       1.1651
1086.000       1.0805
1088.000       1.1296
1089.000       1.1542
1092.000       1.2363
1093.000       1.2916
1094.000       1.8172
1096.000       1.6490
1098.000       1.7585
1100.000       1.9683
1101.000       1.9629
1102.000       2.2030
1103.000       1.9724
1104.000       1.7682
1105.000       1.8199
1108.000       1.6658
1110.000       1.5266
1111.000       1.4032
1113.000       1.2943
1114.000       1.3296
1116.000       1.2571
1117.000       1.1578
1118.000       1.1117
1119.000       1.1404
1120.000       1.1243
1122.000       1.1739
1123.000       1.2695
1126.000       1.2091
1127.000       1.1938
1128.000       1.6023
1130.000       1.4856
1132.000       1.6007
1134.000       1.7474
1135.000       1.7814
1136.000       1.9927
1137.000       1.8083
1138.000       1.6544
1139.000       1.7128
1142.000       1.6341
1144.000       1.5207
1145.000       1.4670
1147.000       1.3630
1148.000       1.3445
1150.000       1.2914
1152.000       1.2461
1153.000       1.2508
1156.000       1.2768
1157.000       1.3391
1158.000       1.4304
1159.000       1.6185
1161.000       1.5653
1163.000       1.7048
1165.000       1.7637
1166.000       1.8166
1167.000       2.0037
1168.000       1.8243
1169.000       1.7544
1170.000       1.8376
1173.000       1.7740
1175.000       1.7191
1176.000       1.6672
1178.000       1.6175
1179.000       1.6320
1181.000       1.6219
1183.000       1.5955
1184.000       1.6288
1185.000       1.5915
1187.000       1.6040
1188.000       1.6515
1189.000       1.7040
1191.000       1.6778
1193.000       1.7803
1195.000       1.7680
1196.000       1.7071
1197.000       1.8575
1198.000       1.7226
1199.000       1.5634
1200.000       1.5759
1203.000       1.4545
1205.000       1.4676
1206.000       1.3631
1208.000       1.3564
1209.000       1.4016
1211.000       1.4092
1212.000       1.3672
1213.000       1.4046
1214.000       1.4849
1215.000       1.4020
1217.000       1.3721
1218.000       1.4182
1221.000       1.3387
1222.000       1.3355
1223.000       1.3311
1225.000       1.2947
1227.000       1.3441
1229.000       1.3111
1230.000       1.2640
1231.000       1.3302
1232.000       1.3709
1233.000       1.1816
1234.000       1.1720
1237.000       1.1547
1239.000       1.1978
1240.000       1.2161
1242.000       1.1846
1243.000       1.0958
1245.000       1.1546
1246.000       1.2861
1247.000       1.4514
1248.000       1.5142
1251.000       1.6086
1252.000       1.6139
1254.000       1.4798
1255.000       1.3084
1256.000       1.2073
1258.000       1.2517
1260.000       1.4185
1262.000       1.2596
1263.000       1.2943
1264.000       1.4423
1265.000       1.3354
1266.000       1.2605
1267.000       1.0830
1270.000       1.0390
1272.000       0.9679
1273.000       1.0513
1275.000       1.1544
1276.000       1.2805
1278.000       1.4845
1280.000       1.5942
1281.000       1.8573
1282.000       1.4726
1284.000       1.2572
1285.000       1.2678
1286.000       1.2094
1288.000       1.2263
1290.000       1.3031
1292.000       1.3585
1293.000       1.5996
1294.000       1.7800
1295.000       1.7048
1296.000       1.6208
1297.000       1.8404
1300.000       1.8847
1302.000       1.8734
1303.000       1.7938
1305.000       1.6028
1306.000       1.5347
1308.000       1.4127
1309.000       1.3965
1310.000       1.3377
1311.000       1.2839
1312.000       1.4173
1314.000       1.5354
1315.000       1.6366
1318.000       1.5952
1319.000       1.5195
1320.000       1.7774
1322.000       1.8129
1324.000       2.0527
1326.000       1.9268
1327.000       1.8652
1328.000       2.1170
1329.000       1.7456
1330.000       1.7599
1331.000       1.9153
1334.000       1.8320
1336.000       1.7047
1337.000       1.6193
1339.000       1.4311
1340.000       1.3351
1342.000       1.2187
1343.000       1.2425
1344.000       1.2133
1345.000       1.1578
1346.000       1.3244
1348.000       1.4429
1349.000       1.5687
1352.000       1.4783
1353.000       1.3742
1354.000       1.7392
1356.000       1.6797
1358.000       1.8900
1360.000       1.9139
1361.000       1.9165
1362.000       2.1288
1363.000       1.8438
1364.000       1.8631
1365.000       2.0092
1368.000       1.9593
1370.000       1.8754
1371.000       1.7985
1373.000       1.6131
1374.000       1.5320
1376.000       1.3859
1378.000       1.3270
1379.000       1.2295
1382.000       1.4242
1383.000       1.5661
1384.000       1.6955
1385.000       1.8659
1387.000       1.8559
1389.000       2.0780
1391.000       1.9978
1392.000       1.9616
1393.000       2.1566
1394.000       1.9051
1395.000       1.8806
1396.000       2.0032
1399.000       1.9534
1401.000       1.8782
1402.000       1.7877
1404.000       1.5997
1405.000       1.5344
1407.000       1.3954
1409.000       1.3181
1410.000       1.2243
1413.000       1.3967
1414.000       1.5386
1415.000       1.6544
1416.000       1.8634
1418.000       1.8413
1420.000       2.0368
1422.000       1.9938
1423.000       1.9480
1424.000       2.1606
1425.000       1.8975
1426.000       1.8303
1427.000       1.9460
1430.000       1.8618
1432.000       1.7792
1433.000       1.6687
1435.000       1.4940
1436.000       1.4494
1438.000       1.3221
1440.000       1.2245
1441.000       1.1631
1442.000       1.2905
1444.000       1.4259
1445.000       1.5380
1446.000       1.7622
1448.000       1.7182
1450.000       1.8923
1452.000       1.8759
1453.000       1.8291
1454.000       2.0302
1455.000       1.8037
1456.000       1.6931
1457.000       1.7787
1460.000       1.6840
1462.000       1.5960
1463.000       1.4904
1465.000       1.3274
1466.000       1.2962
1468.000       1.1745
1470.000       1.0790
1471.000       1.0131
1474.000       1.1395
1475.000       1.2628
1476.000       1.3789
1477.000       1.5981
1479.000       1.5432
1481.000       1.7020
1483.000       1.7168
1484.000       1.7062
1485.000       1.9161
1486.000       1.6915
1487.000       1.5928
1488.000       1.6815
1491.000       1.6125
1493.000       1.5053
1494.000       1.4318
1496.000       1.2672
1497.000       1.2345
1499.000       1.1519
1501.000       1.0811
1502.000       1.0821
1503.000       1.1289
1505.000       1.2296
1506.000       1.3527
1507.000       1.5696
1509.000       1.5333
1511.000       1.7233
1513.000       1.7221
1514.000       1.7673
1515.000       1.9998
1516.000       1.7335
1517.000       1.7078
1518.000       1.8812
1521.000       1.8527
1523.000       1.7294
1524.000       1.6828
1526.000       1.4863
1527.000       1.3947
1529.000       1.3083
1530.000       1.3254
1531.000       1.3411
1532.000       1.3422
1535.000       1.4554
1536.000       1.5657
1538.000       1.5816
1539.000       1.4424
1540.000       1.8385
1542.000       1.8267
1544.000       2.0729
1546.000       2.0499
1547.000       2.1079
1548.000       2.4045
1549.000       2.0226
1550.000       2.0528
1551.000       2.2516
1554.000       2.2328
1556.000       2.0427
1557.000       1.9779
1559.000       1.6982
1560.000       1.6012
1562.000       1.4823
1564.000       1.4239
1565.000       1.4398
1568.000       1.5098
1569.000       1.6617
1570.000       1.8817
1571.000       2.2230
1573.000       2.1696
1575.000       2.5329
1577.000       2.5330
1578.000       2.6114
1579.000       2.9493
1580.000       2.5019
1581.000       2.8582
1582.000       3.4306
1585.000       3.7595
1587.000       4.3432
1588.000       4.4050
1590.000       5.2343
1591.000       5.7395
1593.000       6.7815
1595.000       7.4087
1596.000       8.4667
1597.000       6.8915
1599.000       5.8508
1600.000       5.7416
1601.000       3.3843
1603.000       3.7163
1605.000       4.0852
1607.000       3.7569
1608.000       4.3375
1609.000       4.4479
1610.000       4.8143
1611.000       4.8826
1612.000       5.4987
1615.000       6.1422
1617.000       6.2504
1618.000       6.7330
1620.000       6.6239
1621.000       6.7817
1623.000       6.9140
1624.000       6.9461
1625.000       7.4468
1626.000       7.9320
1627.000       7.5986
1629.000       7.2195
1630.000       7.5072
1633.000       6.7804
1634.000       6.7013
1635.000       6.3552
1637.000       6.7306
1639.000       7.5686
1641.000       6.9988
