   2.000       6.7075
   3.000       6.5387
   6.000       5.6818
   8.000       5.2812
   9.000       4.9051
  11.000       4.8640
  12.000       5.1968
  14.000       5.3776
  16.000       5.3791
  17.000       5.8128
  18.000       5.2053
  20.000       4.9004
  21.000       5.0262
  22.000       5.4684
  24.000       5.2121
  26.000       5.3400
  28.000       5.3565
  29.000       5.6329
  30.000       6.4234
  31.000       5.5571
  32.000       5.2245
  33.000       5.4499
  36.000       5.0152
  38.000       4.6334
  39.000       3.9474
  41.000       3.6388
  42.000       3.6006
  44.000       3.3446
  46.000       3.0965
  47.000       2.8941
  48.000       3.1904
  50.000       3.4578
  51.000       3.5909
  52.000       4.6787
  54.000       3.8341
  56.000       3.6010
  58.000       5.2114
  59.000       5.2805
  60.000       5.8741
  61.000       5.1078
  62.000       4.9470
  63.000       5.1751
  66.000       4.8631
  68.000       4.4870
  69.000       4.1677
  71.000       3.7466
  72.000       3.7416
  74.000       3.4024
  76.000       3.0237
  77.000       2.7197
  80.000       3.0295
  81.000       3.4038
  82.000       3.4805
  83.000       4.6597
  85.000       4.3270
  87.000       4.5741
  89.000       4.9812
  90.000       4.9008
  91.000       5.3329
  92.000       4.8156
  93.000       4.4685
  94.000       4.5643
  97.000       4.1558
  99.000       3.8655
 100.000       3.4338
 102.000       3.1096
 103.000       3.3132
 105.000       3.0906
 107.000       2.6113
 108.000       2.4454
 111.000       2.3797
 112.000       2.6456
 113.000       2.5313
 114.000       3.8736
 116.000       3.4767
 118.000       3.5993
 120.000       4.0783
 121.000       3.9573
 122.000       4.2716
 123.000       4.1714
 124.000       3.3302
 125.000       3.1592
 128.000       2.6414
 130.000       2.4388
 131.000       2.1578
 133.000       2.3020
 134.000       2.6565
 136.000       2.9268
 138.000       2.8797
 139.000       3.2709
 142.000       2.6276
 143.000       2.3157
 144.000       2.2649
 145.000       2.4694
 147.000       2.1645
 149.000       2.1613
 151.000       2.5579
 152.000       2.6245
 153.000       2.7938
 154.000       2.8403
 155.000       2.3310
 156.000       2.1394
 159.000       1.8468
 161.000       1.6937
 162.000       1.5989
 164.000       1.6641
 165.000       1.8774
 167.000       1.9144
 168.000       1.7196
 169.000       1.7244
 170.000       1.8537
 171.000       1.6489
 173.000       1.5694
 174.000       1.6320
 177.000       1.5191
 178.000       1.5932
 179.000       1.9760
 181.000       1.7565
 183.000       1.6911
 185.000       2.1298
 186.000       2.3288
 187.000       2.5985
 188.000       2.2633
 189.000       2.7672
 190.000       3.2717
 193.000       3.7384
 195.000       3.8800
 196.000       4.1446
 198.000       3.9603
 199.000       3.5944
 201.000       3.6612
 202.000       4.0854
 203.000       4.4395
 204.000       4.4642
 207.000       4.8517
 208.000       4.9477
 210.000       4.7026
 211.000       4.2560
 212.000       3.7099
 214.000       4.1625
 216.000       4.6874
 218.000       3.8888
 219.000       3.7143
 220.000       4.0258
 221.000       3.4214
 222.000       3.6466
 223.000       3.8852
 226.000       3.7921
 228.000       3.8477
 229.000       3.6258
 231.000       3.3765
 232.000       3.2623
 234.000       3.0587
 235.000       3.0460
 236.000       2.9247
 237.000       2.7542
 240.000       3.0286
 241.000       3.2279
 243.000       3.3436
 244.000       3.2460
 245.000       3.4270
 247.000       3.4359
 249.000       3.6780
 251.000       3.4180
 252.000       3.0825
 253.000       3.2121
 254.000       2.9296
 255.000       2.9124
 256.000       3.0509
 259.000       2.9854
 261.000       3.0490
 262.000       2.8870
 264.000       2.6843
 265.000       2.5888
 267.000       2.4396
 268.000       2.4360
 269.000       2.3562
 270.000       2.2258
 273.000       2.4639
 274.000       2.6365
 276.000       2.7088
 277.000       2.5992
 278.000       2.6790
 280.000       2.7266
 282.000       2.9602
 284.000       2.6606
 285.000       2.4156
 286.000       2.5218
 287.000       2.2774
 288.000       2.3491
 289.000       2.5036
 292.000       2.5110
 294.000       2.5455
 295.000       2.4456
 297.000       2.2390
 298.000       2.1138
 300.000       1.9701
 301.000       1.9816
 302.000       1.8866
 303.000       1.7693
 304.000       2.0008
 306.000       2.1952
 307.000       2.3354
 310.000       2.2870
 311.000       2.1626
 312.000       2.3085
 314.000       2.3816
 316.000       2.6370
 318.000       2.3634
 319.000       2.2309
 320.000       2.4049
 321.000       2.0703
 322.000       2.2142
 323.000       2.4310
 326.000       2.4155
 328.000       2.3485
 329.000       2.2283
 331.000       1.9989
 332.000       1.8924
 334.000       1.7233
 335.000       1.7028
 336.000       1.5794
 337.000       1.4724
 338.000       1.6490
 340.000       1.8238
 341.000       1.9026
 344.000       1.9510
 345.000       1.8766
 346.000       2.2821
 348.000       2.2648
 350.000       2.4905
 352.000       2.4281
 353.000       2.3678
 354.000       2.6170
 355.000       2.2330
 356.000       2.2790
 357.000       2.4415
 360.000       2.3486
 362.000       2.1998
 363.000       2.0380
 365.000       1.8199
 366.000       1.7713
 368.000       1.5927
 369.000       1.5159
 370.000       1.3877
 371.000       1.2993
 374.000       1.4164
 375.000       1.5532
 377.000       1.6826
 378.000       1.6593
 379.000       2.2540
 381.000       2.1372
 383.000       2.3138
 385.000       2.4523
 386.000       2.4565
 387.000       2.7308
 388.000       2.3809
 389.000       2.3044
 390.000       2.4117
 393.000       2.2605
 395.000       2.0509
 396.000       1.9074
 398.000       1.7161
 399.000       1.7252
 401.000       1.5765
 403.000       1.4168
 404.000       1.3342
 405.000       1.4409
 407.000       1.5757
 408.000       1.6226
 409.000       2.2336
 411.000       2.0737
 413.000       2.2110
 415.000       2.4680
 416.000       2.5694
 417.000       2.8630
 418.000       2.5135
 419.000       2.4634
 420.000       2.5905
 423.000       2.4909
 425.000       2.2585
 426.000       2.1670
 428.000       1.9744
 429.000       1.9406
 431.000       1.7797
 432.000       1.7074
 433.000       1.5823
 434.000       1.4871
 435.000       1.6456
 437.000       1.7919
 438.000       1.8894
 441.000       1.8886
 442.000       1.8414
 443.000       2.5203
 445.000       2.3899
 447.000       2.5511
 449.000       2.7879
 450.000       2.9081
 451.000       3.2234
 452.000       2.8329
 453.000       2.8147
 454.000       2.9489
 457.000       2.8604
 459.000       2.6172
 460.000       2.5323
 462.000       2.3220
 463.000       2.2694
 465.000       2.0986
 466.000       2.0260
 467.000       1.8786
 468.000       1.7672
 469.000       1.9304
 471.000       2.0999
 472.000       2.1926
 475.000       2.2278
 476.000       2.1778
 477.000       2.9023
 479.000       2.7638
 481.000       2.9375
 483.000       3.1785
 484.000       3.3163
 485.000       3.6331
 486.000       3.2636
 487.000       3.2044
 488.000       3.3222
 491.000       3.2069
 493.000       2.9347
 494.000       2.8252
 496.000       2.6082
 497.000       2.6029
 499.000       2.4531
 501.000       2.2911
 502.000       2.1859
 505.000       2.2901
 506.000       2.4556
 507.000       2.5094
 508.000       3.2445
 510.000       3.0665
 512.000       3.2258
 514.000       3.5281
 515.000       3.6581
 516.000       3.9920
 517.000       3.5976
 518.000       3.5188
 519.000       3.6494
 522.000       3.5221
 524.000       3.2467
 525.000       3.1178
 527.000       2.9100
 528.000       2.9089
 530.000       2.7510
 531.000       2.6290
 532.000       2.4792
 533.000       2.4274
 534.000       2.4455
 536.000       2.5503
 537.000       2.5486
 540.000       2.7039
 541.000       2.7298
 542.000       3.5460
 544.000       3.3529
 546.000       3.5013
 548.000       3.8359
 549.000       3.9894
 550.000       4.2979
 551.000       3.9867
 552.000       3.8219
 553.000       3.8779
 556.000       3.7270
 558.000       3.4432
 559.000       3.3444
 561.000       3.1911
 562.000       3.2503
 564.000       3.1574
 565.000       3.0231
 566.000       2.9412
 567.000       2.9737
 568.000       2.8756
 570.000       2.8775
 571.000       2.8433
 574.000       2.9539
 575.000       3.0299
 576.000       3.8209
 578.000       3.6087
 580.000       3.6857
 582.000       4.1234
 583.000       4.3863
 584.000       4.6952
 585.000       4.4411
 586.000       4.2968
 587.000       4.4532
 590.000       4.3976
 592.000       4.5167
 593.000       4.4065
 595.000       4.3397
 596.000       4.3485
 598.000       4.3946
 599.000       4.4405
 600.000       4.6258
 601.000       4.7710
 604.000       4.7725
 605.000       4.7084
 607.000       4.5298
 608.000       4.4048
 609.000       4.1065
 611.000       4.2618
 613.000       4.4662
 615.000       4.0335
 616.000       3.7254
 617.000       3.8184
 618.000       3.6110
 619.000       3.5753
 620.000       3.6857
 623.000       3.6406
 625.000       3.7389
 626.000       3.6015
 628.000       3.5098
 629.000       3.4596
 631.000       3.4530
 632.000       3.4967
 633.000       3.5777
 634.000       3.6246
 637.000       3.6872
 638.000       3.7093
 640.000       3.6419
 641.000       3.5324
 642.000       3.3676
 644.000       3.4189
 646.000       3.5847
 648.000       3.3278
 649.000       3.0654
 650.000       3.1493
 651.000       2.9076
 652.000       3.0016
 653.000       3.1419
 656.000       3.1344
 658.000       3.2117
 659.000       3.1195
 661.000       2.9974
 662.000       2.8935
 664.000       2.8526
 665.000       2.9396
 666.000       3.0229
 667.000       3.0200
 670.000       3.1901
 671.000       3.2613
 673.000       3.1931
 674.000       3.0305
 675.000       2.9202
 677.000       2.9995
 679.000       3.1971
 681.000       2.9570
 682.000       2.7726
 683.000       2.9485
 684.000       2.9230
 685.000       2.5457
 686.000       2.5505
 689.000       2.4441
 691.000       2.4904
 692.000       2.3898
 694.000       2.3318
 695.000       2.3595
 697.000       2.3499
 699.000       2.3060
 700.000       2.3374
 703.000       2.3037
 704.000       2.3197
 705.000       2.3846
 706.000       2.2660
 708.000       2.2773
 710.000       2.4056
 712.000       2.2784
 713.000       2.1758
 714.000       2.3432
 715.000       2.1374
 716.000       2.0818
 717.000       2.2034
 720.000       2.1996
 722.000       2.1890
 723.000       2.1600
 725.000       2.0210
 726.000       1.9376
 728.000       1.8728
 729.000       1.9129
 730.000       1.9398
 731.000       1.9234
 732.000       2.0717
 734.000       2.1709
 735.000       2.3463
 738.000       2.1541
 739.000       2.0154
 740.000       2.1065
 742.000       2.1680
 744.000       2.3889
 746.000       2.2210
 747.000       2.1753
 748.000       2.4087
 749.000       2.0565
 750.000       2.1408
 751.000       2.3422
 754.000       2.3348
 756.000       2.2517
 757.000       2.1864
 759.000       1.9661
 760.000       1.8471
 762.000       1.6985
 764.000       1.6766
 765.000       1.6053
 768.000       1.8060
 769.000       1.9500
 770.000       2.1203
 771.000       2.2286
 773.000       2.2387
 775.000       2.4990
 777.000       2.4013
 778.000       2.3510
 779.000       2.6222
 780.000       2.2372
 781.000       2.2328
 782.000       2.4004
 785.000       2.3043
 787.000       2.1854
 788.000       2.0474
 790.000       1.8219
 791.000       1.7447
 793.000       1.5864
 795.000       1.5083
 796.000       1.4214
 799.000       1.5984
 800.000       1.7521
 801.000       1.8789
 802.000       2.1614
 804.000       2.0801
 806.000       2.2942
 808.000       2.3329
 809.000       2.2711
 810.000       2.5614
 811.000       2.2141
 812.000       2.0554
 813.000       2.1472
 816.000       1.9717
 818.000       1.8708
 819.000       1.6967
 821.000       1.5429
 822.000       1.5197
 824.000       1.3958
 825.000       1.3401
 826.000       1.2790
 827.000       1.2280
 830.000       1.3539
 831.000       1.4563
 833.000       1.5038
 834.000       1.4444
 835.000       1.8272
 837.000       1.6878
 839.000       1.7811
 841.000       1.9520
 842.000       1.9148
 843.000       2.1258
 844.000       1.8498
 845.000       1.8084
 846.000       1.8873
 849.000       1.7797
 851.000       1.6842
 852.000       1.5848
 854.000       1.4752
 855.000       1.4790
 857.000       1.3947
 858.000       1.3256
 859.000       1.2727
 860.000       1.2465
 861.000       1.3338
 863.000       1.4239
 864.000       1.5574
 867.000       1.4519
 868.000       1.3969
 869.000       1.7431
 871.000       1.6682
 873.000       1.7791
 875.000       1.7890
 876.000       1.8854
 877.000       2.0283
 878.000       2.0457
 879.000       1.8255
 880.000       1.8609
 883.000       1.9222
 885.000       1.9525
 886.000       1.9786
 888.000       1.9429
 889.000       1.9699
 891.000       2.0144
 892.000       2.0048
 893.000       2.0983
 894.000       2.2177
 897.000       2.1473
 898.000       2.1137
 900.000       2.0337
 901.000       1.9698
 902.000       2.0153
 904.000       2.0149
 906.000       2.2369
 908.000       2.1890
 909.000       2.2690
 910.000       2.2539
 911.000       2.4969
 912.000       2.2862
 913.000       2.4053
 916.000       2.5335
 918.000       2.7371
 919.000       2.7858
 921.000       2.9923
 922.000       3.0054
 924.000       3.3844
 926.000       3.7306
 927.000       4.1545
 928.000       3.6871
 930.000       3.3699
 931.000       3.5624
 932.000       2.4258
 934.000       2.5646
 936.000       2.7912
 938.000       2.4922
 939.000       2.4124
 940.000       2.4382
 941.000       2.5854
 942.000       2.1794
 943.000       2.1363
 946.000       1.9456
 948.000       1.9610
 949.000       1.8179
 951.000       1.9368
 952.000       2.1316
 954.000       2.2853
 955.000       2.1873
 956.000       2.3571
 957.000       2.6132
 958.000       2.2990
 960.000       2.1025
 961.000       2.1720
 964.000       1.9315
 965.000       1.9780
 966.000       1.7899
 968.000       1.7449
 970.000       1.6256
 972.000       1.7216
 973.000       1.8112
 974.000       1.8253
 975.000       1.9764
 976.000       1.8183
 977.000       1.9303
 980.000       1.8949
 982.000       1.7804
 983.000       1.7627
 985.000       1.6187
 986.000       1.5459
 988.000       1.4640
 990.000       1.4438
 991.000       1.4127
 994.000       1.5249
 995.000       1.6191
 996.000       1.7532
 997.000       1.9184
 999.000       1.8933
1001.000       2.0768
1003.000       2.1109
1004.000       2.2203
1005.000       2.4565
1006.000       2.1707
1007.000       2.2186
1008.000       2.3436
1011.000       2.3526
1013.000       2.1963
1014.000       2.2258
1016.000       2.0296
1017.000       1.8939
1019.000       1.7666
1021.000       1.7695
1022.000       1.7021
1025.000       1.8941
1026.000       2.0270
1027.000       2.1860
1028.000       2.4310
1030.000       2.4467
1032.000       2.8305
1034.000       2.6763
1035.000       2.8224
1036.000       3.1189
1037.000       2.7364
1038.000       2.8451
1039.000       2.9541
1042.000       3.0094
1044.000       2.8672
1045.000       2.9410
1047.000       2.6610
1048.000       2.5208
1050.000       2.3460
1052.000       2.3027
1053.000       2.2095
1054.000       2.4325
1056.000       2.6126
1057.000       2.7589
1058.000       3.0678
1060.000       3.1498
1062.000       3.9036
1064.000       3.3682
1065.000       3.5960
1066.000       3.8932
1067.000       3.6552
1068.000       3.5244
1069.000       3.6227
1072.000       3.6110
1074.000       3.3802
1075.000       3.3952
1077.000       3.1951
1078.000       3.1024
1080.000       2.9229
1082.000       2.8365
1083.000       2.7090
1084.000       2.9653
1086.000       3.1358
1087.000       3.2654
1088.000       3.7391
1090.000       3.5702
1092.000       3.6703
1094.000       3.8632
1095.000       4.0559
1096.000       4.1863
1097.000       4.1874
1098.000       3.9587
1099.000       3.8757
1102.000       3.8113
1104.000       3.6672
1105.000       3.7415
1107.000       3.6946
1108.000       3.7686
1110.000       3.7418
1111.000       3.6363
1112.000       3.5898
1113.000       3.6370
1114.000       3.5133
1116.000       3.4857
1117.000       3.4392
1120.000       3.5330
1121.000       3.6058
1122.000       3.9893
1124.000       3.9519
1126.000       4.0637
1128.000       4.0197
1129.000       4.1882
1130.000       4.4450
1131.000       4.2919
1132.000       3.9830
1133.000       3.9506
1136.000       3.7792
1138.000       3.6069
1139.000       3.6210
1141.000       3.5409
1142.000       3.6350
1144.000       3.6640
1146.000       3.5890
1147.000       3.6771
1148.000       3.4856
1150.000       3.4625
1151.000       3.4507
1152.000       3.7931
1154.000       3.9460
1156.000       4.2478
1158.000       3.7791
1159.000       3.6608
1160.000       4.2863
1161.000       3.3285
1162.000       3.4178
1163.000       3.9250
1166.000       3.8495
1168.000       3.6053
1169.000       3.4875
1171.000       3.0058
1172.000       2.6731
1174.000       2.4299
1175.000       2.6305
1176.000       2.7770
1177.000       2.7162
1180.000       3.2260
1181.000       3.5102
1183.000       3.4490
1184.000       2.9948
1185.000       3.5213
1187.000       3.6003
1189.000       4.2824
1191.000       3.8598
1192.000       3.5027
1193.000       4.0366
1194.000       3.1855
1195.000       3.1474
1196.000       3.6141
1199.000       3.4777
1201.000       3.2517
1202.000       2.9237
1204.000       2.2558
1205.000       2.0359
1207.000       1.6951
1208.000       1.6490
1209.000       1.7969
1210.000       2.0172
1213.000       2.1847
1214.000       2.4196
1216.000       2.4277
1217.000       2.0183
1218.000       3.0626
1220.000       3.0973
1222.000       3.7970
1224.000       3.4118
1225.000       3.2078
1226.000       3.6295
1227.000       2.9039
1228.000       3.0331
1229.000       3.3607
1232.000       3.2002
1234.000       2.8912
1235.000       2.6540
1237.000       2.2891
1238.000       2.2558
1240.000       2.0238
1242.000       1.8546
1243.000       1.7915
1246.000       1.9145
1247.000       2.1101
1248.000       2.2487
1249.000       3.0469
1251.000       2.8773
1253.000       3.2617
1255.000       3.4304
1256.000       3.5814
1257.000       4.0264
1258.000       3.4297
1259.000       3.4748
1260.000       3.7064
1263.000       3.6418
1265.000       3.2686
1266.000       3.2636
1268.000       2.9690
1269.000       2.8039
1271.000       2.5755
1273.000       2.5575
1274.000       2.4433
1277.000       2.7668
1278.000       2.9557
1279.000       3.2037
1280.000       3.7666
1282.000       3.6620
1284.000       3.9782
1286.000       4.2061
1287.000       4.4018
1288.000       4.8930
1289.000       4.2053
1290.000       4.3265
1291.000       4.6399
1294.000       4.5993
1296.000       4.2173
1297.000       4.1296
1299.000       3.6862
1300.000       3.4846
1302.000       3.1903
1303.000       3.2019
1304.000       3.0705
1305.000       2.8867
1306.000       3.2951
1308.000       3.5881
1309.000       3.8317
1312.000       3.7079
1313.000       3.5093
1314.000       4.6144
1316.000       4.4895
1318.000       4.8916
1320.000       5.0623
1321.000       5.1534
1322.000       5.6667
1323.000       4.9321
1324.000       4.9882
1325.000       4.9378
1328.000       4.9732
1330.000       5.4066
1331.000       5.4315
1333.000       5.5955
1334.000       5.6714
1336.000       5.9088
1337.000       6.0131
1338.000       6.3307
1339.000       6.5857
1342.000       6.4570
1343.000       6.2598
1345.000       5.9407
1346.000       5.8302
1347.000       4.6664
1349.000       4.9962
1351.000       5.0367
1353.000       4.3203
1354.000       3.9109
1355.000       3.7062
1356.000       3.8391
1357.000       4.0140
1358.000       4.1324
1361.000       4.4295
1363.000       4.7613
1364.000       4.9375
1366.000       4.9349
1367.000       4.6940
1369.000       4.8478
1370.000       5.2037
1371.000       5.5558
1372.000       5.6245
1375.000       5.9047
1376.000       5.9238
1378.000       5.6305
1379.000       5.2635
1380.000       4.3122
1382.000       4.7376
1384.000       5.0104
1386.000       4.2028
1387.000       4.0414
1388.000       4.0541
1389.000       3.7177
1390.000       4.3927
1391.000       4.7376
1394.000       5.0845
1396.000       5.1993
1397.000       5.3538
1399.000       5.1191
1400.000       4.6984
1402.000       4.6229
1403.000       5.0280
1404.000       5.2335
1405.000       5.0686
1408.000       5.6710
1409.000       5.9043
1411.000       5.7757
1412.000       5.3261
1413.000       5.0327
1415.000       5.3646
1417.000       5.7825
1419.000       5.1688
1420.000       5.0063
1421.000       5.5113
1422.000       4.7557
1423.000       4.7730
1424.000       5.0096
1427.000       4.8709
1429.000       4.7464
1430.000       4.4501
1432.000       4.0287
1433.000       3.8967
1435.000       3.5195
1436.000       3.4008
1437.000       3.0739
1438.000       2.8063
1439.000       3.1544
1441.000       3.4883
1442.000       3.5767
1445.000       3.7785
1446.000       3.7221
1447.000       4.5231
1449.000       4.4138
1451.000       4.7562
1453.000       4.7013
1454.000       4.4378
1455.000       4.7751
1456.000       4.2266
1457.000       4.1027
1458.000       4.2766
1461.000       3.9641
1463.000       3.8591
1464.000       3.4519
1466.000       3.1229
1467.000       3.1675
1469.000       2.8501
1470.000       2.5599
1471.000       2.2157
1472.000       2.0798
1473.000       2.1556
1475.000       2.3846
1476.000       2.4220
1479.000       2.6741
1480.000       2.7497
1481.000       3.5370
1483.000       3.2967
1485.000       3.4817
1487.000       3.5959
1488.000       3.4083
1489.000       3.4957
1490.000       3.6555
1491.000       2.9463
1492.000       2.6695
1495.000       2.3735
1497.000       2.3135
1498.000       2.0020
1500.000       1.9095
1501.000       2.0234
1503.000       1.9605
1504.000       1.8095
1505.000       1.8079
1506.000       1.9259
1507.000       1.7625
1509.000       1.6899
1510.000       1.7258
1513.000       1.6875
1514.000       1.7648
1515.000       2.1284
1517.000       1.9067
1519.000       1.9791
1521.000       2.2975
1522.000       2.2222
1523.000       2.6378
1524.000       2.1827
1525.000       1.8569
1526.000       1.9322
1529.000       1.6734
1531.000       1.4154
1532.000       1.2164
1534.000       1.0665
1535.000       1.1415
1537.000       1.1714
1538.000       1.1495
1539.000       1.4047
1540.000       1.6342
1541.000       1.5423
1543.000       1.4557
1544.000       1.7329
1547.000       1.2328
1548.000       1.0773
1549.000       1.5649
1551.000       1.4092
1553.000       1.6882
1555.000       1.9044
1556.000       1.9769
1557.000       2.4179
1558.000       1.8237
1559.000       1.8808
1560.000       2.1584
1563.000       2.1763
1565.000       1.8914
1566.000       1.9915
1568.000       1.7612
1569.000       1.4790
1571.000       1.4251
1572.000       1.7193
1573.000       1.9644
1574.000       1.9704
1575.000       2.3414
1577.000       2.4769
1578.000       2.8736
1581.000       2.2988
1582.000       1.9178
1583.000       2.3105
1585.000       2.3472
1587.000       2.6966
1589.000       2.7138
1590.000       2.9229
1591.000       3.3579
1592.000       2.7088
1593.000       2.9839
1594.000       3.3105
1597.000       3.3934
1599.000       3.1108
1600.000       3.1734
1602.000       2.8376
1603.000       2.5331
1605.000       2.3276
1606.000       2.5268
1607.000       2.5694
1608.000       2.3913
1611.000       2.8919
1612.000       3.1489
1614.000       3.1565
1615.000       2.8380
1616.000       3.5044
1618.000       3.5216
1620.000       3.9082
1622.000       3.9130
1623.000       4.0525
1624.000       4.5251
1625.000       3.7958
1626.000       4.0576
1627.000       4.4151
1630.000       4.4267
1632.000       4.1013
1633.000       4.0480
1635.000       3.6449
1636.000       3.3968
1638.000       3.1419
1639.000       3.2346
1640.000       3.2003
1641.000       3.0377
1644.000       3.4662
1645.000       3.7401
1647.000       3.8110
1648.000       3.5445
1649.000       4.4566
1651.000       4.3728
1653.000       4.7646
1655.000       4.8696
1656.000       5.0284
1657.000       5.4583
1658.000       4.8714
1659.000       5.0402
1660.000       5.3556
1663.000       5.4449
1665.000       5.1803
1666.000       5.2741
1668.000       4.9608
1669.000       4.6848
1671.000       4.5674
1673.000       4.7371
1674.000       4.8066
1675.000       5.0023
1677.000       5.1276
1678.000       5.5023
1679.000       5.5401
1681.000       5.5411
1683.000       6.0359
1685.000       5.9043
