   2.000       4.7953
   3.000       4.2302
   6.000       3.4517
   8.000       4.0650
   9.000       3.9879
  11.000       4.9607
  12.000       5.5896
  14.000       6.5312
  15.000       6.6128
  16.000       7.6385
  17.000       8.5818
  18.000       7.6624
  20.000       6.8231
  21.000       7.2021
  24.000       5.7860
  25.000       5.7022
  26.000       2.8319
  28.000       3.4304
  30.000       3.5327
  32.000       2.2704
  33.000       1.9874
  34.000       2.2056
  35.000       2.1867
  36.000       1.8054
  37.000       1.8680
  40.000       1.7662
  42.000       1.7432
  43.000       1.6060
  45.000       1.4849
  46.000       1.5142
  48.000       1.4221
  49.000       1.3153
  50.000       1.2250
  51.000       1.2191
  52.000       1.2050
  54.000       1.2693
  55.000       1.2925
  58.000       1.3547
  59.000       1.3673
  60.000       1.6282
  62.000       1.5784
  64.000       1.7088
  66.000       1.6972
  67.000       1.6267
  68.000       1.7896
  69.000       1.6130
  70.000       1.4966
  71.000       1.5549
  74.000       1.4482
  76.000       1.3918
  77.000       1.2660
  79.000       1.1625
  80.000       1.1875
  82.000       1.1110
  83.000       1.0200
  84.000       0.9526
  85.000       0.9613
  86.000       0.9457
  88.000       0.9922
  89.000       1.0288
  92.000       1.0538
  93.000       1.0615
  94.000       1.3304
  96.000       1.2624
  98.000       1.3690
 100.000       1.3989
 101.000       1.3381
 102.000       1.4790
 103.000       1.3455
 104.000       1.2152
 105.000       1.2610
 108.000       1.1737
 110.000       1.1283
 111.000       1.0478
 113.000       0.9710
 114.000       0.9848
 116.000       0.9520
 118.000       0.8996
 119.000       0.9212
 122.000       0.9010
 123.000       0.9364
 124.000       1.0084
 125.000       1.0933
 127.000       1.0665
 129.000       1.1663
 131.000       1.1481
 132.000       1.1413
 133.000       1.2229
 134.000       1.1976
 135.000       1.0911
 136.000       1.0934
 139.000       1.0642
 141.000       1.1094
 142.000       1.0365
 144.000       0.9357
 145.000       0.9322
 147.000       0.8889
 148.000       0.8520
 149.000       0.8567
 150.000       0.8954
 151.000       0.8946
 153.000       0.9302
 154.000       1.0205
 157.000       0.9321
 158.000       0.8869
 159.000       1.0182
 161.000       1.0516
 163.000       1.1910
 165.000       1.0479
 166.000       1.0905
 167.000       1.2015
 168.000       1.1001
 169.000       1.1404
 170.000       1.1303
 173.000       1.1645
 175.000       1.2525
 176.000       1.3080
 178.000       1.3648
 179.000       1.4445
 181.000       1.5233
 182.000       1.4955
 183.000       1.5784
 184.000       1.6958
 187.000       1.5817
 188.000       1.5047
 190.000       1.4179
 191.000       1.4100
 192.000       1.1908
 194.000       1.2833
 196.000       1.3518
 198.000       1.2365
 199.000       1.2607
 200.000       1.4092
 201.000       1.2918
 202.000       1.4115
 203.000       1.5508
 206.000       1.5612
 208.000       1.5677
 209.000       1.5405
 211.000       1.4854
 212.000       1.3989
 214.000       1.4229
 216.000       1.5295
 217.000       1.6089
 218.000       1.6028
 220.000       1.5917
 221.000       1.7253
 222.000       1.4502
 224.000       1.4946
 226.000       1.7021
 228.000       1.5561
 229.000       1.5166
 230.000       1.7382
 231.000       1.3998
 232.000       1.5046
 233.000       1.6607
 236.000       1.6349
 238.000       1.5421
 239.000       1.4780
 241.000       1.3165
 242.000       1.2437
 244.000       1.1275
 245.000       1.1206
 246.000       1.0521
 247.000       0.9877
 248.000       1.1241
 250.000       1.2442
 251.000       1.3327
 254.000       1.3110
 255.000       1.2448
 256.000       1.5947
 258.000       1.5693
 260.000       1.7423
 262.000       1.7532
 263.000       1.7834
 264.000       2.0093
 265.000       1.7279
 266.000       1.7165
 267.000       1.8287
 270.000       1.7736
 272.000       1.6644
 273.000       1.5917
 275.000       1.4364
 276.000       1.3796
 278.000       1.2564
 279.000       1.2283
 280.000       1.1548
 281.000       1.0737
 284.000       1.2191
 285.000       1.3427
 287.000       1.4121
 288.000       1.3491
 289.000       1.7481
 291.000       1.6988
 293.000       1.8488
 295.000       1.9081
 296.000       1.9397
 297.000       2.1611
 298.000       1.8813
 299.000       1.8696
 300.000       1.9805
 303.000       1.9227
 305.000       1.8121
 306.000       1.7299
 308.000       1.5601
 309.000       1.5012
 311.000       1.3641
 312.000       1.3284
 313.000       1.2244
 314.000       1.1401
 315.000       1.2833
 317.000       1.4206
 318.000       1.5038
 321.000       1.5124
 322.000       1.4561
 323.000       1.8787
 325.000       1.8272
 327.000       1.9883
 329.000       2.0276
 330.000       2.0326
 331.000       2.2480
 332.000       1.9761
 333.000       1.9368
 334.000       2.0496
 337.000       1.9704
 339.000       1.8614
 340.000       1.7586
 342.000       1.5925
 343.000       1.5503
 345.000       1.4088
 346.000       1.3470
 347.000       1.2250
 348.000       1.1354
 349.000       1.2621
 351.000       1.3983
 352.000       1.4684
 355.000       1.5052
 356.000       1.4705
 357.000       1.9040
 359.000       1.8350
 361.000       1.9845
 363.000       2.0371
 364.000       2.0112
 365.000       2.2096
 366.000       1.9695
 367.000       1.8818
 368.000       1.9754
 371.000       1.8576
 373.000       1.7423
 374.000       1.6096
 376.000       1.4625
 377.000       1.4830
 379.000       1.3745
 381.000       1.2342
 382.000       1.1669
 385.000       1.2264
 386.000       1.3408
 387.000       1.3815
 388.000       1.7609
 390.000       1.6623
 392.000       1.7883
 394.000       1.8837
 395.000       1.8379
 396.000       2.0363
 397.000       1.8039
 398.000       1.7064
 399.000       1.7832
 402.000       1.6482
 404.000       1.5590
 405.000       1.4329
 407.000       1.3043
 408.000       1.3263
 410.000       1.2510
 412.000       1.1428
 413.000       1.1220
 416.000       1.1283
 417.000       1.2090
 418.000       1.2493
 419.000       1.5304
 421.000       1.4643
 423.000       1.6125
 425.000       1.6305
 426.000       1.6089
 427.000       1.7840
 428.000       1.6030
 429.000       1.4981
 430.000       1.5652
 433.000       1.4778
 435.000       1.3833
 436.000       1.2930
 438.000       1.1713
 439.000       1.1893
 441.000       1.1135
 443.000       1.0082
 444.000       0.9757
 447.000       0.9960
 448.000       1.0798
 449.000       1.1213
 450.000       1.4303
 452.000       1.3744
 454.000       1.5155
 456.000       1.5633
 457.000       1.5854
 458.000       1.7946
 459.000       1.5653
 460.000       1.4933
 461.000       1.5864
 464.000       1.5069
 466.000       1.4130
 467.000       1.3217
 469.000       1.1954
 470.000       1.1983
 472.000       1.1106
 473.000       1.0326
 474.000       0.9574
 475.000       0.9517
 476.000       0.9548
 478.000       1.0214
 479.000       1.0675
 482.000       1.0986
 483.000       1.0906
 484.000       1.4467
 486.000       1.3846
 488.000       1.5168
 490.000       1.5632
 491.000       1.5731
 492.000       1.7653
 493.000       1.5590
 494.000       1.4799
 495.000       1.5500
 498.000       1.4663
 500.000       1.3431
 501.000       1.2476
 503.000       1.1233
 504.000       1.1475
 506.000       1.0820
 508.000       0.9879
 509.000       0.9868
 512.000       0.9773
 513.000       1.0416
 514.000       1.0872
 515.000       1.4259
 517.000       1.3391
 519.000       1.4769
 521.000       1.5836
 522.000       1.6341
 523.000       1.8487
 524.000       1.6370
 525.000       1.5242
 526.000       1.5766
 529.000       1.4658
 531.000       1.3434
 532.000       1.2694
 534.000       1.1968
 535.000       1.2157
 537.000       1.1842
 539.000       1.1343
 540.000       1.1579
 543.000       1.1276
 544.000       1.1563
 545.000       1.2039
 546.000       1.4583
 548.000       1.3580
 550.000       1.4274
 552.000       1.6037
 553.000       1.6978
 554.000       1.8825
 555.000       1.7143
 556.000       1.6459
 557.000       1.6882
 560.000       1.6940
 562.000       1.6222
 563.000       1.6598
 565.000       1.6196
 566.000       1.5856
 568.000       1.6130
 570.000       1.6750
 571.000       1.7687
 574.000       1.7307
 575.000       1.7063
 576.000       1.8438
 577.000       1.7767
 579.000       1.7363
 581.000       1.8732
 583.000       1.8798
 584.000       2.0187
 585.000       2.0726
 586.000       2.1799
 587.000       2.0124
 588.000       1.9872
 591.000       1.9657
 593.000       1.8659
 594.000       1.9596
 596.000       1.9482
 597.000       1.9467
 599.000       1.9968
 600.000       2.0536
 601.000       2.2246
 602.000       2.3202
 605.000       2.3994
 606.000       2.3906
 608.000       2.2153
 609.000       2.0453
 610.000       2.1217
 612.000       2.1190
 614.000       2.2668
 616.000       2.1695
 617.000       2.2409
 618.000       2.3573
 619.000       2.3903
 620.000       2.0634
 621.000       2.0464
 624.000       1.8679
 626.000       1.7694
 627.000       1.6138
 629.000       1.6110
 630.000       1.7133
 632.000       1.7151
 633.000       1.5993
 634.000       1.5731
 635.000       1.6680
 638.000       1.4928
 639.000       1.4311
 641.000       1.4505
 642.000       1.5342
 643.000       1.7931
 645.000       1.6065
 647.000       1.5656
 649.000       1.8679
 650.000       1.8647
 651.000       2.0354
 652.000       1.8962
 653.000       1.6856
 654.000       1.6871
 657.000       1.5391
 659.000       1.4375
 660.000       1.3328
 662.000       1.3266
 663.000       1.4141
 665.000       1.4338
 666.000       1.3543
 667.000       1.3809
 668.000       1.5048
 671.000       1.3345
 672.000       1.2529
 674.000       1.2287
 675.000       1.2816
 676.000       1.5060
 678.000       1.3822
 680.000       1.4140
 682.000       1.5978
 683.000       1.6816
 684.000       1.7905
 685.000       1.8296
 686.000       1.5497
 687.000       1.4458
 690.000       1.3539
 692.000       1.3179
 693.000       1.3388
 695.000       1.4685
 696.000       1.5790
 698.000       1.7245
 700.000       1.7885
 701.000       1.9858
 704.000       1.7351
 705.000       1.5663
 706.000       1.5780
 707.000       1.4383
 709.000       1.3899
 711.000       1.3300
 713.000       1.4828
 714.000       1.6412
 715.000       1.7717
 716.000       1.8949
 717.000       1.4872
 718.000       1.3406
 721.000       1.3387
 723.000       1.4122
 724.000       1.5367
 726.000       1.6076
 727.000       1.7929
 729.000       1.9236
 731.000       1.9099
 732.000       2.0977
 733.000       1.9422
 735.000       1.8150
 736.000       2.1376
 737.000       1.4835
 739.000       1.6235
 741.000       1.7531
 743.000       1.5195
 744.000       1.4022
 745.000       1.4916
 746.000       1.4559
 747.000       1.3619
 748.000       1.4382
 751.000       1.4129
 753.000       1.4024
 754.000       1.3407
 756.000       1.2428
 757.000       1.2334
 759.000       1.1816
 760.000       1.1500
 761.000       1.1318
 762.000       1.1464
 763.000       1.1577
 765.000       1.2029
 766.000       1.2601
 769.000       1.2316
 770.000       1.1957
 771.000       1.3425
 773.000       1.3551
 775.000       1.5072
 777.000       1.4516
 778.000       1.4421
 779.000       1.6439
 780.000       1.4009
 781.000       1.3708
 782.000       1.4804
 785.000       1.4238
 787.000       1.3546
 788.000       1.2697
 790.000       1.1314
 791.000       1.1197
 793.000       1.0582
 795.000       1.0115
 796.000       1.0215
 799.000       1.0308
 800.000       1.0857
 801.000       1.1528
 802.000       1.3575
 804.000       1.3185
 806.000       1.4794
 808.000       1.4873
 809.000       1.4882
 810.000       1.6999
 811.000       1.4847
 812.000       1.3696
 813.000       1.4833
 816.000       1.3488
 818.000       1.2468
 819.000       1.1268
 821.000       1.0070
 822.000       1.0256
 824.000       0.9784
 826.000       0.9219
 827.000       0.9573
 830.000       0.9250
 831.000       0.9576
 832.000       1.0188
 833.000       1.2797
 835.000       1.1860
 837.000       1.3202
 839.000       1.4283
 840.000       1.4908
 841.000       1.7169
 842.000       1.5386
 843.000       1.3650
 844.000       1.4173
 847.000       1.3462
 849.000       1.2340
 850.000       1.1921
 852.000       1.0900
 853.000       1.0761
 855.000       1.0529
 857.000       1.0496
 858.000       1.1003
 861.000       1.0857
 862.000       1.0980
 863.000       1.1940
 864.000       1.3824
 866.000       1.3365
 868.000       1.4922
 870.000       1.5631
 871.000       1.7024
 872.000       1.9369
 873.000       1.7416
 874.000       1.6457
 875.000       1.7436
 878.000       1.7512
 880.000       1.6130
 881.000       1.6428
 883.000       1.5196
 884.000       1.4433
 886.000       1.3981
 888.000       1.4359
 889.000       1.4709
 890.000       1.5242
 892.000       1.5694
 893.000       1.7183
 894.000       1.8364
 896.000       1.8269
 898.000       2.0158
 900.000       2.0577
 901.000       2.2152
 902.000       2.4693
 903.000       2.1825
 904.000       2.2189
 905.000       2.3655
 908.000       2.3854
 910.000       2.2211
 911.000       2.2291
 913.000       2.0543
 914.000       1.9713
 916.000       1.8848
 917.000       1.9186
 918.000       1.9408
 919.000       1.9307
 920.000       2.0567
 922.000       2.1372
 923.000       2.2624
 926.000       2.1264
 927.000       2.0167
 928.000       2.4613
 930.000       2.4389
 932.000       2.6370
 934.000       2.6929
 935.000       2.8125
 936.000       3.0866
 937.000       2.7261
 938.000       2.8227
 939.000       2.9348
 942.000       3.0367
 944.000       3.2337
 945.000       3.2751
 947.000       3.2614
 948.000       3.2486
 950.000       3.3634
 951.000       3.4547
 952.000       3.6798
 953.000       3.8505
 956.000       3.8262
 957.000       3.7595
 959.000       3.5617
 960.000       3.4013
 961.000       2.8887
 963.000       3.1257
 965.000       3.3345
 967.000       2.8491
 968.000       2.5857
 969.000       2.6907
 970.000       2.6103
 971.000       2.6545
 972.000       2.9075
 975.000       2.9516
 977.000       3.0749
 978.000       3.0248
 980.000       2.9151
 981.000       2.8178
 983.000       2.8160
 984.000       2.9111
 985.000       3.0106
 986.000       3.0349
 989.000       3.1415
 990.000       3.1766
 992.000       3.1080
 993.000       2.9695
 994.000       2.7522
 996.000       2.8955
 998.000       3.1137
1000.000       2.7358
1001.000       2.5529
1002.000       2.6471
1003.000       2.3148
1004.000       2.6598
1005.000       2.8915
1008.000       3.0099
1010.000       3.0648
1011.000       3.0698
1013.000       2.8842
1014.000       2.6704
1016.000       2.5826
1017.000       2.7740
1018.000       2.8822
1019.000       2.8007
1022.000       3.1397
1023.000       3.2727
1025.000       3.2017
1026.000       2.9532
1027.000       2.8880
1029.000       3.0370
1031.000       3.2945
1033.000       2.9720
1034.000       2.8279
1035.000       3.0922
1036.000       2.7720
1037.000       2.6575
1038.000       2.7590
1041.000       2.6340
1043.000       2.5807
1044.000       2.3908
1046.000       2.2116
1047.000       2.2132
1049.000       2.0638
1050.000       1.9392
1051.000       1.7782
1052.000       1.6959
1055.000       1.7532
1056.000       1.8890
1058.000       2.0356
1059.000       2.0437
1060.000       2.4326
1062.000       2.3477
1064.000       2.5123
1066.000       2.5291
1067.000       2.4279
1068.000       2.6444
1069.000       2.3521
1070.000       2.2601
1071.000       2.3589
1074.000       2.2105
1076.000       2.1022
1077.000       1.9192
1079.000       1.7537
1080.000       1.7680
1082.000       1.6292
1083.000       1.4935
1084.000       1.3348
1085.000       1.2938
1086.000       1.2829
1088.000       1.3898
1089.000       1.3871
1092.000       1.5440
1093.000       1.5787
1094.000       2.0627
1096.000       1.9338
1098.000       2.0665
1100.000       2.1961
1101.000       2.1515
1102.000       2.3796
1103.000       2.1111
1104.000       1.9683
1105.000       2.0227
1108.000       1.8438
1110.000       1.7147
1111.000       1.5403
1113.000       1.4135
1114.000       1.4697
1116.000       1.3572
1117.000       1.2014
1118.000       1.0696
1119.000       1.0665
1120.000       1.0089
1122.000       1.0682
1123.000       1.0693
1126.000       1.1884
1127.000       1.2456
1128.000       1.7350
1130.000       1.5821
1132.000       1.6753
1134.000       1.8737
1135.000       1.8891
1136.000       2.1107
1137.000       1.9175
1138.000       1.7068
1139.000       1.7267
1142.000       1.5902
1144.000       1.4684
1145.000       1.3533
1147.000       1.2607
1148.000       1.3049
1150.000       1.2291
1151.000       1.1206
1152.000       1.0490
1153.000       1.0630
1154.000       1.0316
1156.000       1.0711
1157.000       1.1136
1160.000       1.1315
1161.000       1.1494
1162.000       1.5506
1164.000       1.4345
1166.000       1.5249
1168.000       1.6823
1169.000       1.7236
1170.000       1.9169
1171.000       1.7583
1172.000       1.5900
1173.000       1.6173
1176.000       1.5114
1178.000       1.3970
1179.000       1.3336
1181.000       1.2684
1182.000       1.3052
1184.000       1.2873
1186.000       1.2223
1187.000       1.2459
1190.000       1.2040
1191.000       1.2298
1192.000       1.2750
1193.000       1.5127
1195.000       1.4325
1197.000       1.5235
1199.000       1.6455
1200.000       1.7296
1201.000       1.9047
1202.000       1.8283
1203.000       1.6441
1204.000       1.7744
1207.000       1.7347
1209.000       1.6915
1210.000       1.7282
1212.000       1.7077
1213.000       1.6722
1215.000       1.7324
1217.000       1.8257
1218.000       1.9431
1219.000       1.8608
1221.000       1.8148
1222.000       1.9317
1223.000       1.7276
1225.000       1.7907
1227.000       1.9360
1229.000       1.7872
1230.000       1.7727
1231.000       1.9371
1232.000       1.8083
1233.000       1.6124
1234.000       1.6145
1237.000       1.4854
1239.000       1.4457
1240.000       1.3444
1242.000       1.3348
1243.000       1.4059
1245.000       1.4208
1246.000       1.3450
1247.000       1.3546
1248.000       1.4423
1249.000       1.3075
1251.000       1.2601
1252.000       1.2682
1255.000       1.2588
1256.000       1.2951
1257.000       1.4139
1259.000       1.3182
1261.000       1.3430
1263.000       1.4820
1264.000       1.5181
1265.000       1.6873
1266.000       1.6804
1267.000       1.3590
1268.000       1.1226
1271.000       1.0316
1273.000       1.0999
1274.000       1.0358
1276.000       1.0599
1277.000       1.0155
1279.000       1.0789
1280.000       1.1759
1281.000       1.3170
1282.000       1.3801
1285.000       1.4375
1286.000       1.4212
1288.000       1.3012
1289.000       1.1734
1290.000       0.9511
1292.000       0.9546
1294.000       1.0044
1296.000       0.9768
1297.000       1.0129
1298.000       1.1519
1299.000       1.1164
1300.000       0.8942
1301.000       0.8625
1304.000       0.8244
1306.000       0.8000
1307.000       0.8123
1309.000       0.8722
1310.000       0.9830
1312.000       1.1465
1314.000       1.2206
1315.000       1.4470
1316.000       1.1038
1318.000       0.9412
1319.000       0.9718
1320.000       0.8893
1322.000       0.8806
1324.000       0.9375
1326.000       0.9899
1327.000       1.1177
1328.000       1.2617
1329.000       1.2123
1330.000       1.0729
1331.000       1.1783
1334.000       1.1833
1336.000       1.1775
1337.000       1.1254
1339.000       1.0133
1340.000       0.9793
1342.000       0.9267
1343.000       0.9201
1344.000       0.9280
1345.000       0.9432
1346.000       0.9900
1348.000       1.0438
1349.000       1.1380
1352.000       1.0472
1353.000       0.9789
1354.000       1.1385
1356.000       1.1506
1358.000       1.3258
1360.000       1.2740
1361.000       1.2996
1362.000       1.5074
1363.000       1.2662
1364.000       1.2465
1365.000       1.2898
1368.000       1.2505
1370.000       1.1862
1371.000       1.1451
1373.000       1.0253
1374.000       0.9591
1376.000       0.9043
1377.000       0.9339
1378.000       0.9601
1379.000       0.9657
1380.000       1.0546
1382.000       1.1202
1383.000       1.2456
1386.000       1.1114
1387.000       1.0126
1388.000       1.2120
1390.000       1.2075
1392.000       1.3753
1394.000       1.3386
1395.000       1.3594
1396.000       1.5311
1397.000       1.3280
1398.000       1.3306
1399.000       1.4423
1402.000       1.4498
1404.000       1.4050
1405.000       1.3791
1407.000       1.2330
1408.000       1.1411
1410.000       1.0364
1412.000       1.0345
1413.000       0.9857
1416.000       1.1436
1417.000       1.2382
1418.000       1.3730
1419.000       1.4159
1421.000       1.4497
1423.000       1.6354
1425.000       1.5278
1426.000       1.5301
1427.000       1.7245
1428.000       1.4775
1429.000       1.4952
1430.000       1.6185
1433.000       1.5989
1435.000       1.5347
1436.000       1.4872
1438.000       1.3229
1439.000       1.2363
1441.000       1.1196
1443.000       1.0954
1444.000       1.0332
1447.000       1.1948
1448.000       1.3061
1449.000       1.4374
1450.000       1.5371
1452.000       1.5470
1454.000       1.7340
1456.000       1.6524
1457.000       1.6248
1458.000       1.8219
1459.000       1.5761
1460.000       1.5445
1461.000       1.6674
1464.000       1.6234
1466.000       1.5605
1467.000       1.4891
1469.000       1.3286
1470.000       1.2609
1472.000       1.1456
1474.000       1.0950
1475.000       1.0484
1476.000       1.1871
1478.000       1.3008
1479.000       1.4222
1480.000       1.5328
1482.000       1.5277
1484.000       1.7071
1486.000       1.6324
1487.000       1.5816
1488.000       1.7545
1489.000       1.5427
1490.000       1.4969
1491.000       1.6193
1494.000       1.5458
1496.000       1.4834
1497.000       1.4062
1499.000       1.2633
1500.000       1.2173
1502.000       1.1190
1504.000       1.0631
1505.000       1.0143
1508.000       1.1219
1509.000       1.2225
1510.000       1.3243
1511.000       1.4685
1513.000       1.4482
1515.000       1.6126
1517.000       1.5756
1518.000       1.5717
1519.000       1.7654
1520.000       1.5565
1521.000       1.4860
1522.000       1.5839
1525.000       1.5278
1527.000       1.4347
1528.000       1.3691
1530.000       1.2091
1531.000       1.1812
1533.000       1.0988
1535.000       1.0285
1536.000       1.0299
1537.000       1.0682
1539.000       1.1600
1540.000       1.2580
1541.000       1.4883
1543.000       1.4746
1545.000       1.6888
1547.000       1.6325
1548.000       1.6911
1549.000       1.9068
1550.000       1.7309
1551.000       1.6206
1552.000       1.7170
1555.000       1.7424
1557.000       1.6337
1558.000       1.6575
1560.000       1.5229
1561.000       1.4640
1563.000       1.4589
1564.000       1.5129
1565.000       1.6359
1566.000       1.7168
1569.000       1.7804
1570.000       1.8121
1572.000       1.7246
1573.000       1.5598
1574.000       1.8327
1576.000       1.8549
1578.000       2.0856
1580.000       2.0574
1581.000       2.2654
1582.000       2.5125
1583.000       2.3344
1584.000       2.3568
1585.000       2.5679
1588.000       2.7800
1590.000       2.6360
1591.000       2.8726
1593.000       2.7219
1594.000       2.5412
1596.000       2.5788
1598.000       2.7767
1599.000       2.9342
1602.000       2.9395
1603.000       2.9246
1604.000       3.2005
1605.000       2.9847
1607.000       3.1799
1609.000       3.6102
1611.000       3.2973
1612.000       3.3400
1613.000       3.6237
1614.000       3.0761
1615.000       3.6737
1616.000       3.8280
1619.000       4.2415
1621.000       4.5606
1622.000       4.9949
1624.000       5.3927
1625.000       5.3263
1627.000       5.8536
1629.000       6.4631
1630.000       7.0278
1631.000       6.4891
1633.000       6.0039
1634.000       6.2350
1635.000       4.5137
1637.000       4.9705
1639.000       5.4529
1641.000       4.7837
1642.000       4.7705
1643.000       4.7314
1644.000       5.3215
1645.000       4.4767
1646.000       4.7578
1649.000       4.7177
1651.000       4.3863
1652.000       4.7661
1654.000       4.8674
1655.000       4.9293
1657.000       5.2225
1658.000       5.3365
1659.000       5.7795
1660.000       6.1706
1661.000       5.8936
1663.000       5.6508
1664.000       5.9097
1667.000       5.2904
1668.000       5.1194
1669.000       5.2681
1671.000       5.3334
1673.000       5.6964
1675.000       5.7380
