   2.000       1.9403
   3.000       1.8061
   6.000       1.6228
   8.000       1.6024
   9.000       1.4424
  11.000       1.3688
  12.000       1.4903
  14.000       1.4586
  16.000       1.2774
  17.000       1.2674
  20.000       1.1820
  21.000       1.2359
  22.000       1.2259
  23.000       1.4775
  25.000       1.3911
  27.000       1.4763
  29.000       1.5196
  30.000       1.4888
  31.000       1.6189
  32.000       1.5663
  33.000       1.3293
  34.000       1.3145
  37.000       1.1655
  39.000       1.1040
  40.000       0.9775
  42.000       0.9462
  43.000       1.0699
  45.000       1.0911
  47.000       0.9680
  48.000       1.0216
  49.000       0.8421
  51.000       0.8400
  52.000       0.8101
  53.000       1.0928
  55.000       0.9731
  57.000       0.9996
  59.000       1.1603
  60.000       1.1779
  61.000       1.3165
  62.000       1.2778
  63.000       1.0241
  64.000       0.9848
  67.000       0.8853
  69.000       0.8395
  70.000       0.7721
  72.000       0.7524
  73.000       0.8242
  75.000       0.8109
  76.000       0.7149
  77.000       0.6814
  78.000       0.7381
  79.000       0.6201
  81.000       0.5955
  82.000       0.5727
  85.000       0.6353
  86.000       0.6866
  87.000       0.8723
  89.000       0.8030
  91.000       0.8452
  93.000       0.9465
  94.000       0.9907
  95.000       1.1251
  96.000       1.0772
  97.000       0.8810
  98.000       0.8566
 101.000       0.7784
 103.000       0.7348
 104.000       0.6833
 106.000       0.6775
 107.000       0.7468
 109.000       0.7710
 110.000       0.7033
 111.000       0.7215
 112.000       0.8031
 113.000       0.6821
 115.000       0.6378
 116.000       0.6516
 119.000       0.6253
 120.000       0.6516
 121.000       0.7723
 123.000       0.7175
 125.000       0.7709
 127.000       0.8389
 128.000       0.8799
 129.000       1.0153
 130.000       0.9649
 131.000       0.7740
 132.000       0.7619
 135.000       0.6642
 137.000       0.5989
 138.000       0.5661
 140.000       0.5852
 141.000       0.6593
 143.000       0.6929
 144.000       0.6302
 145.000       0.6613
 146.000       0.7561
 147.000       0.6227
 149.000       0.5723
 150.000       0.5835
 153.000       0.5530
 154.000       0.5718
 155.000       0.6920
 157.000       0.6181
 159.000       0.6323
 161.000       0.7920
 162.000       0.8716
 163.000       1.0729
 164.000       0.9057
 165.000       0.8042
 166.000       0.8685
 169.000       0.8563
 171.000       0.8203
 172.000       0.8346
 174.000       0.7704
 175.000       0.7498
 177.000       0.7508
 179.000       0.7766
 180.000       0.8409
 181.000       0.8158
 183.000       0.8154
 184.000       0.9149
 185.000       0.8669
 187.000       0.8896
 189.000       1.0204
 191.000       0.9574
 192.000       1.0214
 193.000       1.1892
 194.000       1.0796
 195.000       0.9936
 196.000       1.0530
 199.000       1.0580
 201.000       1.0697
 202.000       1.0752
 204.000       1.0511
 205.000       1.0639
 207.000       1.1321
 209.000       1.1771
 210.000       1.3168
 213.000       1.2020
 214.000       1.1466
 215.000       1.2800
 216.000       1.0370
 218.000       1.0973
 220.000       1.2471
 222.000       1.1038
 223.000       1.1484
 224.000       1.3207
 225.000       1.1692
 226.000       1.1079
 227.000       1.1662
 230.000       1.1050
 232.000       1.0363
 233.000       0.9682
 235.000       0.9240
 236.000       0.9916
 238.000       1.0069
 239.000       0.9416
 240.000       1.0039
 241.000       1.1390
 242.000       0.9759
 244.000       0.9044
 245.000       0.9537
 248.000       0.8636
 249.000       0.8797
 250.000       1.1016
 252.000       1.0359
 254.000       1.1090
 256.000       1.2408
 257.000       1.3166
 258.000       1.5080
 259.000       1.4081
 260.000       1.2315
 261.000       1.3323
 264.000       1.3182
 266.000       1.3371
 267.000       1.3095
 269.000       1.2285
 270.000       1.1912
 272.000       1.1826
 274.000       1.2009
 275.000       1.2407
 278.000       1.2469
 279.000       1.2672
 280.000       1.3743
 281.000       1.2130
 283.000       1.2761
 285.000       1.4567
 287.000       1.2844
 288.000       1.2212
 289.000       1.4129
 290.000       1.1612
 291.000       1.1502
 292.000       1.2714
 295.000       1.2359
 297.000       1.1948
 298.000       1.1252
 300.000       1.0020
 301.000       0.9564
 303.000       0.9322
 304.000       0.9518
 305.000       1.0225
 306.000       1.0937
 309.000       1.1053
 310.000       1.1267
 312.000       1.0926
 313.000       0.9954
 314.000       1.1436
 316.000       1.1511
 318.000       1.3555
 320.000       1.2507
 321.000       1.2455
 322.000       1.4196
 323.000       1.2305
 324.000       1.2039
 325.000       1.2866
 328.000       1.2054
 330.000       1.1263
 331.000       1.0741
 333.000       1.0538
 334.000       1.1968
 336.000       1.1676
 337.000       1.0022
 338.000       0.9602
 339.000       1.0502
 340.000       0.8830
 342.000       0.8575
 343.000       0.8795
 346.000       0.8833
 347.000       0.9503
 348.000       1.2863
 350.000       1.1944
 352.000       1.2554
 354.000       1.4749
 355.000       1.8599
 356.000       2.0938
 357.000       2.2181
 358.000       1.8000
 359.000       1.6958
 362.000       1.9699
 364.000       2.0174
 365.000       2.5150
 367.000       2.6217
 368.000       2.4367
 370.000       2.6531
 372.000       3.0670
 373.000       3.3445
 374.000       3.2440
 376.000       3.0564
 377.000       3.3573
 378.000       2.4543
 380.000       2.7762
 382.000       3.2646
 384.000       2.6813
 387.000       3.6845
 388.000       3.5645
 391.000       2.6246
 393.000       2.2721
 394.000       1.5836
 396.000       1.2817
 397.000       1.6606
 399.000       1.9745
 401.000       1.9865
 402.000       2.6322
 405.000       1.7663
 406.000       1.3712
 407.000       1.6902
 408.000       1.8479
 410.000       1.4321
 412.000       1.9184
 414.000       1.9224
 415.000       1.7856
 416.000       2.0854
 417.000       1.9276
 418.000       1.3873
 419.000       1.3429
 422.000       1.0445
 424.000       0.9223
 425.000       0.7977
 427.000       0.7220
 428.000       0.8476
 430.000       0.8507
 432.000       0.7325
 433.000       0.7855
 436.000       0.6700
 437.000       0.6537
 438.000       0.7000
 439.000       0.8611
 441.000       0.7681
 443.000       1.0490
 445.000       0.9383
 446.000       0.9036
 447.000       1.0057
 448.000       0.9702
 449.000       0.8199
 450.000       0.8605
 453.000       0.8238
 455.000       0.8551
 456.000       0.7882
 458.000       0.7216
 459.000       0.7620
 461.000       0.7645
 463.000       0.7254
 464.000       0.7762
 467.000       0.6916
 468.000       0.6844
 469.000       0.7015
 470.000       0.7169
 472.000       0.7381
 474.000       0.8957
 476.000       0.7620
 477.000       0.7545
 478.000       0.9135
 479.000       0.7890
 480.000       0.7025
 481.000       0.7703
 484.000       0.7055
 486.000       0.6745
 487.000       0.6155
 489.000       0.5753
 490.000       0.5932
 492.000       0.6060
 494.000       0.6030
 495.000       0.6707
 498.000       0.5936
 499.000       0.5747
 500.000       0.6195
 501.000       0.6807
 503.000       0.6489
 505.000       0.7314
 507.000       0.7617
 508.000       0.7837
 509.000       0.9325
 510.000       0.8620
 511.000       0.6786
 512.000       0.6704
 515.000       0.5895
 517.000       0.5603
 518.000       0.5147
 520.000       0.5191
 521.000       0.5712
 523.000       0.6071
 524.000       0.5763
 525.000       0.6449
 526.000       0.7526
 529.000       0.6612
 530.000       0.6140
 532.000       0.5529
 533.000       0.5285
 534.000       0.5918
 536.000       0.5478
 538.000       0.6235
 540.000       0.7009
 541.000       0.8017
 542.000       0.9803
 543.000       0.8687
 544.000       0.7595
 545.000       0.7836
 548.000       0.7746
 550.000       0.7093
 551.000       0.7463
 553.000       0.7221
 554.000       0.7149
 556.000       0.7495
 557.000       0.7787
 558.000       0.8699
 559.000       0.9515
 560.000       0.9192
 562.000       0.8966
 563.000       0.9842
 566.000       0.8296
 567.000       0.7636
 568.000       0.8712
 570.000       0.8512
 572.000       0.9940
 574.000       0.9524
 575.000       1.0671
 576.000       1.1064
 577.000       1.2501
 578.000       1.0717
 579.000       1.0498
 582.000       1.0926
 584.000       1.0352
 585.000       1.0750
 587.000       1.0312
 588.000       0.9939
 590.000       1.0259
 592.000       1.1093
 593.000       1.2153
 594.000       1.1455
 596.000       1.1096
 597.000       1.2140
 598.000       1.2298
 600.000       1.1962
 602.000       1.3736
 604.000       1.3863
 605.000       1.5223
 606.000       1.6566
 607.000       1.7432
 608.000       1.4974
 609.000       1.5611
 612.000       1.5714
 614.000       1.7324
 615.000       1.7093
 617.000       1.8967
 618.000       1.9446
 620.000       2.1850
 622.000       2.4140
 623.000       2.7007
 624.000       2.4019
 626.000       2.1625
 627.000       2.2938
 628.000       1.3910
 630.000       1.4856
 632.000       1.5300
 634.000       1.4242
 635.000       1.3952
 636.000       1.5676
 637.000       1.5223
 638.000       1.1536
 639.000       1.0557
 642.000       0.8685
 644.000       0.8355
 645.000       0.7702
 647.000       0.7886
 648.000       0.8778
 650.000       0.9104
 651.000       0.8492
 652.000       0.9046
 653.000       1.0158
 656.000       0.9054
 657.000       0.8390
 659.000       0.7663
 660.000       0.7759
 661.000       0.8758
 663.000       0.8078
 665.000       0.8178
 667.000       0.9229
 668.000       0.9440
 669.000       1.0970
 670.000       0.9622
 671.000       0.9188
 672.000       1.0110
 675.000       0.9604
 677.000       0.9352
 678.000       0.8863
 680.000       0.7824
 681.000       0.7826
 683.000       0.7537
 684.000       0.7235
 685.000       0.7796
 686.000       0.8426
 689.000       0.8829
 690.000       0.9282
 692.000       0.8845
 693.000       0.7677
 694.000       0.8935
 696.000       0.9022
 698.000       1.0794
 700.000       1.0292
 701.000       1.0742
 702.000       1.3125
 703.000       1.0840
 704.000       0.9775
 705.000       1.0921
 708.000       1.0126
 710.000       0.9483
 711.000       0.8817
 713.000       0.7629
 714.000       0.7096
 716.000       0.7078
 718.000       0.7732
 719.000       0.8873
 722.000       0.8476
 723.000       0.8365
 724.000       0.9943
 725.000       0.9132
 727.000       0.8908
 729.000       1.0843
 731.000       1.0523
 732.000       1.0854
 733.000       1.2825
 734.000       1.3398
 735.000       0.9314
 736.000       0.9094
 739.000       0.8347
 741.000       0.8713
 742.000       0.7894
 744.000       0.7243
 745.000       0.7689
 747.000       0.7350
 748.000       0.6529
 749.000       0.6287
 750.000       0.6765
 753.000       0.6330
 754.000       0.6668
 756.000       0.6838
 757.000       0.6641
 758.000       0.7583
 760.000       0.7744
 762.000       0.9076
 764.000       0.8284
 765.000       0.8581
 766.000       1.0640
 767.000       0.9396
 768.000       0.7517
 769.000       0.7920
 772.000       0.7284
 774.000       0.6975
 775.000       0.6266
 777.000       0.5761
 778.000       0.6123
 780.000       0.6174
 781.000       0.5693
 782.000       0.5803
 783.000       0.6405
 786.000       0.5835
 787.000       0.5874
 789.000       0.5809
 790.000       0.5561
 791.000       0.6994
 793.000       0.6514
 795.000       0.7835
 797.000       0.8526
 798.000       1.0088
 799.000       1.1924
 800.000       1.0333
 801.000       1.0841
 802.000       1.3739
 805.000       1.4587
 807.000       1.0534
 808.000       0.9092
 810.000       0.7686
 811.000       1.1907
 813.000       1.5490
 814.000       1.4050
 815.000       1.8925
 816.000       2.4308
 819.000       2.0362
 820.000       1.7875
 822.000       1.3121
 823.000       1.0019
 824.000       1.7334
 826.000       1.3332
 828.000       1.6844
 830.000       2.2174
 831.000       2.3117
 832.000       2.7775
 833.000       2.3654
 834.000       2.0475
 835.000       2.1718
 838.000       1.9218
 840.000       1.6882
 841.000       1.4796
 843.000       1.1164
 844.000       1.0161
 846.000       0.9627
 847.000       1.0214
 848.000       1.3081
 849.000       1.5193
 852.000       1.5945
 853.000       1.6365
 855.000       1.4601
 856.000       1.1235
 857.000       1.6593
 859.000       1.5247
 861.000       1.9323
 863.000       1.9187
 864.000       1.8604
 865.000       2.1117
 866.000       1.9032
 867.000       1.5998
 868.000       1.6145
 871.000       1.4147
 873.000       1.3021
 874.000       1.1472
 876.000       1.0686
 877.000       1.1422
 879.000       1.1554
 881.000       1.1104
 882.000       1.2165
 885.000       1.0619
 886.000       1.0260
 887.000       1.0682
 888.000       1.3182
 890.000       1.1939
 892.000       1.3103
 894.000       1.4550
 895.000       1.5256
 896.000       1.7239
 897.000       1.6397
 898.000       1.3540
 899.000       1.3012
 902.000       1.1718
 904.000       1.1278
 905.000       1.0623
 907.000       1.0442
 908.000       1.1278
 910.000       1.1278
 911.000       1.0537
 912.000       1.1014
 913.000       1.2085
 916.000       1.1174
 917.000       1.0653
 919.000       1.0123
 920.000       1.0082
 921.000       1.1834
 923.000       1.1229
 925.000       1.1754
 927.000       1.2835
 928.000       1.3489
 929.000       1.5517
 930.000       1.4064
 931.000       1.3223
 932.000       1.3597
 935.000       1.4030
 937.000       1.3586
 938.000       1.4674
 940.000       1.3942
 941.000       1.3362
 943.000       1.2925
 944.000       1.3405
 945.000       1.4191
 946.000       1.3876
 949.000       1.6152
 950.000       1.7101
 952.000       1.6275
 953.000       1.4367
 954.000       1.5400
 956.000       1.6143
 958.000       1.7581
 960.000       1.6848
 961.000       1.8794
 962.000       2.1126
 963.000       1.8707
 964.000       1.9402
 965.000       2.0961
 968.000       2.1422
 970.000       1.9350
 971.000       1.9206
 973.000       1.6838
 974.000       1.6488
 976.000       1.5046
 977.000       1.4271
 978.000       1.3553
 979.000       1.3799
 980.000       1.3612
 982.000       1.4395
 983.000       1.4844
 986.000       1.5486
 987.000       1.5286
 988.000       2.2486
 990.000       2.1876
 992.000       2.4350
 994.000       2.5421
