   2.000       8.2139
   3.000       7.7731
   6.000       6.9137
   8.000       6.9488
   9.000       6.4834
  11.000       7.0250
  12.000       7.7330
  14.000       8.4555
  16.000       8.5719
  17.000       9.3892
  18.000       7.9127
  20.000       7.1310
  21.000       6.8418
  22.000       6.6033
  24.000       6.2037
  26.000       5.9447
  28.000       6.7554
  29.000       7.0172
  30.000       7.5649
  31.000       7.6215
  32.000       6.2368
  33.000       6.1574
  36.000       5.6080
  38.000       4.7047
  39.000       4.3304
  41.000       3.9812
  42.000       4.5607
  44.000       4.4512
  45.000       3.6415
  46.000       3.4570
  47.000       4.0517
  48.000       2.8379
  50.000       2.4644
  51.000       2.3162
  54.000       2.7586
  55.000       3.3035
  56.000       5.9389
  58.000       5.0443
  60.000       4.9057
  62.000       6.5489
  63.000       7.3581
  64.000       8.3391
  65.000       7.7320
  66.000       6.7275
  67.000       6.8050
  70.000       6.2142
  72.000       5.1349
  73.000       4.7190
  75.000       4.0606
  76.000       4.5384
  78.000       4.4382
  80.000       3.8189
  81.000       4.2080
  84.000       3.2069
  85.000       3.3041
  86.000       3.1492
  87.000       6.5175
  89.000       5.5836
  91.000       5.7564
  93.000       7.3820
  96.000       2.5044
  97.000       2.4813
 100.000       2.2391
 102.000       2.2388
 103.000       1.9969
 105.000       1.8887
 106.000       2.0158
 108.000       1.9852
 110.000       1.8275
 111.000       1.8639
 114.000       1.7196
 115.000       1.7430
 116.000       1.7044
 117.000       1.9494
 119.000       1.8476
 121.000       1.9746
 123.000       1.9684
 124.000       1.8155
 125.000       1.9787
 126.000       1.8234
 127.000       1.5747
 128.000       1.5674
 131.000       1.3589
 133.000       1.3342
 134.000       1.1673
 136.000       1.1524
 137.000       1.2682
 139.000       1.3090
 141.000       1.2494
 142.000       1.3529
 145.000       1.1648
 146.000       1.1021
 147.000       1.0866
 148.000       1.2035
 150.000       1.0983
 152.000       1.1587
 154.000       1.2690
 155.000       1.2692
 156.000       1.4621
 157.000       1.3080
 158.000       1.1399
 159.000       1.1831
 162.000       1.1338
 164.000       1.0520
 165.000       1.0646
 167.000       1.0133
 168.000       0.9921
 170.000       1.0307
 172.000       1.0908
 173.000       1.2004
 174.000       1.1251
 176.000       1.0939
 177.000       1.2169
 178.000       1.1617
 180.000       1.1620
 182.000       1.3456
 184.000       1.3700
 185.000       1.4430
 186.000       1.7013
 187.000       1.8785
 188.000       1.3211
 189.000       1.3982
 192.000       1.3251
 194.000       1.2059
 195.000       1.0730
 197.000       0.9811
 198.000       1.0339
 200.000       1.0467
 201.000       0.9813
 202.000       1.0626
 203.000       1.2062
 206.000       1.1094
 207.000       1.0731
 209.000       1.0050
 210.000       0.9459
 211.000       1.2910
 213.000       1.1078
 215.000       1.1387
 217.000       1.4168
 218.000       1.6435
 219.000       1.8108
 220.000       1.8521
 221.000       1.5492
 222.000       1.9056
 225.000       1.5857
 227.000       1.4822
 228.000       1.4852
 230.000       1.5770
 231.000       1.8435
 233.000       1.9634
 234.000       1.7595
 235.000       1.8427
 236.000       2.1157
 237.000       1.6486
 239.000       1.3837
 240.000       1.2857
 243.000       1.3026
 244.000       1.5041
 245.000       1.6730
 247.000       1.6938
 249.000       1.8163
 251.000       1.6890
 252.000       1.8055
 253.000       2.0521
 254.000       2.0665
 255.000       1.5540
 256.000       1.6464
 259.000       1.4620
 261.000       1.3061
 262.000       1.1390
 264.000       0.9606
 265.000       1.0002
 267.000       0.9276
 269.000       0.8372
 270.000       0.9240
 271.000       0.8285
 273.000       0.8769
 274.000       0.9799
 275.000       1.3327
 277.000       1.2253
 279.000       1.4376
 281.000       1.5381
 282.000       1.5530
 283.000       1.8520
 284.000       1.4912
 285.000       1.4100
 286.000       1.5553
 289.000       1.4762
 291.000       1.2991
 292.000       1.2409
 294.000       1.0447
 295.000       0.9482
 297.000       0.8358
 298.000       0.8716
 299.000       0.9339
 300.000       0.9398
 303.000       1.1192
 304.000       1.2292
 306.000       1.2010
 307.000       1.0153
 308.000       1.4715
 310.000       1.4151
 312.000       1.6440
 314.000       1.7259
 315.000       1.8188
 316.000       2.1424
 317.000       1.8207
 318.000       1.6488
 319.000       1.7607
 322.000       1.6372
 324.000       1.4271
 325.000       1.3019
 327.000       1.0707
 328.000       1.0743
 330.000       0.9876
 332.000       0.8539
 333.000       0.9064
 336.000       0.8414
 337.000       0.9649
 338.000       1.1060
 339.000       1.5981
 341.000       1.4621
 343.000       1.6872
 345.000       1.8483
 346.000       1.9345
 347.000       2.2408
 348.000       1.9502
 349.000       1.7426
 350.000       1.8269
 353.000       1.6634
 355.000       1.4569
 356.000       1.2910
 358.000       1.0979
 359.000       1.1613
 361.000       1.1068
 362.000       0.9729
 363.000       1.0059
 364.000       1.1744
 365.000       0.9843
 367.000       0.9461
 368.000       1.0497
 371.000       0.9485
 372.000       0.9528
 373.000       1.6296
 375.000       1.4423
 377.000       1.5878
 379.000       1.8826
 380.000       2.0311
 381.000       2.3164
 382.000       2.1036
 383.000       1.8760
 384.000       2.0104
 387.000       1.9298
 389.000       2.0028
 390.000       1.8561
 392.000       1.8005
 393.000       1.8714
 395.000       1.9468
 396.000       1.9117
 397.000       2.0655
 398.000       2.2554
 401.000       2.1366
 402.000       2.0632
 404.000       1.9222
 405.000       1.8351
 406.000       1.6666
 408.000       1.7108
 410.000       1.9080
 412.000       1.7017
 413.000       1.5157
 414.000       1.7384
 415.000       1.4191
 416.000       1.3829
 417.000       1.5343
 420.000       1.4719
 422.000       1.4436
 423.000       1.3742
 425.000       1.2925
 426.000       1.2243
 428.000       1.2951
 429.000       1.4180
 430.000       1.6556
 431.000       1.8041
 432.000       1.8195
 434.000       1.7784
 435.000       2.0145
 438.000       1.5914
 439.000       1.4073
 440.000       1.3552
 442.000       1.3930
 444.000       1.6147
 446.000       1.5110
 447.000       1.5094
 448.000       1.7823
 449.000       1.3241
 450.000       1.5606
 451.000       1.7873
 454.000       1.8778
 456.000       1.7711
 457.000       1.8427
 459.000       1.6828
 460.000       1.4702
 462.000       1.4142
 463.000       1.6505
 464.000       1.8530
 465.000       1.8429
 468.000       2.1550
 469.000       2.2398
 471.000       2.0879
 472.000       1.7999
 473.000       1.9339
 475.000       2.0224
 477.000       2.2971
 479.000       2.1823
 480.000       2.2828
 481.000       2.6884
 482.000       2.3622
 483.000       2.1230
 484.000       2.2634
 487.000       2.0980
 489.000       1.8860
 490.000       1.7014
 492.000       1.4746
 493.000       1.4915
 495.000       1.3249
 496.000       1.1381
 497.000       0.9486
 498.000       0.9395
 499.000       0.9126
 501.000       1.0882
 502.000       1.1907
 505.000       1.2666
 506.000       1.2607
 507.000       1.9923
 509.000       1.8260
 511.000       2.0122
 513.000       2.1998
 514.000       2.1947
 515.000       2.4666
 516.000       2.2447
 517.000       1.9119
 518.000       1.9070
 521.000       1.6372
 523.000       1.4181
 524.000       1.2027
 526.000       1.1591
 527.000       1.3598
 529.000       1.3458
 530.000       1.1229
 531.000       1.1198
 532.000       1.3017
 533.000       0.9920
 535.000       0.8443
 536.000       0.8447
 539.000       0.8340
 540.000       0.9902
 541.000       1.5520
 543.000       1.2769
 545.000       1.2927
 547.000       1.7154
 548.000       1.6320
 549.000       1.9816
 550.000       1.7407
 551.000       1.3681
 552.000       1.6009
 555.000       1.4098
 557.000       1.2729
 558.000       1.3226
 560.000       1.1785
 561.000       1.0549
 563.000       1.0330
 564.000       1.1419
 565.000       1.2697
 566.000       1.2829
 569.000       1.4788
 570.000       1.5657
 572.000       1.4752
 573.000       1.2494
 574.000       1.4929
 576.000       1.5166
 578.000       1.7335
 580.000       1.7030
 581.000       1.7956
 582.000       2.1309
 583.000       1.5917
 584.000       1.8834
 585.000       2.1835
 588.000       2.3097
 590.000       2.1735
 591.000       2.2655
 593.000       2.0437
 594.000       1.7769
 596.000       1.6305
 598.000       1.7915
 599.000       1.7651
 602.000       2.0602
 603.000       2.1793
 604.000       2.4732
 605.000       2.3574
 607.000       2.4563
 609.000       2.7817
 611.000       2.6182
 612.000       2.6390
 613.000       2.9968
 614.000       2.4539
 615.000       2.5553
 616.000       2.8103
 619.000       2.7420
 621.000       2.5703
 622.000       2.4315
 624.000       2.1085
 625.000       1.9680
 627.000       1.7535
 629.000       1.6901
 630.000       1.6226
 633.000       1.8482
 634.000       2.0495
 635.000       2.2722
 636.000       2.5909
 638.000       2.5232
 640.000       2.8301
 642.000       2.8016
 643.000       2.7242
 644.000       2.9647
 645.000       2.7126
 646.000       2.4545
 647.000       2.4828
 650.000       2.2376
 652.000       2.1045
 653.000       1.8595
 655.000       1.7438
 656.000       1.8548
 658.000       1.7518
 659.000       1.5449
 660.000       1.4008
 661.000       1.4425
 662.000       1.2632
 664.000       1.2657
 665.000       1.1812
 668.000       1.4114
 669.000       1.5402
 670.000       2.0703
 672.000       1.8475
 674.000       1.9033
 676.000       2.1736
 677.000       2.1568
 678.000       2.3250
 679.000       2.2660
 680.000       1.9024
 681.000       1.8235
 684.000       1.6123
 686.000       1.5409
 687.000       1.4100
 689.000       1.4389
 690.000       1.5799
 692.000       1.6163
 693.000       1.4988
 694.000       1.5363
 695.000       1.6665
 696.000       1.4714
 698.000       1.3643
 699.000       1.3753
 702.000       1.3171
 703.000       1.3905
 704.000       1.5639
 706.000       1.4198
 708.000       1.4013
 710.000       1.6320
 711.000       1.7114
 712.000       1.8634
 713.000       1.8566
 714.000       1.5852
 715.000       1.5499
 718.000       1.5202
 720.000       1.4774
 721.000       1.5473
 723.000       1.5754
 724.000       1.6031
 726.000       1.7174
 727.000       1.7571
 728.000       1.9301
 729.000       2.0835
 732.000       2.0232
 733.000       1.9594
 735.000       1.8015
 736.000       1.6875
 737.000       1.6050
 739.000       1.6532
 741.000       1.7650
 743.000       1.7131
 744.000       1.8237
 745.000       2.0447
 746.000       1.9004
 747.000       1.7727
 748.000       1.8588
 751.000       1.9041
 753.000       1.7968
 754.000       1.8784
 756.000       1.7978
 757.000       1.7718
 759.000       1.8318
 760.000       1.8856
 761.000       2.0619
 762.000       2.1931
 763.000       2.2072
 765.000       2.2168
 766.000       2.4898
 769.000       2.0698
 770.000       1.8836
 771.000       2.0268
 773.000       2.0856
 775.000       2.3066
 777.000       2.2433
 778.000       2.3907
 779.000       2.7178
 780.000       2.5564
 781.000       2.1315
 782.000       2.1334
 785.000       1.9765
 787.000       1.7948
 788.000       1.7955
 790.000       1.8029
 791.000       1.9328
 793.000       2.1273
 795.000       2.2258
 796.000       2.5255
 797.000       2.1134
 799.000       1.9111
 800.000       2.0058
 801.000       2.0399
 803.000       1.9582
 805.000       2.1129
 807.000       2.2666
 808.000       2.4633
 809.000       2.7926
 810.000       2.5967
 811.000       2.3522
 812.000       2.4867
 815.000       2.5781
 817.000       2.4283
 818.000       2.6558
 820.000       2.5898
 821.000       2.5511
 823.000       2.7367
 824.000       2.8971
 825.000       3.3099
 826.000       3.5895
 827.000       3.5745
 829.000       3.5020
 830.000       3.9433
 833.000       3.1551
 834.000       2.8293
 835.000       2.7839
 837.000       2.9399
 839.000       3.3851
 841.000       3.0978
