   2.000       1.9501
   3.000       1.8287
   6.000       1.6227
   8.000       1.6001
   9.000       1.4130
  11.000       1.3307
  12.000       1.4559
  14.000       1.4199
  16.000       1.2350
  17.000       1.2219
  20.000       1.1397
  21.000       1.1941
  22.000       1.1820
  23.000       1.4426
  25.000       1.3395
  27.000       1.4173
  29.000       1.4645
  30.000       1.4177
  31.000       1.5353
  32.000       1.5068
  33.000       1.2439
  34.000       1.2063
  37.000       1.0587
  39.000       1.0168
  40.000       0.8945
  42.000       0.8750
  43.000       0.9933
  45.000       1.0201
  47.000       0.9104
  48.000       0.9699
  49.000       0.7906
  51.000       0.7795
  52.000       0.7504
  53.000       0.9866
  55.000       0.8746
  57.000       0.8879
  59.000       1.0373
  60.000       1.0449
  61.000       1.1677
  62.000       1.1448
  63.000       0.8968
  64.000       0.8504
  67.000       0.7495
  69.000       0.7095
  70.000       0.6531
  72.000       0.6603
  73.000       0.7313
  75.000       0.7304
  76.000       0.6450
  77.000       0.6244
  78.000       0.6855
  79.000       0.5681
  81.000       0.5389
  82.000       0.5247
  85.000       0.5624
  86.000       0.6096
  87.000       0.7353
  89.000       0.6798
  91.000       0.7300
  93.000       0.7963
  94.000       0.8419
  95.000       0.9642
  96.000       0.9326
  97.000       0.7526
  98.000       0.7306
 101.000       0.6680
 103.000       0.6272
 104.000       0.5901
 106.000       0.5818
 107.000       0.6343
 109.000       0.6481
 110.000       0.5927
 111.000       0.6015
 112.000       0.6696
 113.000       0.5693
 115.000       0.5426
 116.000       0.5568
 119.000       0.5446
 120.000       0.5592
 121.000       0.6709
 123.000       0.6289
 125.000       0.6814
 127.000       0.7374
 128.000       0.7917
 129.000       0.9248
 130.000       0.8864
 131.000       0.6974
 132.000       0.6788
 135.000       0.6160
 137.000       0.5885
 138.000       0.5644
 140.000       0.5690
 141.000       0.6302
 143.000       0.6437
 144.000       0.5800
 145.000       0.5868
 146.000       0.6567
 147.000       0.5514
 149.000       0.5222
 150.000       0.5227
 153.000       0.5206
 154.000       0.5419
 155.000       0.6293
 157.000       0.5902
 159.000       0.6153
 161.000       0.6946
 162.000       0.7151
 163.000       0.8779
 164.000       0.7552
 165.000       0.6459
 166.000       0.6690
 169.000       0.6144
 171.000       0.6193
 172.000       0.5822
 174.000       0.5518
 175.000       0.5625
 177.000       0.5663
 179.000       0.5679
 180.000       0.6268
 181.000       0.5770
 183.000       0.5649
 184.000       0.6319
 185.000       0.5715
 187.000       0.5973
 189.000       0.7376
 191.000       0.6300
 192.000       0.8544
 193.000       1.3214
 194.000       1.2846
 195.000       0.7173
 196.000       0.7413
 199.000       0.7306
 201.000       0.7242
 202.000       0.7869
 204.000       0.7974
 205.000       0.7802
 207.000       0.9198
 209.000       1.0662
 210.000       1.2698
 213.000       1.0919
 214.000       0.9642
 215.000       1.0926
 216.000       0.7350
 218.000       0.8440
 220.000       1.0510
 222.000       0.8279
 223.000       0.9020
 224.000       1.0572
 225.000       0.9751
 226.000       0.8508
 227.000       0.8681
 230.000       0.8065
 232.000       0.7967
 233.000       0.7575
 235.000       0.7884
 236.000       0.8766
 238.000       0.9339
 239.000       0.8743
 240.000       0.9392
 241.000       1.0773
 242.000       0.8869
 244.000       0.7933
 245.000       0.7977
 248.000       0.7426
 249.000       0.7811
 250.000       0.8117
 252.000       0.7760
 254.000       0.8082
 256.000       0.8950
 257.000       0.9736
 258.000       1.1245
 259.000       1.0617
 260.000       0.9559
 261.000       1.0668
 264.000       1.0823
 266.000       1.1105
 267.000       1.0576
 269.000       0.9882
 270.000       0.9791
 272.000       0.9664
 274.000       0.9500
 275.000       0.9754
 278.000       0.9734
 279.000       0.9966
 280.000       1.0755
 281.000       0.9907
 283.000       1.0342
 285.000       1.1859
 287.000       1.0716
 288.000       1.0364
 289.000       1.2329
 290.000       0.9990
 291.000       0.9482
 292.000       1.0212
 295.000       0.9524
 297.000       0.9053
 298.000       0.8192
 300.000       0.7442
 301.000       0.7455
 303.000       0.7290
 304.000       0.7092
 305.000       0.7523
 306.000       0.8197
 309.000       0.8059
 310.000       0.8239
 312.000       0.7933
 313.000       0.7269
 314.000       0.8900
 316.000       0.8422
 318.000       0.9518
 320.000       0.9917
 321.000       0.9968
 322.000       1.1515
 323.000       1.0730
 324.000       0.9090
 325.000       0.9021
 328.000       0.8855
 330.000       0.8554
 331.000       0.8247
 333.000       0.7555
 334.000       0.8044
 336.000       0.7981
 337.000       0.7304
 338.000       0.7650
 339.000       0.8625
 340.000       0.7630
 342.000       0.7395
 343.000       0.8125
 346.000       0.7162
 347.000       0.7054
 348.000       0.9925
 350.000       0.9505
 352.000       1.0982
 354.000       1.1055
 355.000       1.3078
 356.000       1.4463
 357.000       1.5302
 358.000       1.3682
 359.000       1.5175
 362.000       1.6832
 364.000       1.5188
 365.000       1.5481
 367.000       1.2708
 368.000       1.0541
 370.000       0.9569
 372.000       0.9661
 373.000       0.9792
 374.000       1.1784
 376.000       1.3686
 377.000       1.6892
 378.000       1.8887
 380.000       1.7357
 382.000       2.0562
 384.000       2.2802
 387.000       1.4375
 388.000       1.0526
 391.000       0.8797
 393.000       0.8379
 394.000       0.7401
 396.000       0.6897
 397.000       0.7308
 399.000       0.7302
 401.000       0.6882
 402.000       0.7408
 405.000       0.6588
 406.000       0.6530
 407.000       0.6670
 408.000       0.7809
 410.000       0.7205
 412.000       0.8032
 414.000       0.8292
 415.000       0.8353
 416.000       0.9472
 417.000       0.9061
 418.000       0.7435
 419.000       0.7220
 422.000       0.6418
 424.000       0.6244
 425.000       0.5729
 427.000       0.5675
 428.000       0.6235
 430.000       0.6263
 432.000       0.5802
 433.000       0.6165
 436.000       0.5463
 437.000       0.5386
 438.000       0.5591
 439.000       0.6044
 441.000       0.5672
 443.000       0.5932
 445.000       0.6313
 446.000       0.6503
 447.000       0.7509
 448.000       0.7427
 449.000       0.5874
 450.000       0.5677
 453.000       0.5303
 455.000       0.5430
 456.000       0.5185
 458.000       0.5075
 459.000       0.5419
 461.000       0.5689
 463.000       0.5549
 464.000       0.6094
 467.000       0.5361
 468.000       0.5120
 469.000       0.5453
 470.000       0.5082
 472.000       0.5137
 474.000       0.6007
 476.000       0.5635
 477.000       0.6210
 478.000       0.7559
 479.000       0.7202
 480.000       0.5822
 481.000       0.6092
 484.000       0.6012
 486.000       0.5960
 487.000       0.5779
 489.000       0.5499
 490.000       0.5642
 492.000       0.5900
 494.000       0.5954
 495.000       0.6537
 498.000       0.5888
 499.000       0.5681
 500.000       0.6173
 501.000       0.6033
 503.000       0.6017
 505.000       0.6988
 507.000       0.6845
 508.000       0.7199
 509.000       0.8750
 510.000       0.7761
 511.000       0.6702
 512.000       0.7080
 515.000       0.5796
 517.000       0.5385
 518.000       0.4773
 520.000       0.4857
 521.000       0.5406
 523.000       0.5771
 524.000       0.5481
 525.000       0.6161
 526.000       0.7252
 529.000       0.6240
 530.000       0.5677
 532.000       0.5061
 533.000       0.4944
 534.000       0.5505
 536.000       0.4862
 538.000       0.5470
 540.000       0.6468
 541.000       0.7462
 542.000       0.9242
 543.000       0.8291
 544.000       0.6955
 545.000       0.7078
 548.000       0.6920
 550.000       0.6439
 551.000       0.6812
 553.000       0.6806
 554.000       0.6846
 556.000       0.7294
 557.000       0.7531
 558.000       0.8479
 559.000       0.9352
 560.000       0.8913
 562.000       0.8586
 563.000       0.9409
 566.000       0.7847
 567.000       0.7260
 568.000       0.7819
 570.000       0.7741
 572.000       0.9151
 574.000       0.8651
 575.000       0.9701
 576.000       1.0414
 577.000       1.1467
 578.000       0.9765
 579.000       0.9825
 582.000       1.0024
 584.000       0.9381
 585.000       0.9897
 587.000       0.9764
 588.000       0.9432
 590.000       1.0138
 592.000       1.1332
 593.000       1.2807
 594.000       1.1570
 596.000       1.0837
 597.000       1.1848
 598.000       1.1264
 600.000       1.1009
 602.000       1.2752
 604.000       1.2539
 605.000       1.4936
 606.000       1.9057
 607.000       1.7054
 608.000       1.4151
 609.000       1.5056
 612.000       1.7168
 614.000       2.2914
 615.000       2.6277
 617.000       3.2009
 618.000       3.3766
 620.000       4.0197
 622.000       4.5154
 623.000       5.1429
 624.000       4.4117
 626.000       3.8236
 627.000       4.0351
 628.000       1.6499
 630.000       2.3571
 632.000       2.9611
 634.000       1.7406
 635.000       1.4908
 636.000       1.5962
 637.000       2.0120
 638.000       1.2185
 639.000       1.2519
 642.000       0.9358
 644.000       0.8324
 645.000       0.6113
 647.000       0.6095
 648.000       0.6939
 650.000       0.7229
 651.000       0.6716
 652.000       0.7570
 653.000       0.8718
 656.000       0.7857
 657.000       0.7216
 659.000       0.6269
 660.000       0.6044
 661.000       0.8519
 663.000       0.6253
 665.000       0.6443
 667.000       1.0695
 668.000       0.8340
 669.000       0.9358
 670.000       0.9595
 671.000       0.7394
 672.000       1.4262
 675.000       1.2354
 677.000       1.2814
 678.000       1.0820
 680.000       1.0823
 681.000       1.3194
 683.000       1.4810
 684.000       1.3666
 685.000       1.6105
 686.000       1.9399
 689.000       1.6613
 690.000       1.4825
 692.000       1.2226
 693.000       1.1424
 694.000       0.9748
 696.000       1.0209
 698.000       1.2854
 700.000       1.0751
 701.000       1.0360
 702.000       1.3328
 703.000       0.9925
 704.000       0.9500
 705.000       1.0811
 708.000       1.0121
 710.000       0.9666
 711.000       0.9117
 713.000       0.8043
 714.000       0.7188
 716.000       0.7154
 718.000       0.8149
 719.000       0.9183
 722.000       0.9063
 723.000       0.8946
 724.000       1.0461
 725.000       0.9233
 727.000       0.9204
 729.000       1.0983
 731.000       1.0463
 732.000       1.0253
 733.000       1.2069
 734.000       1.0695
 735.000       0.9227
 736.000       0.9916
 739.000       0.8496
 741.000       0.8224
 742.000       0.7436
 744.000       0.6893
 745.000       0.7249
 747.000       0.6900
 748.000       0.6173
 749.000       0.6003
 750.000       0.6438
 753.000       0.6171
 754.000       0.6497
 756.000       0.6661
 757.000       0.6365
 758.000       0.7705
 760.000       0.7511
 762.000       0.8769
 764.000       0.8252
 765.000       0.8520
 766.000       1.0259
 767.000       0.9659
 768.000       0.7287
 769.000       0.7533
 772.000       0.6690
 774.000       0.6350
 775.000       0.5847
 777.000       0.5483
 778.000       0.6035
 780.000       0.5844
 781.000       0.5130
 782.000       0.5124
 783.000       0.5617
 786.000       0.5218
 787.000       0.5237
 789.000       0.5138
 790.000       0.5026
 791.000       0.6413
 793.000       0.6079
 795.000       0.6875
 797.000       0.7110
 798.000       0.7714
 799.000       0.9013
 800.000       0.8312
 801.000       0.7395
 802.000       0.7730
 805.000       0.7717
 807.000       0.7392
 808.000       0.6950
 810.000       0.6513
 811.000       0.7256
 813.000       0.6891
 814.000       0.5800
 815.000       0.5543
 816.000       0.5793
 819.000       0.5952
 820.000       0.6466
 822.000       0.6416
 823.000       0.5961
 824.000       0.7987
 826.000       0.7409
 828.000       0.8092
 830.000       0.8696
 831.000       0.9966
 832.000       1.1012
 833.000       1.1225
 834.000       0.9648
 835.000       0.9638
 838.000       0.8918
 840.000       0.8409
 841.000       0.7935
 843.000       0.7269
 844.000       0.7409
 846.000       0.7135
 847.000       0.6612
 848.000       0.6486
 849.000       0.6872
 852.000       0.6620
 853.000       0.6972
 855.000       0.7171
 856.000       0.6841
 857.000       0.8980
 859.000       0.8699
 861.000       0.9634
 863.000       0.9914
 864.000       1.1034
 865.000       1.3961
 866.000       1.3489
 867.000       0.8751
 868.000       0.9048
 871.000       0.8259
 873.000       0.7968
 874.000       0.8634
 876.000       0.8787
 877.000       0.8663
 879.000       1.0451
 881.000       1.1915
 882.000       1.4277
 885.000       1.2075
 886.000       1.0694
 887.000       1.2194
 888.000       0.7802
 890.000       0.9189
 892.000       1.1731
 894.000       0.8876
 895.000       0.9386
 896.000       1.1299
 897.000       1.0472
 898.000       0.8423
 899.000       0.8762
 902.000       0.8898
 904.000       0.9103
 905.000       1.0085
 907.000       0.8285
 908.000       0.8228
 910.000       0.7664
 911.000       0.7204
 912.000       0.7163
 913.000       0.7484
 916.000       0.7451
 917.000       0.7739
 919.000       0.7905
 920.000       0.7536
 921.000       0.9212
 923.000       1.2316
 925.000       1.9401
 927.000       1.1287
 928.000       1.0713
 929.000       1.4071
 930.000       1.2684
 931.000       1.0596
 932.000       1.1266
 935.000       1.1370
 937.000       1.1443
 938.000       1.1278
 940.000       1.0268
 941.000       1.0366
 943.000       0.9959
 944.000       0.9535
 945.000       0.9911
 946.000       1.0029
 949.000       1.1309
 950.000       1.2210
 952.000       1.1715
 953.000       1.0223
 954.000       1.1499
 956.000       1.1914
 958.000       1.3596
 960.000       1.2894
 961.000       1.3632
 962.000       1.5700
 963.000       1.4246
 964.000       1.2920
 965.000       1.3740
 968.000       1.3402
 970.000       1.2095
 971.000       1.1725
 973.000       1.0509
 974.000       1.0801
 976.000       1.0459
 977.000       0.9707
 978.000       0.9706
 979.000       1.0495
 980.000       0.9633
 982.000       0.9691
 983.000       1.0261
 986.000       0.9899
 987.000       0.9766
 988.000       1.3917
 990.000       1.3296
 992.000       1.4940
 994.000       1.6096
