   2.000       4.1208
   3.000       4.2454
   6.000       4.1958
   8.000       4.1792
   9.000       4.0156
  11.000       3.7604
  12.000       3.6789
  14.000       3.4612
  15.000       3.3991
  16.000       3.2201
  17.000       3.0737
  18.000       3.2669
  20.000       3.4633
  21.000       3.5170
  24.000       3.6327
  25.000       3.5895
  26.000       3.9645
  28.000       3.9629
  30.000       4.2033
  32.000       4.0558
  33.000       3.8699
  34.000       4.0902
  35.000       3.7033
  36.000       3.7059
  37.000       3.8598
  40.000       3.7085
  42.000       3.6299
  43.000       3.4030
  45.000       3.1834
  46.000       3.1728
  48.000       2.9689
  49.000       2.8291
  50.000       2.6156
  51.000       2.4993
  52.000       2.5826
  54.000       2.7383
  55.000       2.7256
  58.000       2.9314
  59.000       2.9670
  60.000       3.4802
  62.000       3.3601
  64.000       3.5170
  66.000       3.5786
  67.000       3.4497
  68.000       3.6645
  69.000       3.3933
  70.000       3.2114
  71.000       3.2592
  74.000       3.0490
  76.000       2.9397
  77.000       2.7166
  79.000       2.5552
  80.000       2.6335
  82.000       2.5040
  84.000       2.2755
  85.000       2.1665
  88.000       2.2075
  89.000       2.3509
  90.000       2.3346
  91.000       2.8764
  93.000       2.7046
  95.000       2.7917
  97.000       2.9749
  98.000       2.9155
  99.000       3.1151
 100.000       2.9286
 101.000       2.6863
 102.000       2.7025
 105.000       2.5030
 107.000       2.3790
 108.000       2.1929
 110.000       2.0719
 111.000       2.1703
 113.000       2.1005
 115.000       1.9099
 116.000       1.8778
 117.000       1.8224
 119.000       1.9056
 120.000       1.8820
 121.000       2.3997
 123.000       2.2228
 125.000       2.2959
 127.000       2.5226
 128.000       2.5619
 129.000       2.7474
 130.000       2.6481
 131.000       2.3605
 132.000       2.3435
 135.000       2.1610
 137.000       2.0108
 138.000       1.8731
 140.000       1.8220
 141.000       1.9737
 143.000       1.9948
 145.000       1.8497
 146.000       1.9098
 147.000       1.6949
 149.000       1.6806
 150.000       1.6120
 151.000       2.1546
 153.000       1.9703
 155.000       2.0109
 157.000       2.3095
 158.000       2.4201
 159.000       2.6616
 160.000       2.5529
 161.000       2.2174
 162.000       2.2104
 165.000       2.1301
 167.000       2.0001
 168.000       2.0300
 170.000       2.0174
 171.000       2.0693
 173.000       2.1488
 174.000       2.1389
 175.000       2.2707
 176.000       2.4263
 179.000       2.3306
 180.000       2.2659
 182.000       2.1449
 183.000       2.0718
 184.000       2.2160
 186.000       2.1971
 188.000       2.3482
 190.000       2.4000
 191.000       2.5331
 192.000       2.8073
 193.000       2.6390
 194.000       2.3157
 195.000       2.2909
 198.000       2.1055
 200.000       1.9360
 201.000       1.8246
 203.000       1.8007
 204.000       1.9624
 206.000       2.0118
 208.000       1.9200
 209.000       2.0409
 210.000       1.7759
 212.000       1.7015
 213.000       1.6496
 214.000       2.1469
 216.000       1.9541
 218.000       1.9485
 220.000       2.3180
 221.000       2.4280
 222.000       2.7152
 223.000       2.5477
 224.000       2.1999
 225.000       2.1894
 228.000       2.0932
 230.000       1.9920
 231.000       2.0210
 233.000       1.9670
 234.000       2.0477
 236.000       2.0813
 238.000       2.0470
 239.000       2.1589
 242.000       2.0430
 243.000       1.9948
 244.000       2.1085
 245.000       2.1553
 247.000       2.1417
 249.000       2.2533
 251.000       2.3104
 252.000       2.1879
 253.000       2.4181
 254.000       2.4081
 255.000       1.8936
 256.000       1.8614
 259.000       1.7689
 261.000       1.8367
 262.000       1.8158
 264.000       1.9508
 265.000       2.1253
 267.000       2.3329
 268.000       2.3005
 269.000       2.5721
 270.000       2.8421
 273.000       2.7057
 274.000       2.5777
 276.000       2.2775
 277.000       2.1197
 278.000       1.7164
 280.000       1.7247
 282.000       1.8726
 284.000       1.8663
 285.000       2.0070
 286.000       2.1175
 287.000       2.3875
 288.000       1.8496
 289.000       1.6762
 292.000       1.6177
 294.000       1.6335
 295.000       1.6029
 297.000       1.6121
 298.000       1.7036
 300.000       1.7574
 301.000       1.6968
 302.000       1.7778
 303.000       1.9023
 306.000       1.8219
 307.000       1.7878
 309.000       1.6860
 310.000       1.6298
 311.000       1.5664
 313.000       1.5725
 315.000       1.6275
 317.000       1.5935
 318.000       1.5856
 319.000       1.7121
 320.000       1.6184
 321.000       1.5016
 322.000       1.5162
 325.000       1.4356
 327.000       1.3956
 328.000       1.3212
 330.000       1.3165
 331.000       1.3506
 333.000       1.3708
 334.000       1.3390
 335.000       1.3669
 336.000       1.4257
 337.000       1.3671
 339.000       1.3433
 340.000       1.3896
 343.000       1.3202
 344.000       1.3125
 345.000       1.3897
 347.000       1.3203
 349.000       1.3250
 351.000       1.4364
 352.000       1.4300
 353.000       1.5411
 354.000       1.4527
 355.000       1.3324
 356.000       1.3338
 359.000       1.2458
 361.000       1.2011
 362.000       1.1444
 364.000       1.1518
 365.000       1.1839
 367.000       1.2018
 368.000       1.1827
 369.000       1.2189
 370.000       1.2724
 373.000       1.2376
 374.000       1.2188
 376.000       1.1786
 377.000       1.1591
 378.000       1.2102
 380.000       1.1370
 382.000       1.1342
 384.000       1.2618
 385.000       1.3727
 386.000       1.5503
 387.000       1.5108
 388.000       1.3313
 389.000       1.3140
 392.000       1.3081
 394.000       1.2440
 395.000       1.2476
 397.000       1.1834
 398.000       1.1935
 400.000       1.1583
 401.000       1.1198
 402.000       1.1076
 403.000       1.1262
 404.000       1.1259
 406.000       1.1565
 407.000       1.1994
 410.000       1.1712
 411.000       1.1450
 412.000       1.3567
 414.000       1.3136
 416.000       1.4582
 418.000       1.4825
 419.000       1.5926
 420.000       1.6924
 421.000       1.7275
 422.000       1.5521
 423.000       1.5453
 426.000       1.5550
 428.000       1.5781
 429.000       1.5431
 431.000       1.4797
 432.000       1.4994
 434.000       1.5081
 435.000       1.4750
 436.000       1.5185
 437.000       1.5932
 440.000       1.5707
 441.000       1.5901
 443.000       1.5544
 444.000       1.4784
 445.000       1.5201
 447.000       1.5538
 449.000       1.6856
 451.000       1.5974
 452.000       1.5854
 453.000       1.7346
 454.000       1.5757
 455.000       1.5273
 456.000       1.5879
 459.000       1.5513
 461.000       1.4985
 462.000       1.4458
 464.000       1.3567
 465.000       1.3279
 467.000       1.2684
 468.000       1.2471
 469.000       1.2115
 470.000       1.1884
 471.000       1.2422
 473.000       1.3075
 474.000       1.3637
 477.000       1.3471
 478.000       1.3095
 479.000       1.5114
 481.000       1.4886
 483.000       1.5968
 485.000       1.6031
 486.000       1.6096
 487.000       1.7584
 488.000       1.6017
 489.000       1.5418
 490.000       1.6093
 493.000       1.5514
 495.000       1.4960
 496.000       1.4426
 498.000       1.3619
 499.000       1.3371
 501.000       1.2733
 502.000       1.2518
 503.000       1.2109
 504.000       1.1857
 505.000       1.2424
 507.000       1.3070
 508.000       1.3597
 511.000       1.3440
 512.000       1.3130
 513.000       1.5126
 515.000       1.4798
 517.000       1.5760
 519.000       1.5961
 520.000       1.6190
 521.000       1.7553
 522.000       1.6717
 523.000       1.5358
 524.000       1.5667
 527.000       1.5297
 529.000       1.4846
 530.000       1.4846
 532.000       1.4383
 533.000       1.4234
 535.000       1.4455
 537.000       1.4817
 538.000       1.5656
 539.000       1.4913
 541.000       1.4788
 542.000       1.5632
 543.000       1.5265
 545.000       1.5503
 547.000       1.6776
 549.000       1.6015
 550.000       1.6157
 551.000       1.7917
 552.000       1.6418
 553.000       1.5095
 554.000       1.5570
 557.000       1.4593
 559.000       1.3617
 560.000       1.2919
 562.000       1.2584
 563.000       1.3437
 565.000       1.3517
 566.000       1.2690
 567.000       1.3177
 568.000       1.4367
 569.000       1.3056
 571.000       1.2462
 572.000       1.3169
 575.000       1.2002
 576.000       1.2126
 577.000       1.4359
 579.000       1.3537
 581.000       1.4129
 583.000       1.5609
 584.000       1.6564
 585.000       1.9291
 586.000       1.6961
 587.000       1.6637
 588.000       1.6040
 591.000       1.4898
 593.000       1.4032
 594.000       1.3301
 596.000       1.3095
 597.000       1.4313
 599.000       1.4240
 600.000       1.2945
 601.000       1.2911
 602.000       1.3883
 603.000       1.2454
 605.000       1.2041
 606.000       1.2633
 609.000       1.1835
 610.000       1.2311
 611.000       1.4746
 613.000       1.3815
 615.000       1.3944
 617.000       1.5587
 618.000       1.6109
 619.000       1.7625
 620.000       1.6311
 621.000       1.5360
 622.000       1.5488
 625.000       1.4920
 627.000       1.4088
 628.000       1.4201
 630.000       1.3689
 631.000       1.4020
 633.000       1.3659
 634.000       1.3074
 635.000       1.2957
 636.000       1.3249
 639.000       1.3049
 640.000       1.3118
 642.000       1.3178
 643.000       1.3137
 644.000       1.5647
 646.000       1.5316
 648.000       1.6274
 650.000       1.5997
 651.000       1.6903
 652.000       1.8124
 653.000       1.7998
 654.000       1.6129
 655.000       1.5620
 658.000       1.4461
 660.000       1.4486
 661.000       1.3586
 663.000       1.3749
 664.000       1.4767
 666.000       1.4773
 667.000       1.3660
 668.000       1.3338
 669.000       1.3950
 670.000       1.2591
 672.000       1.2214
 673.000       1.1929
 676.000       1.2471
 677.000       1.3141
 678.000       1.3964
 680.000       1.3204
 682.000       1.3036
 684.000       1.4091
 685.000       1.4106
 686.000       1.4899
 687.000       1.4984
 688.000       1.2999
 689.000       1.2547
 692.000       1.1748
 694.000       1.1712
 695.000       1.1267
 697.000       1.1482
 698.000       1.2153
 700.000       1.2358
 701.000       1.1750
 702.000       1.1865
 703.000       1.2512
 704.000       1.1503
 706.000       1.1123
 707.000       1.1195
 710.000       1.1022
 711.000       1.1280
 712.000       1.1536
 714.000       1.1155
 716.000       1.1329
 718.000       1.1864
 719.000       1.2087
 720.000       1.3126
 721.000       1.2657
 722.000       1.1442
 723.000       1.1439
 726.000       1.0980
 728.000       1.0780
 729.000       1.0639
 731.000       1.0604
 732.000       1.0899
 734.000       1.1137
 735.000       1.0941
 736.000       1.1338
 737.000       1.1981
 738.000       1.1292
 740.000       1.1029
 741.000       1.1380
 744.000       1.0751
 745.000       1.0631
 746.000       1.1020
 748.000       1.0815
 750.000       1.1276
 752.000       1.1731
 753.000       1.2384
 754.000       1.2503
 755.000       1.3530
 756.000       1.2801
 757.000       1.2866
 760.000       1.3487
 762.000       1.4175
 763.000       1.4675
 765.000       1.6191
 766.000       1.8926
 768.000       2.1028
 769.000       2.1308
 770.000       2.6764
 771.000       2.9394
 774.000       3.2239
 775.000       3.2066
 777.000       2.5940
 778.000       2.0077
 779.000       1.4017
 781.000       1.4453
 783.000       1.6123
 785.000       1.5278
 786.000       1.6058
 787.000       1.7546
 788.000       1.7218
 789.000       1.5603
 790.000       1.5685
 793.000       1.5514
 795.000       1.5510
 796.000       1.5317
 798.000       1.4335
 799.000       1.4605
 801.000       1.4430
 803.000       1.3877
 804.000       1.4168
 807.000       1.3898
 808.000       1.4147
 809.000       1.4857
 810.000       1.5635
 812.000       1.6019
 814.000       1.7557
 816.000       1.6772
 817.000       1.6943
 818.000       1.9255
 819.000       1.6405
 820.000       1.6276
 821.000       1.7585
 824.000       1.7296
 826.000       1.6799
 827.000       1.6292
 829.000       1.4895
 830.000       1.4080
 832.000       1.3602
 834.000       1.4027
 835.000       1.4454
 836.000       1.5028
 838.000       1.5474
 839.000       1.7097
 840.000       1.6535
 842.000       1.6555
 844.000       1.8437
 846.000       1.7914
 847.000       1.7854
 848.000       2.0003
 849.000       1.7675
 850.000       1.6736
 851.000       1.7186
 854.000       1.6238
 856.000       1.5445
 857.000       1.4544
 859.000       1.3745
 860.000       1.3906
 862.000       1.3244
 863.000       1.2565
 864.000       1.1958
 865.000       1.1860
 866.000       1.1868
 868.000       1.2312
 869.000       1.2513
 872.000       1.2841
 873.000       1.2935
 874.000       1.5777
 876.000       1.4946
 878.000       1.5582
 880.000       1.6856
 881.000       1.6842
 882.000       1.8784
 883.000       1.6817
 884.000       1.5848
 885.000       1.6390
 888.000       1.5272
 890.000       1.4725
 891.000       1.3951
 893.000       1.3232
 894.000       1.3414
 896.000       1.2887
 897.000       1.2295
 898.000       1.1808
 899.000       1.1849
 900.000       1.1699
 902.000       1.2005
 903.000       1.2120
 906.000       1.2489
 907.000       1.2552
 908.000       1.4650
 910.000       1.4212
 912.000       1.5143
 914.000       1.5507
 915.000       1.5840
 916.000       1.7281
 917.000       1.6118
 918.000       1.5329
 919.000       1.5574
 922.000       1.4831
 924.000       1.4044
 925.000       1.3368
 927.000       1.2863
 928.000       1.3374
 930.000       1.3196
 932.000       1.2433
 933.000       1.2570
 936.000       1.1988
 937.000       1.2199
 938.000       1.2134
 939.000       1.4785
 941.000       1.3994
 943.000       1.4538
 945.000       1.5771
 946.000       1.6084
 947.000       1.7686
 948.000       1.6342
 949.000       1.5045
 950.000       1.5791
 953.000       1.4603
 955.000       1.3811
 956.000       1.3039
 958.000       1.2664
 959.000       1.3191
 961.000       1.3138
 963.000       1.2577
 964.000       1.2872
 967.000       1.2053
 968.000       1.2051
 969.000       1.1867
 970.000       1.4210
 972.000       1.3419
 974.000       1.3887
 976.000       1.4856
 977.000       1.5176
 978.000       1.6262
 979.000       1.5786
 980.000       1.4265
 981.000       1.4178
 984.000       1.3484
 986.000       1.2841
 987.000       1.2414
 989.000       1.2243
 990.000       1.2798
 992.000       1.2982
 994.000       1.2719
 995.000       1.3314
 998.000       1.2280
 999.000       1.1958
1000.000       1.1858
1001.000       1.3606
1003.000       1.3097
1005.000       1.3725
1007.000       1.4463
1008.000       1.5084
1009.000       1.6429
1010.000       1.5527
1011.000       1.4558
1012.000       1.4868
1015.000       1.4704
1017.000       1.4027
1018.000       1.4115
1020.000       1.3845
1021.000       1.4191
1023.000       1.4655
1024.000       1.4631
1025.000       1.5778
1026.000       1.7009
1027.000       1.6164
1029.000       1.5526
1030.000       1.6571
1033.000       1.4496
1034.000       1.4076
1035.000       1.5024
1037.000       1.5090
1039.000       1.6596
1041.000       1.6272
1042.000       1.7490
1043.000       1.9603
1044.000       1.8617
1045.000       1.7420
1046.000       1.7088
1049.000       1.8645
1051.000       1.9544
1052.000       2.0294
1054.000       2.1022
1055.000       2.3226
1057.000       2.4446
1058.000       2.2950
1059.000       2.3999
1060.000       2.6747
1063.000       2.2983
1064.000       2.0791
1066.000       1.9630
1067.000       2.0779
1068.000       1.9711
1070.000       2.0269
1072.000       2.2394
1074.000       2.2736
1075.000       2.1974
1076.000       2.7093
1077.000       2.2169
1078.000       2.0966
1079.000       2.2299
1082.000       2.3313
1084.000       2.7567
1085.000       2.9471
1087.000       3.3050
1088.000       3.1965
1090.000       3.6928
1092.000       4.3236
1093.000       4.8670
1094.000       4.4352
1096.000       3.9833
1097.000       4.3234
1098.000       2.1455
1100.000       2.6774
1102.000       3.3238
1104.000       2.3256
1105.000       1.9496
1106.000       1.9525
1107.000       2.3599
1108.000       1.7693
1109.000       1.7500
1112.000       1.5689
1114.000       1.5698
1115.000       1.4405
1117.000       1.4137
1118.000       1.5869
1120.000       1.5842
1121.000       1.4075
1122.000       1.4378
1123.000       1.6126
1124.000       1.3773
1126.000       1.2986
1127.000       1.3899
1130.000       1.2621
1131.000       1.3117
1132.000       1.4017
1134.000       1.3530
1136.000       1.3975
1138.000       1.4038
1139.000       1.3100
1140.000       1.3974
1141.000       1.2855
1142.000       1.2544
1143.000       1.3114
1146.000       1.2678
1148.000       1.2670
1149.000       1.1997
1151.000       1.1159
1152.000       1.1476
1154.000       1.1705
1155.000       1.1257
1156.000       1.1828
1157.000       1.2944
1160.000       1.2110
1161.000       1.1980
1163.000       1.1588
1164.000       1.1069
1165.000       1.1917
1167.000       1.1928
1169.000       1.3083
1171.000       1.2595
1172.000       1.2380
1173.000       1.3581
1174.000       1.3104
1175.000       1.1435
1176.000       1.1633
1179.000       1.1632
1181.000       1.1865
1182.000       1.1567
1184.000       1.1234
1185.000       1.1471
1187.000       1.1581
1188.000       1.1347
1189.000       1.1831
1190.000       1.2483
1193.000       1.2465
1194.000       1.2597
1196.000       1.2042
1197.000       1.1322
1198.000       1.1527
1200.000       1.1600
1202.000       1.2514
1204.000       1.2361
1205.000       1.3008
1206.000       1.4635
1207.000       1.3601
1208.000       1.2467
1209.000       1.2934
1212.000       1.2797
1214.000       1.2526
1215.000       1.2482
1217.000       1.2108
1218.000       1.2245
1220.000       1.2547
1221.000       1.2450
1222.000       1.3217
1223.000       1.4116
1226.000       1.3844
1227.000       1.3801
1229.000       1.3128
1230.000       1.2345
1231.000       1.2770
1233.000       1.2946
1235.000       1.4132
1237.000       1.3664
1238.000       1.4044
1239.000       1.5609
1240.000       1.4259
1241.000       1.3636
1242.000       1.4344
1245.000       1.4188
1247.000       1.3807
1248.000       1.3588
1250.000       1.2772
1251.000       1.2537
1253.000       1.2091
1255.000       1.1858
1256.000       1.1818
1259.000       1.2209
1260.000       1.2680
1261.000       1.3477
1262.000       1.4081
1264.000       1.4216
1266.000       1.5544
1268.000       1.5016
1269.000       1.5240
1270.000       1.6822
1271.000       1.5121
1272.000       1.4758
1273.000       1.5469
1276.000       1.5087
1278.000       1.4565
1279.000       1.4143
1281.000       1.3232
1282.000       1.2862
1284.000       1.2135
1286.000       1.1865
1287.000       1.1503
1290.000       1.2345
1291.000       1.3006
1292.000       1.3646
1293.000       1.4718
1295.000       1.4537
1297.000       1.5615
1299.000       1.5536
1300.000       1.5584
1301.000       1.6925
1302.000       1.5732
1303.000       1.4772
1304.000       1.5037
1307.000       1.4358
1309.000       1.3837
1310.000       1.3174
1312.000       1.2495
1313.000       1.2645
1315.000       1.2191
1317.000       1.1584
1318.000       1.1404
1321.000       1.1546
1322.000       1.1991
1323.000       1.2276
1324.000       1.3879
1326.000       1.3440
1328.000       1.4200
1330.000       1.4496
1331.000       1.4565
1332.000       1.5749
1333.000       1.4915
1334.000       1.3835
1335.000       1.4039
1338.000       1.3416
1340.000       1.2958
1341.000       1.2305
1343.000       1.1798
1344.000       1.2014
1346.000       1.1607
1347.000       1.1017
1348.000       1.0648
1349.000       1.0786
1350.000       1.0535
1352.000       1.0767
1353.000       1.0962
1356.000       1.1122
1357.000       1.1192
1358.000       1.2997
1360.000       1.2521
1362.000       1.3132
1364.000       1.3628
1365.000       1.3636
1366.000       1.4777
1367.000       1.3993
1368.000       1.2843
1369.000       1.2968
1372.000       1.2390
1374.000       1.1929
1375.000       1.1463
1377.000       1.1157
1378.000       1.1418
1380.000       1.1240
1381.000       1.0827
1382.000       1.0710
1383.000       1.0919
1384.000       1.0686
1386.000       1.0743
1387.000       1.1059
1390.000       1.0833
1391.000       1.0835
1392.000       1.2230
1394.000       1.1783
1396.000       1.2294
1398.000       1.2861
1399.000       1.3222
1400.000       1.4348
1401.000       1.3635
1402.000       1.2699
1403.000       1.2923
1406.000       1.2830
1408.000       1.2697
1409.000       1.2593
1411.000       1.2001
1412.000       1.1833
1414.000       1.1615
1416.000       1.1526
1417.000       1.1548
1420.000       1.1775
1421.000       1.2015
1422.000       1.2584
1423.000       1.2755
1425.000       1.2945
1427.000       1.3973
1429.000       1.3400
1430.000       1.3824
1431.000       1.5108
1432.000       1.3811
1433.000       1.3689
1434.000       1.4452
1437.000       1.4555
1439.000       1.3997
1440.000       1.3795
1442.000       1.2862
1443.000       1.2682
1445.000       1.2274
1446.000       1.2081
1447.000       1.2033
1448.000       1.2190
1451.000       1.2340
1452.000       1.2695
1454.000       1.2892
1455.000       1.2497
1456.000       1.4499
1458.000       1.4447
1460.000       1.5871
1462.000       1.5800
1463.000       1.6631
1464.000       1.7984
1465.000       1.7059
1466.000       1.6958
1467.000       1.7855
1470.000       1.8201
1472.000       1.8048
1473.000       1.8556
1475.000       1.8314
1476.000       1.8149
1478.000       1.8647
1479.000       1.9184
1480.000       2.0484
1481.000       2.1503
1484.000       2.1409
1485.000       2.1039
1487.000       1.9959
1488.000       1.8990
1489.000       1.8150
1491.000       1.8856
1493.000       2.0202
1495.000       1.8927
1496.000       1.8705
1497.000       2.0533
1498.000       1.8569
1499.000       1.7435
1500.000       1.8158
1503.000       1.6832
1505.000       1.5901
1506.000       1.4518
1508.000       1.3725
1509.000       1.4802
1511.000       1.4607
1513.000       1.3386
1514.000       1.3812
1517.000       1.2505
1518.000       1.2563
1519.000       1.2315
1520.000       1.6184
1522.000       1.4995
1524.000       1.5698
1526.000       1.7305
1527.000       1.7814
1528.000       1.9629
1529.000       1.8442
1530.000       1.6428
1531.000       1.6799
1534.000       1.5727
1536.000       1.4687
1537.000       1.4474
1539.000       1.4017
1540.000       1.4264
1542.000       1.4341
1544.000       1.4122
1545.000       1.4703
1548.000       1.4001
1549.000       1.3975
1550.000       1.4512
1551.000       1.6247
1553.000       1.5670
1555.000       1.6575
1557.000       1.7774
1558.000       1.9186
1559.000       2.1105
1560.000       1.9205
1561.000       1.9406
1562.000       2.0552
1565.000       2.1213
1567.000       2.0047
1568.000       2.0632
1570.000       1.9279
1571.000       1.8309
1573.000       1.7688
1574.000       1.8243
1575.000       1.8524
1576.000       1.8220
1579.000       1.9713
1580.000       2.0623
1582.000       2.0571
1583.000       1.9268
1584.000       2.2283
1586.000       2.2500
1588.000       2.4327
1590.000       2.4368
1591.000       2.5828
1592.000       2.8178
1593.000       2.5053
1594.000       2.6289
1595.000       2.8493
1598.000       2.8837
1600.000       2.7290
1601.000       2.7203
1603.000       2.5191
1604.000       2.4125
1606.000       2.2961
1607.000       2.3241
1608.000       2.2968
1609.000       2.2486
1610.000       2.4052
1612.000       2.5226
1613.000       2.6379
1616.000       2.5640
1617.000       2.4597
1618.000       2.9196
1620.000       2.8981
1622.000       3.1132
1624.000       3.1387
1625.000       3.1867
1626.000       3.4671
1627.000       3.0465
1628.000       3.1700
1629.000       3.2044
1632.000       3.2847
1634.000       3.4983
1635.000       3.5689
1637.000       3.6381
1638.000       3.6740
1640.000       3.8212
1641.000       3.8823
1642.000       4.0915
1643.000       4.2671
1646.000       4.1900
1647.000       4.0926
1649.000       3.8964
1650.000       3.7870
1651.000       3.1746
1653.000       3.4009
1655.000       3.5236
1657.000       3.0708
1658.000       2.9247
1659.000       2.9189
1660.000       2.9399
1661.000       3.0666
1662.000       3.1480
1665.000       3.2736
1667.000       3.4216
1668.000       3.4357
1670.000       3.3285
1671.000       3.2135
1673.000       3.2010
1674.000       3.3123
1675.000       3.4067
1676.000       3.4063
1679.000       3.5510
1680.000       3.6067
1682.000       3.5444
1683.000       3.3909
1684.000       3.1297
1686.000       3.3269
1688.000       3.5495
1690.000       3.1067
1691.000       2.9346
1692.000       3.0166
1693.000       2.6902
1694.000       3.0568
1695.000       3.2953
1698.000       3.4265
1700.000       3.4914
1701.000       3.4949
1703.000       3.2966
1704.000       3.0987
1706.000       2.9872
1707.000       3.1402
1708.000       3.1994
1709.000       3.0998
1712.000       3.4202
1713.000       3.5637
1715.000       3.5368
1716.000       3.3238
1717.000       3.2923
1719.000       3.4475
1721.000       3.7143
1723.000       3.3585
1724.000       3.2026
1725.000       3.4767
1726.000       3.1511
1727.000       3.0111
1728.000       3.0716
1731.000       2.9208
1733.000       2.8908
1734.000       2.6748
1736.000       2.5044
1737.000       2.5339
1739.000       2.4054
1741.000       2.2158
1742.000       2.1231
1743.000       2.2044
1745.000       2.3520
1746.000       2.3846
1747.000       2.6708
1749.000       2.5777
1751.000       2.7216
1753.000       2.7119
1754.000       2.5327
1755.000       2.6786
1756.000       2.4843
1757.000       2.3363
1758.000       2.3861
1761.000       2.2272
1763.000       2.2017
1764.000       2.0027
1766.000       1.8897
1767.000       1.9337
1769.000       1.8451
1770.000       1.7129
1771.000       1.5992
1772.000       1.6026
1773.000       1.5282
1775.000       1.5829
1776.000       1.5724
1779.000       1.6992
1780.000       1.7490
1781.000       2.0196
1783.000       1.9182
1785.000       2.0288
1787.000       2.0570
1788.000       1.9570
1789.000       2.0966
1790.000       1.9858
1791.000       1.7793
1792.000       1.7950
1795.000       1.6554
1797.000       1.5964
1798.000       1.4631
1800.000       1.3962
1801.000       1.4772
1803.000       1.4553
1804.000       1.3360
1805.000       1.3112
1806.000       1.3985
1807.000       1.2435
1809.000       1.2161
1810.000       1.2105
1813.000       1.2501
1814.000       1.2987
1815.000       1.5649
1817.000       1.4693
1819.000       1.5354
1821.000       1.6553
1822.000       1.6381
1823.000       1.8294
1824.000       1.6913
1825.000       1.4765
1826.000       1.4717
1829.000       1.3806
1831.000       1.3460
1832.000       1.3119
1834.000       1.2992
1835.000       1.2631
1837.000       1.2890
1839.000       1.3929
1840.000       1.5028
1841.000       1.5105
1843.000       1.4570
1844.000       1.6463
1845.000       1.3529
1847.000       1.3729
1849.000       1.4739
1851.000       1.4328
1852.000       1.4424
1853.000       1.5957
1854.000       1.4382
1855.000       1.4781
1856.000       1.5302
1859.000       1.4558
1861.000       1.4173
1862.000       1.3914
1864.000       1.3189
1865.000       1.3331
1867.000       1.2627
1868.000       1.2123
1869.000       1.1714
1870.000       1.1595
1871.000       1.1916
1873.000       1.2445
1874.000       1.2865
1877.000       1.2815
1878.000       1.2619
1879.000       1.3933
1881.000       1.4163
1883.000       1.5415
1885.000       1.4538
1886.000       1.4473
1887.000       1.5675
1888.000       1.4562
1889.000       1.3988
1890.000       1.4658
1893.000       1.4147
1895.000       1.3620
1896.000       1.2973
1898.000       1.2251
1899.000       1.2454
1901.000       1.2100
1903.000       1.1483
1904.000       1.1441
1907.000       1.1384
1908.000       1.1775
1909.000       1.2112
1910.000       1.3801
1912.000       1.3419
1914.000       1.4141
1916.000       1.4495
1917.000       1.4240
1918.000       1.5801
1919.000       1.4562
1920.000       1.2766
1921.000       1.2980
1924.000       1.1855
1926.000       1.1142
1927.000       1.0435
1929.000       0.9948
1930.000       1.0445
1932.000       1.0738
1934.000       1.0524
1935.000       1.1501
1938.000       1.0300
1939.000       1.0018
1940.000       1.0696
1941.000       1.1546
1943.000       1.0952
1945.000       1.1772
1947.000       1.2579
1948.000       1.1837
1949.000       1.2684
1950.000       1.5927
1951.000       1.2125
1952.000       1.3209
1955.000       1.3088
1957.000       1.4172
1958.000       1.6336
1960.000       1.4433
1961.000       1.4416
1963.000       1.3322
1964.000       1.2599
1965.000       1.2090
1966.000       1.1877
1969.000       1.2719
1970.000       1.3651
1972.000       1.4043
1973.000       1.3444
1974.000       1.5198
1976.000       1.8269
1978.000       2.5999
1980.000       1.4006
1981.000       1.6635
1982.000       1.8497
1983.000       1.9278
1984.000       1.6095
1985.000       1.5186
1988.000       1.5225
1990.000       1.5446
1991.000       1.5467
1993.000       1.4023
1994.000       1.3876
1996.000       1.3007
1997.000       1.2454
1998.000       1.1864
1999.000       1.1669
2002.000       1.2045
2003.000       1.2772
2005.000       1.3384
2006.000       1.3132
2007.000       1.5674
2009.000       1.6423
2011.000       1.8231
2013.000       1.6179
2014.000       1.6433
2015.000       1.5995
2016.000       1.7886
2017.000       1.6478
2018.000       1.6507
2021.000       1.5408
2023.000       1.5229
2024.000       1.6060
2026.000       1.6738
2027.000       1.7470
2029.000       1.8802
2031.000       1.9300
2032.000       2.0964
2033.000       1.8649
2035.000       1.7569
2036.000       1.8208
2037.000       1.6546
2039.000       1.8313
2041.000       2.1948
2043.000       1.6599
2044.000       1.6717
2045.000       1.7734
2046.000       1.8389
2047.000       1.5810
2048.000       1.5867
2051.000       1.5386
2053.000       1.5871
2054.000       1.5237
2056.000       1.5380
2057.000       1.5762
2059.000       1.6265
2061.000       1.6524
2062.000       1.7557
2063.000       1.6361
2065.000       1.5799
2066.000       1.6400
2067.000       1.4850
2069.000       1.5115
2071.000       1.6069
2073.000       1.5081
2074.000       1.4965
2075.000       1.6218
2076.000       1.5632
2077.000       1.3700
2078.000       1.3920
2081.000       1.3034
2083.000       1.3039
2084.000       1.2214
2086.000       1.1607
2087.000       1.1773
2089.000       1.1547
2091.000       1.1303
2092.000       1.1567
2095.000       1.1330
2096.000       1.1407
2097.000       1.1836
2098.000       1.2172
2100.000       1.1970
2102.000       1.2956
2104.000       1.2722
2105.000       1.2674
2106.000       1.3995
2107.000       1.2696
2108.000       1.2333
2109.000       1.2874
2112.000       1.2362
2114.000       1.2128
2115.000       1.1616
2117.000       1.1151
2118.000       1.1142
2120.000       1.1067
2122.000       1.1001
2123.000       1.1327
2126.000       1.1135
2127.000       1.1185
2128.000       1.1733
2129.000       1.1955
2131.000       1.1749
2133.000       1.2749
2135.000       1.2866
2136.000       1.3426
2137.000       1.5125
2138.000       1.4121
2139.000       1.2577
2140.000       1.2897
2143.000       1.2562
2145.000       1.2183
2146.000       1.2198
2148.000       1.1940
2149.000       1.2038
2151.000       1.2535
2153.000       1.2902
2154.000       1.3912
2155.000       1.2823
2157.000       1.2423
2158.000       1.3160
2159.000       1.2691
2161.000       1.2860
2163.000       1.4459
2165.000       1.3725
2166.000       1.4814
2167.000       1.6558
2168.000       1.5719
2169.000       1.4368
2170.000       1.4644
2173.000       1.4860
2175.000       1.4402
2176.000       1.4810
2178.000       1.4116
2179.000       1.4184
2181.000       1.3748
2182.000       1.3362
2183.000       1.3179
2184.000       1.3271
2185.000       1.3410
2187.000       1.3750
2188.000       1.4363
2191.000       1.3911
2192.000       1.3680
2193.000       1.5796
2195.000       1.6151
2197.000       1.8452
2199.000       1.6952
2200.000       1.7704
2201.000       1.9656
2202.000       1.7438
2203.000       1.7805
2204.000       1.8809
2207.000       1.9153
2209.000       1.9052
2210.000       1.9059
2212.000       1.7984
2213.000       1.7035
2215.000       1.6472
2217.000       1.7007
2218.000       1.6982
2221.000       1.8200
2222.000       1.8623
2223.000       2.0064
2224.000       1.8878
2226.000       1.9445
2228.000       2.1135
2230.000       1.9992
2231.000       2.0184
2232.000       2.2047
2233.000       1.9276
2234.000       2.0413
2235.000       2.1767
2238.000       2.1977
2240.000       2.1463
2241.000       2.1457
2243.000       2.0218
2244.000       1.9090
2246.000       1.8494
2247.000       1.9372
2248.000       1.9822
2249.000       1.9324
2252.000       2.1273
2253.000       2.2137
2255.000       2.1831
2256.000       2.0418
2257.000       2.1799
2259.000       2.2182
2261.000       2.3878
2263.000       2.3060
2264.000       2.3830
2265.000       2.5440
2266.000       2.4868
2267.000       2.4151
2268.000       2.5109
2271.000       2.5395
2273.000       2.4774
2274.000       2.4856
2276.000       2.3348
2277.000       2.2224
2279.000       2.1478
2280.000       2.2248
2281.000       2.2537
2282.000       2.2141
2283.000       2.3988
2285.000       2.5063
2286.000       2.6741
2289.000       2.4879
2290.000       2.3410
2291.000       2.5537
2293.000       2.5939
2295.000       2.7937
2297.000       2.7150
2298.000       2.7795
2299.000       3.0143
2300.000       2.7001
2301.000       2.7674
2302.000       2.9243
2305.000       2.9136
2307.000       2.7734
2308.000       2.7240
2310.000       2.5237
2311.000       2.4374
2313.000       2.2935
2315.000       2.2368
2316.000       2.1429
2319.000       2.3320
2320.000       2.4743
2321.000       2.6042
2322.000       2.9156
2324.000       2.8746
2326.000       3.0712
2328.000       3.1219
2329.000       3.1801
2330.000       3.4454
2331.000       3.0801
2332.000       3.1355
2333.000       3.2905
2336.000       3.2748
2338.000       3.1131
2339.000       3.0492
2341.000       2.8357
2342.000       2.7241
2344.000       2.5713
2345.000       2.5822
2346.000       2.5119
2347.000       2.4207
2348.000       2.6155
2350.000       2.7710
2351.000       2.8926
2354.000       2.8480
2355.000       2.7468
2356.000       3.2714
2358.000       3.2165
2360.000       3.4322
2362.000       3.4981
2363.000       3.5763
2364.000       3.8530
2365.000       3.4912
2366.000       3.5007
2367.000       3.6391
2370.000       3.5740
2372.000       3.3692
2373.000       3.2928
2375.000       3.0870
2376.000       3.0337
2378.000       2.9033
2379.000       2.8645
2380.000       2.7932
2381.000       2.7510
2382.000       2.8351
2384.000       2.9331
2385.000       2.9976
2388.000       3.0083
2389.000       2.9701
2390.000       3.5954
2392.000       3.4919
2394.000       3.6707
2396.000       3.8539
2397.000       3.9596
2398.000       4.2785
2399.000       3.8682
2400.000       3.9065
2401.000       4.0186
2404.000       4.0701
2406.000       4.2815
2407.000       4.2653
2409.000       4.2528
2410.000       4.2244
2412.000       4.3237
2413.000       4.4098
2414.000       4.5927
2415.000       4.7102
2418.000       4.7331
2419.000       4.7011
2421.000       4.5356
2422.000       4.3820
2423.000       3.8554
2425.000       4.0575
2427.000       4.2402
2429.000       3.7665
2430.000       3.5142
2431.000       3.5765
2432.000       3.3570
2433.000       3.5305
2434.000       3.6975
2437.000       3.7568
2439.000       3.8657
2440.000       3.8177
2442.000       3.7244
2443.000       3.6005
2445.000       3.6202
2446.000       3.7597
2447.000       3.9067
2448.000       3.9590
2451.000       4.0709
2452.000       4.0980
2454.000       3.9947
2455.000       3.8190
2456.000       3.5537
2458.000       3.6788
2460.000       3.8830
2462.000       3.5450
2463.000       3.3465
2464.000       3.4503
2465.000       3.1620
2466.000       3.3615
2467.000       3.5433
2470.000       3.5810
2472.000       3.6441
2473.000       3.6018
2475.000       3.4688
2476.000       3.2991
2478.000       3.2661
2479.000       3.4340
2480.000       3.5662
2481.000       3.5467
2484.000       3.7889
2485.000       3.8668
2487.000       3.7686
2488.000       3.5552
2489.000       3.4142
2491.000       3.5234
2493.000       3.7357
2495.000       3.4664
2496.000       3.3302
2497.000       3.5922
2498.000       3.3763
2499.000       3.1318
2500.000       3.1598
2503.000       3.1168
2505.000       3.0792
2506.000       2.9875
2508.000       2.8234
2509.000       2.7764
2511.000       2.6566
2513.000       2.5760
2514.000       2.4968
2517.000       2.6352
2518.000       2.7641
2519.000       2.8741
2520.000       3.0051
2522.000       3.0048
2524.000       3.1933
2526.000       3.1139
2527.000       3.0635
2528.000       3.2782
2529.000       2.9398
2530.000       3.0117
2531.000       3.1864
2534.000       3.1568
2536.000       3.0355
2537.000       2.9404
2539.000       2.7207
2540.000       2.6395
2542.000       2.4676
2543.000       2.4298
2544.000       2.3108
2545.000       2.2039
2546.000       2.3891
2548.000       2.5618
2549.000       2.6696
2552.000       2.6742
2553.000       2.5969
2554.000       3.0821
2556.000       3.0349
2558.000       3.2472
2560.000       3.2731
2561.000       3.2556
2562.000       3.5332
2563.000       3.1583
2564.000       3.1118
2565.000       3.2453
2568.000       3.1122
2570.000       2.9343
2571.000       2.7773
2573.000       2.5635
2574.000       2.5750
2576.000       2.4271
2578.000       2.2550
2579.000       2.1698
2580.000       2.2688
2582.000       2.4169
2583.000       2.4709
2584.000       3.0193
2586.000       2.8721
2588.000       3.0227
2590.000       3.2031
2591.000       3.2075
2592.000       3.4634
2593.000       3.1239
2594.000       3.0813
2595.000       3.2180
2598.000       3.1095
2600.000       2.9439
2601.000       2.8118
2603.000       2.6070
2604.000       2.5845
2606.000       2.4181
2608.000       2.2610
2609.000       2.1449
2610.000       2.3095
2612.000       2.4759
2613.000       2.5447
2614.000       3.0305
2616.000       2.9108
2618.000       3.0687
2620.000       3.2185
2621.000       3.2288
2622.000       3.4862
2623.000       3.1450
2624.000       3.0904
2625.000       3.1504
2628.000       3.0193
2630.000       2.8636
2631.000       2.7146
2633.000       2.5471
2634.000       2.5469
2636.000       2.3863
2637.000       2.2728
2638.000       2.1062
2639.000       2.0214
2640.000       2.0803
2642.000       2.2024
2643.000       2.2010
2646.000       2.3502
2647.000       2.3782
2648.000       2.9446
2650.000       2.8042
2652.000       2.9249
2654.000       3.1140
2655.000       3.1096
2656.000       3.3693
2657.000       3.0499
2658.000       2.9505
2659.000       3.0344
2662.000       2.8681
2664.000       2.7078
2665.000       2.5533
2667.000       2.4069
2668.000       2.4162
2670.000       2.3001
2671.000       2.2085
2672.000       2.1391
2673.000       2.1353
2676.000       2.1574
2677.000       2.2366
2679.000       2.3059
2680.000       2.2825
2681.000       2.7909
2683.000       2.6409
2685.000       2.7701
2687.000       2.9697
2688.000       3.0272
2689.000       3.2709
2690.000       3.0619
2691.000       2.8502
2692.000       2.8938
2695.000       2.7452
2697.000       2.6042
2698.000       2.4826
2700.000       2.3927
2701.000       2.4685
2703.000       2.4588
2704.000       2.3473
2705.000       2.3500
2706.000       2.4628
2709.000       2.3315
2710.000       2.3056
2712.000       2.3040
2713.000       2.3128
2714.000       2.6806
2716.000       2.5651
2718.000       2.6847
2720.000       2.8307
2721.000       2.8436
2722.000       3.0650
2723.000       2.9022
2724.000       2.6412
2725.000       2.6492
2728.000       2.5016
2730.000       2.3940
2731.000       2.3173
2733.000       2.3129
2734.000       2.3776
2736.000       2.4448
2737.000       2.4317
2738.000       2.5759
2739.000       2.7450
2742.000       2.6371
2743.000       2.5413
2745.000       2.4026
2746.000       2.3506
2747.000       2.4599
2749.000       2.4106
2751.000       2.5503
2753.000       2.5647
2754.000       2.5398
2755.000       2.7317
2756.000       2.6882
2757.000       2.2486
2758.000       2.1706
2761.000       1.9462
2763.000       1.9520
2764.000       1.8058
2766.000       1.8212
2767.000       1.9915
2769.000       2.0323
2770.000       1.8914
2771.000       1.9447
2772.000       2.1079
2773.000       1.8785
2775.000       1.7643
2776.000       1.8066
2779.000       1.6980
2780.000       1.7654
2781.000       1.7745
2783.000       1.6969
2785.000       1.7436
2787.000       1.7649
2788.000       1.6686
2789.000       1.7880
2790.000       1.7546
2791.000       1.4890
2792.000       1.4937
2795.000       1.4141
2797.000       1.4391
2798.000       1.3982
2800.000       1.3852
2801.000       1.4293
2803.000       1.4989
2804.000       1.4999
2805.000       1.6292
2806.000       1.7687
2809.000       1.6920
2810.000       1.6355
2812.000       1.5136
2813.000       1.4384
2814.000       1.3217
2816.000       1.3528
2818.000       1.4738
2820.000       1.3582
2821.000       1.3299
2822.000       1.4627
2823.000       1.3949
2824.000       1.2094
2825.000       1.1993
2828.000       1.1157
2830.000       1.1248
2831.000       1.0933
2833.000       1.1444
2834.000       1.2023
2836.000       1.3015
2838.000       1.3632
2839.000       1.5156
2840.000       1.3261
2842.000       1.2198
2843.000       1.2774
2844.000       1.0805
2846.000       1.0645
2848.000       1.0829
2850.000       1.1003
2851.000       1.1221
2852.000       1.2194
2853.000       1.1674
2854.000       1.0857
2855.000       1.0941
2858.000       1.0813
2860.000       1.0941
2861.000       1.1156
2863.000       1.1228
2864.000       1.1378
2866.000       1.1942
2867.000       1.2141
2868.000       1.3162
2869.000       1.4108
2870.000       1.3640
2872.000       1.3352
2873.000       1.4445
2876.000       1.2569
2877.000       1.1827
2878.000       1.1077
2880.000       1.1429
2882.000       1.2342
2884.000       1.1840
2885.000       1.2899
2886.000       1.4265
2887.000       1.3041
2888.000       1.3349
2889.000       1.4213
2892.000       1.4845
2894.000       1.4173
2895.000       1.4413
2897.000       1.3454
2898.000       1.2864
2900.000       1.2855
2901.000       1.3432
2902.000       1.4355
2903.000       1.4942
2906.000       1.5321
2907.000       1.5461
2909.000       1.4854
2910.000       1.3764
2911.000       1.5717
2913.000       1.5901
2915.000       1.7470
2917.000       1.7621
2918.000       1.8590
2919.000       2.1406
2920.000       1.8161
2921.000       1.8202
2922.000       1.9614
2925.000       1.9483
2927.000       1.8025
2928.000       1.8088
2930.000       1.7100
2931.000       1.6472
2933.000       1.6297
2934.000       1.6866
2935.000       1.7666
2936.000       1.8080
2937.000       1.8742
2939.000       1.8969
2940.000       2.0363
2943.000       1.8393
2944.000       1.7335
2945.000       2.0123
2947.000       1.9823
2949.000       2.1411
2951.000       2.2272
2952.000       2.3942
2953.000       2.6446
2954.000       2.3699
2955.000       2.3917
2956.000       2.5307
2959.000       2.5159
2961.000       2.3273
2962.000       2.3683
2964.000       2.2759
2965.000       2.2012
2967.000       2.1561
2969.000       2.2006
2970.000       2.2177
2973.000       2.2899
2974.000       2.3221
2975.000       2.4467
2976.000       2.6617
2978.000       2.6120
2980.000       2.7382
2982.000       2.9083
2983.000       3.1344
2984.000       3.3901
2985.000       3.1247
2986.000       3.1484
2987.000       3.2604
2990.000       3.2909
2992.000       3.0884
2993.000       3.1613
2995.000       3.0384
2996.000       2.9192
2998.000       2.8309
3000.000       2.8761
3001.000       2.8352
3004.000       3.0058
3005.000       3.0861
3006.000       3.2397
3007.000       3.4709
3009.000       3.4419
3011.000       3.6016
3013.000       3.7427
3014.000       3.9805
3015.000       4.2738
3016.000       3.9396
3017.000       3.9984
3018.000       4.1529
3021.000       4.1919
3023.000       3.9412
3024.000       4.0006
3026.000       3.8091
3027.000       3.6958
3029.000       3.6166
3030.000       3.6712
3031.000       3.6924
3032.000       3.6657
3033.000       3.8328
3035.000       3.9500
3036.000       4.1397
3039.000       3.9438
3040.000       3.7938
3041.000       4.3666
3043.000       4.3201
3045.000       4.5613
3047.000       4.6894
