   2.000       3.6321
   3.000       3.6832
   6.000       3.5886
   8.000       3.5632
   9.000       3.3977
  11.000       3.1840
  12.000       3.1325
  14.000       2.9489
  15.000       2.8733
  16.000       2.7118
  17.000       2.5875
  18.000       2.7426
  20.000       2.9070
  21.000       2.9510
  24.000       3.0518
  25.000       3.0269
  26.000       3.3610
  28.000       3.3387
  30.000       3.5520
  32.000       3.4469
  33.000       3.2864
  34.000       3.4968
  35.000       3.1681
  36.000       3.1199
  37.000       3.2035
  40.000       3.0925
  42.000       3.0262
  43.000       2.8492
  45.000       2.6668
  46.000       2.6561
  48.000       2.4923
  49.000       2.3844
  50.000       2.2178
  51.000       2.1254
  52.000       2.2010
  54.000       2.3315
  55.000       2.3369
  58.000       2.4789
  59.000       2.4970
  60.000       2.9290
  62.000       2.8405
  64.000       2.9840
  66.000       3.0253
  67.000       2.9284
  68.000       3.1369
  69.000       2.8611
  70.000       2.7411
  71.000       2.8141
  74.000       2.6518
  76.000       2.5422
  77.000       2.3683
  79.000       2.2137
  80.000       2.2596
  82.000       2.1457
  84.000       1.9667
  85.000       1.8798
  88.000       1.9276
  89.000       2.0559
  90.000       2.0676
  91.000       2.5115
  93.000       2.3803
  95.000       2.5012
  97.000       2.6229
  98.000       2.5819
  99.000       2.7777
 100.000       2.5699
 101.000       2.3987
 102.000       2.4124
 105.000       2.2577
 107.000       2.1327
 108.000       1.9842
 110.000       1.8558
 111.000       1.9012
 113.000       1.8215
 115.000       1.6719
 116.000       1.6293
 117.000       1.6309
 119.000       1.7234
 120.000       1.7312
 121.000       2.1757
 123.000       2.0405
 125.000       2.1345
 127.000       2.2997
 128.000       2.3121
 129.000       2.5089
 130.000       2.3410
 131.000       2.1298
 132.000       2.1499
 135.000       1.9943
 137.000       1.8713
 138.000       1.7440
 140.000       1.6608
 141.000       1.7491
 143.000       1.7173
 145.000       1.5868
 146.000       1.6060
 147.000       1.4987
 149.000       1.5378
 150.000       1.5178
 151.000       1.9317
 153.000       1.8013
 155.000       1.8728
 157.000       2.0411
 158.000       2.0691
 159.000       2.2412
 160.000       2.1122
 161.000       1.9206
 162.000       1.9369
 165.000       1.8195
 167.000       1.7277
 168.000       1.6298
 170.000       1.5678
 171.000       1.6349
 173.000       1.5837
 174.000       1.4721
 175.000       1.4090
 176.000       1.4483
 179.000       1.3616
 180.000       1.3686
 182.000       1.4227
 183.000       1.4692
 184.000       1.7696
 186.000       1.6733
 188.000       1.7316
 190.000       1.8571
 191.000       1.8712
 192.000       2.0230
 193.000       1.9264
 194.000       1.7365
 195.000       1.7437
 198.000       1.6310
 200.000       1.5663
 201.000       1.5067
 203.000       1.4455
 204.000       1.5131
 206.000       1.5099
 208.000       1.4437
 209.000       1.4875
 210.000       1.3929
 212.000       1.3906
 213.000       1.4076
 214.000       1.5968
 216.000       1.5937
 218.000       1.8018
 220.000       1.6754
 221.000       1.7076
 222.000       1.8874
 223.000       1.7749
 224.000       1.5818
 225.000       1.5983
 228.000       1.5300
 230.000       1.5105
 231.000       1.5180
 233.000       1.4635
 234.000       1.5019
 236.000       1.4906
 238.000       1.4430
 239.000       1.4741
 242.000       1.4330
 243.000       1.4363
 244.000       1.4767
 245.000       1.5066
 247.000       1.6219
 249.000       1.8696
 251.000       1.5225
 252.000       1.5208
 253.000       1.7479
 254.000       1.7395
 255.000       1.5188
 256.000       1.6352
 259.000       1.6229
 261.000       1.6908
 262.000       1.7609
 264.000       1.9721
 265.000       2.6865
 267.000       2.8410
 268.000       2.2969
 269.000       2.5194
 270.000       2.8646
 273.000       2.8648
 274.000       2.9234
 276.000       2.3921
 277.000       1.9917
 278.000       1.6612
 280.000       1.7435
 282.000       1.9612
 284.000       1.8211
 285.000       1.9096
 286.000       2.0940
 287.000       2.2182
 288.000       1.6885
 289.000       1.7881
 292.000       1.6413
 294.000       1.6160
 295.000       1.5242
 297.000       1.5230
 298.000       1.6135
 300.000       1.7484
 301.000       1.7330
 302.000       1.9555
 303.000       2.1780
 306.000       2.0989
 307.000       2.0472
 309.000       1.8258
 310.000       1.6381
 311.000       1.5185
 313.000       1.4912
 315.000       1.6243
 317.000       1.5870
 318.000       1.6038
 319.000       1.7762
 320.000       1.6623
 321.000       1.4846
 322.000       1.5000
 325.000       1.4077
 327.000       1.3561
 328.000       1.2797
 330.000       1.2550
 331.000       1.2878
 333.000       1.2725
 334.000       1.2212
 335.000       1.2104
 336.000       1.2484
 337.000       1.2020
 339.000       1.2037
 340.000       1.2325
 343.000       1.2113
 344.000       1.2176
 345.000       1.3681
 347.000       1.2985
 349.000       1.3192
 351.000       1.4228
 352.000       1.4412
 353.000       1.5497
 354.000       1.4778
 355.000       1.3612
 356.000       1.3638
 359.000       1.3019
 361.000       1.2677
 362.000       1.2196
 364.000       1.2070
 365.000       1.2483
 367.000       1.2381
 368.000       1.1831
 369.000       1.1666
 370.000       1.1945
 373.000       1.1559
 374.000       1.1593
 376.000       1.1715
 377.000       1.1766
 378.000       1.2947
 380.000       1.2419
 382.000       1.2686
 384.000       1.3494
 385.000       1.4612
 386.000       1.8418
 387.000       1.6595
 388.000       1.3949
 389.000       1.4857
 392.000       1.4619
 394.000       1.4745
 395.000       1.4985
 397.000       1.4074
 398.000       1.4113
 400.000       1.3656
 401.000       1.3274
 402.000       1.3136
 403.000       1.3328
 404.000       1.3357
 406.000       1.3686
 407.000       1.4279
 410.000       1.3867
 411.000       1.3591
 412.000       1.4246
 414.000       1.5887
 416.000       2.1466
 418.000       1.7062
 419.000       1.9215
 420.000       2.4278
 421.000       2.1974
 422.000       1.9277
 423.000       2.2368
 426.000       2.3091
 428.000       2.7866
 429.000       2.8692
 431.000       3.3627
 432.000       3.5732
 434.000       4.1726
 435.000       4.5079
 436.000       5.4439
 437.000       6.0087
 440.000       6.0381
 441.000       5.7112
 443.000       4.7480
 444.000       4.1300
 445.000       1.9888
 447.000       2.4056
 449.000       2.7535
 451.000       2.0479
 452.000       1.9440
 453.000       2.2849
 454.000       2.0309
 455.000       1.8025
 456.000       1.8597
 459.000       1.7933
 461.000       1.7543
 462.000       1.7020
 464.000       1.6008
 465.000       1.5716
 467.000       1.5003
 468.000       1.4847
 469.000       1.4506
 470.000       1.4216
 471.000       1.5014
 473.000       1.5731
 474.000       1.6463
 477.000       1.6043
 478.000       1.5548
 479.000       1.7299
 481.000       1.7252
 483.000       1.8534
 485.000       1.8091
 486.000       1.7964
 487.000       1.9468
 488.000       1.7515
 489.000       1.7793
 490.000       1.8446
 493.000       1.8376
 495.000       1.7873
 496.000       1.7574
 498.000       1.6489
 499.000       1.5896
 501.000       1.5250
 502.000       1.5440
 503.000       1.5340
 504.000       1.4986
 505.000       1.6121
 507.000       1.6900
 508.000       1.7840
 511.000       1.7013
 512.000       1.6245
 513.000       1.8135
 515.000       1.8218
 517.000       1.9590
 519.000       1.9127
 520.000       1.9363
 521.000       2.0928
 522.000       1.9100
 523.000       1.9085
 524.000       2.0118
 527.000       1.9820
 529.000       1.9135
 530.000       1.8798
 532.000       1.7719
 533.000       1.7263
 535.000       1.6514
 537.000       1.6173
 538.000       1.5851
 539.000       1.6761
 541.000       1.7516
 542.000       1.8396
 543.000       1.9573
 545.000       1.9457
 547.000       2.0753
 549.000       2.0671
 550.000       2.0862
 551.000       2.2546
 552.000       2.0811
 553.000       2.0089
 554.000       2.0676
 557.000       1.9935
 559.000       1.8951
 560.000       1.8228
 562.000       1.7532
 563.000       1.7912
 565.000       1.7400
 566.000       1.6604
 567.000       1.6163
 568.000       1.6471
 569.000       1.5791
 571.000       1.5854
 572.000       1.5754
 575.000       1.6367
 576.000       1.6678
 577.000       1.9725
 579.000       1.8841
 581.000       1.9588
 583.000       2.0861
 584.000       2.0966
 585.000       2.2830
 586.000       2.0812
 587.000       1.9935
 588.000       2.0572
 591.000       1.9582
 593.000       1.8689
 594.000       1.7562
 596.000       1.6707
 597.000       1.7526
 599.000       1.6876
 600.000       1.5450
 601.000       1.4662
 602.000       1.5226
 603.000       1.3718
 605.000       1.3589
 606.000       1.3007
 609.000       1.4444
 610.000       1.5311
 611.000       1.9033
 613.000       1.7982
 615.000       1.8544
 617.000       2.0002
 618.000       2.0027
 619.000       2.1563
 620.000       1.9605
 621.000       1.9600
 622.000       2.0281
 625.000       1.9788
 627.000       1.8620
 628.000       1.8196
 630.000       1.6987
 631.000       1.7395
 633.000       1.6221
 634.000       1.4998
 635.000       1.4010
 636.000       1.3915
 639.000       1.3756
 640.000       1.4183
 642.000       1.5059
 643.000       1.5473
 644.000       2.0225
 646.000       1.9252
 648.000       1.9963
 650.000       2.1102
 651.000       2.0821
 652.000       2.3189
 653.000       2.2384
 654.000       1.8997
 655.000       1.7357
 658.000       1.6044
 660.000       1.6191
 661.000       1.4861
 663.000       1.4547
 664.000       1.5547
 666.000       1.5326
 667.000       1.3975
 668.000       1.3401
 669.000       1.3953
 670.000       1.2599
 672.000       1.2542
 673.000       1.2543
 676.000       1.3012
 677.000       1.3616
 678.000       1.4870
 680.000       1.4226
 682.000       1.4840
 684.000       1.5075
 685.000       1.4972
 686.000       1.6069
 687.000       1.5573
 688.000       1.4099
 689.000       1.4217
 692.000       1.3612
 694.000       1.3192
 695.000       1.2606
 697.000       1.2157
 698.000       1.2751
 700.000       1.2746
 701.000       1.1922
 702.000       1.1818
 703.000       1.2592
 704.000       1.1267
 706.000       1.0974
 707.000       1.1008
 710.000       1.1245
 711.000       1.1584
 712.000       1.3589
 714.000       1.3149
 716.000       1.4081
 718.000       1.4756
 719.000       1.5702
 720.000       1.7536
 721.000       1.5951
 722.000       1.5192
 723.000       1.5854
 726.000       1.5221
 728.000       1.3773
 729.000       1.3099
 731.000       1.2300
 732.000       1.2734
 734.000       1.2700
 735.000       1.2078
 736.000       1.2271
 737.000       1.3158
 738.000       1.1910
 740.000       1.1476
 741.000       1.1381
 744.000       1.1531
 745.000       1.1760
 746.000       1.5535
 748.000       1.4485
 750.000       1.5519
 752.000       1.7760
 753.000       1.9358
 754.000       2.0569
 755.000       2.1904
 756.000       1.8832
 757.000       1.9268
 760.000       1.9587
 762.000       2.0686
 763.000       2.1547
 765.000       2.2072
 766.000       2.1999
 768.000       2.3089
 769.000       2.3893
 770.000       2.5593
 771.000       2.6759
 774.000       2.6637
 775.000       2.6116
 777.000       2.4600
 778.000       2.3433
 779.000       2.0122
 781.000       2.1349
 783.000       2.2112
 785.000       2.0558
 786.000       2.1180
 787.000       2.2613
 788.000       2.1231
 789.000       2.1714
 790.000       2.2724
 793.000       2.3208
 795.000       2.2865
 796.000       2.2846
 798.000       2.1313
 799.000       2.1055
 801.000       2.0229
 803.000       1.9660
 804.000       1.9347
 807.000       1.9949
 808.000       2.0785
 809.000       2.1418
 810.000       2.3421
 812.000       2.3781
 814.000       2.5760
 816.000       2.4976
 817.000       2.4532
 818.000       2.6670
 819.000       2.3692
 820.000       2.3568
 821.000       2.4813
 824.000       2.4233
 826.000       2.3739
 827.000       2.2620
 829.000       2.1055
 830.000       2.1046
 832.000       2.0180
 834.000       1.9348
 835.000       1.9117
 836.000       1.9617
 838.000       2.0436
 839.000       2.1148
 840.000       2.3175
 842.000       2.2689
 844.000       2.4255
 846.000       2.4342
 847.000       2.4024
 848.000       2.6050
 849.000       2.4038
 850.000       2.2140
 851.000       2.2345
 854.000       2.0828
 856.000       1.9921
 857.000       1.8484
 859.000       1.7755
 860.000       1.8473
 862.000       1.7735
 863.000       1.6369
 864.000       1.5317
 865.000       1.5379
 866.000       1.4557
 868.000       1.4705
 869.000       1.4257
 872.000       1.5663
 873.000       1.6435
 874.000       1.9989
 876.000       1.8612
 878.000       1.8946
 880.000       2.0884
 881.000       2.0859
 882.000       2.2495
 883.000       2.1277
 884.000       1.9229
 885.000       1.9182
 888.000       1.7535
 890.000       1.6756
 891.000       1.5582
 893.000       1.5210
 894.000       1.5851
 896.000       1.5403
 897.000       1.4391
 898.000       1.3758
 899.000       1.3965
 900.000       1.3170
 902.000       1.3155
 903.000       1.2858
 906.000       1.3697
 907.000       1.4309
 908.000       1.6898
 910.000       1.5720
 912.000       1.5994
 914.000       1.7611
 915.000       1.7877
 916.000       1.9183
 917.000       1.8558
 918.000       1.6819
 919.000       1.6625
 922.000       1.5343
 924.000       1.4648
 925.000       1.3809
 927.000       1.3741
 928.000       1.4682
 930.000       1.4807
 932.000       1.3960
 933.000       1.4395
 936.000       1.3110
 937.000       1.3001
 938.000       1.2594
 939.000       1.5016
 941.000       1.3957
 943.000       1.4134
 945.000       1.5701
 946.000       1.6000
 947.000       1.7332
 948.000       1.6675
 949.000       1.4883
 950.000       1.4990
 953.000       1.3544
 955.000       1.2848
 956.000       1.1874
 958.000       1.1896
 959.000       1.2809
 961.000       1.3136
 963.000       1.2476
 964.000       1.3147
 967.000       1.1618
 968.000       1.1265
 969.000       1.0838
 970.000       1.3129
 972.000       1.2036
 974.000       1.2138
 976.000       1.3740
 977.000       1.4347
 978.000       1.5512
 979.000       1.5355
 980.000       1.3167
 981.000       1.2826
 984.000       1.2127
 986.000       1.1513
 987.000       1.1184
 989.000       1.1389
 990.000       1.2039
 992.000       1.2619
 994.000       1.2557
 995.000       1.3476
 998.000       1.2034
 999.000       1.1470
1000.000       1.1547
1001.000       1.2432
1003.000       1.1815
1005.000       1.2163
1007.000       1.3405
1008.000       1.4381
1009.000       1.5678
1010.000       1.5321
1011.000       1.3697
1012.000       1.3468
1015.000       1.3044
1017.000       1.2543
1018.000       1.2945
1020.000       1.3537
1021.000       1.4067
1023.000       1.4896
1024.000       1.4939
1025.000       1.6166
1026.000       1.7416
1027.000       1.6424
1029.000       1.5633
1030.000       1.6504
1033.000       1.4492
1034.000       1.4160
1035.000       1.3900
1037.000       1.3720
1039.000       1.3697
1041.000       1.4723
1042.000       1.6367
1043.000       1.7934
1044.000       1.7053
1045.000       1.6425
1046.000       1.5767
1049.000       1.6682
1051.000       1.6820
1052.000       1.8325
1054.000       1.8818
1055.000       2.0697
1057.000       2.1397
1058.000       1.9869
1059.000       2.0344
1060.000       2.2354
1063.000       1.9545
1064.000       1.8115
1066.000       1.7406
1067.000       1.8322
1068.000       1.8404
1070.000       1.8871
1072.000       2.0930
1074.000       1.9686
1075.000       2.1731
1076.000       2.3690
1077.000       2.3186
1078.000       2.0918
1079.000       2.0144
1082.000       2.0063
1084.000       2.2179
1085.000       2.2635
1087.000       2.5223
1088.000       2.6283
1090.000       2.9188
1092.000       3.1171
1093.000       3.4501
1096.000       3.0911
1097.000       2.7948
1098.000       2.8875
1099.000       1.8915
1101.000       2.0690
1103.000       2.1199
1105.000       1.8882
1106.000       1.8089
1107.000       1.9548
1108.000       1.9046
1109.000       1.6259
1110.000       1.5518
1113.000       1.4473
1115.000       1.4233
1116.000       1.4319
1118.000       1.5206
1119.000       1.6613
1121.000       1.7685
1122.000       1.6977
1123.000       1.8053
1124.000       1.9891
1125.000       1.7357
1127.000       1.5809
1128.000       1.5914
1131.000       1.4812
1132.000       1.5422
1133.000       1.5338
1135.000       1.5491
1137.000       1.6951
1139.000       1.5938
1140.000       1.7225
1141.000       2.1565
1142.000       1.7843
1143.000       1.5825
1144.000       1.8342
1147.000       1.8307
1149.000       1.8659
1150.000       1.8109
1152.000       1.5602
1153.000       1.3930
1155.000       1.3611
1156.000       1.5135
1157.000       1.7187
1158.000       1.7935
1161.000       1.9778
1162.000       2.0452
1164.000       1.9171
1165.000       1.6385
1166.000       1.5868
1168.000       1.7928
1170.000       2.2377
1172.000       1.7145
1173.000       1.5704
1174.000       1.7727
1175.000       2.0383
1176.000       1.5086
1177.000       1.6747
1180.000       1.6377
1182.000       1.7057
1183.000       1.7104
1185.000       1.6723
1186.000       1.6130
1188.000       1.6176
1189.000       1.6913
1190.000       1.7782
1191.000       1.7891
1194.000       1.8987
1195.000       1.9327
1197.000       1.8596
1198.000       1.7351
1199.000       1.6127
1201.000       1.7246
1203.000       1.8971
1205.000       1.6954
1206.000       1.7774
1207.000       1.9570
1208.000       1.8053
1209.000       1.8062
1210.000       1.9200
1213.000       1.9568
1215.000       1.9391
1216.000       1.9177
1218.000       1.7907
1219.000       1.7168
1221.000       1.6418
1222.000       1.6648
1223.000       1.6533
1224.000       1.5924
1227.000       1.7512
1228.000       1.8651
1230.000       1.8849
1231.000       1.7698
1232.000       1.9187
1234.000       1.9548
1236.000       2.1186
1238.000       2.0205
1239.000       1.9784
1240.000       2.1468
1241.000       1.9101
1242.000       1.9314
1243.000       2.0410
1246.000       2.0112
1248.000       1.9784
1249.000       1.9042
1251.000       1.7769
1252.000       1.7353
1254.000       1.6443
1256.000       1.5875
1257.000       1.5308
1260.000       1.6410
1261.000       1.7391
1262.000       1.8330
1263.000       1.9261
1265.000       1.9177
1267.000       2.0576
1269.000       2.0015
1270.000       1.9499
1271.000       2.1031
1272.000       1.8848
1273.000       1.8847
1274.000       1.9991
1277.000       1.9418
1279.000       1.8808
1280.000       1.8006
1282.000       1.6772
1283.000       1.6409
1285.000       1.5483
1287.000       1.4935
1288.000       1.4394
1291.000       1.5359
1292.000       1.6254
1293.000       1.6939
1294.000       1.8575
1296.000       1.8235
1298.000       1.9491
1300.000       1.9489
1301.000       1.9215
1302.000       2.0837
1303.000       1.9010
1304.000       1.8186
1305.000       1.8725
1308.000       1.7869
1310.000       1.7185
1311.000       1.6237
1313.000       1.5316
1314.000       1.5468
1316.000       1.4777
1318.000       1.3912
1319.000       1.3566
1322.000       1.3847
1323.000       1.4550
1324.000       1.4802
1325.000       1.7181
1327.000       1.6532
1329.000       1.7375
1331.000       1.7931
1332.000       1.7718
1333.000       1.9125
1334.000       1.7871
1335.000       1.6607
1336.000       1.6818
1339.000       1.5936
1341.000       1.5318
1342.000       1.4543
1344.000       1.4021
1345.000       1.4380
1347.000       1.3909
1348.000       1.3150
1349.000       1.2559
1350.000       1.2639
1351.000       1.2219
1353.000       1.2406
1354.000       1.2322
1357.000       1.2953
1358.000       1.3272
1359.000       1.5333
1361.000       1.4677
1363.000       1.5208
1365.000       1.5951
1366.000       1.5770
1367.000       1.6959
1368.000       1.5903
1369.000       1.4834
1370.000       1.4956
1373.000       1.4185
1375.000       1.3731
1376.000       1.3083
1378.000       1.2673
1379.000       1.3051
1381.000       1.2728
1382.000       1.2045
1383.000       1.1610
1384.000       1.1781
1385.000       1.1329
1387.000       1.1452
1388.000       1.1424
1391.000       1.1851
1392.000       1.2082
1393.000       1.3745
1395.000       1.3207
1397.000       1.3722
1399.000       1.4327
1400.000       1.4409
1401.000       1.5417
1402.000       1.4754
1403.000       1.3750
1404.000       1.3959
1407.000       1.3517
1409.000       1.3368
1410.000       1.2804
1412.000       1.2233
1413.000       1.2513
1415.000       1.2346
1417.000       1.1835
1418.000       1.1929
1421.000       1.1607
1422.000       1.1812
1423.000       1.1923
1424.000       1.3027
1426.000       1.2822
1428.000       1.3703
1430.000       1.3706
1431.000       1.3787
1432.000       1.5178
1433.000       1.3743
1434.000       1.3281
1435.000       1.3876
1438.000       1.3439
1440.000       1.2976
1441.000       1.2506
1443.000       1.2041
1444.000       1.2088
1446.000       1.2024
1447.000       1.1963
1448.000       1.2438
1449.000       1.3031
1452.000       1.2833
1453.000       1.2773
1455.000       1.2444
1456.000       1.1978
1457.000       1.3097
1459.000       1.2903
1461.000       1.4005
1463.000       1.4109
1464.000       1.4141
1465.000       1.6338
1466.000       1.4510
1467.000       1.3587
1468.000       1.4928
1471.000       1.5604
1473.000       1.5169
1474.000       1.5607
1476.000       1.5367
1477.000       1.4885
1479.000       1.6497
1480.000       1.7803
1481.000       2.0804
1482.000       2.2588
1485.000       2.3310
1486.000       2.3282
1488.000       2.0689
1489.000       1.7599
1490.000       1.6239
1492.000       1.5815
1494.000       1.7551
1496.000       1.8522
1497.000       1.6975
1498.000       1.9060
1499.000       1.7582
1500.000       1.5693
1501.000       1.5828
1504.000       1.4542
1506.000       1.3792
1507.000       1.3056
1509.000       1.2382
1510.000       1.3320
1512.000       1.3515
1514.000       1.2395
1515.000       1.2852
1518.000       1.1731
1519.000       1.1865
1520.000       1.2347
1521.000       1.4003
1523.000       1.3458
1525.000       1.4635
1527.000       1.5375
1528.000       1.6002
1529.000       1.8262
1530.000       1.6354
1531.000       1.4841
1532.000       1.4987
1535.000       1.4107
1537.000       1.3005
1538.000       1.2731
1540.000       1.2329
1541.000       1.2486
1543.000       1.2554
1545.000       1.2322
1546.000       1.2830
1549.000       1.2269
1550.000       1.2335
1551.000       1.3028
1552.000       1.4552
1554.000       1.3825
1556.000       1.4395
1558.000       1.6273
1559.000       1.7750
1560.000       1.9846
1561.000       1.7857
1562.000       1.7780
1563.000       1.8696
1566.000       1.8927
1568.000       1.7551
1569.000       1.7729
1571.000       1.6530
1572.000       1.5910
1574.000       1.5566
1575.000       1.5823
1576.000       1.6106
1577.000       1.6226
1580.000       1.6849
1581.000       1.7383
1583.000       1.7345
1584.000       1.6453
1585.000       1.9895
1587.000       1.9717
1589.000       2.1374
1591.000       2.2131
1592.000       2.3733
1593.000       2.6278
1594.000       2.3220
1595.000       2.3755
1596.000       2.5071
1599.000       2.5178
1601.000       2.3389
1602.000       2.3426
1604.000       2.1825
1605.000       2.1199
1607.000       2.0516
1608.000       2.0666
1609.000       2.0752
1610.000       2.0851
1611.000       2.1404
1613.000       2.1898
1614.000       2.2660
1617.000       2.2007
1618.000       2.1354
1619.000       2.6078
1621.000       2.5649
1623.000       2.7356
1625.000       2.8551
1626.000       2.9899
1627.000       3.2730
1628.000       2.8814
1629.000       3.0138
1630.000       3.1184
1633.000       3.2110
1635.000       3.4044
1636.000       3.4339
1638.000       3.4190
1639.000       3.3853
1641.000       3.4694
1642.000       3.5599
1643.000       3.7304
1644.000       3.8344
1647.000       3.8608
1648.000       3.8322
1650.000       3.6828
1651.000       3.5384
1652.000       3.0575
1654.000       3.2730
1656.000       3.4449
1658.000       2.9842
1659.000       2.7365
1660.000       2.8563
1661.000       2.6118
1662.000       2.6869
1663.000       2.8619
1666.000       2.9098
1668.000       3.0096
1669.000       2.9641
1671.000       2.8582
1672.000       2.7598
1674.000       2.7489
1675.000       2.8395
1676.000       2.9262
1677.000       2.9416
1680.000       3.0517
1681.000       3.0912
1683.000       3.0333
1684.000       2.9018
1685.000       2.7336
1687.000       2.8503
1689.000       3.0427
1691.000       2.7251
1692.000       2.5494
1693.000       2.6417
1694.000       2.3539
1695.000       2.5905
1696.000       2.7634
1699.000       2.8237
1701.000       2.8709
1702.000       2.8300
1704.000       2.6722
1705.000       2.5124
1707.000       2.4279
1708.000       2.5547
1709.000       2.6166
1710.000       2.5446
1713.000       2.8085
1714.000       2.9209
1716.000       2.8814
1717.000       2.7016
1718.000       2.6748
1720.000       2.7730
1722.000       2.9848
1724.000       2.7376
1725.000       2.6204
1726.000       2.8216
1727.000       2.7163
1728.000       2.4313
1729.000       2.4609
1732.000       2.3184
1734.000       2.3062
1735.000       2.1364
1737.000       2.0332
1738.000       2.0793
1740.000       2.0114
1742.000       1.8744
1743.000       1.8352
1744.000       1.8444
1746.000       1.9272
1747.000       1.9541
1748.000       2.1253
1750.000       2.0494
1752.000       2.1552
1754.000       2.1600
1755.000       2.0600
1756.000       2.2088
1757.000       2.0532
1758.000       1.9006
1759.000       1.9406
1762.000       1.8247
1764.000       1.7884
1765.000       1.6518
1767.000       1.5626
1768.000       1.5955
1770.000       1.5274
1771.000       1.4250
1772.000       1.3436
1773.000       1.3516
1774.000       1.3066
1776.000       1.3598
1777.000       1.3779
1780.000       1.4397
1781.000       1.4593
1782.000       1.6882
1784.000       1.6142
1786.000       1.7192
1788.000       1.7500
1789.000       1.6972
1790.000       1.8599
1791.000       1.7063
1792.000       1.5546
1793.000       1.6015
1796.000       1.4944
1798.000       1.4433
1799.000       1.3279
1801.000       1.2475
1802.000       1.2790
1804.000       1.2445
1805.000       1.1653
1806.000       1.1370
1807.000       1.1923
1808.000       1.1076
1810.000       1.1244
1811.000       1.1530
1814.000       1.1658
1815.000       1.1738
1816.000       1.3972
1818.000       1.3305
1820.000       1.4435
1822.000       1.4982
1823.000       1.4972
1824.000       1.6969
1825.000       1.5300
1826.000       1.3634
1827.000       1.6010
1830.000       1.4341
1832.000       1.4992
1833.000       1.3720
1835.000       1.4178
1836.000       1.5440
1838.000       1.6901
1840.000       1.7468
1841.000       1.9617
1842.000       1.6284
1844.000       1.4610
1845.000       1.4539
1846.000       1.2331
1848.000       1.2181
1850.000       1.3190
1852.000       1.2424
1853.000       1.2158
1854.000       1.3917
1855.000       1.2594
1856.000       1.1449
1857.000       1.1511
1860.000       1.1100
1862.000       1.1028
1863.000       1.0840
1865.000       1.0717
1866.000       1.1029
1868.000       1.1057
1869.000       1.0735
1870.000       1.0879
1871.000       1.1298
1872.000       1.0933
1874.000       1.0846
1875.000       1.1195
1878.000       1.0731
1879.000       1.0623
1880.000       1.1199
1882.000       1.1082
1884.000       1.1674
1886.000       1.1783
1887.000       1.2160
1888.000       1.3561
1889.000       1.2638
1890.000       1.1815
1891.000       1.2474
1894.000       1.1773
1896.000       1.1386
1897.000       1.1244
1899.000       1.1125
1900.000       1.1232
1902.000       1.1515
1904.000       1.1593
1905.000       1.2188
1908.000       1.1601
1909.000       1.1370
1910.000       1.1825
1911.000       1.1551
1913.000       1.1524
1915.000       1.2173
1917.000       1.2029
1918.000       1.2304
1919.000       1.3464
1920.000       1.2920
1921.000       1.1597
1922.000       1.1558
1925.000       1.1150
1927.000       1.1049
1928.000       1.1054
1930.000       1.0960
1931.000       1.0941
1933.000       1.1136
1935.000       1.1333
1936.000       1.1867
1939.000       1.1458
1940.000       1.1304
1941.000       1.1879
1942.000       1.1156
1944.000       1.1272
1946.000       1.2135
1948.000       1.1570
1949.000       1.2236
1950.000       1.3045
1951.000       1.5344
1952.000       1.1752
1953.000       1.2785
1956.000       1.2801
1958.000       1.3198
1959.000       1.2882
1961.000       1.1924
1962.000       1.2271
1964.000       1.2146
1965.000       1.1783
1966.000       1.2641
1967.000       1.3512
1970.000       1.3652
1971.000       1.3705
1973.000       1.2842
1974.000       1.1803
1975.000       1.2212
1977.000       1.2210
1979.000       1.6223
1981.000       1.3604
1982.000       1.3820
1983.000       1.6341
1984.000       1.4526
1985.000       1.3647
1986.000       1.4253
1989.000       1.3407
1991.000       1.3136
1992.000       1.2575
1994.000       1.1604
1995.000       1.1658
1997.000       1.1241
1998.000       1.0799
1999.000       1.0784
2000.000       1.1072
2003.000       1.1130
2004.000       1.1469
2006.000       1.1536
2007.000       1.1111
2008.000       1.2284
2010.000       1.2754
2012.000       1.5021
2014.000       1.3162
2015.000       1.2892
2016.000       1.2775
2017.000       1.4850
2018.000       1.2052
2019.000       1.2695
2022.000       1.2808
2024.000       1.3293
2025.000       1.3361
2027.000       1.3418
2028.000       1.4020
2030.000       1.5354
2032.000       1.5985
2033.000       1.7879
2034.000       1.5299
2036.000       1.4191
2037.000       1.4936
2038.000       1.2196
2040.000       1.3472
2042.000       1.6034
2044.000       1.2581
2045.000       1.2444
2046.000       1.4107
2047.000       1.2743
2048.000       1.1828
2049.000       1.2031
2052.000       1.1783
2054.000       1.2126
2055.000       1.1539
2057.000       1.2159
2058.000       1.3186
2060.000       1.4883
2062.000       1.5729
2063.000       1.8050
2064.000       1.4947
2066.000       1.3304
2067.000       1.4206
2068.000       1.1652
2070.000       1.1402
2072.000       1.1903
2074.000       1.2392
2075.000       1.3376
2076.000       1.5153
2077.000       1.4540
2078.000       1.2565
2079.000       1.2303
2082.000       1.2049
2084.000       1.2592
2085.000       1.2305
2087.000       1.2341
2088.000       1.2697
2090.000       1.3055
2092.000       1.3003
2093.000       1.3611
2096.000       1.2833
2097.000       1.2514
2098.000       1.2809
2099.000       1.1860
2101.000       1.2204
2103.000       1.2976
2105.000       1.2362
2106.000       1.2425
2107.000       1.3508
2108.000       1.2840
2109.000       1.2334
2110.000       1.2614
2113.000       1.2433
2115.000       1.2810
2116.000       1.2397
2118.000       1.2470
2119.000       1.2850
2121.000       1.3236
2123.000       1.3284
2124.000       1.4057
2127.000       1.3081
2128.000       1.2643
2129.000       1.2884
2130.000       1.2051
2132.000       1.2144
2134.000       1.2738
2136.000       1.2311
2137.000       1.2442
2138.000       1.3347
2139.000       1.3549
2140.000       1.1825
2141.000       1.1765
2144.000       1.2122
2146.000       1.2587
2147.000       1.3535
2149.000       1.3828
2150.000       1.3507
2152.000       1.4405
2154.000       1.5575
2155.000       1.6817
2156.000       1.5887
2158.000       1.5145
2159.000       1.6159
2160.000       1.2567
2162.000       1.4220
2164.000       1.6123
2166.000       1.2636
2167.000       1.3247
2168.000       1.3672
2169.000       1.3862
2170.000       1.4120
2171.000       1.4775
2174.000       1.6300
2176.000       1.6427
2177.000       1.7197
2179.000       1.6437
2180.000       1.5780
2182.000       1.5551
2183.000       1.6103
2184.000       1.6613
2185.000       1.6691
2186.000       1.7592
2188.000       1.8087
2189.000       1.9383
2192.000       1.7717
2193.000       1.6662
2194.000       1.7308
2196.000       1.7590
2198.000       1.9723
2200.000       1.9237
2201.000       2.0039
2202.000       2.2600
2203.000       1.8995
2204.000       2.0100
2205.000       2.1932
2208.000       2.2084
2210.000       2.1366
2211.000       2.0805
2213.000       1.8813
2214.000       1.7795
2216.000       1.6374
2218.000       1.6237
2219.000       1.5677
2222.000       1.7629
2223.000       1.8776
2224.000       2.0421
2225.000       2.1548
2227.000       2.1697
2229.000       2.3945
2231.000       2.3274
2232.000       2.3128
2233.000       2.5644
2234.000       2.1728
2235.000       2.2666
2236.000       2.4489
2239.000       2.4176
2241.000       2.3113
2242.000       2.2345
2244.000       2.0230
2245.000       1.8999
2247.000       1.7526
2248.000       1.7928
2249.000       1.7718
2250.000       1.6731
2253.000       1.9240
2254.000       2.0717
2256.000       2.1042
2257.000       1.9625
2258.000       2.3468
2260.000       2.3333
2262.000       2.5558
2264.000       2.5230
2265.000       2.5299
2266.000       2.7925
2267.000       2.4165
2268.000       2.4866
2269.000       2.6648
2272.000       2.6475
2274.000       2.5054
2275.000       2.4610
2277.000       2.2445
2278.000       2.1064
2280.000       1.9735
2281.000       2.0299
2282.000       2.0116
2283.000       1.9291
2284.000       2.1799
2286.000       2.3370
2287.000       2.5261
2290.000       2.3574
2291.000       2.2008
2292.000       2.6379
2294.000       2.6190
2296.000       2.8470
2298.000       2.8570
2299.000       2.9206
2300.000       3.2278
2301.000       2.8076
2302.000       2.8513
2303.000       3.0435
2306.000       2.9953
2308.000       2.7986
2309.000       2.7154
2311.000       2.4428
2312.000       2.3452
2314.000       2.1632
2316.000       2.0728
2317.000       1.9651
2320.000       2.1772
2321.000       2.3603
2322.000       2.5195
2323.000       2.9860
2325.000       2.9200
2327.000       3.1728
2329.000       3.2336
2330.000       3.2894
2331.000       3.6082
2332.000       3.1599
2333.000       3.2214
2334.000       3.4489
2337.000       3.4451
2339.000       3.2474
2340.000       3.1841
2342.000       2.8941
2343.000       2.7266
2345.000       2.5341
2346.000       2.5768
2347.000       2.4988
2348.000       2.3739
2349.000       2.6641
2351.000       2.8797
2352.000       3.0696
2355.000       2.9682
2356.000       2.8031
2357.000       3.4275
2359.000       3.3856
2361.000       3.6759
2363.000       3.7068
2364.000       3.7656
2365.000       4.1030
2366.000       3.6235
2367.000       3.6721
2368.000       3.8761
2371.000       3.7965
2373.000       3.5620
2374.000       3.4508
2376.000       3.1764
2377.000       3.0796
2379.000       2.9033
2380.000       2.8760
2381.000       2.7857
2382.000       2.7168
2383.000       2.8713
2385.000       3.0206
2386.000       3.1269
2389.000       3.1135
2390.000       3.0370
2391.000       3.7689
2393.000       3.6551
2395.000       3.8910
2397.000       4.0559
2398.000       4.1460
2399.000       4.5020
2400.000       4.0542
2401.000       4.0343
2402.000       4.0578
2405.000       4.0890
2407.000       4.3340
2408.000       4.3340
2410.000       4.3708
2411.000       4.4105
2413.000       4.5491
2414.000       4.5941
2415.000       4.7901
2416.000       4.9685
2419.000       4.8785
2420.000       4.7840
2422.000       4.6009
2423.000       4.4995
2424.000       3.8819
2426.000       4.0965
2428.000       4.2241
2430.000       3.7331
2431.000       3.4522
2432.000       3.4450
2433.000       3.3534
2434.000       3.4619
2435.000       3.5958
2438.000       3.7120
2440.000       3.8846
2441.000       3.9039
2443.000       3.8442
2444.000       3.7049
2446.000       3.7834
2447.000       3.9784
2448.000       4.2024
2449.000       4.2888
2452.000       4.4062
2453.000       4.3999
2455.000       4.2267
2456.000       4.0107
2457.000       3.5268
2459.000       3.7483
2461.000       3.9777
2463.000       3.4756
2464.000       3.2647
2465.000       3.3153
2466.000       3.0388
2467.000       3.3974
2468.000       3.6267
2471.000       3.8005
2473.000       3.8997
2474.000       3.9653
2476.000       3.8198
2477.000       3.5721
2479.000       3.5483
2480.000       3.8079
2481.000       3.9950
2482.000       3.9569
2485.000       4.2856
2486.000       4.3875
2488.000       4.2559
2489.000       3.9643
2490.000       3.6971
2492.000       3.9272
2494.000       4.2112
2496.000       3.7620
2497.000       3.6040
2498.000       3.9070
2499.000       3.5073
2500.000       3.4561
2501.000       3.6475
2504.000       3.5742
2506.000       3.4808
2507.000       3.3241
2509.000       3.0539
2510.000       2.9695
2512.000       2.7657
2514.000       2.6276
2515.000       2.4686
2518.000       2.7238
2519.000       2.9445
2520.000       3.0981
2521.000       3.3859
2523.000       3.3589
2525.000       3.6366
2527.000       3.5418
2528.000       3.4206
2529.000       3.7247
2530.000       3.2108
2531.000       3.3095
2532.000       3.5544
2535.000       3.4656
2537.000       3.2878
2538.000       3.1183
2540.000       2.8089
2541.000       2.7027
2543.000       2.4570
2544.000       2.3852
2545.000       2.1976
2546.000       2.0399
2547.000       2.2913
2549.000       2.5376
2550.000       2.6747
2553.000       2.7103
2554.000       2.6178
2555.000       3.3189
2557.000       3.2276
2559.000       3.5073
2561.000       3.5492
2562.000       3.4653
2563.000       3.8001
2564.000       3.3434
2565.000       3.2252
2566.000       3.3812
2569.000       3.1744
2571.000       2.9537
2572.000       2.7250
2574.000       2.4528
2575.000       2.4901
2577.000       2.3018
2579.000       2.0458
2580.000       1.9426
2581.000       2.0273
2583.000       2.2292
2584.000       2.2830
2585.000       3.0188
2587.000       2.8215
2589.000       3.0005
2591.000       3.2204
2592.000       3.1910
2593.000       3.4842
2594.000       3.0767
2595.000       3.0344
2596.000       3.2046
2599.000       3.0776
2601.000       2.8813
2602.000       2.7216
2604.000       2.4696
2605.000       2.4407
2607.000       2.2293
2609.000       2.0262
2610.000       1.8755
2611.000       2.0895
2613.000       2.3066
2614.000       2.4003
2615.000       2.9683
2617.000       2.8370
2619.000       3.0413
2621.000       3.1785
2622.000       3.1697
2623.000       3.4375
2624.000       3.0778
2625.000       3.0259
2626.000       3.1587
2629.000       3.0195
2631.000       2.8395
2632.000       2.6744
2634.000       2.4573
2635.000       2.4282
2637.000       2.2319
2638.000       2.1212
2639.000       1.9340
2640.000       1.8079
2641.000       1.9587
2643.000       2.1263
2644.000       2.1782
2647.000       2.2822
2648.000       2.2717
2649.000       2.9313
2651.000       2.7871
2653.000       2.9421
2655.000       3.1312
2656.000       3.1252
2657.000       3.4181
2658.000       3.0529
2659.000       2.9448
2660.000       3.0536
2663.000       2.8979
2665.000       2.7227
2666.000       2.5602
2668.000       2.3747
2669.000       2.3909
2671.000       2.2607
2672.000       2.1388
2673.000       2.0464
2674.000       2.0459
2677.000       2.0633
2678.000       2.1649
2680.000       2.2513
2681.000       2.2234
2682.000       2.7959
2684.000       2.6580
2686.000       2.8401
2688.000       2.9910
2689.000       2.9784
2690.000       3.3020
2691.000       2.9929
2692.000       2.6971
2693.000       2.7762
2696.000       2.5559
2698.000       2.3655
2699.000       2.1574
2701.000       2.0168
2702.000       2.1383
2704.000       2.1664
2705.000       2.0161
2706.000       2.1046
2707.000       2.3552
2710.000       2.1010
2711.000       2.0191
2713.000       1.9515
2714.000       1.9281
2715.000       2.4149
2717.000       2.2396
2719.000       2.4656
2721.000       2.6247
2722.000       2.6113
2723.000       2.9174
2724.000       2.7392
2725.000       2.2662
2726.000       2.2506
2729.000       2.0340
2731.000       1.9156
2732.000       1.8633
2734.000       1.8978
2735.000       2.0069
2737.000       2.2338
2738.000       2.2898
2739.000       2.6754
2740.000       3.0374
2743.000       2.8275
2744.000       2.6106
2746.000       2.2511
2747.000       2.0864
2748.000       1.9579
2750.000       2.0156
2752.000       2.3809
2754.000       2.1197
2755.000       1.9967
2756.000       2.2223
2757.000       2.0206
2758.000       1.8030
2759.000       1.8109
2762.000       1.6855
2764.000       1.7226
2765.000       1.6064
2767.000       1.5322
2768.000       1.6112
2770.000       1.5569
2771.000       1.4450
2772.000       1.4079
2773.000       1.4423
2774.000       1.3961
2776.000       1.4097
2777.000       1.4533
2780.000       1.4293
2781.000       1.4448
2782.000       1.5291
2784.000       1.5170
2786.000       1.6297
2788.000       1.5559
2789.000       1.4779
2790.000       1.6276
2791.000       1.5063
2792.000       1.3455
2793.000       1.3852
2796.000       1.3149
2798.000       1.3413
2799.000       1.2776
2801.000       1.2430
2802.000       1.2732
2804.000       1.2857
2805.000       1.2575
2806.000       1.3012
2807.000       1.3593
2810.000       1.3432
2811.000       1.3436
2813.000       1.2969
2814.000       1.2459
2815.000       1.2171
2817.000       1.2353
2819.000       1.3384
2821.000       1.2441
2822.000       1.2339
2823.000       1.3926
2824.000       1.2902
2825.000       1.1416
2826.000       1.1768
2829.000       1.1366
2831.000       1.1410
2832.000       1.1296
2834.000       1.1198
2835.000       1.1150
2837.000       1.1562
2839.000       1.2013
2840.000       1.2932
2841.000       1.2213
2843.000       1.1867
2844.000       1.2837
2845.000       1.0994
2847.000       1.1318
2849.000       1.2446
2851.000       1.1442
2852.000       1.1505
2853.000       1.2447
2854.000       1.1850
2855.000       1.1409
2856.000       1.1866
2859.000       1.1938
2861.000       1.2129
2862.000       1.2226
2864.000       1.1841
2865.000       1.1682
2867.000       1.1769
2868.000       1.1997
2869.000       1.2702
2870.000       1.3192
2871.000       1.3460
2873.000       1.3618
2874.000       1.4931
2877.000       1.3061
2878.000       1.2156
2879.000       1.1712
2881.000       1.2232
2883.000       1.3285
2885.000       1.2141
2886.000       1.2289
2887.000       1.3227
2888.000       1.2479
2889.000       1.2283
2890.000       1.2907
2893.000       1.3161
2895.000       1.2980
2896.000       1.3047
2898.000       1.2303
2899.000       1.1940
2901.000       1.1943
2902.000       1.2242
2903.000       1.2922
2904.000       1.3396
2907.000       1.3765
2908.000       1.3982
2910.000       1.3503
2911.000       1.2535
2912.000       1.3358
2914.000       1.3760
2916.000       1.5109
2918.000       1.4430
2919.000       1.5124
2920.000       1.6845
2921.000       1.5042
2922.000       1.5262
2923.000       1.6531
2926.000       1.6780
2928.000       1.5972
2929.000       1.6149
2931.000       1.5157
2932.000       1.4415
2934.000       1.4268
2935.000       1.4918
2936.000       1.5677
2937.000       1.5981
2938.000       1.6755
2940.000       1.7176
2941.000       1.8620
2944.000       1.6651
2945.000       1.5449
2946.000       1.7147
2948.000       1.7320
2950.000       1.8930
2952.000       1.8791
2953.000       1.9876
2954.000       2.1920
2955.000       1.9483
2956.000       2.0241
2957.000       2.1393
2960.000       2.1726
2962.000       2.0368
2963.000       2.0725
2965.000       1.9613
2966.000       1.8674
2968.000       1.8164
2970.000       1.8714
2971.000       1.8831
2974.000       1.9663
2975.000       2.0087
2976.000       2.1334
2977.000       2.2588
2979.000       2.2583
2981.000       2.4259
2983.000       2.4634
2984.000       2.6190
2985.000       2.8480
2986.000       2.5726
2987.000       2.6468
2988.000       2.7842
2991.000       2.8075
2993.000       2.6340
2994.000       2.6763
2996.000       2.5494
2997.000       2.4384
2999.000       2.3516
3001.000       2.3924
3002.000       2.3568
3005.000       2.5122
3006.000       2.5857
3007.000       2.7218
3008.000       2.9225
3010.000       2.9010
3012.000       3.0660
3014.000       3.1608
3015.000       3.3456
3016.000       3.6000
3017.000       3.3048
3018.000       3.3619
3019.000       3.4992
3022.000       3.5363
3024.000       3.3413
3025.000       3.4005
3027.000       3.2556
3028.000       3.1604
3030.000       3.1080
3031.000       3.1688
3032.000       3.2133
3033.000       3.2067
3034.000       3.3438
3036.000       3.4240
3037.000       3.5901
3040.000       3.3928
3041.000       3.2607
3042.000       3.6857
3044.000       3.6708
3046.000       3.8569
3048.000       3.9366
