   2.000       3.2823
   3.000       3.3820
   6.000       3.2890
   8.000       3.1220
   9.000       3.0603
  11.000       2.8127
  12.000       2.6400
  14.000       2.4657
  16.000       2.4785
  17.000       2.4109
  18.000       2.6632
  20.000       2.8233
  21.000       3.0242
  22.000       3.2174
  24.000       3.1966
  26.000       3.5065
  28.000       3.4926
  29.000       3.6355
  30.000       3.7036
  31.000       3.9278
  32.000       3.4779
  33.000       3.4669
  36.000       3.3580
  38.000       3.6343
  39.000       3.5822
  41.000       3.8898
  42.000       3.9736
  44.000       4.3231
  46.000       4.6358
  47.000       5.0173
  48.000       4.5568
  50.000       4.1974
  51.000       4.2393
  52.000       3.0205
  54.000       3.2474
  56.000       3.2349
  58.000       2.8650
  59.000       2.5533
  60.000       2.6865
  61.000       2.4688
  62.000       2.4448
  63.000       2.5794
  66.000       2.5556
  68.000       2.6310
  69.000       2.5942
  71.000       2.6061
  72.000       2.5869
  74.000       2.7335
  76.000       2.9014
  77.000       3.1318
  78.000       2.9288
  80.000       2.8065
  81.000       3.0016
  82.000       2.4115
  84.000       2.5296
  86.000       2.7745
  88.000       2.5085
  89.000       2.5352
  90.000       2.6137
  91.000       2.7312
  92.000       2.5170
  93.000       2.3809
  96.000       2.5145
  98.000       2.6600
  99.000       2.9408
 101.000       3.0615
 102.000       3.0123
 104.000       3.3638
 106.000       3.7946
 107.000       4.2549
 108.000       3.8007
 110.000       3.4591
 111.000       3.6618
 112.000       2.7081
 114.000       2.9503
 116.000       3.4280
 118.000       2.9304
 121.000       2.5561
 122.000       2.4982
 125.000       2.4976
 127.000       2.4200
 128.000       2.4678
 130.000       2.4079
 131.000       2.4317
 133.000       2.4286
 134.000       2.4310
 135.000       2.5632
 136.000       2.6694
 139.000       2.7002
 140.000       2.6653
 142.000       2.5229
 143.000       2.4177
 144.000       2.6151
 146.000       2.5853
 148.000       2.7724
 150.000       2.7775
 151.000       2.9357
 152.000       3.1626
 153.000       2.9270
 154.000       2.9295
 155.000       3.0002
 158.000       3.0378
 160.000       2.8739
 161.000       3.0097
 163.000       2.9975
 164.000       2.8867
 166.000       2.9988
 167.000       3.1805
 168.000       3.4320
 169.000       3.5451
 172.000       3.6515
 173.000       3.6393
 175.000       3.4337
 176.000       3.1919
 177.000       3.2190
 179.000       3.2509
 181.000       3.4076
 183.000       3.4588
 184.000       3.6362
 185.000       4.0220
 186.000       3.5073
 187.000       3.6070
 188.000       3.8286
 191.000       3.7956
 193.000       3.5753
 194.000       3.5209
 196.000       3.2756
 197.000       3.1466
 199.000       2.9883
 201.000       2.9566
 202.000       2.8937
 203.000       3.1010
 205.000       3.2548
 206.000       3.4304
 207.000       3.7925
 209.000       3.7181
 211.000       3.9864
 213.000       4.0781
 214.000       4.1239
 215.000       4.4546
 216.000       3.9717
 217.000       4.0456
 218.000       4.2616
 221.000       4.1640
 223.000       3.9922
 224.000       3.8414
 226.000       3.5833
 227.000       3.5200
 229.000       3.3394
 230.000       3.2800
 231.000       3.1804
 232.000       3.1140
 233.000       3.2596
 235.000       3.4103
 236.000       3.5366
 239.000       3.5073
 240.000       3.4327
 241.000       4.0360
 243.000       3.9344
 245.000       4.1725
 247.000       4.2413
 248.000       4.1521
 249.000       4.4631
 250.000       4.0397
 251.000       3.9388
 252.000       4.0905
 255.000       3.9240
 257.000       3.8148
 258.000       3.6267
 260.000       3.4299
 261.000       3.4022
 263.000       3.2896
 264.000       3.2438
 265.000       3.2296
 266.000       3.2443
 269.000       3.3102
 270.000       3.3858
 272.000       3.4064
 273.000       3.3308
 274.000       3.7204
 276.000       3.6204
 278.000       3.8255
 280.000       3.8521
 281.000       3.7759
 282.000       3.9842
 283.000       3.7588
 284.000       3.5889
 285.000       3.6216
 288.000       3.4900
 290.000       3.4483
 291.000       3.3366
 293.000       3.2544
 294.000       3.2891
 296.000       3.2567
 297.000       3.1947
 298.000       3.1920
 299.000       3.2390
 302.000       3.2117
 303.000       3.2210
 305.000       3.2154
 306.000       3.1977
 307.000       3.3714
 309.000       3.3144
 311.000       3.4187
 313.000       3.4466
 314.000       3.4105
 315.000       3.5858
 316.000       3.4084
 317.000       3.3029
 318.000       3.3797
 321.000       3.3094
 323.000       3.2757
 324.000       3.2200
 326.000       3.1403
 327.000       3.1234
 329.000       3.1126
 330.000       3.1214
 331.000       3.1840
 332.000       3.2334
 333.000       3.2674
 335.000       3.2899
 336.000       3.4362
 339.000       3.2337
 340.000       3.1439
 341.000       3.2516
 343.000       3.2413
 345.000       3.3756
 347.000       3.3494
 348.000       3.3849
 349.000       3.5504
 350.000       3.3901
 351.000       3.3604
 352.000       3.4758
 355.000       3.5092
 357.000       3.4102
 358.000       3.4292
 360.000       3.3038
 361.000       3.2063
 363.000       3.1819
 365.000       3.2502
 366.000       3.3016
 369.000       3.3417
 370.000       3.3693
 371.000       3.5168
 372.000       3.5497
 374.000       3.5736
 376.000       3.7962
 378.000       3.7600
 379.000       3.8794
 380.000       4.1656
 381.000       3.8067
 382.000       3.8723
 383.000       4.0557
 386.000       4.0507
 388.000       3.8568
 389.000       3.8573
 391.000       3.6847
 392.000       3.5787
 394.000       3.5468
 396.000       3.6303
 397.000       3.7038
 400.000       3.7276
 401.000       3.7479
 402.000       3.9028
 403.000       4.1049
 405.000       4.0679
 407.000       4.3020
 409.000       4.3711
 410.000       4.4755
 411.000       4.8529
 412.000       4.3669
 413.000       4.3814
 414.000       4.5747
 417.000       4.5704
 419.000       4.3712
 420.000       4.3803
 422.000       4.2216
 423.000       4.0542
 425.000       4.0301
 426.000       4.1906
 427.000       4.3521
 428.000       4.3773
 431.000       4.5816
 432.000       4.6464
 434.000       4.5327
 435.000       4.3014
 436.000       4.6470
 438.000       4.6087
 440.000       4.8398
 442.000       4.9448
 443.000       5.1233
 444.000       5.4847
 445.000       5.0770
 446.000       5.0759
 447.000       5.2414
 450.000       5.2622
 452.000       5.0268
 453.000       5.1081
 455.000       4.9588
 456.000       4.7870
 458.000       4.7512
 460.000       4.8932
 461.000       4.9657
 464.000       5.0637
 465.000       5.0975
 466.000       5.3439
 467.000       5.4071
 469.000       5.4092
 471.000       5.6657
 473.000       5.7257
 474.000       5.9809
 475.000       6.3080
 476.000       5.9444
 477.000       6.0577
 478.000       6.2523
 481.000       6.4208
 483.000       6.2041
 484.000       6.3918
 486.000       6.1745
 487.000       5.8897
 489.000       5.8374
 490.000       6.1079
 491.000       6.3018
 492.000       6.2334
 495.000       6.6730
 496.000       6.8532
 498.000       6.7133
 499.000       6.3275
 500.000       6.6617
 502.000       6.7838
 504.000       7.1323
 506.000       7.0200
 507.000       7.3238
 508.000       7.6763
 509.000       7.1478
 510.000       7.5835
 511.000       7.9597
 514.000       8.2352
 516.000       7.9227
 517.000       8.1459
 519.000       7.7922
 520.000       7.4296
 522.000       7.2717
 523.000       7.5411
 524.000       7.6285
 525.000       7.4784
 526.000       8.0313
 528.000       8.3396
 529.000       8.8006
 532.000       8.2874
 533.000       7.8698
 534.000       8.5394
 536.000       8.6672
 538.000       9.1688
 540.000       9.0378
 541.000       9.3698
 542.000       9.8540
 543.000       9.0413
 544.000       9.6775
 545.000      10.1862
 548.000      10.4852
 550.000      10.0670
 551.000      10.2418
 553.000       9.7549
 554.000       9.8339
 556.000       9.4314
 557.000       9.0382
 558.000       8.6003
 559.000       8.4714
 560.000       8.4124
 562.000       8.6180
 563.000       8.4889
 566.000       9.0347
 567.000       9.2278
 568.000      10.7751
 570.000      10.5613
 572.000      11.1115
 574.000      11.4578
 577.000      31.3976
 578.000      31.2214
 581.000      31.2011
 583.000      31.4110
 584.000      31.4461
 586.000      31.7167
 587.000      31.8266
 589.000      32.1116
 591.000      32.2880
 592.000      32.5944
 595.000      32.1873
 596.000      31.8991
 597.000      31.8339
 598.000      31.1511
 600.000      31.2545
 602.000      31.0995
 604.000      30.9610
 605.000      30.9464
 606.000      30.7791
 607.000      31.1208
 608.000      30.9906
 609.000      30.8680
 612.000      30.9841
 614.000      31.1489
 615.000      31.3448
 617.000      31.5763
 618.000      31.6075
 620.000      31.8483
 622.000      32.0831
 623.000      32.3342
 624.000      32.0338
 626.000      31.7930
 627.000      31.8027
 628.000      31.0955
 630.000      31.3160
 632.000      31.3753
 634.000      31.0629
 636.000      29.5104
 637.000      29.5673
 638.000      29.5869
 639.000      29.3809
 640.000      29.3349
 643.000      29.3193
 645.000      29.4002
 646.000      29.4298
 648.000      29.5397
 649.000      29.6259
 651.000      29.7283
 652.000      29.7148
 653.000      29.8231
 654.000      29.9586
 655.000      29.7888
 657.000      29.6676
 658.000      29.6814
 661.000      29.5698
 662.000      29.5980
 663.000      29.3188
 665.000      29.3974
 667.000      29.4026
 669.000      29.2713
 671.000      27.1851
 672.000      27.2364
 673.000      27.0517
 674.000      27.1553
 675.000      27.4150
 678.000      27.3956
 680.000      27.6946
 681.000      27.3887
 683.000      27.3935
 684.000      27.2879
 686.000      27.3864
 688.000      27.5906
 689.000      27.7603
 690.000      27.6559
 692.000      27.5781
 693.000      27.7265
 694.000      26.8188
 696.000      26.7993
 698.000      26.7192
 700.000      26.7126
 702.000       7.4099
 703.000       7.6645
 704.000       7.6167
 705.000       6.9164
 706.000       7.0371
 709.000       6.6144
 711.000       6.2958
 712.000       5.8828
 714.000       5.5990
 715.000       5.6654
 717.000       5.4432
 718.000       5.1924
 719.000       4.9541
 720.000       4.9088
 721.000       4.8675
 723.000       4.9950
 724.000       4.9950
 727.000       5.2125
 728.000       5.2952
 729.000       6.3790
 731.000       5.9691
 733.000       6.1026
 735.000       6.6823
 737.000       8.6497
 738.000       8.8692
 739.000       9.0737
 740.000       8.4442
 741.000       8.8787
 744.000       8.8292
 746.000       8.7124
 747.000       8.3740
 749.000       7.8977
 750.000       7.7548
 752.000       7.5236
 753.000       7.4732
 754.000       7.4406
 755.000       7.3322
 758.000       7.7640
 759.000       8.1145
 761.000       8.1370
 762.000       7.7705
 763.000       8.4218
 765.000       8.2395
 767.000       8.7012
 769.000       8.8603
 771.000      10.0732
 772.000      10.3119
 773.000      10.4979
 774.000       9.3626
 775.000       9.5159
 778.000       8.8834
 780.000       8.3743
 781.000       7.6403
 783.000       7.1205
 784.000       7.3622
 786.000       6.9419
 787.000       6.2963
 788.000       5.7025
 789.000       5.6904
 790.000       5.2522
 792.000       5.4363
 793.000       5.1515
 796.000       6.0439
 797.000       6.4107
 798.000       8.4727
 800.000       7.7233
 802.000       7.8100
 804.000       8.8018
 806.000       7.2512
 807.000       7.3411
 808.000       7.6519
 809.000       6.6525
 810.000       6.8705
 813.000       6.3821
 815.000       6.0333
 816.000       5.4334
 818.000       5.0050
 819.000       5.2156
 821.000       4.9117
 822.000       4.3901
 823.000       3.9832
 824.000       4.0544
 825.000       3.6573
 827.000       3.7870
 828.000       3.6730
 831.000       4.2119
 832.000       4.4593
 833.000       5.9864
 835.000       5.4402
 837.000       5.6582
 839.000       6.3526
 841.000       4.3711
 842.000       4.6008
 843.000       4.6230
 844.000       4.0118
 845.000       4.1623
 848.000       3.8966
 850.000       3.7133
 851.000       3.3974
 853.000       3.1770
 854.000       3.3157
 856.000       3.1969
 857.000       2.9288
 858.000       2.8063
 859.000       2.9280
 860.000       2.6646
 862.000       2.6764
 863.000       2.6930
 866.000       2.8155
 867.000       2.9182
 868.000       3.6893
 870.000       3.4358
 872.000       3.6645
 874.000       3.9623
 876.000       4.2235
 877.000       4.6734
 878.000       4.3202
 879.000       3.8030
 880.000       3.8490
 883.000       3.5172
 885.000       3.1836
 886.000       2.9459
 888.000       2.7377
 889.000       2.9397
 891.000       2.9650
 893.000       2.7961
 894.000       2.9867
 895.000       2.5849
 897.000       2.5472
 898.000       2.5480
 899.000       3.5556
 901.000       3.2420
 903.000       3.4233
 905.000       3.7492
 907.000       4.8278
 908.000       5.1200
 909.000       5.1317
 910.000       4.4362
 911.000       4.5715
 914.000       4.2921
 916.000       4.1243
 917.000       3.7414
 919.000       3.4995
 920.000       3.5005
 922.000       3.3385
 924.000       3.1536
 925.000       3.0411
 928.000       3.1757
 929.000       3.3542
 930.000       3.4581
 931.000       4.0217
 933.000       3.6404
 935.000       3.5408
 937.000       4.1579
 939.000       4.4503
 940.000       4.6407
 941.000       4.9857
 942.000       3.9382
 943.000       3.7675
 946.000       3.3967
 948.000       3.2175
 949.000       2.9398
 951.000       2.6874
 952.000       2.6270
 954.000       2.4948
 956.000       2.4025
 957.000       2.3380
 960.000       2.4533
 961.000       2.6010
 962.000       2.7236
 963.000       3.2124
 965.000       2.9356
 967.000       3.2353
 969.000       3.4888
 971.000       4.6350
 972.000       4.9367
 973.000       4.9282
 974.000       4.1830
 975.000       4.0842
 978.000       3.8333
 980.000       3.5574
 981.000       3.3129
 983.000       2.9647
 984.000       2.7896
 986.000       2.5841
 988.000       2.5160
 989.000       2.4190
 990.000       2.7010
 992.000       2.9384
 993.000       3.1913
 994.000       3.7167
 996.000       3.3750
 998.000       3.6897
1000.000       4.1648
1002.000       4.1152
1003.000       4.4900
1004.000       4.2751
1005.000       3.7234
1006.000       3.5983
1009.000       3.3300
1011.000       3.0228
1012.000       2.9688
1014.000       2.9218
1015.000       3.1261
1017.000       3.1129
1018.000       2.8498
1019.000       2.7494
1020.000       2.9148
1023.000       2.5441
1024.000       2.4506
1026.000       2.5490
1027.000       2.7317
1028.000       3.4915
1030.000       3.3059
1032.000       3.4615
1034.000       3.6921
1036.000       4.3851
1037.000       4.4580
1038.000       4.9023
1039.000       3.9528
1040.000       4.2071
1043.000       3.9134
1045.000       3.6609
1046.000       3.3033
1048.000       2.9401
1049.000       2.7902
1051.000       2.6010
1052.000       2.6511
1053.000       2.7203
1054.000       2.7153
1057.000       2.9736
1058.000       3.1139
1060.000       3.0867
1061.000       2.8534
1062.000       3.6835
1064.000       3.3662
1066.000       3.8357
1068.000       4.1754
1070.000       5.7341
1071.000       5.9629
1072.000       6.0099
1073.000       5.3823
1074.000       5.3174
1077.000       5.1292
1079.000       4.7861
1080.000       4.5240
1082.000       4.3125
1083.000       4.3521
1085.000       4.1630
1086.000       3.9684
1087.000       3.7479
1088.000       3.6728
1089.000       3.6699
1091.000       3.8029
1092.000       3.7866
1095.000       4.0062
1096.000       4.0717
1097.000       5.1728
1099.000       4.6064
1101.000       4.6901
1103.000       5.7207
1105.000       5.3887
1106.000       5.4498
1107.000       5.7104
1108.000       5.0140
1109.000       5.0045
1112.000       4.7232
1114.000       4.3752
1115.000       4.0769
1117.000       3.9058
1118.000       4.0051
1120.000       3.9134
1122.000       3.6803
1123.000       3.6284
1126.000       3.5741
1127.000       3.6942
1128.000       3.6712
1129.000       4.6585
1131.000       4.1887
1133.000       4.1194
1135.000       5.0134
1137.000       4.4442
1138.000       4.7270
1139.000       4.6333
1140.000       4.0111
1141.000       3.9434
1144.000       3.6735
1146.000       3.3688
1147.000       3.1679
1149.000       3.0076
1150.000       3.1858
1152.000       3.1803
1154.000       2.9682
1155.000       3.0682
1158.000       2.7772
1159.000       2.7987
1160.000       2.7559
1161.000       3.6957
1163.000       3.3912
1165.000       3.5056
1167.000       4.0061
1169.000       5.4212
1170.000       5.6326
1171.000       5.8357
1172.000       4.7727
1173.000       4.8051
1176.000       4.3426
1178.000       3.9402
1179.000       3.5994
1181.000       3.4349
1182.000       3.6808
1184.000       3.7550
1186.000       3.5683
1187.000       3.8343
1190.000       3.3320
1191.000       3.2571
1192.000       3.2591
1193.000       4.1897
1195.000       3.8061
1197.000       3.8584
1199.000       4.4525
1201.000       5.5236
1202.000       5.7982
1203.000       5.8494
1204.000       4.9599
1205.000       4.8831
1208.000       4.5246
1210.000       4.1270
1211.000       4.0488
1213.000       4.0273
1214.000       4.1886
1216.000       4.4390
1218.000       4.5173
1219.000       4.9475
1222.000       4.3881
1223.000       4.1338
1224.000       4.2326
1225.000       4.6571
1227.000       4.4043
1229.000       4.5226
1231.000       5.0129
1233.000       9.6611
1234.000       9.8484
1235.000       9.8704
1236.000       9.3290
1237.000       9.0962
1240.000       9.1372
1242.000       9.5341
1243.000       9.8502
1245.000      10.3516
1246.000      10.4268
1248.000      11.1122
1250.000      11.7424
1251.000      12.4899
1252.000      11.6093
1254.000      10.9722
1255.000      11.1322
1256.000       9.1418
1258.000       9.6703
1260.000       9.9339
1262.000       9.0206
1264.000      16.4249
1265.000      16.7255
1266.000      16.5491
1267.000      16.0319
1268.000      16.0048
1271.000      15.7072
1273.000      15.6822
1274.000      15.4034
1276.000      15.4222
1277.000      15.6476
1279.000      15.7223
1280.000      15.4984
1281.000      15.4983
1282.000      15.7240
1285.000      15.3578
1286.000      15.2366
1288.000      15.2186
1289.000      15.3336
1290.000      15.4876
1292.000      15.2751
1294.000      15.1886
1296.000      15.4884
1298.000       7.7257
1299.000       7.9465
1300.000       7.8850
1301.000       7.4096
1302.000       7.1897
1305.000       7.0590
1307.000       7.1095
1308.000       7.1154
1310.000       7.3176
1311.000       7.6513
1313.000       7.8872
1314.000       7.6535
1315.000       7.7589
1316.000       8.1327
1319.000       7.5638
1320.000       7.3050
1322.000       7.1770
1323.000       7.3339
1324.000       7.1670
1326.000       7.1520
1328.000       7.1578
1330.000       7.2611
1332.000       4.5610
1333.000       4.8943
1334.000       4.7602
1335.000       4.3616
1336.000       4.4450
1339.000       4.3761
1341.000       4.0481
1342.000       4.0110
1344.000       3.7833
1345.000       3.7954
1347.000       3.7083
1349.000       3.6030
1350.000       3.6223
1351.000       3.5718
1353.000       3.6555
1354.000       3.6941
1355.000       4.5915
1357.000       4.3231
1359.000       4.5271
1361.000       4.9520
1363.000       6.5498
1364.000       6.9984
1365.000       7.0765
1366.000       5.9023
1367.000       5.5032
1370.000       4.7213
1372.000       4.2034
1373.000       3.9957
1375.000       3.7607
1376.000       3.8092
1378.000       3.6815
1380.000       3.5012
1381.000       3.4812
1382.000       3.4697
1384.000       3.5842
1385.000       3.6266
1386.000       4.9410
1388.000       4.5800
1390.000       4.9605
1392.000       5.3155
1394.000       4.6161
1395.000       4.9384
1396.000       4.8142
1397.000       4.3235
1398.000       4.2744
1401.000       4.1434
1403.000       3.8869
1404.000       3.7977
1406.000       3.5865
1407.000       3.5943
1409.000       3.4655
1411.000       3.3135
1412.000       3.2440
1415.000       3.3201
1416.000       3.4601
1417.000       3.5432
1418.000       4.2172
1420.000       3.9753
1422.000       4.1934
1424.000       4.5591
1426.000       5.3510
1427.000       5.6939
1428.000       5.7473
1429.000       4.7993
1430.000       4.6454
1433.000       4.4019
1435.000       4.0703
1436.000       3.8336
1438.000       3.5588
1439.000       3.5311
1441.000       3.3251
1442.000       3.1891
1443.000       3.0277
1444.000       2.9365
1447.000       3.0611
1448.000       3.2397
1450.000       3.3925
1451.000       3.3492
1452.000       4.3868
1454.000       4.0247
1456.000       4.2395
1458.000       4.8500
1460.000       4.8742
1461.000       5.0762
1462.000       5.2481
1463.000       4.3519
1464.000       4.2503
1467.000       4.1220
1469.000       3.9426
1470.000       4.0370
1472.000       4.0091
1473.000       4.0057
1475.000       4.2077
1476.000       4.3607
1477.000       4.8005
1478.000       5.1171
1479.000       5.0411
1481.000       4.8984
1482.000       5.3043
1485.000       4.5200
1486.000       4.2431
1487.000       4.2950
1489.000       4.2743
1491.000       4.8298
1493.000       4.8509
1495.000       4.3780
1496.000       4.5593
1497.000       4.7789
1498.000       4.0692
1499.000       3.9077
1502.000       3.8090
1504.000       3.5203
1505.000       3.5713
1507.000       3.2669
1508.000       3.0842
1510.000       2.8581
1511.000       2.9009
1512.000       2.7972
1513.000       2.5986
1516.000       2.9574
1517.000       3.2035
1519.000       3.3214
1520.000       3.1579
1521.000       4.0844
1523.000       3.9214
1525.000       4.3523
1527.000       4.5552
1529.000       4.2273
1530.000       4.4218
1531.000       4.6547
1532.000       3.9118
1533.000       4.0091
1536.000       3.8857
1538.000       3.6780
1539.000       3.4886
1541.000       3.1950
1542.000       3.0825
1544.000       2.8542
1545.000       2.8099
1546.000       2.6589
1547.000       2.4915
1550.000       2.7382
1551.000       2.9501
1553.000       3.1060
1554.000       3.0242
1555.000       3.8645
1557.000       3.6272
1559.000       3.8857
1561.000       4.2239
1563.000       3.6367
1564.000       3.7805
1565.000       3.9496
1566.000       3.4500
1567.000       3.4436
1570.000       3.3773
1572.000       3.1225
1573.000       3.0299
1575.000       2.8015
1576.000       2.7383
1578.000       2.5838
1579.000       2.5291
1580.000       2.4252
1581.000       2.3552
1582.000       2.4827
1584.000       2.6281
1585.000       2.7337
1588.000       2.7314
1589.000       2.6696
1590.000       3.5880
1592.000       3.2881
1594.000       3.4715
1596.000       3.9746
1598.000       3.9799
1599.000       4.2154
1600.000       4.2988
1601.000       3.7582
1602.000       3.7662
1605.000       3.6509
1607.000       3.3795
1608.000       3.2982
1610.000       3.0883
1611.000       2.9901
1613.000       2.8794
1614.000       2.9038
1615.000       2.9117
1616.000       2.9092
1617.000       3.0280
1619.000       3.1309
1620.000       3.2973
1623.000       3.1504
1624.000       3.0287
1625.000       3.7843
1627.000       3.5794
1629.000       3.8231
1631.000       4.1064
1633.000       2.7334
1634.000       2.9012
1635.000       2.7669
1636.000       2.8064
1637.000       3.0109
1640.000       3.3167
1642.000       3.3313
1643.000       3.6985
1645.000       3.6476
1646.000       3.3496
1648.000       3.5478
1649.000       3.9912
1650.000       4.4743
1651.000       4.6092
1652.000       4.9339
1654.000       4.9639
1655.000       5.5043
1658.000       4.5620
1659.000       4.0607
1660.000       3.6666
1662.000       3.9856
1664.000       4.5470
1666.000       4.0952
1668.000       4.4526
1669.000       4.7856
1670.000       4.5927
1671.000       4.0124
1672.000       3.7813
1675.000       3.5174
1677.000       3.3553
1678.000       3.4029
1680.000       3.6064
1681.000       3.7818
1683.000       4.0191
1684.000       3.9994
1685.000       4.2512
1686.000       4.5514
1689.000       4.2753
1690.000       4.0535
1692.000       3.7845
1693.000       3.7605
1694.000       3.7178
1696.000       3.5832
1698.000       3.5088
1700.000       3.9026
1702.000       6.4042
1703.000       6.6216
1704.000       6.7444
1705.000       5.8647
1706.000       5.6417
1709.000       5.2790
1711.000       4.9558
1712.000       4.9190
1714.000       4.9504
1715.000       5.1764
1717.000       5.2932
1718.000       5.1363
1719.000       5.3066
1720.000       5.6095
1723.000       5.3367
1724.000       5.1725
1726.000       4.9654
1727.000       4.9472
1728.000       5.4362
1730.000       5.2274
1732.000       5.3260
1734.000       5.6139
