   2.000       2.6244
   3.000       2.5392
   6.000       2.3841
   8.000       2.3693
   9.000       2.1934
  11.000       1.9874
  12.000       1.9715
  14.000       1.8287
  16.000       1.7036
  17.000       1.6311
  20.000       1.7563
  21.000       1.8972
  22.000       2.0147
  23.000       2.1344
  25.000       2.1070
  27.000       2.3365
  29.000       2.2087
  30.000       2.0908
  31.000       2.2834
  32.000       2.1084
  33.000       1.8732
  34.000       1.9279
  37.000       1.7741
  39.000       1.6978
  40.000       1.5278
  42.000       1.3877
  43.000       1.4473
  45.000       1.3829
  47.000       1.2382
  48.000       1.2498
  49.000       1.1892
  51.000       1.2684
  52.000       1.3218
  53.000       1.6411
  55.000       1.5308
  57.000       1.6745
  59.000       1.7722
  60.000       1.7770
  61.000       2.0001
  62.000       1.7855
  63.000       1.6314
  64.000       1.6816
  67.000       1.5550
  69.000       1.4350
  70.000       1.3078
  72.000       1.1941
  73.000       1.2445
  75.000       1.1439
  76.000       1.0094
  77.000       0.9019
  78.000       0.9107
  79.000       0.8502
  81.000       0.8878
  82.000       0.8830
  85.000       0.9899
  86.000       1.0450
  87.000       1.5094
  89.000       1.3911
  91.000       1.4810
  93.000       1.6561
  94.000       1.7134
  95.000       1.9286
  96.000       1.7357
  97.000       1.5850
  98.000       1.6169
 101.000       1.4903
 103.000       1.3503
 104.000       1.2627
 106.000       1.1822
 107.000       1.2394
 109.000       1.1831
 111.000       1.0754
 112.000       1.0686
 115.000       1.0491
 116.000       1.0980
 117.000       1.1266
 118.000       1.5014
 120.000       1.3880
 122.000       1.4630
 124.000       1.6530
 125.000       1.7583
 126.000       1.9582
 127.000       1.8156
 128.000       1.6538
 129.000       1.6803
 132.000       1.6113
 134.000       1.4798
 135.000       1.4626
 137.000       1.3879
 138.000       1.3953
 140.000       1.3524
 142.000       1.2983
 143.000       1.2999
 144.000       1.3128
 146.000       1.3568
 147.000       1.4233
 148.000       1.6778
 150.000       1.6170
 152.000       1.7394
 154.000       1.8539
 155.000       1.9750
 156.000       2.1997
 157.000       1.9945
 158.000       1.8902
 159.000       1.9755
 162.000       1.9012
 164.000       1.7517
 165.000       1.5703
 167.000       1.4647
 168.000       1.4529
 170.000       1.3753
 171.000       1.3318
 172.000       1.2878
 173.000       1.2800
 174.000       1.3215
 176.000       1.3843
 177.000       1.4506
 180.000       1.4264
 181.000       1.3928
 182.000       1.9014
 184.000       1.4803
 186.000       1.7947
 188.000       2.4265
 189.000       2.7907
 190.000       3.6074
 191.000       3.3229
 192.000       2.1024
 193.000       1.5339
 196.000       1.7182
 198.000       2.3107
 199.000       2.8614
 201.000       3.3060
 202.000       3.5285
 204.000       4.0700
 205.000       4.2252
 206.000       4.8306
 207.000       5.3371
 210.000       5.0330
 211.000       4.6729
 213.000       4.0582
 214.000       3.8227
 215.000       2.0200
 217.000       2.7850
 219.000       3.0562
 221.000       1.7097
 222.000       1.9452
 223.000       1.7406
 224.000       2.3693
 225.000       2.3027
 226.000       2.2897
 229.000       2.8540
 231.000       3.2597
 232.000       3.7062
 234.000       3.9511
 235.000       3.9570
 237.000       4.3254
 238.000       4.5810
 239.000       5.0980
 240.000       5.4339
 243.000       5.3896
 244.000       5.1950
 246.000       4.7028
 247.000       4.3891
 248.000       3.0859
 250.000       3.5097
 252.000       4.0043
 254.000       3.4692
 255.000       3.5387
 256.000       3.6558
 257.000       4.0975
 258.000       3.0157
 259.000       3.0237
 262.000       2.7064
 264.000       2.8409
 265.000       2.6228
 267.000       2.7212
 268.000       2.9955
 270.000       3.2968
 271.000       3.1941
 272.000       3.5787
 273.000       4.0174
 274.000       3.6323
 276.000       3.4189
 277.000       3.7938
 280.000       3.0480
 281.000       2.8938
 282.000       2.2480
 284.000       2.2757
 286.000       2.4685
 288.000       2.1576
 289.000       1.7589
 290.000       1.9201
 291.000       1.7182
 292.000       1.7121
 293.000       2.0070
 296.000       2.1218
 298.000       2.1925
 299.000       2.2965
 301.000       2.1882
 302.000       2.0208
 304.000       2.1825
 306.000       2.5025
 307.000       2.8129
 308.000       2.6393
 310.000       2.5216
 311.000       2.8708
 312.000       1.9582
 314.000       2.3016
 316.000       2.7889
 318.000       2.1052
 319.000       2.0655
 320.000       2.3284
 321.000       2.0092
 322.000       2.0068
 323.000       2.1895
 326.000       2.2085
 328.000       2.1983
 329.000       2.1711
 331.000       2.0617
 332.000       2.0800
 334.000       2.0919
 335.000       2.1016
 336.000       2.2791
 337.000       2.4291
 338.000       2.4338
 340.000       2.4221
 341.000       2.7084
 344.000       2.2547
 345.000       2.0931
 346.000       2.1294
 348.000       2.1759
 350.000       2.4175
 352.000       2.2769
 353.000       2.3096
 354.000       2.5421
 355.000       2.2753
 356.000       2.2802
 357.000       2.4496
 360.000       2.4936
 362.000       2.4550
 363.000       2.5350
 365.000       2.4693
 366.000       2.3548
 368.000       2.4352
 370.000       2.6363
 371.000       2.8401
 374.000       2.7549
 375.000       2.6731
 376.000       2.8910
 377.000       2.4588
 379.000       2.5713
 381.000       2.8378
 383.000       2.6116
 384.000       2.5867
 385.000       2.8799
 386.000       2.5941
 387.000       2.3889
 388.000       2.4946
 391.000       2.4189
 393.000       2.3631
 394.000       2.3434
 396.000       2.2580
 397.000       2.2282
 399.000       2.3139
 400.000       2.3988
 401.000       2.6483
 402.000       2.8432
 405.000       2.8394
 406.000       2.7929
 408.000       2.5842
 409.000       2.3737
 410.000       2.3310
 412.000       2.3683
 414.000       2.6090
 416.000       2.4761
 417.000       2.4461
 418.000       2.7417
 419.000       2.4347
 420.000       2.2510
 421.000       2.3777
 424.000       2.3060
 426.000       2.2360
 427.000       2.2215
 429.000       2.1241
 430.000       2.0453
 432.000       2.1320
 434.000       2.3041
 435.000       2.5354
 438.000       2.3923
 439.000       2.3026
 440.000       2.5198
 441.000       2.1805
 443.000       2.2255
 445.000       2.5055
 447.000       2.3297
 448.000       2.2772
 449.000       2.5331
 450.000       2.3512
 451.000       2.0046
 452.000       2.0157
 455.000       1.8589
 457.000       1.8297
 458.000       1.7640
 460.000       1.7199
 461.000       1.7582
 463.000       1.8057
 464.000       1.8102
 465.000       1.9721
 466.000       2.1082
 469.000       2.1118
 470.000       2.0852
 472.000       1.9245
 473.000       1.7799
 474.000       1.7435
 476.000       1.7464
 478.000       1.8962
 480.000       1.8067
 481.000       1.7795
 482.000       1.9550
 483.000       1.8115
 484.000       1.6721
 485.000       1.7348
 488.000       1.6905
 490.000       1.6479
 491.000       1.6006
 493.000       1.4651
 494.000       1.4502
 496.000       1.3670
 498.000       1.2971
 499.000       1.2632
 502.000       1.3374
 503.000       1.4214
 504.000       1.5186
 505.000       1.6454
 507.000       1.6455
 509.000       1.7931
 511.000       1.7387
 512.000       1.7244
 513.000       1.9020
 514.000       1.6788
 515.000       1.6650
 516.000       1.7860
 519.000       1.7333
 521.000       1.6942
 522.000       1.6009
 524.000       1.4583
 525.000       1.4345
 527.000       1.3291
 528.000       1.2889
 529.000       1.2444
 530.000       1.2100
 533.000       1.3009
 534.000       1.3816
 536.000       1.4217
 537.000       1.3730
 538.000       1.6159
 540.000       1.5929
 542.000       1.7561
 544.000       1.7034
 545.000       1.6480
 546.000       1.8197
 547.000       1.6324
 548.000       1.5220
 549.000       1.5835
 552.000       1.4860
 554.000       1.4613
 555.000       1.3364
 557.000       1.2127
 558.000       1.2158
 560.000       1.1258
 561.000       1.0577
 562.000       0.9990
 563.000       0.9976
 564.000       1.0147
 566.000       1.0715
 567.000       1.1220
 570.000       1.1268
 571.000       1.1152
 572.000       1.3498
 574.000       1.3025
 576.000       1.4358
 578.000       1.4067
 579.000       1.3547
 580.000       1.5229
 581.000       1.3883
 582.000       1.2056
 583.000       1.2438
 586.000       1.1276
 588.000       1.0973
 589.000       0.9793
 591.000       0.8740
 592.000       0.9273
 594.000       0.8952
 596.000       0.8064
 597.000       0.8462
 600.000       0.7833
 601.000       0.8132
 602.000       0.8770
 603.000       1.0265
 605.000       0.9925
 607.000       1.1519
 609.000       1.1197
 610.000       1.1603
 611.000       1.3640
 612.000       1.2365
 613.000       1.0464
 614.000       1.1194
 617.000       1.0622
 619.000       0.9803
 620.000       0.9396
 622.000       0.8197
 623.000       0.8621
 625.000       0.8440
 626.000       0.7954
 627.000       0.8788
 628.000       0.9914
 631.000       0.9603
 632.000       0.9434
 634.000       0.8631
 635.000       0.7837
 636.000       1.0898
 638.000       1.0791
 640.000       1.2849
 642.000       1.2706
 643.000       1.4239
 644.000       1.6696
 645.000       1.4688
 646.000       1.4122
 647.000       1.5505
 650.000       1.5868
 652.000       1.4290
 653.000       1.4699
 655.000       1.3389
 656.000       1.3482
 658.000       1.3219
 659.000       1.2984
 660.000       1.3958
 661.000       1.5006
 664.000       1.5115
 665.000       1.5174
 667.000       1.4335
 668.000       1.3188
 669.000       1.7032
 671.000       1.6923
 673.000       1.8890
 675.000       1.9464
 676.000       2.1635
 677.000       2.4213
 678.000       2.1508
 679.000       2.2259
 680.000       2.4071
 683.000       2.5045
 685.000       2.3045
 686.000       2.3814
 688.000       2.1874
 689.000       2.1559
 691.000       2.0759
 692.000       2.0348
 693.000       2.0407
 694.000       2.0777
 695.000       2.1162
 697.000       2.1965
 698.000       2.3639
 701.000       2.2057
 702.000       2.1112
 703.000       2.6843
 705.000       2.6870
 707.000       2.9698
 709.000       2.9924
