   2.000       4.3591
   3.000       4.0760
   6.000       3.4056
   8.000       3.6923
   9.000       3.6191
  11.000       4.2474
  12.000       4.6839
  14.000       5.5736
  16.000       6.0989
  17.000       7.0358
  18.000       5.7599
  20.000       4.9085
  21.000       5.1039
  22.000       2.8743
  24.000       3.2130
  26.000       3.6524
  28.000       2.7767
  29.000       2.7131
  30.000       3.1612
  31.000       3.0621
  32.000       2.3249
  33.000       2.1644
  36.000       1.9952
  38.000       1.9238
  39.000       1.7601
  41.000       1.5953
  42.000       1.6003
  44.000       1.4796
  45.000       1.3830
  46.000       1.3047
  47.000       1.3004
  48.000       1.3349
  50.000       1.4257
  51.000       1.5222
  54.000       1.4959
  55.000       1.4665
  56.000       1.8123
  58.000       1.7429
  60.000       1.9279
  62.000       1.9183
  63.000       1.8825
  64.000       2.0710
  65.000       1.8961
  66.000       1.7107
  67.000       1.7489
  70.000       1.6044
  72.000       1.5113
  73.000       1.3672
  75.000       1.2483
  76.000       1.3104
  78.000       1.2257
  80.000       1.0593
  81.000       1.0081
  84.000       1.0141
  85.000       1.1114
  86.000       1.1349
  87.000       1.5057
  89.000       1.3898
  91.000       1.4842
  93.000       1.6040
  94.000       1.6024
  95.000       1.7783
  96.000       1.6584
  97.000       1.4343
  98.000       1.4360
 101.000       1.2951
 103.000       1.2231
 104.000       1.1177
 106.000       1.0514
 107.000       1.1190
 109.000       1.0824
 111.000       0.9696
 112.000       0.9781
 113.000       0.9258
 115.000       0.9650
 116.000       0.9803
 117.000       1.2367
 119.000       1.1510
 121.000       1.2209
 123.000       1.3098
 124.000       1.3309
 125.000       1.4809
 126.000       1.4105
 127.000       1.1857
 128.000       1.1687
 131.000       1.0619
 133.000       1.0063
 134.000       0.9327
 136.000       0.8947
 137.000       0.9620
 139.000       0.9418
 141.000       0.8486
 142.000       0.8587
 145.000       0.8102
 146.000       0.8298
 147.000       0.8480
 148.000       1.0272
 150.000       0.9646
 152.000       1.0284
 154.000       1.0878
 155.000       1.1183
 156.000       1.2359
 157.000       1.1984
 158.000       1.0246
 159.000       1.0222
 162.000       0.9561
 164.000       0.9342
 165.000       0.8977
 167.000       0.8781
 168.000       0.9071
 170.000       0.9043
 172.000       0.8675
 173.000       0.8956
 176.000       0.8588
 177.000       0.8672
 178.000       0.9077
 179.000       0.9346
 181.000       0.9146
 183.000       0.9837
 185.000       0.9877
 186.000       1.0309
 187.000       1.1473
 188.000       1.0667
 189.000       1.0154
 190.000       1.0640
 193.000       1.0554
 195.000       1.0039
 196.000       1.0036
 198.000       0.9620
 199.000       0.9692
 201.000       0.9820
 203.000       0.9885
 204.000       1.0519
 205.000       0.9936
 207.000       0.9829
 208.000       1.0518
 209.000       1.0834
 211.000       1.0752
 213.000       1.1861
 215.000       1.2295
 216.000       1.2484
 217.000       1.5736
 218.000       1.5890
 219.000       1.1831
 220.000       1.2512
 223.000       1.2071
 225.000       1.1685
 226.000       1.1010
 228.000       1.0708
 229.000       1.0893
 231.000       1.0804
 232.000       1.0551
 233.000       1.0800
 234.000       1.1168
 237.000       1.1209
 238.000       1.1326
 240.000       1.1051
 241.000       1.0603
 242.000       1.1725
 244.000       1.0749
 246.000       1.0857
 248.000       1.2645
 249.000       1.3948
 250.000       1.6078
 251.000       1.6379
 252.000       1.2628
 253.000       1.4590
 256.000       1.5196
 258.000       1.6173
 259.000       1.4667
 261.000       1.4567
 262.000       1.4808
 264.000       1.6375
 265.000       1.6921
 266.000       1.9317
 267.000       2.1309
 268.000       2.0308
 270.000       1.9562
 271.000       2.1926
 274.000       1.7581
 275.000       1.5999
 276.000       1.4192
 278.000       1.4489
 280.000       1.7895
 282.000       1.8443
 285.000       1.9757
 286.000       1.9498
 289.000       1.7555
 291.000       1.6047
 292.000       1.4179
 294.000       1.1394
 295.000       1.0704
 297.000       0.9619
 298.000       0.9576
 299.000       1.0892
 300.000       1.2140
 303.000       1.2955
 304.000       1.3600
 306.000       1.2894
 307.000       1.0766
 308.000       1.5786
 310.000       1.5204
 312.000       1.8559
 314.000       1.8265
 315.000       1.8583
 316.000       2.1338
 317.000       1.9190
 318.000       1.6606
 319.000       1.6919
 322.000       1.5365
 324.000       1.4089
 325.000       1.2470
 327.000       1.1100
 328.000       1.2082
 330.000       1.1862
 332.000       1.0281
 333.000       1.0868
 336.000       0.9316
 337.000       0.9819
 338.000       1.0260
 339.000       1.4700
 341.000       1.3351
 343.000       1.4832
 345.000       1.6400
 346.000       1.7042
 347.000       1.9394
 348.000       1.7656
 349.000       1.5358
 350.000       1.5836
 353.000       1.4626
 355.000       1.3067
 356.000       1.2040
 358.000       1.0836
 359.000       1.1724
 361.000       1.1681
 362.000       1.0402
 363.000       1.0729
 364.000       1.2350
 365.000       1.0192
 367.000       0.9539
 368.000       1.0134
 371.000       0.9453
 372.000       0.9773
 373.000       1.4687
 375.000       1.3508
 377.000       1.4949
 379.000       1.6680
 380.000       1.8025
 381.000       2.0403
 382.000       1.8769
 383.000       1.7092
 384.000       1.8380
 387.000       1.7802
 389.000       1.8523
 390.000       1.7739
 392.000       1.7582
 393.000       1.8099
 395.000       1.9146
 396.000       1.9416
 397.000       2.1570
 398.000       2.3469
 401.000       2.2837
 402.000       2.2013
 404.000       1.9956
 405.000       1.8587
 406.000       1.5925
 408.000       1.6758
 410.000       1.8629
 412.000       1.6299
 413.000       1.4923
 414.000       1.7130
 415.000       1.5134
 416.000       1.4018
 417.000       1.5274
 420.000       1.4831
 422.000       1.4867
 423.000       1.4334
 425.000       1.3399
 426.000       1.2628
 428.000       1.2970
 429.000       1.4190
 430.000       1.6257
 431.000       1.7301
 432.000       1.8112
 434.000       1.8093
 435.000       2.0594
 438.000       1.6394
 439.000       1.4425
 440.000       1.3540
 442.000       1.4223
 444.000       1.6516
 446.000       1.4642
 447.000       1.4233
 448.000       1.6458
 449.000       1.2651
 450.000       1.4599
 451.000       1.6816
 454.000       1.7543
 456.000       1.7097
 457.000       1.7381
 459.000       1.5657
 460.000       1.3703
 462.000       1.2968
 463.000       1.5079
 464.000       1.6985
 465.000       1.6737
 468.000       2.0139
 469.000       2.1139
 471.000       1.9673
 472.000       1.6692
 473.000       1.7252
 475.000       1.8208
 477.000       2.0828
 479.000       1.9152
 480.000       1.9174
 481.000       2.2620
 482.000       1.9701
 483.000       1.7868
 484.000       1.8511
 487.000       1.7041
 489.000       1.5909
 490.000       1.4133
 492.000       1.2448
 493.000       1.2891
 495.000       1.1814
 496.000       1.0224
 497.000       0.9178
 498.000       0.9752
 499.000       0.8674
 501.000       0.9327
 502.000       1.0032
 505.000       1.0484
 506.000       1.0718
 507.000       1.5628
 509.000       1.4506
 511.000       1.6120
 513.000       1.6912
 514.000       1.6609
 515.000       1.8764
 516.000       1.7064
 517.000       1.4519
 518.000       1.4525
 521.000       1.2536
 523.000       1.1457
 524.000       1.0043
 526.000       1.0106
 527.000       1.1707
 529.000       1.1747
 530.000       1.0251
 531.000       1.0435
 532.000       1.1713
 533.000       0.9949
 535.000       0.9222
 536.000       0.9977
 539.000       0.8732
 540.000       0.9312
 541.000       1.1915
 543.000       1.0338
 545.000       1.0216
 547.000       1.2823
 548.000       1.2991
 549.000       1.4987
 550.000       1.2850
 551.000       1.1839
 552.000       1.2248
 555.000       1.1170
 557.000       1.0179
 558.000       0.9458
 560.000       0.9038
 561.000       0.9328
 563.000       0.9550
 564.000       0.9368
 565.000       1.0245
 566.000       1.1400
 569.000       1.0855
 570.000       1.0616
 572.000       0.9852
 573.000       0.9133
 574.000       1.1085
 576.000       1.0194
 578.000       1.0837
 580.000       1.2244
 581.000       1.2840
 582.000       1.4654
 583.000       1.2863
 584.000       1.2225
 585.000       1.2620
 588.000       1.2440
 590.000       1.2188
 591.000       1.2241
 593.000       1.1727
 594.000       1.1213
 596.000       1.1078
 598.000       1.1570
 599.000       1.2012
 602.000       1.2336
 603.000       1.2406
 604.000       1.3661
 605.000       1.2358
 607.000       1.2586
 609.000       1.3756
 611.000       1.3162
 612.000       1.3177
 613.000       1.4947
 614.000       1.3086
 615.000       1.2557
 616.000       1.3386
 619.000       1.2912
 621.000       1.2646
 622.000       1.1984
 624.000       1.1051
 625.000       1.0863
 627.000       1.0995
 629.000       1.1281
 630.000       1.2464
 633.000       1.1644
 634.000       1.1543
 635.000       1.2942
 636.000       1.2055
 638.000       1.2069
 640.000       1.3577
 642.000       1.2792
 643.000       1.2434
 644.000       1.3634
 645.000       1.2944
 646.000       1.1423
 647.000       1.1568
 650.000       1.0986
 652.000       1.0936
 653.000       1.0339
 655.000       0.9778
 656.000       0.9942
 658.000       0.9630
 659.000       0.9128
 660.000       0.8842
 661.000       0.9082
 662.000       0.8801
 664.000       0.9052
 665.000       0.9332
 668.000       0.9380
 669.000       0.9314
 670.000       1.0267
 672.000       1.0147
 674.000       1.1152
 676.000       1.0770
 677.000       1.0627
 678.000       1.1998
 679.000       1.1093
 680.000       0.9787
 681.000       1.0232
 684.000       0.9696
 686.000       0.9592
 687.000       0.8903
 689.000       0.8118
 690.000       0.8205
 692.000       0.7842
 693.000       0.7455
 694.000       0.7370
 695.000       0.7740
 696.000       0.7419
 698.000       0.7542
 699.000       0.7883
 702.000       0.7757
 703.000       0.7640
 704.000       0.9071
 706.000       0.8914
 708.000       1.0128
 710.000       0.9895
 711.000       0.9976
 712.000       1.1691
 713.000       1.0275
 714.000       0.9195
 715.000       1.0080
 718.000       0.9265
 720.000       0.8897
 721.000       0.8232
 723.000       0.7550
 724.000       0.7674
 726.000       0.7566
 727.000       0.7310
 728.000       0.7658
 729.000       0.8325
 732.000       0.8034
 733.000       0.8072
 735.000       0.7804
 736.000       0.7348
 737.000       0.8722
 739.000       0.8472
 741.000       0.9793
 743.000       0.9911
 744.000       1.0530
 745.000       1.2678
 746.000       1.0869
 747.000       0.9810
 748.000       1.0408
 751.000       0.9860
 753.000       0.8962
 754.000       0.8584
 756.000       0.7674
 757.000       0.7532
 759.000       0.7359
 760.000       0.7300
 761.000       0.7790
 762.000       0.8374
 763.000       0.8373
 765.000       0.8593
 766.000       0.9633
 769.000       0.8282
 770.000       0.7560
 771.000       1.0089
 773.000       0.9688
 775.000       1.1130
 777.000       1.1845
 778.000       1.3338
 779.000       1.5718
 780.000       1.3741
 781.000       1.2960
 782.000       1.3819
 785.000       1.3595
 787.000       1.2084
 788.000       1.2195
 790.000       1.1267
 791.000       1.1090
 793.000       1.1128
 795.000       1.1374
 796.000       1.2188
 797.000       1.1576
 799.000       1.1553
 800.000       1.2491
 801.000       1.4604
 803.000       1.4285
 805.000       1.5928
 807.000       1.6733
 808.000       1.8579
 809.000       2.1223
 810.000       1.9034
 811.000       1.8257
 812.000       1.9572
 815.000       1.9837
 817.000       1.8389
 818.000       1.9307
 820.000       1.8288
 821.000       1.7810
 823.000       1.8142
 824.000       1.8803
 825.000       2.0366
 826.000       2.1426
 827.000       2.1656
 829.000       2.1540
 830.000       2.3499
 833.000       2.0330
 834.000       1.8888
 835.000       2.1200
 837.000       2.1664
 839.000       2.4697
 841.000       2.3729
