   2.000       5.1833
   3.000       5.0129
   6.000       4.4234
   8.000       4.6211
   9.000       4.4092
  11.000       4.8241
  12.000       5.1299
  14.000       5.7136
  16.000       6.0800
  17.000       6.7592
  18.000       5.8512
  20.000       5.2445
  21.000       5.3502
  22.000       4.0059
  24.000       4.1468
  26.000       4.3266
  28.000       3.9069
  29.000       3.9450
  30.000       4.1259
  31.000       4.3599
  32.000       3.7620
  33.000       3.8926
  36.000       3.7543
  38.000       3.6354
  39.000       3.3486
  41.000       2.9737
  42.000       2.9532
  44.000       2.6397
  45.000       2.4171
  46.000       2.1098
  47.000       1.9425
  48.000       2.1354
  50.000       2.4223
  51.000       2.5524
  54.000       2.6759
  55.000       2.6547
  56.000       3.5021
  58.000       3.3869
  60.000       3.7443
  62.000       3.7655
  63.000       3.7430
  64.000       4.1232
  65.000       3.7041
  66.000       3.4332
  67.000       3.5528
  70.000       3.3084
  72.000       3.0142
  73.000       2.7471
  75.000       2.4249
  76.000       2.4965
  78.000       2.2792
  80.000       1.9154
  81.000       1.7525
  84.000       1.8291
  85.000       2.1151
  86.000       2.1744
  87.000       3.2229
  89.000       3.0027
  91.000       3.2626
  93.000       3.5376
  94.000       3.6358
  95.000       4.0789
  96.000       3.5758
  97.000       3.3915
  98.000       3.5460
 101.000       3.3270
 103.000       2.8983
 104.000       2.6676
 106.000       2.2788
 107.000       2.3265
 109.000       2.0937
 111.000       1.7539
 112.000       1.6523
 113.000       1.6928
 115.000       1.9671
 116.000       2.0306
 117.000       3.3882
 119.000       3.0065
 121.000       3.2492
 123.000       3.8324
 126.000       3.3134
 127.000       3.5663
 130.000       3.2367
 132.000       3.1600
 133.000       2.7785
 135.000       2.5905
 136.000       2.8145
 138.000       2.7301
 140.000       2.4103
 141.000       2.4063
 144.000       2.1742
 145.000       2.2601
 146.000       2.0992
 147.000       2.8341
 149.000       2.6164
 151.000       2.7676
 153.000       2.9263
 154.000       2.7523
 155.000       3.0227
 156.000       2.7740
 157.000       2.3303
 158.000       2.2873
 161.000       1.9116
 163.000       1.7814
 164.000       1.5009
 166.000       1.5333
 167.000       1.7921
 169.000       1.9101
 171.000       1.8183
 172.000       2.0109
 173.000       1.5934
 175.000       1.4211
 176.000       1.3071
 177.000       1.7338
 179.000       1.4423
 181.000       1.4601
 183.000       1.8960
 184.000       2.0596
 185.000       2.0624
 186.000       2.6308
 187.000       2.0229
 188.000       2.1879
 191.000       2.1787
 193.000       1.8597
 194.000       1.8159
 196.000       1.4967
 197.000       1.3271
 199.000       1.1758
 200.000       1.2653
 201.000       1.4040
 202.000       1.4766
 205.000       1.6487
 206.000       1.7403
 208.000       1.6850
 209.000       1.4461
 210.000       2.3577
 212.000       2.0664
 214.000       2.2645
 216.000       2.6230
 217.000       2.9491
 218.000       3.0949
 219.000       3.2822
 220.000       2.7815
 221.000       2.7576
 224.000       2.4138
 226.000       2.2766
 227.000       2.2518
 229.000       2.3359
 230.000       2.6559
 232.000       2.7455
 233.000       2.4743
 234.000       2.5224
 235.000       2.8186
 236.000       2.2654
 238.000       1.9556
 239.000       1.7833
 242.000       1.9078
 243.000       2.1931
 244.000       2.5834
 246.000       2.5899
 248.000       2.6912
 250.000       2.4984
 251.000       2.6760
 252.000       3.1257
 253.000       2.8220
 254.000       2.4572
 255.000       2.5219
 258.000       2.2304
 260.000       2.0111
 261.000       1.6508
 263.000       1.3718
 264.000       1.4894
 266.000       1.3590
 268.000       1.1155
 269.000       1.1904
 270.000       0.9939
 272.000       1.1055
 273.000       1.1354
 274.000       2.0037
 276.000       1.7392
 278.000       1.9616
 280.000       2.2840
 281.000       2.2705
 282.000       2.6902
 283.000       2.1793
 284.000       1.9869
 285.000       2.1561
 288.000       1.9745
 290.000       1.6409
 291.000       1.5056
 293.000       1.1987
 294.000       1.1077
 296.000       0.9198
 297.000       0.8910
 298.000       0.9576
 299.000       0.9907
 302.000       1.2356
 303.000       1.3980
 305.000       1.3606
 306.000       1.1041
 307.000       1.9778
 309.000       1.8137
 311.000       2.1244
 313.000       2.3758
 314.000       2.5279
 315.000       2.9748
 316.000       2.5263
 317.000       2.2541
 318.000       2.3913
 321.000       2.1722
 323.000       1.8215
 324.000       1.6028
 326.000       1.2746
 327.000       1.3396
 329.000       1.2464
 331.000       1.0124
 332.000       1.1312
 335.000       0.8924
 336.000       1.0575
 337.000       1.2017
 338.000       2.1117
 340.000       1.8433
 342.000       2.1315
 344.000       2.4802
 345.000       2.5945
 346.000       3.0087
 347.000       2.6331
 348.000       2.2661
 349.000       2.3231
 352.000       2.0169
 354.000       1.7014
 355.000       1.4239
 357.000       1.2209
 358.000       1.3963
 360.000       1.3754
 361.000       1.1433
 362.000       1.2283
 363.000       1.5219
 364.000       1.1204
 366.000       0.9372
 367.000       1.0377
 370.000       0.8965
 371.000       1.0019
 372.000       1.9558
 374.000       1.6173
 376.000       1.7334
 378.000       2.2662
 379.000       2.5032
 380.000       2.8445
 381.000       2.6769
 382.000       2.2837
 383.000       2.5214
 386.000       2.3621
 388.000       2.4004
 389.000       2.1704
 391.000       2.0538
 392.000       2.1724
 394.000       2.2356
 395.000       2.1291
 396.000       2.2650
 397.000       2.5151
 400.000       2.2976
 401.000       2.2083
 403.000       2.0880
 404.000       2.0280
 405.000       2.0459
 407.000       2.0391
 409.000       2.3034
 411.000       2.1463
 412.000       1.9329
 413.000       2.2745
 414.000       1.7951
 415.000       1.6981
 416.000       1.9165
 419.000       1.7591
 421.000       1.6208
 422.000       1.4353
 424.000       1.2586
 425.000       1.2160
 427.000       1.2553
 428.000       1.3490
 429.000       1.6383
 430.000       1.8569
 431.000       1.8056
 433.000       1.7225
 434.000       1.9949
 437.000       1.5101
 438.000       1.3219
 439.000       1.5769
 441.000       1.5120
 443.000       1.8154
 445.000       1.8637
 446.000       1.8803
 447.000       2.2990
 448.000       1.6143
 449.000       1.8768
 450.000       2.2033
 453.000       2.2507
 455.000       2.0064
 456.000       2.0600
 458.000       1.7971
 459.000       1.5412
 461.000       1.4168
 462.000       1.6967
 463.000       1.9512
 464.000       1.9521
 467.000       2.3323
 468.000       2.4284
 470.000       2.2493
 471.000       1.8998
 472.000       2.3411
 474.000       2.3774
 476.000       2.7269
 478.000       2.7365
 479.000       2.9017
 480.000       3.3297
 481.000       3.0312
 482.000       2.7303
 483.000       2.9229
 486.000       2.6511
 488.000       2.3087
 489.000       2.0350
 491.000       1.7483
 492.000       1.8332
 494.000       1.6514
 495.000       1.3419
 496.000       1.0852
 497.000       1.1533
 498.000       0.9399
 500.000       1.1334
 501.000       1.2439
 504.000       1.3858
 505.000       1.4345
 506.000       2.5278
 508.000       2.2434
 510.000       2.4762
 512.000       2.8363
 513.000       2.8874
 514.000       3.2358
 515.000       2.9770
 516.000       2.5096
 517.000       2.4790
 520.000       2.1056
 522.000       1.7721
 523.000       1.4842
 525.000       1.4876
 526.000       1.7763
 528.000       1.8253
 529.000       1.5647
 530.000       1.6308
 531.000       1.9168
 532.000       1.4512
 534.000       1.1728
 535.000       1.1356
 538.000       1.0846
 539.000       1.3202
 540.000       2.0480
 542.000       1.6287
 544.000       1.6044
 546.000       2.2885
 547.000       2.3342
 548.000       2.7206
 549.000       2.4559
 550.000       1.9398
 551.000       2.0079
 554.000       1.9529
 556.000       1.7096
 557.000       1.7140
 559.000       1.4181
 560.000       1.2173
 562.000       1.0950
 563.000       1.2222
 564.000       1.3537
 565.000       1.3409
 568.000       1.6567
 569.000       1.8241
 571.000       1.7525
 572.000       1.4394
 573.000       2.0613
 575.000       2.0535
 577.000       2.4105
 579.000       2.4453
 580.000       2.5889
 581.000       3.0852
 582.000       2.3873
 583.000       2.5257
 584.000       2.8530
 587.000       2.8435
 589.000       2.5654
 590.000       2.5259
 592.000       2.1486
 593.000       1.8876
 595.000       1.6162
 597.000       1.6415
 598.000       1.5390
 601.000       1.9277
 602.000       2.1684
 603.000       2.4945
 604.000       2.8095
 606.000       2.7691
 608.000       3.1796
 610.000       3.1732
 611.000       3.1565
 612.000       3.6085
 613.000       3.0424
 614.000       2.8384
 615.000       3.0224
 618.000       2.7508
 620.000       2.4820
 621.000       2.1670
 623.000       1.8097
 624.000       1.8446
 626.000       1.6708
 628.000       1.4403
 629.000       1.4890
 632.000       1.4075
 633.000       1.5907
 634.000       1.7384
 635.000       2.5189
 637.000       2.2524
 639.000       2.5149
 641.000       2.7657
 642.000       2.7389
 643.000       2.9988
 644.000       2.8851
 645.000       2.3108
 646.000       2.1786
 649.000       1.7946
 651.000       1.6345
 652.000       1.3857
 654.000       1.4676
 655.000       1.7439
 657.000       1.8302
 658.000       1.6278
 659.000       1.7353
 660.000       1.9859
 661.000       1.6342
 663.000       1.4110
 664.000       1.4665
 667.000       1.2582
 668.000       1.3955
 669.000       1.6994
 671.000       1.3933
 673.000       1.2954
 675.000       1.7810
 676.000       1.9404
 677.000       2.0555
 678.000       2.2475
 679.000       1.7455
 680.000       1.5488
 683.000       1.5283
 685.000       1.5227
 686.000       1.7336
 688.000       1.9203
 689.000       1.9657
 691.000       2.2094
 692.000       2.3221
 693.000       2.6218
 694.000       2.8295
 695.000       2.7368
 697.000       2.6165
 698.000       2.8499
 701.000       2.3378
 702.000       2.1773
 703.000       1.7591
 705.000       1.8684
 707.000       1.8741
 709.000       1.7951
 710.000       1.8401
 711.000       2.1257
 712.000       1.7862
 713.000       1.7059
 714.000       1.8514
 717.000       1.7559
 719.000       1.6027
 720.000       1.4630
 722.000       1.2001
 723.000       1.1526
 725.000       1.0370
 726.000       0.9799
 727.000       1.0224
 728.000       1.1020
 731.000       1.1754
 732.000       1.2779
 734.000       1.2690
 735.000       1.1027
 736.000       1.6648
 738.000       1.5830
 740.000       1.8425
 742.000       1.8933
 743.000       1.8396
 744.000       2.1978
 745.000       1.7211
 746.000       1.6687
 747.000       1.8976
 750.000       1.8157
 752.000       1.6670
 753.000       1.5376
 755.000       1.2079
 756.000       1.0539
 758.000       0.8935
 759.000       0.9410
 760.000       1.0392
 761.000       1.0952
 762.000       1.2977
 764.000       1.4602
 765.000       1.7810
 768.000       1.4213
 769.000       1.1519
 770.000       1.6738
 772.000       1.6552
 774.000       2.0195
 776.000       1.9322
 777.000       1.9303
 778.000       2.2889
 779.000       1.8600
 780.000       1.7968
 781.000       2.0200
 784.000       1.9750
 786.000       1.7630
 787.000       1.7092
 789.000       1.4330
 790.000       1.3020
 792.000       1.2359
 794.000       1.3060
 795.000       1.4488
 796.000       1.4200
 798.000       1.4978
 799.000       1.7561
 800.000       1.9688
 802.000       1.9465
 804.000       2.2845
 806.000       2.2761
 807.000       2.4169
 808.000       2.7771
 809.000       2.3056
 810.000       2.4794
 811.000       2.7860
 814.000       2.9238
 816.000       2.7085
 817.000       2.8280
 819.000       2.5761
 820.000       2.3395
 822.000       2.3003
 823.000       2.5318
 824.000       2.7588
 825.000       2.8139
 826.000       3.0727
 828.000       3.1719
 829.000       3.5390
 832.000       3.0139
 833.000       2.6873
 834.000       3.0686
 836.000       3.1402
 838.000       3.5394
 840.000       3.4356
