   2.000       4.2858
   3.000       4.3379
   6.000       4.2316
   8.000       4.2336
   9.000       4.0172
  11.000       3.7657
  12.000       3.7476
  14.000       3.5418
  15.000       3.4123
  16.000       3.2185
  17.000       3.1118
  18.000       3.2082
  20.000       3.3675
  21.000       3.3824
  24.000       3.5479
  25.000       3.5583
  26.000       3.9378
  28.000       3.9068
  30.000       4.1396
  32.000       4.0113
  33.000       3.7867
  34.000       4.0053
  35.000       3.6686
  36.000       3.5454
  37.000       3.6515
  40.000       3.4431
  42.000       3.3990
  43.000       3.1315
  45.000       2.9392
  46.000       3.0043
  48.000       2.8728
  50.000       2.6587
  51.000       2.5668
  54.000       2.6047
  55.000       2.7465
  56.000       2.7468
  57.000       3.1411
  59.000       3.0063
  61.000       3.1436
  63.000       3.1824
  64.000       2.9808
  65.000       3.1658
  66.000       2.9591
  67.000       2.6965
  68.000       2.7224
  71.000       2.4879
  73.000       2.4583
  74.000       2.2144
  76.000       2.0945
  77.000       2.1909
  79.000       2.0758
  80.000       1.8851
  81.000       1.7414
  82.000       1.7376
  83.000       1.6658
  85.000       1.7156
  86.000       1.7140
  89.000       1.8298
  90.000       1.9091
  91.000       2.2378
  93.000       2.0968
  95.000       2.1797
  97.000       2.2647
  98.000       2.1460
  99.000       2.3131
 100.000       2.2113
 101.000       1.8910
 102.000       1.8523
 105.000       1.6772
 107.000       1.6415
 108.000       1.4969
 110.000       1.4216
 111.000       1.5204
 113.000       1.5059
 115.000       1.3670
 116.000       1.3889
 119.000       1.2953
 120.000       1.3326
 121.000       1.3690
 122.000       1.5433
 124.000       1.4645
 126.000       1.5735
 128.000       1.6099
 129.000       1.6081
 130.000       1.8110
 131.000       1.6678
 132.000       1.4551
 133.000       1.5009
 136.000       1.4124
 138.000       1.3378
 139.000       1.2684
 141.000       1.1760
 142.000       1.1749
 144.000       1.1213
 145.000       1.0748
 146.000       1.0566
 147.000       1.0609
 148.000       1.1134
 150.000       1.1853
 151.000       1.2985
 154.000       1.1970
 155.000       1.1321
 156.000       1.3555
 158.000       1.3159
 160.000       1.4556
 162.000       1.4690
 163.000       1.4758
 164.000       1.6701
 165.000       1.4803
 166.000       1.3721
 167.000       1.4560
 170.000       1.3764
 172.000       1.3143
 173.000       1.2521
 175.000       1.1654
 176.000       1.1375
 178.000       1.0791
 179.000       1.0592
 180.000       1.0397
 181.000       1.0340
 182.000       1.0926
 184.000       1.1618
 185.000       1.2542
 188.000       1.1862
 189.000       1.1250
 190.000       1.3064
 192.000       1.2818
 194.000       1.3860
 196.000       1.3696
 197.000       1.3451
 198.000       1.4619
 199.000       1.3638
 200.000       1.2737
 201.000       1.3106
 204.000       1.2615
 206.000       1.2492
 207.000       1.1981
 209.000       1.1586
 210.000       1.1627
 212.000       1.1174
 213.000       1.0831
 214.000       1.0707
 215.000       1.0792
 218.000       1.1086
 219.000       1.1524
 221.000       1.1633
 222.000       1.1205
 223.000       1.2248
 225.000       1.1933
 227.000       1.2100
 229.000       1.2517
 230.000       1.2788
 231.000       1.3598
 232.000       1.3432
 233.000       1.2154
 234.000       1.1834
 237.000       1.1453
 239.000       1.1436
 240.000       1.1633
 242.000       1.1805
 243.000       1.2077
 245.000       1.2469
 247.000       1.2676
 248.000       1.3338
 249.000       1.2570
 251.000       1.2149
 252.000       1.2414
 253.000       1.1679
 255.000       1.1768
 257.000       1.2008
 259.000       1.2126
 260.000       1.2447
 261.000       1.3482
 262.000       1.3083
 263.000       1.2677
 264.000       1.2603
 267.000       1.2556
 269.000       1.2862
 270.000       1.2987
 272.000       1.3063
 273.000       1.3240
 275.000       1.3549
 276.000       1.3572
 277.000       1.4188
 278.000       1.4730
 281.000       1.4727
 282.000       1.4676
 284.000       1.4066
 285.000       1.3425
 286.000       1.2791
 288.000       1.2951
 290.000       1.3635
 292.000       1.3238
 293.000       1.3689
 294.000       1.4738
 295.000       1.3995
 296.000       1.4060
 297.000       1.4749
 300.000       1.5385
 302.000       1.5736
 303.000       1.5873
 305.000       1.5272
 306.000       1.4899
 308.000       1.4701
 309.000       1.4963
 310.000       1.5114
 311.000       1.5086
 312.000       1.5609
 314.000       1.5945
 315.000       1.6570
 318.000       1.5870
 319.000       1.5340
 320.000       1.5449
 322.000       1.5981
 324.000       1.7165
 326.000       1.6237
 327.000       1.6441
 328.000       1.7969
 329.000       1.6401
 330.000       1.6105
 331.000       1.6637
 334.000       1.6472
 336.000       1.6418
 337.000       1.6161
 339.000       1.5444
 340.000       1.5002
 342.000       1.4519
 344.000       1.4568
 345.000       1.4348
 348.000       1.5099
 349.000       1.5514
 350.000       1.6193
 351.000       1.5975
 353.000       1.6241
 355.000       1.7375
 357.000       1.6398
 358.000       1.6193
 359.000       1.7077
 360.000       1.5838
 361.000       1.6129
 362.000       1.6765
 365.000       1.6720
 367.000       1.6656
 368.000       1.6363
 370.000       1.5572
 371.000       1.5162
 373.000       1.4560
 375.000       1.4293
 376.000       1.3967
 377.000       1.4861
 379.000       1.5499
 380.000       1.6265
 381.000       1.6233
 383.000       1.6420
 385.000       1.7608
 387.000       1.6789
 388.000       1.6839
 389.000       2.0801
 390.000       2.0231
 391.000       1.5932
 392.000       1.7250
 395.000       1.5954
 397.000       1.5692
 398.000       1.5036
 400.000       1.4427
 401.000       1.4361
 403.000       1.3945
 405.000       1.3589
 406.000       1.3440
 409.000       1.3767
 410.000       1.4163
 411.000       1.4603
 412.000       1.5274
 414.000       1.5057
 416.000       1.6109
 418.000       1.5752
 419.000       1.5916
 420.000       1.7145
 421.000       1.5713
 422.000       1.5999
 423.000       1.6865
 426.000       1.7057
 428.000       1.6571
 429.000       1.6492
 431.000       1.5389
 432.000       1.4676
 434.000       1.4070
 435.000       1.4364
 436.000       1.4380
 437.000       1.3938
 440.000       1.5248
 441.000       1.6100
 443.000       1.6195
 444.000       1.5257
 445.000       1.6945
 447.000       1.7129
 449.000       1.8680
 451.000       1.8095
 452.000       1.8134
 453.000       2.0049
 454.000       1.7733
 455.000       1.7333
 456.000       1.8031
 459.000       1.7211
 461.000       1.6363
 462.000       1.5151
 464.000       1.3931
 465.000       1.4102
 467.000       1.3276
 468.000       1.2489
 469.000       1.1785
 470.000       1.1645
 471.000       1.1753
 473.000       1.2212
 474.000       1.2502
 477.000       1.2837
 478.000       1.2924
 479.000       1.6824
 481.000       1.5405
 483.000       1.9030
 485.000       1.9766
 486.000       2.0832
 487.000       2.6758
 488.000       2.4963
 489.000       1.7636
 490.000       1.9037
 493.000       2.1945
 495.000       2.5700
 496.000       3.0120
 498.000       3.1381
 499.000       2.7863
 501.000       3.1655
 503.000       3.8306
 504.000       4.2635
 505.000       4.1861
 507.000       3.9359
 508.000       4.5586
 509.000       2.2157
 511.000       2.9860
 513.000       3.6938
 515.000       2.3655
 516.000       2.4844
 517.000       2.9827
 518.000       2.7333
 519.000       2.3843
 520.000       2.3545
 523.000       2.3124
 525.000       2.5745
 526.000       2.6049
 528.000       2.9697
 529.000       3.3944
 531.000       3.8337
 533.000       3.8821
 534.000       4.3891
 537.000       3.6941
 538.000       3.2370
 539.000       3.3623
 540.000       2.1808
 542.000       2.4406
 544.000       2.6826
 546.000       2.1148
 547.000       2.1155
 548.000       2.3210
 549.000       2.2411
 550.000       1.9306
 551.000       1.9705
 554.000       1.7839
 556.000       1.6413
 557.000       1.5510
 559.000       1.4997
 560.000       1.6276
 562.000       1.6114
 563.000       1.4618
 564.000       1.4515
 565.000       1.5588
 566.000       1.3898
 568.000       1.3345
 569.000       1.3561
 572.000       1.3363
 573.000       1.3987
 574.000       1.8018
 576.000       1.7104
 578.000       1.8493
 580.000       1.7877
 581.000       1.9962
 582.000       1.9494
 583.000       2.2696
 584.000       2.0888
 585.000       2.0338
 588.000       2.2696
 590.000       2.2526
 591.000       2.4452
 593.000       2.3472
 594.000       2.4246
 596.000       2.3577
 597.000       2.2120
 598.000       2.1362
 599.000       2.1763
 600.000       2.0903
 602.000       2.1252
 603.000       2.1667
 606.000       2.1946
 607.000       2.2226
 608.000       2.5816
 610.000       2.6719
 612.000       3.0823
 614.000       2.8319
 615.000       2.8830
 616.000       3.1073
 617.000       3.4442
 618.000       2.3169
 619.000       2.6127
 622.000       2.1161
 624.000       2.5939
 625.000       2.8162
 627.000       3.6397
 628.000       3.9837
 630.000       4.8553
 632.000       5.4517
 633.000       6.2899
 634.000       5.1790
 636.000       4.3386
 637.000       4.4242
 638.000       1.8959
 640.000       2.4666
 642.000       2.7214
 644.000       1.6797
 645.000       1.6359
 646.000       1.6874
 647.000       1.8494
 648.000       1.5490
 649.000       1.5638
 652.000       1.4953
 654.000       1.4219
 655.000       1.3867
 657.000       1.3441
 658.000       1.3805
 660.000       1.3439
 661.000       1.2732
 662.000       1.2320
 663.000       1.2351
 666.000       1.2259
 667.000       1.2574
 669.000       1.2901
 670.000       1.2909
 671.000       1.5139
 673.000       1.4528
 675.000       1.4930
 677.000       1.6146
 678.000       1.8039
 679.000       2.1750
 680.000       1.9885
 681.000       1.7477
 682.000       1.7005
 685.000       1.6702
 687.000       1.5978
 688.000       1.5786
 690.000       1.5082
 691.000       1.4934
 693.000       1.4409
 694.000       1.4215
 695.000       1.3873
 696.000       1.3677
 697.000       1.4099
 699.000       1.4583
 700.000       1.4956
 703.000       1.4931
 704.000       1.4698
 705.000       1.6856
 707.000       1.6597
 709.000       1.7420
 711.000       1.7862
 712.000       1.8202
 713.000       2.0000
 714.000       1.7796
 715.000       1.7868
 716.000       1.8740
 719.000       1.8433
 721.000       1.7620
 722.000       1.7246
 724.000       1.6233
 725.000       1.5825
 727.000       1.5042
 728.000       1.4943
 729.000       1.4536
 730.000       1.4048
 733.000       1.4984
 734.000       1.5774
 736.000       1.6194
 737.000       1.5725
 738.000       1.8260
 740.000       1.8006
 742.000       1.9107
 744.000       1.9319
 745.000       1.9592
 746.000       2.1011
 747.000       1.9398
 748.000       1.9256
 749.000       1.9938
 752.000       1.9537
 754.000       1.8797
 755.000       1.8234
 757.000       1.7358
 758.000       1.7210
 760.000       1.6499
 761.000       1.6148
 762.000       1.5591
 763.000       1.5222
 764.000       1.5776
 766.000       1.6373
 767.000       1.6737
 770.000       1.6893
 771.000       1.6724
 772.000       1.9289
 774.000       1.8823
 776.000       1.9688
 778.000       2.0238
 779.000       2.0474
 780.000       2.1978
 781.000       2.0446
 782.000       1.9731
 783.000       2.0206
 786.000       1.9537
 788.000       1.8821
 789.000       1.8212
 791.000       1.7472
 792.000       1.7614
 794.000       1.7140
 796.000       1.6419
 797.000       1.6120
 800.000       1.6367
 801.000       1.6922
 802.000       1.7194
 803.000       1.9238
 805.000       1.8698
 807.000       1.9444
 809.000       2.0101
 810.000       2.0208
 811.000       2.1640
 812.000       2.0126
 813.000       1.9659
 814.000       2.0370
 817.000       1.9920
 819.000       1.9561
 820.000       1.9050
 822.000       1.8099
 823.000       1.7920
 825.000       1.7245
 826.000       1.6960
 827.000       1.6526
 828.000       1.6215
 831.000       1.6757
 832.000       1.7375
 834.000       1.7822
 835.000       1.7547
 836.000       1.9144
 838.000       1.9125
 840.000       2.0419
 842.000       1.9878
 843.000       1.9439
 844.000       2.1136
 845.000       1.8814
 846.000       1.8895
 847.000       1.9987
 850.000       1.9498
 852.000       1.8954
 853.000       1.8123
 855.000       1.6776
 856.000       1.6362
 858.000       1.5515
 859.000       1.5311
 860.000       1.4914
 861.000       1.4722
 862.000       1.5335
 864.000       1.6047
 865.000       1.6681
 868.000       1.6552
 869.000       1.6113
 870.000       1.8436
 872.000       1.8252
 874.000       1.9936
 876.000       1.9391
 877.000       1.8747
 878.000       2.0562
 879.000       1.8050
 880.000       1.7901
 881.000       1.9086
 884.000       1.8473
 886.000       1.7956
 887.000       1.6897
 889.000       1.5383
 890.000       1.4961
 892.000       1.4040
 893.000       1.3864
 894.000       1.3611
 895.000       1.3532
 896.000       1.4199
 898.000       1.4829
 899.000       1.5618
 902.000       1.5173
 903.000       1.4667
 904.000       1.7213
 906.000       1.6917
 908.000       1.8676
 910.000       1.8352
 911.000       1.7861
 912.000       1.9955
 913.000       1.7235
 914.000       1.6889
 915.000       1.7915
 918.000       1.7182
 920.000       1.6418
 921.000       1.5569
 923.000       1.4122
 924.000       1.3511
 926.000       1.2662
 927.000       1.2864
 928.000       1.3046
 929.000       1.3000
 930.000       1.4093
 932.000       1.4744
 933.000       1.6067
 936.000       1.4658
 937.000       1.3737
 938.000       1.6454
 940.000       1.6145
 942.000       1.7825
 944.000       1.8014
 945.000       1.8281
 946.000       2.0833
 947.000       1.7708
 948.000       1.7506
 949.000       1.8814
 952.000       1.8470
 954.000       1.7125
 955.000       1.6880
 957.000       1.5302
 958.000       1.4236
 960.000       1.3371
 961.000       1.3995
 962.000       1.4298
 963.000       1.3980
 964.000       1.5866
 966.000       1.6938
 967.000       1.8792
 970.000       1.6722
 971.000       1.5235
 972.000       1.8632
 974.000       1.8380
 976.000       2.0280
 978.000       2.0846
 979.000       2.1916
 980.000       2.4646
 981.000       2.1281
 982.000       2.1612
 983.000       2.3123
 986.000       2.3146
 988.000       2.1338
 989.000       2.1302
 991.000       1.9360
 992.000       1.8067
 994.000       1.6904
 995.000       1.7471
 996.000       1.7445
 997.000       1.6624
1000.000       1.9031
1001.000       2.0519
1003.000       2.0696
1004.000       1.9073
1005.000       2.3895
1007.000       2.3448
1009.000       2.5559
1011.000       2.6502
1012.000       2.7998
1013.000       3.0990
1014.000       2.7369
1015.000       2.7864
1016.000       2.9680
1019.000       2.9830
1021.000       2.7686
1022.000       2.7806
1024.000       2.5521
1025.000       2.4199
1027.000       2.2935
1029.000       2.2878
1030.000       2.2707
1031.000       2.4251
1033.000       2.5653
1034.000       2.7773
1035.000       3.0533
1037.000       3.0142
1039.000       3.2824
1041.000       3.3374
1042.000       3.5068
1043.000       3.8152
1044.000       3.4551
1045.000       3.4852
1046.000       3.6725
1049.000       3.7148
1051.000       3.4631
1052.000       3.5592
1054.000       3.3687
1055.000       3.2589
1057.000       3.1981
1059.000       3.2293
1060.000       3.2714
1061.000       3.3684
1063.000       3.4527
1064.000       3.7045
1065.000       3.8506
1067.000       3.8365
1069.000       4.1423
1071.000       4.2038
1072.000       4.5428
1073.000       5.0755
1074.000       4.7073
1075.000       4.3189
1076.000       4.4292
1079.000       4.3305
1081.000       4.4900
1082.000       4.3315
1084.000       4.2963
1085.000       4.4173
1087.000       4.4831
1088.000       4.3896
1089.000       4.4899
1090.000       4.6721
1091.000       4.4619
1093.000       4.3647
1094.000       4.4559
1097.000       4.2775
1098.000       4.2839
1099.000       3.9728
1101.000       4.0653
1103.000       4.2417
1105.000       3.8850
1106.000       3.5480
1107.000       3.6340
1108.000       3.4957
1109.000       3.3676
1110.000       3.4639
1113.000       3.4241
1115.000       3.5726
1116.000       3.4905
1118.000       3.4522
1119.000       3.4332
1121.000       3.5159
1122.000       3.5742
1123.000       3.7369
1124.000       3.8758
1127.000       3.8420
1128.000       3.7983
1130.000       3.6649
1131.000       3.5409
1132.000       3.1415
1134.000       3.2745
1136.000       3.4666
1138.000       3.0803
1139.000       2.8256
1140.000       2.9044
1141.000       2.6995
1142.000       2.7903
1143.000       2.9213
1146.000       2.9798
1148.000       3.0896
1149.000       3.1047
1151.000       2.9977
1152.000       2.8518
1154.000       2.8986
1155.000       3.0711
1156.000       3.2705
1157.000       3.3423
1160.000       3.4876
1161.000       3.5256
1163.000       3.3789
1164.000       3.1373
1165.000       2.7996
1167.000       2.9965
1169.000       3.2868
1171.000       2.8500
1172.000       2.6956
1173.000       2.9762
1174.000       2.4884
1175.000       2.6761
1176.000       2.9548
1179.000       3.0057
1181.000       2.9812
1182.000       2.9415
1184.000       2.6967
1185.000       2.4879
1187.000       2.4412
1188.000       2.6283
1189.000       2.8233
1190.000       2.8754
1193.000       3.0977
1194.000       3.1861
1196.000       3.0646
1197.000       2.7750
1198.000       2.8436
1200.000       2.9595
1202.000       3.3371
1204.000       3.0440
1205.000       2.8894
1206.000       3.2907
1207.000       2.7237
1208.000       2.6891
1209.000       2.9686
1212.000       2.9360
1214.000       2.8322
1215.000       2.7650
1217.000       2.4844
1218.000       2.2683
1220.000       2.2039
1221.000       2.3956
1222.000       2.6157
1223.000       2.6694
1226.000       2.9373
1227.000       3.0463
1229.000       2.9011
1230.000       2.5637
1231.000       2.7686
1233.000       2.8395
1235.000       3.2475
1237.000       2.9892
1238.000       2.9071
1239.000       3.1930
1240.000       2.8037
1241.000       2.7562
1242.000       2.9247
1245.000       2.8248
1247.000       2.6837
1248.000       2.5398
1250.000       2.2913
1251.000       2.2176
1253.000       2.0259
1255.000       1.8909
1256.000       1.7700
1257.000       1.9953
1259.000       2.1933
1260.000       2.3299
1261.000       2.6984
1263.000       2.6104
1265.000       2.8345
1267.000       2.8858
1268.000       2.8727
1269.000       3.1410
1270.000       2.7742
1271.000       2.7354
1272.000       2.8675
1275.000       2.7431
1277.000       2.5836
1278.000       2.4218
1280.000       2.1888
1281.000       2.1667
1283.000       1.9816
1285.000       1.8059
1286.000       1.6533
1289.000       1.8421
1290.000       2.0353
1291.000       2.1134
1292.000       2.6323
1294.000       2.5038
1296.000       2.6700
1298.000       2.8124
1299.000       2.7939
1300.000       3.0504
1301.000       2.7333
1302.000       2.6071
1303.000       2.7012
1306.000       2.5209
1308.000       2.3603
1309.000       2.1687
1311.000       1.9882
1312.000       2.0302
1314.000       1.8836
1316.000       1.6838
1317.000       1.5745
1320.000       1.6536
1321.000       1.8081
1322.000       1.8277
1323.000       2.4055
1325.000       2.2309
1327.000       2.3413
1329.000       2.5598
1330.000       2.5504
1331.000       2.7750
1332.000       2.5666
1333.000       2.3336
1334.000       2.3427
1337.000       2.1565
1339.000       2.0215
1340.000       1.8725
1342.000       1.7716
1343.000       1.8460
1345.000       1.7797
1347.000       1.6241
1348.000       1.5913
1351.000       1.5674
1352.000       1.6416
1353.000       1.6475
1354.000       2.0941
1356.000       1.9418
1358.000       2.0083
1360.000       2.2156
1361.000       2.2567
1362.000       2.4436
1363.000       2.3383
1364.000       2.0769
1365.000       2.0679
1368.000       1.9564
1370.000       1.8437
1371.000       1.7865
1373.000       1.7119
1374.000       1.7436
1376.000       1.7096
1378.000       1.6265
1379.000       1.6232
1382.000       1.6088
1383.000       1.6573
1384.000       1.7056
1385.000       1.9784
1387.000       1.8821
1389.000       1.9858
1391.000       2.1228
1392.000       2.1661
1393.000       2.4460
1394.000       2.1735
1395.000       2.0055
1396.000       2.1057
1399.000       2.0190
1401.000       1.9494
1402.000       1.8914
1404.000       1.7680
1405.000       1.7456
1407.000       1.6770
1408.000       1.6412
1409.000       1.6127
1410.000       1.6119
1411.000       1.6506
1413.000       1.7113
1414.000       1.7945
1417.000       1.7429
1418.000       1.7008
1419.000       1.9114
1421.000       1.9340
1423.000       2.1316
1425.000       1.9446
1426.000       1.8687
1427.000       1.8934
1428.000       2.0836
1429.000       1.7834
1430.000       1.8468
1433.000       1.9286
1435.000       2.1377
1436.000       2.2105
1438.000       2.3657
1439.000       2.4026
1441.000       2.7595
1443.000       3.0621
1444.000       3.4754
1445.000       3.0062
1447.000       2.7071
1448.000       2.8976
1449.000       1.7971
1451.000       2.0708
1453.000       2.3427
1455.000       1.7948
1456.000       1.7391
1457.000       1.8176
1458.000       1.9046
1459.000       1.6121
1460.000       1.5678
1463.000       1.5180
1465.000       1.5334
1466.000       1.5151
1468.000       1.4598
1469.000       1.5388
1471.000       1.5161
1472.000       1.4200
1473.000       1.4092
1474.000       1.4768
1475.000       1.3619
1477.000       1.3216
1478.000       1.3113
1481.000       1.3265
1482.000       1.3800
1483.000       1.4832
1485.000       1.5085
1487.000       1.6860
1489.000       1.5255
1490.000       1.6002
1491.000       1.7703
1492.000       1.6708
1493.000       1.7032
1494.000       1.8151
1497.000       2.0192
1499.000       2.6911
1500.000       2.8516
1502.000       3.4989
1503.000       3.5387
1505.000       4.2620
1507.000       5.0009
1508.000       5.7213
1509.000       4.8937
1511.000       4.1775
1512.000       4.2258
1513.000       1.6663
1515.000       2.2350
1517.000       2.1749
1519.000       1.4015
1520.000       1.2683
1521.000       1.3916
1522.000       1.3371
1523.000       1.1690
1524.000       1.1437
1527.000       1.0879
1529.000       1.0781
1530.000       1.0744
1532.000       1.0940
1533.000       1.1131
1535.000       1.1580
1537.000       1.1840
1538.000       1.2593
1541.000       1.1721
1542.000       1.1246
1543.000       1.1469
1544.000       1.1055
1546.000       1.0940
1548.000       1.1521
1550.000       1.1389
1551.000       1.2086
1552.000       1.1830
1553.000       1.3063
1554.000       1.2958
1555.000       1.3597
1558.000       1.3132
1560.000       1.2803
1561.000       1.2155
1563.000       1.1358
1564.000       1.1735
1566.000       1.1406
1568.000       1.0680
1569.000       1.0888
1572.000       1.0641
1573.000       1.0973
1574.000       1.1630
1575.000       1.2840
1577.000       1.2607
1579.000       1.3935
1581.000       1.4069
1582.000       1.4764
1583.000       1.6686
1584.000       1.4888
1585.000       1.4171
1586.000       1.5049
1589.000       1.4669
1591.000       1.3731
1592.000       1.3471
1594.000       1.2428
1595.000       1.2094
1597.000       1.1606
1599.000       1.1406
1600.000       1.1523
1601.000       1.2032
1603.000       1.2557
1604.000       1.3660
1605.000       1.4750
1607.000       1.4494
1609.000       1.5861
1611.000       1.6302
1612.000       1.6984
1613.000       1.9175
1614.000       1.6884
1615.000       1.6309
1616.000       1.7237
1619.000       1.6803
1621.000       1.5601
1622.000       1.5397
1624.000       1.4026
1625.000       1.3397
1627.000       1.2605
1629.000       1.2364
1630.000       1.2359
1631.000       1.3162
1633.000       1.4028
1634.000       1.5324
1635.000       1.6894
1637.000       1.6603
1639.000       1.8223
1641.000       1.8569
1642.000       1.9349
1643.000       2.1644
1644.000       1.8656
1645.000       1.9200
1646.000       2.0748
1649.000       2.0710
1651.000       1.9382
1652.000       1.9156
1654.000       1.7286
1655.000       1.6114
1657.000       1.4791
1658.000       1.5116
1659.000       1.4586
1660.000       1.3612
1661.000       1.5928
1663.000       1.7535
1664.000       1.8943
1667.000       1.8049
1668.000       1.6768
1669.000       2.0786
1671.000       2.0587
1673.000       2.2498
1675.000       2.2638
1676.000       2.3053
1677.000       2.5352
1678.000       2.1979
1679.000       2.2771
1680.000       2.4245
1683.000       2.3745
1685.000       2.2350
1686.000       2.1384
1688.000       1.9346
1689.000       1.8537
1691.000       1.6898
1692.000       1.6549
1693.000       1.5222
1694.000       1.4034
1695.000       1.5854
1697.000       1.7542
1698.000       1.8358
1701.000       1.8753
1702.000       1.8150
1703.000       2.3227
1705.000       2.2441
1707.000       2.4151
1709.000       2.5022
1710.000       2.5131
1711.000       2.7565
1712.000       2.4602
1713.000       2.3730
1714.000       2.4582
1717.000       2.3277
1719.000       2.1934
1720.000       2.0382
1722.000       1.8657
1723.000       1.8976
1725.000       1.7839
1727.000       1.6145
1728.000       1.5568
1729.000       1.5924
1731.000       1.7145
1732.000       1.7429
1733.000       2.2392
1735.000       2.1018
1737.000       2.2143
1739.000       2.3758
1740.000       2.4042
1741.000       2.5762
1742.000       2.4953
1743.000       2.2051
1744.000       2.1732
1747.000       2.0161
1749.000       1.8743
1750.000       1.7733
1752.000       1.7214
1753.000       1.8632
1755.000       1.8831
1757.000       1.7671
1758.000       1.8470
1759.000       1.6259
1761.000       1.5928
1762.000       1.5264
1763.000       2.0333
1765.000       1.8980
1767.000       1.9425
1769.000       2.1673
1770.000       2.2879
1771.000       2.4651
1772.000       2.3931
1773.000       2.1831
1774.000       2.3131
1777.000       2.2769
1779.000       2.2786
1780.000       2.1897
1782.000       2.0535
1783.000       2.0122
1785.000       1.9766
1787.000       1.9751
1788.000       2.0161
1791.000       2.0244
1792.000       2.0649
1793.000       2.1911
1794.000       2.1155
1796.000       2.1362
1798.000       2.3493
1800.000       2.2104
1801.000       2.1242
1802.000       2.3441
1803.000       2.0801
1804.000       1.9743
1805.000       1.9475
1808.000       1.8635
1810.000       1.8911
1811.000       1.7670
1813.000       1.6904
1814.000       1.6936
1816.000       1.6987
1817.000       1.6851
1818.000       1.7490
1819.000       1.8342
1820.000       1.7875
1822.000       1.7801
1823.000       1.8844
1826.000       1.7372
1827.000       1.6812
1828.000       1.6571
1830.000       1.6496
1832.000       1.7944
1834.000       1.6724
1835.000       1.5350
1836.000       1.6985
1837.000       1.5445
1838.000       1.3837
1839.000       1.4194
1842.000       1.2443
1844.000       1.1643
1845.000       1.0586
1847.000       1.1120
1848.000       1.2273
1850.000       1.3382
1851.000       1.3068
1852.000       1.4705
1853.000       1.6584
1856.000       1.5295
1857.000       1.4268
1859.000       1.2513
1860.000       1.1864
1861.000       1.1963
1863.000       1.1183
1865.000       1.1402
1867.000       1.1593
1868.000       1.3390
1869.000       1.5188
1870.000       1.5139
1871.000       1.2568
1872.000       1.2173
1875.000       1.0987
1877.000       1.2166
1878.000       1.1767
1880.000       1.3338
1881.000       1.4801
1883.000       1.7022
1885.000       1.8074
1886.000       2.0570
1887.000       1.6823
1889.000       1.4506
1890.000       1.4480
1891.000       0.9881
1893.000       1.0509
1895.000       1.0984
1897.000       0.9858
1898.000       0.9993
1899.000       1.1503
1900.000       1.0113
1901.000       1.0490
1902.000       1.1729
1905.000       1.3171
1907.000       1.2823
1908.000       1.3333
1910.000       1.2698
1911.000       1.1715
1913.000       1.2143
1915.000       1.3744
1916.000       1.5269
1917.000       1.4664
1919.000       1.4264
1920.000       1.6177
1921.000       1.4246
1923.000       1.3548
1925.000       1.5679
1927.000       1.6867
1928.000       1.8754
1929.000       2.1779
1930.000       1.8590
1931.000       1.8255
1932.000       1.8942
1935.000       1.8684
1937.000       1.7486
1938.000       1.7362
1940.000       1.5759
1941.000       1.4875
1943.000       1.3450
1945.000       1.3132
1946.000       1.2321
1949.000       1.4379
1950.000       1.5634
1951.000       1.7164
1952.000       1.8996
1954.000       1.8857
1956.000       2.0982
1958.000       2.1131
1959.000       2.2139
1960.000       2.4825
1961.000       2.1574
1962.000       2.1646
1963.000       2.2845
1966.000       2.2519
1968.000       2.1033
1969.000       2.0410
1971.000       1.8392
1972.000       1.7701
1974.000       1.6165
1976.000       1.5239
1977.000       1.4095
1980.000       1.6058
1981.000       1.7665
1982.000       1.8873
1983.000       2.2276
1985.000       2.1684
1987.000       2.3547
1989.000       2.4117
1990.000       2.4245
1991.000       2.6796
1992.000       2.2686
1993.000       2.3854
1994.000       2.5750
1997.000       2.5265
1999.000       2.4179
2000.000       2.3100
2002.000       2.0890
2003.000       1.9843
2005.000       1.7986
2006.000       1.7856
2007.000       1.6573
2008.000       1.5144
2009.000       1.7535
2011.000       1.9380
2012.000       2.0438
2015.000       2.0537
2016.000       1.9700
2017.000       2.4185
2019.000       2.3739
2021.000       2.5681
2023.000       2.5421
2024.000       2.4608
2025.000       2.6559
2026.000       2.3817
2027.000       2.3139
2028.000       2.4092
2031.000       2.2667
2033.000       2.1636
2034.000       1.9894
2036.000       1.8383
2037.000       1.8657
2039.000       1.7243
2040.000       1.5797
2041.000       1.4117
2042.000       1.3398
2045.000       1.3718
2046.000       1.4892
2048.000       1.6324
2049.000       1.6651
2050.000       2.1123
2052.000       1.9940
2054.000       2.1140
2056.000       2.2025
2057.000       2.1238
2058.000       2.2892
2059.000       2.1132
2060.000       1.9534
2061.000       1.9677
2064.000       1.8356
2066.000       1.7572
2067.000       1.6218
2069.000       1.5103
2070.000       1.5510
2072.000       1.4467
2073.000       1.3192
2074.000       1.1986
2075.000       1.1753
2076.000       1.1590
2078.000       1.2290
2079.000       1.2369
2082.000       1.3338
2083.000       1.3698
2084.000       1.7183
2086.000       1.6304
2088.000       1.7275
2090.000       1.7882
2091.000       1.7453
2092.000       1.8849
2093.000       1.7619
2094.000       1.6209
2095.000       1.6629
2098.000       1.5587
2100.000       1.4820
2101.000       1.3904
2103.000       1.2915
2104.000       1.3216
2106.000       1.2642
2108.000       1.1627
2109.000       1.1463
2110.000       1.1522
2112.000       1.2166
2113.000       1.2645
2114.000       1.4934
2116.000       1.4325
2118.000       1.5485
2120.000       1.5940
2121.000       1.6157
2122.000       1.7837
2123.000       1.6297
2124.000       1.5419
2125.000       1.6048
2128.000       1.5509
2130.000       1.4565
2131.000       1.3958
2133.000       1.2750
2134.000       1.2772
2136.000       1.2171
2138.000       1.1292
2139.000       1.1083
2142.000       1.1418
2143.000       1.2207
2144.000       1.3008
2145.000       1.5338
2147.000       1.4870
2149.000       1.6358
2151.000       1.6755
2152.000       1.7423
2153.000       1.9498
2154.000       1.7368
2155.000       1.6808
2156.000       1.7848
2159.000       1.7461
2161.000       1.6192
2162.000       1.5583
2164.000       1.3975
2165.000       1.3815
2167.000       1.2929
2169.000       1.2074
2170.000       1.1783
2173.000       1.2161
2174.000       1.3195
2175.000       1.3920
2176.000       1.7369
2178.000       1.6859
2180.000       1.8663
2182.000       1.9236
2183.000       1.9962
2184.000       2.2507
2185.000       1.9541
2186.000       1.9285
2187.000       2.0613
2190.000       1.9940
2192.000       1.8336
2193.000       1.7289
2195.000       1.5433
2196.000       1.5186
2198.000       1.3938
2199.000       1.3227
2200.000       1.2490
2201.000       1.2512
2202.000       1.2591
2204.000       1.3332
2205.000       1.3802
2208.000       1.4275
2209.000       1.4117
2210.000       1.9805
2212.000       1.8812
2214.000       2.0558
2216.000       2.2092
2217.000       2.3029
2218.000       2.5902
2219.000       2.2634
2220.000       2.1982
2221.000       2.3062
2224.000       2.1908
2226.000       1.9735
2227.000       1.8714
2229.000       1.7250
2230.000       1.7497
2232.000       1.6802
2234.000       1.6002
2235.000       1.6146
2238.000       1.5852
2239.000       1.6359
2240.000       1.6714
2241.000       2.2229
2243.000       2.0794
2245.000       2.2051
2247.000       2.4669
2248.000       2.6178
2249.000       2.9104
2250.000       2.6157
2251.000       2.5237
2252.000       2.6390
2255.000       2.5447
2257.000       2.3047
2258.000       2.2883
2260.000       2.1968
2261.000       2.1796
2263.000       2.1408
2264.000       2.1477
2265.000       2.2006
2266.000       2.2387
2267.000       2.2867
2269.000       2.3061
2270.000       2.4404
2273.000       2.2614
2274.000       2.1845
2275.000       2.6685
2277.000       2.5559
2279.000       2.6698
2281.000       2.9439
2282.000       3.1923
2283.000       3.4783
2284.000       3.1992
2285.000       3.1697
2286.000       3.2623
2289.000       3.2734
2291.000       3.0216
2292.000       3.0946
2294.000       2.9698
2295.000       2.8920
2297.000       2.8266
2299.000       2.8546
2300.000       2.8522
2303.000       2.9517
2304.000       3.0021
2305.000       3.1377
2306.000       3.4827
2308.000       3.4259
2310.000       3.5974
2312.000       3.7879
2313.000       4.0935
2314.000       4.5297
2315.000       4.3870
2316.000       3.9602
2317.000       4.1823
2320.000       4.3345
2322.000       4.5823
2323.000       4.6118
2325.000       4.8080
2326.000       4.9132
2328.000       5.2890
2329.000       5.4820
2330.000       6.0769
2331.000       6.5847
2334.000       6.3047
2335.000       5.9203
2337.000       5.3615
2338.000       5.1686
2339.000       4.1837
2341.000       4.2610
2343.000       4.5225
2345.000       4.5175
