   2.000       3.7338
   3.000       3.7637
   6.000       3.6938
   8.000       3.6754
   9.000       3.5320
  11.000       3.3368
  12.000       3.2758
  14.000       3.1086
  15.000       3.0642
  16.000       2.9374
  17.000       2.8255
  18.000       2.9959
  20.000       3.1446
  21.000       3.2174
  24.000       3.2584
  25.000       3.2106
  26.000       3.4917
  28.000       3.4838
  30.000       3.6837
  32.000       3.5650
  33.000       3.4279
  34.000       3.6184
  35.000       3.3076
  36.000       3.3021
  37.000       3.4263
  40.000       3.3253
  42.000       3.2711
  43.000       3.1191
  45.000       2.9394
  46.000       2.9110
  48.000       2.7572
  49.000       2.6791
  50.000       2.5424
  51.000       2.4458
  52.000       2.5674
  54.000       2.7031
  55.000       2.7516
  58.000       2.8211
  59.000       2.8007
  60.000       3.1543
  62.000       3.1009
  64.000       3.2625
  66.000       3.2388
  67.000       3.1344
  68.000       3.3216
  69.000       3.0688
  70.000       2.9775
  71.000       3.0740
  74.000       2.9513
  76.000       2.8627
  77.000       2.7206
  79.000       2.5618
  80.000       2.5616
  82.000       2.4423
  84.000       2.3032
  85.000       2.2044
  88.000       2.3117
  89.000       2.4463
  90.000       2.4993
  91.000       2.8121
  93.000       2.7261
  95.000       2.8714
  97.000       2.9119
  98.000       2.8432
  99.000       3.0215
 100.000       2.7996
 101.000       2.6998
 102.000       2.7701
 105.000       2.6534
 107.000       2.5668
 108.000       2.4333
 110.000       2.2943
 111.000       2.3051
 113.000       2.2175
 115.000       2.0974
 116.000       2.0462
 117.000       2.0907
 119.000       2.1926
 120.000       2.2293
 121.000       2.5381
 123.000       2.4467
 125.000       2.5675
 127.000       2.6341
 128.000       2.5890
 129.000       2.7536
 130.000       2.5812
 131.000       2.4388
 132.000       2.4725
 135.000       2.3479
 137.000       2.2713
 138.000       2.1397
 140.000       2.0420
 141.000       2.1056
 143.000       2.0643
 145.000       1.9451
 146.000       1.9544
 147.000       1.8750
 149.000       1.9258
 150.000       1.9148
 151.000       2.2650
 153.000       2.1675
 155.000       2.2369
 157.000       2.3316
 158.000       2.3006
 159.000       2.4673
 160.000       2.3295
 161.000       2.1263
 162.000       2.1577
 165.000       2.0314
 167.000       1.9320
 168.000       1.8274
 170.000       1.7721
 171.000       1.8295
 173.000       1.7822
 174.000       1.6852
 175.000       1.6477
 176.000       1.6905
 179.000       1.6366
 180.000       1.6488
 182.000       1.6765
 183.000       1.6917
 184.000       1.9702
 186.000       1.8732
 188.000       1.9594
 190.000       2.0740
 191.000       2.1078
 192.000       2.2439
 193.000       2.1590
 194.000       2.0098
 195.000       2.0197
 198.000       1.8981
 200.000       1.8554
 201.000       1.7649
 203.000       1.7243
 204.000       1.8496
 206.000       1.8582
 208.000       1.7409
 209.000       1.7813
 210.000       1.6462
 212.000       1.6364
 213.000       1.6156
 214.000       1.8697
 216.000       1.7946
 218.000       1.8392
 220.000       1.9512
 221.000       1.9998
 222.000       2.1837
 223.000       2.0666
 224.000       1.8929
 225.000       1.9202
 228.000       1.8610
 230.000       1.8023
 231.000       1.7909
 233.000       1.7732
 234.000       1.7845
 236.000       1.8099
 238.000       1.8186
 239.000       1.8802
 242.000       1.8367
 243.000       1.8173
 244.000       1.8997
 245.000       1.9083
 247.000       1.8624
 249.000       1.9198
 251.000       2.0239
 252.000       2.2440
 253.000       2.3987
 254.000       2.7130
 255.000       2.2657
 256.000       2.1098
 259.000       2.4331
 261.000       2.8022
 262.000       3.2953
 264.000       3.7900
 265.000       4.0792
 267.000       4.6231
 268.000       4.7413
 269.000       5.3889
 270.000       5.9046
 273.000       5.6853
 274.000       5.3596
 276.000       4.6567
 277.000       4.3270
 278.000       2.9218
 280.000       3.3608
 282.000       3.9928
 284.000       3.0878
 285.000       3.1355
 286.000       3.2016
 287.000       3.4396
 288.000       2.8805
 289.000       2.9292
 292.000       2.7299
 294.000       2.5725
 295.000       2.2984
 297.000       2.1005
 298.000       2.1943
 300.000       2.1190
 301.000       1.9251
 302.000       1.8816
 303.000       2.0121
 306.000       1.8781
 307.000       1.9216
 309.000       1.9565
 310.000       1.9332
 311.000       2.6183
 313.000       2.3713
 315.000       2.4738
 317.000       2.8245
 318.000       2.8541
 319.000       3.1057
 320.000       2.8296
 321.000       2.6814
 322.000       2.7386
 325.000       2.5639
 327.000       2.4423
 328.000       2.2694
 330.000       2.1988
 331.000       2.2808
 333.000       2.2229
 334.000       2.0777
 335.000       1.9754
 336.000       2.0041
 337.000       1.8692
 339.000       1.8760
 340.000       1.8183
 343.000       1.9809
 344.000       2.0686
 345.000       2.4656
 347.000       2.2832
 349.000       2.2828
 351.000       2.5458
 352.000       2.5174
 353.000       2.6649
 354.000       2.5357
 355.000       2.3316
 356.000       2.3113
 359.000       2.1419
 361.000       2.0692
 362.000       1.9486
 364.000       1.9584
 365.000       2.0660
 367.000       2.0637
 368.000       1.9299
 369.000       1.8665
 370.000       1.9289
 373.000       1.7582
 374.000       1.7200
 376.000       1.7722
 377.000       1.8700
 378.000       2.0621
 380.000       1.9467
 382.000       1.9238
 384.000       2.0495
 385.000       2.3451
 386.000       2.9525
 387.000       2.5949
 388.000       1.9864
 389.000       2.0366
 392.000       1.8043
 394.000       1.7321
 395.000       1.7033
 397.000       1.5383
 398.000       1.5866
 400.000       1.4663
 401.000       1.3909
 402.000       1.4422
 403.000       1.5304
 404.000       1.5251
 406.000       1.5064
 407.000       1.6366
 410.000       1.4549
 411.000       1.4197
 412.000       1.7827
 414.000       1.8504
 416.000       2.4951
 418.000       1.9846
 419.000       2.4995
 420.000       3.1313
 421.000       3.0542
 422.000       2.3504
 423.000       2.6667
 426.000       2.8733
 428.000       3.5479
 429.000       3.6862
 431.000       4.4518
 432.000       4.8733
 434.000       5.8485
 435.000       6.0620
 436.000       7.0896
 437.000       8.0722
 440.000       7.2963
 441.000       6.5651
 443.000       5.5613
 444.000       5.2803
 445.000       2.4510
 447.000       2.9403
 449.000       2.9522
 451.000       2.3413
 452.000       2.2391
 453.000       2.6793
 454.000       2.2576
 455.000       1.9945
 456.000       2.0403
 459.000       1.9227
 461.000       1.9015
 462.000       1.7833
 464.000       1.6766
 465.000       1.6854
 467.000       1.6018
 468.000       1.5286
 469.000       1.4545
 470.000       1.4354
 471.000       1.4478
 473.000       1.5071
 474.000       1.5297
 477.000       1.5789
 478.000       1.5812
 479.000       1.7826
 481.000       1.7505
 483.000       1.8640
 485.000       1.8211
 486.000       1.7549
 487.000       1.8842
 488.000       1.7492
 489.000       1.6557
 490.000       1.7212
 493.000       1.6491
 495.000       1.6105
 496.000       1.5357
 498.000       1.4579
 499.000       1.4570
 501.000       1.4070
 502.000       1.3657
 503.000       1.3259
 504.000       1.3161
 505.000       1.3354
 507.000       1.3821
 508.000       1.4195
 511.000       1.4192
 512.000       1.4044
 513.000       1.5754
 515.000       1.5469
 517.000       1.6456
 519.000       1.6378
 520.000       1.6339
 521.000       1.7614
 522.000       1.6362
 523.000       1.5720
 524.000       1.6398
 527.000       1.5931
 529.000       1.5335
 530.000       1.4927
 532.000       1.4111
 533.000       1.3958
 535.000       1.3516
 537.000       1.3188
 538.000       1.3131
 539.000       1.3437
 541.000       1.3896
 542.000       1.4479
 543.000       1.5739
 545.000       1.5487
 547.000       1.6484
 549.000       1.6670
 550.000       1.7143
 551.000       1.8642
 552.000       1.7317
 553.000       1.6553
 554.000       1.7008
 557.000       1.6511
 559.000       1.5500
 560.000       1.5157
 562.000       1.4543
 563.000       1.4756
 565.000       1.4413
 566.000       1.3891
 567.000       1.3701
 568.000       1.4062
 569.000       1.3649
 571.000       1.3782
 572.000       1.4082
 575.000       1.4030
 576.000       1.4007
 577.000       1.6906
 579.000       1.6293
 581.000       1.7087
 583.000       1.8349
 584.000       1.8732
 585.000       2.0297
 586.000       1.9232
 587.000       1.8726
 588.000       1.9108
 591.000       1.8822
 593.000       1.7679
 594.000       1.7969
 596.000       1.7391
 597.000       1.7891
 599.000       1.7404
 600.000       1.6459
 601.000       1.5877
 602.000       1.6120
 603.000       1.5400
 605.000       1.5461
 606.000       1.5282
 609.000       1.5989
 610.000       1.6456
 611.000       1.9902
 613.000       1.9441
 615.000       2.0357
 617.000       2.0454
 618.000       2.1717
 619.000       2.2857
 620.000       2.2740
 621.000       2.1467
 622.000       2.1316
 625.000       2.0833
 627.000       1.9739
 628.000       1.9986
 630.000       1.9180
 631.000       1.9034
 633.000       1.8491
 634.000       1.8282
 635.000       1.8002
 636.000       1.7834
 639.000       1.8169
 640.000       1.8585
 642.000       1.8914
 643.000       1.8705
 644.000       2.1871
 646.000       2.1494
 648.000       2.2454
 650.000       2.2126
 651.000       2.3032
 652.000       2.4227
 653.000       2.4080
 654.000       2.1977
 655.000       2.1226
 658.000       1.9799
 660.000       1.9410
 661.000       1.8450
 663.000       1.8759
 664.000       1.9936
 666.000       2.0008
 667.000       1.8783
 668.000       1.8460
 669.000       1.9135
 670.000       1.7498
 672.000       1.6909
 673.000       1.6359
 676.000       1.7129
 677.000       1.8043
 678.000       1.9253
 680.000       1.8146
 682.000       1.7803
 684.000       1.9604
 685.000       1.9928
 686.000       2.0747
 687.000       2.1056
 688.000       1.8632
 689.000       1.7929
 692.000       1.7518
 694.000       1.7507
 695.000       1.7401
 697.000       1.7427
 698.000       1.7915
 700.000       1.7982
 701.000       1.7446
 702.000       1.7463
 703.000       1.7985
 704.000       1.7190
 706.000       1.7009
 707.000       1.7064
 710.000       1.7028
 711.000       1.7181
 712.000       1.7797
 714.000       1.7685
 716.000       1.8205
 718.000       1.8389
 719.000       1.8173
 720.000       1.9596
 721.000       1.8334
 722.000       1.7803
 723.000       1.8959
 726.000       1.9004
 728.000       1.8329
 729.000       1.7892
 731.000       1.6412
 732.000       1.6293
 734.000       1.6189
 735.000       1.6025
 736.000       1.6234
 737.000       1.6727
 738.000       1.6247
 740.000       1.6152
 741.000       1.6457
 744.000       1.6097
 745.000       1.6000
 746.000       1.8403
 748.000       1.8639
 750.000       2.1177
 752.000       2.0523
 753.000       2.1171
 754.000       2.1631
 755.000       2.5111
 756.000       2.0265
 757.000       1.9950
 760.000       2.0042
 762.000       2.0565
 763.000       2.1115
 765.000       2.1176
 766.000       2.1092
 768.000       2.1657
 769.000       2.2106
 770.000       2.3097
 771.000       2.3828
 774.000       2.3834
 775.000       2.3656
 777.000       2.2780
 778.000       2.1928
 779.000       2.0437
 781.000       2.1216
 783.000       2.2115
 785.000       2.0916
 786.000       2.1185
 787.000       2.2699
 788.000       2.0913
 789.000       2.1076
 790.000       2.1985
 793.000       2.1992
 795.000       2.2021
 796.000       2.1495
 798.000       2.0545
 799.000       2.0136
 801.000       1.9505
 803.000       1.9280
 804.000       1.8968
 807.000       1.9690
 808.000       2.0331
 809.000       2.1053
 810.000       2.1375
 812.000       2.1517
 814.000       2.2772
 816.000       2.2151
 817.000       2.2041
 818.000       2.3746
 819.000       2.1329
 820.000       2.1621
 821.000       2.2586
 824.000       2.2112
 826.000       2.1434
 827.000       2.0838
 829.000       1.9798
 830.000       1.9560
 832.000       1.8974
 834.000       1.8626
 835.000       1.8580
 836.000       1.8882
 838.000       1.9463
 839.000       2.0072
 840.000       2.1604
 842.000       2.1230
 844.000       2.2329
 846.000       2.2625
 847.000       2.2808
 848.000       2.4307
 849.000       2.2356
 850.000       2.2442
 851.000       2.3346
 854.000       2.2710
 856.000       2.1844
 857.000       2.1050
 859.000       2.0007
 860.000       2.0019
 862.000       1.9229
 863.000       1.8680
 864.000       1.8066
 865.000       1.7901
 866.000       1.7997
 868.000       1.8431
 869.000       1.8505
 872.000       1.9039
 873.000       1.9125
 874.000       2.2239
 876.000       2.1563
 878.000       2.2539
 880.000       2.3417
 881.000       2.3509
 882.000       2.5255
 883.000       2.3156
 884.000       2.2706
 885.000       2.2895
 888.000       2.2124
 890.000       2.1300
 891.000       2.0449
 893.000       1.9447
 894.000       1.9465
 896.000       1.8746
 897.000       1.8191
 898.000       1.7539
 899.000       1.7347
 900.000       1.7427
 902.000       1.7904
 903.000       1.8034
 906.000       1.8527
 907.000       1.8627
 908.000       2.1622
 910.000       2.0942
 912.000       2.1928
 914.000       2.2795
 915.000       2.3016
 916.000       2.4674
 917.000       2.3175
 918.000       2.1821
 919.000       2.1954
 922.000       2.0795
 924.000       1.9956
 925.000       1.8955
 927.000       1.8561
 928.000       1.9207
 930.000       1.9130
 932.000       1.8328
 933.000       1.8556
 936.000       1.7657
 937.000       1.7740
 938.000       1.7374
 939.000       2.0426
 941.000       1.9298
 943.000       1.9469
 945.000       2.1288
 946.000       2.1662
 947.000       2.2993
 948.000       2.2090
 949.000       2.0625
 950.000       2.0507
 953.000       1.9487
 955.000       1.8843
 956.000       1.8175
 958.000       1.8055
 959.000       1.8587
 961.000       1.8693
 963.000       1.8193
 964.000       1.8488
 967.000       1.7668
 968.000       1.7605
 969.000       1.7396
 970.000       1.9360
 972.000       1.8503
 974.000       1.8732
 976.000       2.0099
 977.000       2.0668
 978.000       2.1892
 979.000       2.1406
 980.000       1.9660
 981.000       1.9452
 984.000       1.8586
 986.000       1.7849
 987.000       1.7387
 989.000       1.7324
 990.000       1.8123
 992.000       1.8410
 994.000       1.7877
 995.000       1.8501
 998.000       1.7133
 999.000       1.6817
1000.000       1.6524
1001.000       1.8996
1003.000       1.8094
1005.000       1.8244
1007.000       2.0127
1008.000       2.1194
1009.000       2.2839
1010.000       2.2098
1011.000       2.0276
1012.000       1.9916
1015.000       1.9521
1017.000       1.9495
1018.000       1.9973
1020.000       2.1048
1021.000       2.2468
1023.000       2.3322
1024.000       2.2478
1025.000       2.3120
1026.000       2.4513
1027.000       2.2336
1029.000       2.1105
1030.000       2.0889
1033.000       2.0383
1034.000       2.1111
1035.000       2.0251
1037.000       2.0336
1039.000       2.0001
1041.000       2.0484
1042.000       2.2164
1043.000       2.3140
1044.000       2.3554
1045.000       2.1908
1046.000       2.1100
1049.000       2.1408
1051.000       2.1152
1052.000       2.2096
1054.000       2.2643
1055.000       2.3291
1057.000       2.4081
1058.000       2.3915
1059.000       2.4883
1060.000       2.6133
1063.000       2.5186
1064.000       2.4539
1066.000       2.3511
1067.000       2.3145
1068.000       2.3029
1070.000       2.3304
1072.000       2.3912
1074.000       2.3971
1075.000       2.3571
1076.000       2.5360
1077.000       2.2902
1078.000       2.2615
1079.000       2.2080
1082.000       2.1886
1084.000       2.3460
1085.000       2.4262
1087.000       2.6539
1088.000       2.7492
1090.000       3.0321
1092.000       3.2271
1093.000       3.5655
1096.000       3.1801
1097.000       2.8902
1098.000       2.9392
1099.000       2.1430
1101.000       2.3785
1103.000       2.5239
1105.000       2.1040
1106.000       2.0284
1107.000       2.3265
1108.000       2.1995
1109.000       1.8811
1110.000       1.8667
1113.000       1.7650
1115.000       1.7796
1116.000       1.6791
1118.000       1.7130
1119.000       1.7382
1121.000       1.7835
1122.000       1.7936
1123.000       1.8681
1124.000       1.9438
1125.000       1.8871
1127.000       1.8448
1128.000       1.8950
1131.000       1.7801
1132.000       1.7527
1133.000       1.6706
1135.000       1.6340
1137.000       1.5864
1139.000       1.6462
1140.000       1.6265
1141.000       1.7567
1142.000       1.6064
1143.000       1.5939
1144.000       1.6562
1147.000       1.6421
1149.000       1.6798
1150.000       1.6547
1152.000       1.6129
1153.000       1.5807
1155.000       1.5647
1156.000       1.5895
1157.000       1.6206
1158.000       1.6269
1161.000       1.6842
1162.000       1.7129
1164.000       1.6907
1165.000       1.6237
1166.000       1.5689
1168.000       1.6138
1170.000       1.6891
1172.000       1.5585
1173.000       1.5050
1174.000       1.5617
1175.000       1.4692
1176.000       1.5199
1177.000       1.5862
1180.000       1.6189
1182.000       1.6435
1183.000       1.6467
1185.000       1.5811
1186.000       1.5166
1188.000       1.4829
1189.000       1.5322
1190.000       1.5647
1191.000       1.5415
1194.000       1.6638
1195.000       1.7245
1197.000       1.7028
1198.000       1.6007
1199.000       1.5854
1201.000       1.6439
1203.000       1.7543
1205.000       1.6345
1206.000       1.6277
1207.000       1.7585
1208.000       1.6020
1209.000       1.6201
1210.000       1.7125
1213.000       1.7017
1215.000       1.6754
1216.000       1.6187
1218.000       1.5124
1219.000       1.4908
1221.000       1.4153
1222.000       1.3863
1223.000       1.3503
1224.000       1.3200
1227.000       1.4039
1228.000       1.4829
1230.000       1.5104
1231.000       1.4573
1232.000       1.6383
1234.000       1.6319
1236.000       1.7597
1238.000       1.7184
1239.000       1.6974
1240.000       1.8478
1241.000       1.6973
1242.000       1.6158
1243.000       1.6770
1246.000       1.6072
1248.000       1.5701
1249.000       1.4938
1251.000       1.4230
1252.000       1.4344
1254.000       1.3953
1256.000       1.3392
1257.000       1.3403
1260.000       1.3457
1261.000       1.3876
1262.000       1.4425
1263.000       1.5385
1265.000       1.5043
1267.000       1.6048
1269.000       1.6136
1270.000       1.6310
1271.000       1.7837
1272.000       1.6449
1273.000       1.5555
1274.000       1.5974
1277.000       1.5446
1279.000       1.4895
1280.000       1.4508
1282.000       1.3893
1283.000       1.3685
1285.000       1.3341
1287.000       1.3232
1288.000       1.3318
1291.000       1.3533
1292.000       1.3848
1293.000       1.4488
1294.000       1.5277
1296.000       1.4966
1298.000       1.5898
1300.000       1.6230
1301.000       1.6713
1302.000       1.8289
1303.000       1.6765
1304.000       1.6336
1305.000       1.6783
1308.000       1.6408
1310.000       1.5713
1311.000       1.5415
1313.000       1.4589
1314.000       1.4321
1316.000       1.3745
1318.000       1.3480
1319.000       1.3257
1322.000       1.3874
1323.000       1.4396
1324.000       1.5068
1325.000       1.6310
1327.000       1.6090
1329.000       1.7104
1331.000       1.7350
1332.000       1.7632
1333.000       1.9357
1334.000       1.7344
1335.000       1.7245
1336.000       1.8530
1339.000       1.8170
1341.000       1.7165
1342.000       1.6749
1344.000       1.5325
1345.000       1.4797
1347.000       1.3833
1348.000       1.3695
1349.000       1.3136
1350.000       1.2624
1351.000       1.3777
1353.000       1.4872
1354.000       1.5768
1357.000       1.5412
1358.000       1.4716
1359.000       1.8109
1361.000       1.7817
1363.000       1.9393
1365.000       1.9692
1366.000       2.0124
1367.000       2.2227
1368.000       1.9509
1369.000       1.9572
1370.000       2.0687
1373.000       2.0092
1375.000       1.8711
1376.000       1.7815
1378.000       1.6234
1379.000       1.5813
1381.000       1.4571
1382.000       1.3962
1383.000       1.2845
1384.000       1.2150
1385.000       1.3147
1387.000       1.4455
1388.000       1.5052
1391.000       1.5502
1392.000       1.5109
1393.000       1.9954
1395.000       1.9069
1397.000       2.0209
1399.000       2.1609
1400.000       2.2131
1401.000       2.4223
1402.000       2.1883
1403.000       2.1078
1404.000       2.1730
1407.000       2.0857
1409.000       1.9131
1410.000       1.8197
1412.000       1.6615
1413.000       1.6701
1415.000       1.5584
1417.000       1.4212
1418.000       1.3498
1421.000       1.4038
1422.000       1.5323
1423.000       1.5660
1424.000       2.0964
1426.000       1.9717
1428.000       2.0935
1430.000       2.2938
1431.000       2.3898
1432.000       2.6284
1433.000       2.3745
1434.000       2.2866
1435.000       2.3517
1438.000       2.2405
1440.000       2.0181
1441.000       1.9290
1443.000       1.8446
1444.000       1.9089
1446.000       1.8682
1447.000       1.7693
1448.000       1.7552
1449.000       1.8348
1452.000       1.7379
1453.000       1.7211
1455.000       1.7306
1456.000       1.7542
1457.000       2.3203
1459.000       2.1261
1461.000       2.1822
1463.000       2.4938
1464.000       2.6764
1465.000       3.0858
1466.000       2.9122
1467.000       2.2933
1468.000       2.2372
1471.000       2.0294
1473.000       1.8541
1474.000       1.8807
1476.000       1.8206
1477.000       2.0244
1479.000       2.0107
1480.000       1.7811
1481.000       1.7751
1482.000       1.9253
1485.000       1.7713
1486.000       1.7533
1488.000       1.6905
1489.000       1.6960
1490.000       2.1436
1492.000       2.1166
1494.000       2.2987
1496.000       2.2157
1497.000       2.3000
1498.000       2.5798
1499.000       2.3663
1500.000       2.2729
1501.000       2.3347
1504.000       2.2538
1506.000       2.1295
1507.000       2.0310
1509.000       1.9483
1510.000       2.0716
1512.000       2.0540
1514.000       1.9119
1515.000       1.9495
1518.000       1.7934
1519.000       1.8047
1520.000       1.7372
1521.000       2.2540
1523.000       2.1904
1525.000       2.3602
1527.000       2.4104
1528.000       2.5025
1529.000       2.6804
1530.000       2.5831
1531.000       2.3523
1532.000       2.3463
1535.000       2.2202
1537.000       2.0458
1538.000       2.0010
1540.000       2.0302
1541.000       2.1586
1543.000       2.2161
1545.000       2.1668
1546.000       2.2734
1549.000       2.0773
1550.000       1.9941
1551.000       1.9469
1552.000       2.3106
1554.000       2.1722
1556.000       2.1754
1558.000       2.4890
1559.000       2.7126
1560.000       2.9046
1561.000       2.8112
1562.000       2.6458
1563.000       2.6428
1566.000       2.6337
1568.000       2.4334
1569.000       2.5427
1571.000       2.5416
1572.000       2.5322
1574.000       2.5566
1575.000       2.6008
1576.000       2.6898
1577.000       2.7269
1580.000       2.7908
1581.000       2.7893
1583.000       2.6969
1584.000       2.6036
1585.000       2.8615
1587.000       2.8171
1589.000       2.8845
1591.000       3.1004
1592.000       3.3893
1593.000       3.6027
1594.000       3.4098
1595.000       3.4558
1596.000       3.5639
1599.000       3.6635
1601.000       3.4591
1602.000       3.5766
1604.000       3.4266
1605.000       3.3327
1607.000       3.2813
1608.000       3.3438
1609.000       3.3740
1610.000       3.3454
1611.000       3.4848
1613.000       3.5575
1614.000       3.6778
1617.000       3.5358
1618.000       3.4269
1619.000       3.8721
1621.000       3.8831
1623.000       4.0841
1625.000       4.1554
1626.000       4.3566
1627.000       4.6427
1628.000       4.2306
1629.000       4.4364
1630.000       4.5816
1633.000       4.7157
1635.000       4.9304
1636.000       4.9641
1638.000       4.9160
1639.000       4.8285
1641.000       4.8733
1642.000       5.0029
1643.000       5.1581
1644.000       5.2020
1647.000       5.3222
1648.000       5.3289
1650.000       5.1971
1651.000       5.0324
1652.000       4.5435
1654.000       4.7773
1656.000       4.9570
1658.000       4.4497
1659.000       4.1735
1660.000       4.1818
1661.000       3.9982
1662.000       4.2190
1663.000       4.3928
1666.000       4.5050
1668.000       4.6502
1669.000       4.6211
1671.000       4.4717
1672.000       4.2907
1674.000       4.2316
1675.000       4.3850
1676.000       4.4554
1677.000       4.3740
1680.000       4.6559
1681.000       4.7799
1683.000       4.7355
1684.000       4.5334
1685.000       4.3006
1687.000       4.4829
1689.000       4.7198
1691.000       4.2593
1692.000       4.0223
1693.000       4.0593
1694.000       3.7683
1695.000       4.1211
1696.000       4.3425
1699.000       4.4655
1701.000       4.5456
1702.000       4.5140
1704.000       4.2992
1705.000       4.0780
1707.000       3.9424
1708.000       4.0911
1709.000       4.0995
1710.000       3.9314
1713.000       4.3183
1714.000       4.5160
1716.000       4.5316
1717.000       4.3115
1718.000       4.2930
1720.000       4.4461
1722.000       4.7194
1724.000       4.3394
1725.000       4.1092
1726.000       4.3314
1727.000       4.0414
1728.000       3.8891
1729.000       3.9684
1732.000       3.7905
1734.000       3.7756
1735.000       3.5315
1737.000       3.3749
1738.000       3.4202
1740.000       3.2936
1742.000       3.1049
1743.000       3.0132
1744.000       3.0718
1746.000       3.1994
1747.000       3.1850
1748.000       3.5054
1750.000       3.3919
1752.000       3.4918
1754.000       3.5216
1755.000       3.3069
1756.000       3.4484
1757.000       3.2361
1758.000       3.0863
1759.000       3.1071
1762.000       2.9263
1764.000       2.9339
1765.000       2.7208
1767.000       2.6110
1768.000       2.6811
1770.000       2.5778
1771.000       2.4230
1772.000       2.2913
1773.000       2.2907
1774.000       2.1943
1776.000       2.2172
1777.000       2.1478
1780.000       2.3433
1781.000       2.4424
1782.000       2.6744
1784.000       2.5744
1786.000       2.6512
1788.000       2.6631
1789.000       2.5043
1790.000       2.6064
1791.000       2.5072
1792.000       2.2936
1793.000       2.2823
1796.000       2.0955
1798.000       2.1176
1799.000       1.9192
1801.000       1.8655
1802.000       1.9983
1804.000       1.9498
1805.000       1.7846
1806.000       1.7277
1807.000       1.7984
1808.000       1.6419
1810.000       1.5958
1811.000       1.5689
1814.000       1.6287
1815.000       1.7315
1816.000       1.8831
1818.000       1.7802
1820.000       1.8124
1822.000       1.8762
1823.000       1.7305
1824.000       1.8638
1825.000       1.8737
1826.000       1.4184
1827.000       1.3543
1830.000       1.1612
1832.000       1.1746
1833.000       1.0856
1835.000       1.1306
1836.000       1.2582
1838.000       1.3873
1840.000       1.3878
1841.000       1.5573
1842.000       1.2962
1844.000       1.1873
1845.000       1.2636
1846.000       1.0446
1848.000       1.0391
1850.000       1.1799
1852.000       1.0705
1853.000       1.0788
1854.000       1.2295
1855.000       1.1674
1856.000       0.9750
1857.000       1.0027
1860.000       0.9732
1862.000       0.9571
1863.000       0.9950
1865.000       0.9821
1866.000       0.9775
1868.000       1.0076
1869.000       1.0308
1870.000       1.1083
1871.000       1.1560
1872.000       1.1940
1874.000       1.2111
1875.000       1.3453
1878.000       1.1390
1879.000       1.0406
1880.000       1.0077
1882.000       1.0476
1884.000       1.1525
1886.000       1.1023
1887.000       1.1729
1888.000       1.3348
1889.000       1.1708
1890.000       1.1880
1891.000       1.3000
1894.000       1.3344
1896.000       1.2708
1897.000       1.2996
1899.000       1.1958
1900.000       1.1075
1902.000       1.0558
1904.000       1.0811
1905.000       1.0859
1908.000       1.1723
1909.000       1.2377
1910.000       1.3804
1911.000       1.3702
1913.000       1.4006
1915.000       1.5540
1917.000       1.5144
1918.000       1.6082
1919.000       1.8013
1920.000       1.5744
1921.000       1.6132
1922.000       1.7295
1925.000       1.7274
1927.000       1.6559
1928.000       1.6343
1930.000       1.5007
1931.000       1.4250
1933.000       1.3238
1935.000       1.2977
1936.000       1.2453
1939.000       1.3749
1940.000       1.4827
1941.000       1.6002
1942.000       1.7175
1944.000       1.7158
1946.000       1.8855
1948.000       1.8275
1949.000       1.8126
1950.000       2.3520
1951.000       1.9833
1952.000       1.6627
1953.000       1.7479
1956.000       1.6666
1958.000       1.7230
1959.000       1.6280
1961.000       1.5887
1962.000       1.6998
1964.000       1.7006
1965.000       1.5917
1966.000       1.6404
1967.000       1.7384
1970.000       1.7047
1971.000       1.6973
1973.000       1.6073
1974.000       1.5516
1975.000       1.6180
1977.000       1.6146
1979.000       1.6604
1981.000       1.6272
1982.000       1.6462
1983.000       1.6955
1984.000       1.7500
1985.000       1.6125
1986.000       1.5918
1989.000       1.5864
1991.000       1.5957
1992.000       1.5779
1994.000       1.5159
1995.000       1.4944
1997.000       1.4638
1998.000       1.4811
1999.000       1.5165
2000.000       1.5069
2003.000       1.6082
2004.000       1.6538
2006.000       1.6150
2007.000       1.5244
2008.000       1.6099
2010.000       1.6250
2012.000       1.7053
2014.000       1.6677
2015.000       1.7329
2016.000       1.7616
2017.000       1.8331
2018.000       1.7333
2019.000       1.7827
2022.000       1.8546
2024.000       1.9135
2025.000       1.9616
2027.000       2.0127
2028.000       1.9657
2030.000       2.0436
2032.000       2.1985
2033.000       2.3301
2034.000       2.2695
2036.000       2.1807
2037.000       2.3148
2038.000       1.8813
2040.000       1.9119
2042.000       2.0303
2044.000       1.9848
2045.000       2.0204
2046.000       2.1933
2047.000       2.0564
2048.000       1.9256
2049.000       1.9234
2052.000       1.8475
2054.000       1.9418
2055.000       1.9196
2057.000       1.9750
2058.000       2.0749
2060.000       2.1323
2062.000       2.0924
2063.000       2.1665
2064.000       2.0217
2066.000       1.9636
2067.000       1.9638
2068.000       1.7872
2070.000       1.8545
2072.000       1.8946
2074.000       1.7548
2075.000       1.6686
2076.000       1.6996
2077.000       1.6865
2078.000       1.6307
2079.000       1.6351
2082.000       1.6578
2084.000       1.6287
2085.000       1.6819
2087.000       1.6463
2088.000       1.6259
2090.000       1.6353
2092.000       1.6733
2093.000       1.7170
2096.000       1.7027
2097.000       1.6885
2098.000       1.7532
2099.000       1.7253
2101.000       1.7623
2103.000       1.8465
2105.000       1.8204
2106.000       1.8778
2107.000       1.9735
2108.000       1.8561
2109.000       1.9098
2110.000       1.9702
2113.000       1.9687
2115.000       1.9418
2116.000       1.9050
2118.000       1.8344
2119.000       1.8534
2121.000       1.8461
2123.000       1.8122
2124.000       1.8400
2127.000       1.7950
2128.000       1.8053
2129.000       1.8251
2130.000       1.9669
2132.000       1.9517
2134.000       2.0355
2136.000       2.0503
2137.000       2.0672
2138.000       2.2102
2139.000       2.0835
2140.000       1.9842
2141.000       2.0028
2144.000       1.9063
2146.000       1.8825
2147.000       1.8107
2149.000       1.8020
2150.000       1.8530
2152.000       1.8939
2154.000       1.8816
2155.000       1.9594
2156.000       1.8275
2158.000       1.7929
2159.000       1.7980
2160.000       1.8578
2162.000       1.8126
2164.000       1.8516
2166.000       1.8765
2167.000       1.8811
2168.000       1.9798
2169.000       1.9775
2170.000       1.7900
2171.000       1.7402
2174.000       1.7080
2176.000       1.7937
2177.000       1.9189
2179.000       1.8924
2180.000       1.8848
2182.000       1.8923
2183.000       1.9048
2184.000       1.9460
2185.000       1.9819
2186.000       1.9865
2188.000       1.9896
2189.000       2.0533
2192.000       1.9572
2193.000       1.9086
2194.000       1.7208
2196.000       2.0327
2198.000       2.4880
2200.000       1.6969
2201.000       1.7506
2202.000       2.1282
2203.000       1.7866
2204.000       1.6679
2205.000       1.8737
2208.000       1.8280
2210.000       1.8237
2211.000       1.7577
2213.000       1.6365
2214.000       1.6016
2216.000       1.5614
2218.000       1.5689
2219.000       1.6119
2222.000       1.6293
2223.000       1.6586
2224.000       1.7786
2225.000       1.7250
2227.000       1.7598
2229.000       1.9468
2231.000       1.8153
2232.000       1.7975
2233.000       1.9819
2234.000       1.7710
2235.000       1.7559
2236.000       1.8793
2239.000       1.8756
2241.000       1.8439
2242.000       1.8248
2244.000       1.7154
2245.000       1.6552
2247.000       1.6364
2248.000       1.6845
2249.000       1.7559
2250.000       1.7806
2253.000       1.8727
2254.000       1.9172
2256.000       1.8655
2257.000       1.7404
2258.000       1.8413
2260.000       1.8878
2262.000       2.0757
2264.000       1.9700
2265.000       2.0483
2266.000       2.2398
2267.000       2.0521
2268.000       2.0804
2269.000       2.1938
2272.000       2.2743
2274.000       2.1737
2275.000       2.2604
2277.000       2.1433
2278.000       2.0199
2280.000       2.0285
2281.000       2.1558
2282.000       2.2846
2283.000       2.3212
2284.000       2.4573
2286.000       2.5192
2287.000       2.7485
2290.000       2.4251
2291.000       2.2291
2292.000       2.3815
2294.000       2.4551
2296.000       2.6822
2298.000       2.5908
2299.000       2.7505
2300.000       2.9955
2301.000       2.6616
2302.000       2.8455
2303.000       3.0527
2306.000       3.1351
2308.000       2.9420
2309.000       3.0020
2311.000       2.8158
2312.000       2.6666
2314.000       2.5705
2316.000       2.6392
2317.000       2.6245
2320.000       2.7811
2321.000       2.8652
2322.000       3.0433
2323.000       3.2623
2325.000       3.2835
2327.000       3.5341
2329.000       3.5454
2330.000       3.7296
2331.000       4.0175
2332.000       3.6013
2333.000       3.8108
2334.000       4.0521
2337.000       4.1557
2339.000       3.9619
2340.000       4.0160
2342.000       3.7736
2343.000       3.5611
2345.000       3.4173
2346.000       3.5570
2347.000       3.5631
2348.000       3.4440
2349.000       3.7856
2351.000       3.9740
2352.000       4.1967
2355.000       3.9851
2356.000       3.7703
2357.000       4.2644
2359.000       4.2997
2361.000       4.5824
2363.000       4.5659
2364.000       4.6841
2365.000       5.0328
2366.000       4.4616
2367.000       4.7157
2368.000       4.9970
2371.000       5.0286
2373.000       4.7764
2374.000       4.7450
2376.000       4.4045
2377.000       4.2005
2379.000       3.9713
2380.000       4.0381
2381.000       3.9409
2382.000       3.7641
2383.000       4.1248
2385.000       4.3598
2386.000       4.5315
2389.000       4.4598
2390.000       4.2951
2391.000       5.0486
2393.000       5.0134
2395.000       5.3418
2397.000       5.3786
2398.000       5.4531
2399.000       5.8244
2400.000       5.2750
2401.000       5.3976
2402.000       5.3909
2405.000       5.4454
2407.000       5.7671
2408.000       5.8317
2410.000       5.9568
2411.000       5.9789
2413.000       6.1813
2414.000       6.3089
2415.000       6.5939
2416.000       6.7999
2419.000       6.7349
2420.000       6.5904
2422.000       6.3132
2423.000       6.1796
2424.000       5.2325
2426.000       5.5481
2428.000       5.6214
2430.000       4.9660
2431.000       4.6142
2432.000       4.4326
2433.000       4.5234
2434.000       4.7332
2435.000       4.8545
2438.000       5.0944
2440.000       5.3620
2441.000       5.4633
2443.000       5.4269
2444.000       5.2287
2446.000       5.3246
2447.000       5.5930
2448.000       5.8455
2449.000       5.8875
2452.000       6.1076
2453.000       6.1349
2455.000       5.9312
2456.000       5.6537
2457.000       4.9481
2459.000       5.2791
2461.000       5.5185
2463.000       4.8323
2464.000       4.6080
2465.000       4.5635
2466.000       4.3592
2467.000       4.8405
2468.000       5.0933
2471.000       5.3444
2473.000       5.5018
2474.000       5.5924
2476.000       5.4184
2477.000       5.1240
2479.000       5.0745
2480.000       5.3608
2481.000       5.5185
2482.000       5.4146
2485.000       5.8361
2486.000       5.9928
2488.000       5.8899
2489.000       5.5673
2490.000       5.2190
2492.000       5.5105
2494.000       5.8291
2496.000       5.2268
2497.000       5.0746
2498.000       5.3297
2499.000       5.0134
2500.000       4.8789
2501.000       5.0262
2504.000       4.9309
2506.000       4.9012
2507.000       4.6877
2509.000       4.4084
2510.000       4.3334
2512.000       4.0828
2514.000       3.9018
2515.000       3.6804
2518.000       3.9934
2519.000       4.2497
2520.000       4.3675
2521.000       4.6415
2523.000       4.6092
2525.000       4.8417
2527.000       4.6982
2528.000       4.4527
2529.000       4.6362
2530.000       4.2779
2531.000       4.2878
2532.000       4.4075
2535.000       4.3027
2537.000       4.2457
2538.000       4.0243
2540.000       3.7484
2541.000       3.7052
2543.000       3.4699
2544.000       3.3380
2545.000       3.1018
2546.000       2.9448
2547.000       3.1102
2549.000       3.3172
2550.000       3.3539
2553.000       3.5256
2554.000       3.5211
2555.000       4.0366
2557.000       3.9778
2559.000       4.2190
2561.000       4.1411
2562.000       3.9305
2563.000       4.1645
2564.000       3.8171
2565.000       3.6791
2566.000       3.7904
2569.000       3.5707
2571.000       3.4441
2572.000       3.1771
2574.000       2.9774
2575.000       3.0613
2577.000       2.9568
2579.000       2.7394
2580.000       2.7002
2581.000       2.6510
2583.000       2.7730
2584.000       2.7639
2585.000       3.3371
2587.000       3.1564
2589.000       3.2858
2591.000       3.4699
2592.000       3.3537
2593.000       3.6217
2594.000       3.2354
2595.000       3.1680
2596.000       3.3022
2599.000       3.1258
2601.000       2.9489
2602.000       2.7360
2604.000       2.5053
2605.000       2.5252
2607.000       2.3741
2609.000       2.1694
2610.000       2.0722
2611.000       2.1590
2613.000       2.3271
2614.000       2.3704
2615.000       2.9815
2617.000       2.8165
2619.000       2.9881
2621.000       3.1750
2622.000       3.1458
2623.000       3.4369
2624.000       3.0553
2625.000       2.9546
2626.000       3.0717
2629.000       2.8934
2631.000       2.7042
2632.000       2.5070
2634.000       2.3172
2635.000       2.3354
2637.000       2.1776
2638.000       2.0291
2639.000       1.8586
2640.000       1.8029
2641.000       1.8107
2643.000       1.9212
2644.000       1.9200
2647.000       2.0802
2648.000       2.1219
2649.000       2.7774
2651.000       2.5978
2653.000       2.7310
2655.000       2.9690
2656.000       2.9250
2657.000       3.2256
2658.000       2.8571
2659.000       2.7005
2660.000       2.7574
2663.000       2.5735
2665.000       2.3959
2666.000       2.2296
2668.000       2.0700
2669.000       2.1117
2671.000       2.0410
2672.000       1.9293
2673.000       1.9062
2674.000       1.9764
2677.000       1.9239
2678.000       1.9520
2680.000       1.9764
2681.000       1.9548
2682.000       2.4516
2684.000       2.3108
2686.000       2.4881
2688.000       2.6381
2689.000       2.6009
2690.000       2.8831
2691.000       2.5873
2692.000       2.3547
2693.000       2.3987
2696.000       2.2078
2698.000       2.0692
2699.000       1.9195
2701.000       1.8216
2702.000       1.8756
2704.000       1.8476
2705.000       1.7608
2706.000       1.7822
2707.000       1.8928
2710.000       1.7960
2711.000       1.7881
2713.000       1.7736
2714.000       1.7480
2715.000       2.0986
2717.000       1.9584
2719.000       2.0942
2721.000       2.2369
2722.000       2.2589
2723.000       2.4414
2724.000       2.3355
2725.000       2.0798
2726.000       2.0560
2729.000       1.9208
2731.000       1.8630
2732.000       1.8094
2734.000       1.7955
2735.000       1.8650
2737.000       1.8699
2738.000       1.8050
2739.000       1.8277
2740.000       1.9079
2743.000       1.8319
2744.000       1.8042
2746.000       1.7739
2747.000       1.7722
2748.000       1.8667
2750.000       1.8046
2752.000       1.8560
2754.000       1.9207
2755.000       1.9342
2756.000       2.0454
2757.000       1.9947
2758.000       1.8536
2759.000       1.8567
2762.000       1.7852
2764.000       1.7860
2765.000       1.7278
2767.000       1.7014
2768.000       1.7654
2770.000       1.7567
2771.000       1.6871
2772.000       1.6812
2773.000       1.7390
2774.000       1.6395
2776.000       1.6071
2777.000       1.5975
2780.000       1.6183
2781.000       1.6543
2782.000       1.7130
2784.000       1.6979
2786.000       1.7515
2788.000       1.7321
2789.000       1.6827
2790.000       1.7872
2791.000       1.6968
2792.000       1.6065
2793.000       1.6352
2796.000       1.5500
2798.000       1.5757
2799.000       1.4912
2801.000       1.4775
2802.000       1.5231
2804.000       1.5210
2805.000       1.4824
2806.000       1.5011
2807.000       1.5469
2810.000       1.5141
2811.000       1.4960
2813.000       1.4668
2814.000       1.4618
2815.000       1.4311
2817.000       1.4149
2819.000       1.4646
2821.000       1.4265
2822.000       1.3478
2823.000       1.4256
2824.000       1.4489
2825.000       1.2030
2826.000       1.1274
2829.000       1.0962
2831.000       1.1704
2832.000       1.1756
2834.000       1.2272
2835.000       1.2554
2837.000       1.3330
2839.000       1.3841
2840.000       1.4908
2841.000       1.3680
2843.000       1.3001
2844.000       1.3597
2845.000       1.0975
2847.000       1.1424
2849.000       1.1779
2851.000       1.0821
2852.000       1.1143
2853.000       1.2136
2854.000       1.1674
2855.000       1.1025
2856.000       1.1562
2859.000       1.2448
2861.000       1.2452
2862.000       1.3404
2864.000       1.3255
2865.000       1.2522
2867.000       1.3100
2868.000       1.4197
2869.000       1.5533
2870.000       1.6050
2871.000       1.6750
2873.000       1.6895
2874.000       1.8469
2877.000       1.5832
2878.000       1.4371
2879.000       1.3248
2881.000       1.4262
2883.000       1.5677
2885.000       1.4393
2886.000       1.5327
2887.000       1.6896
2888.000       1.4731
2889.000       1.6068
2890.000       1.7417
2893.000       1.8188
2895.000       1.7453
2896.000       1.7955
2898.000       1.6891
2899.000       1.5707
2901.000       1.5514
2902.000       1.6539
2903.000       1.7290
2904.000       1.7207
2907.000       1.8675
2908.000       1.9348
2910.000       1.8862
2911.000       1.7394
2912.000       1.8771
2914.000       1.9221
2916.000       2.0998
2918.000       2.0455
2919.000       2.1403
2920.000       2.3464
2921.000       2.0583
2922.000       2.1940
2923.000       2.3527
2926.000       2.3917
2928.000       2.2686
2929.000       2.2817
2931.000       2.1414
2932.000       2.0310
2934.000       1.9654
2935.000       2.0323
2936.000       2.0525
2937.000       2.0237
2938.000       2.1693
2940.000       2.2615
2941.000       2.3953
2944.000       2.2607
2945.000       2.1391
2946.000       2.4415
2948.000       2.4447
2950.000       2.6298
2952.000       2.6366
2953.000       2.7326
2954.000       2.9712
2955.000       2.6392
2956.000       2.7415
2957.000       2.9064
2960.000       2.9012
2962.000       2.7230
2963.000       2.7063
2965.000       2.5481
2966.000       2.4616
2968.000       2.3594
2970.000       2.3553
2971.000       2.3105
2974.000       2.4426
2975.000       2.5334
2976.000       2.6434
2977.000       2.9534
2979.000       2.9020
2981.000       3.0766
2983.000       3.1836
2984.000       3.3025
2985.000       3.5672
2986.000       3.2239
2987.000       3.2692
2988.000       3.4084
2991.000       3.3718
2993.000       3.1674
2994.000       3.1492
2996.000       2.9972
2997.000       2.9157
2999.000       2.7983
3001.000       2.7777
3002.000       2.7052
3005.000       2.8703
3006.000       2.9760
3007.000       3.0893
3008.000       3.4454
3010.000       3.3652
3012.000       3.5167
3014.000       3.6968
3015.000       3.8552
3016.000       4.1352
3017.000       3.8029
3018.000       3.8218
3019.000       3.9307
3022.000       3.9163
3024.000       3.6975
3025.000       3.7070
3027.000       3.5466
3028.000       3.4750
3030.000       3.3938
3031.000       3.4117
3032.000       3.4153
3033.000       3.3942
3034.000       3.5243
3036.000       3.6184
3037.000       3.7766
3040.000       3.6209
3041.000       3.5121
3042.000       4.0294
3044.000       3.9610
3046.000       4.1587
3048.000       4.2978
