   2.000       4.2166
   3.000       4.2713
   6.000       4.1289
   8.000       4.0677
   9.000       3.8133
  11.000       3.5409
  12.000       3.5368
  14.000       3.3148
  15.000       3.1381
  16.000       2.8989
  17.000       2.7936
  18.000       2.8513
  20.000       3.0284
  21.000       3.0244
  24.000       3.2576
  25.000       3.2896
  26.000       3.8402
  28.000       3.7505
  30.000       4.0028
  32.000       3.9635
  33.000       3.7831
  34.000       4.0385
  35.000       3.6660
  36.000       3.5444
  37.000       3.6377
  40.000       3.4221
  42.000       3.2792
  43.000       3.0204
  45.000       2.7982
  46.000       2.8590
  48.000       2.7133
  50.000       2.4929
  51.000       2.4161
  54.000       2.4269
  55.000       2.5805
  56.000       2.5842
  57.000       3.1959
  59.000       3.0174
  61.000       3.1732
  63.000       3.3415
  64.000       3.2234
  65.000       3.5010
  66.000       3.1411
  67.000       2.9722
  68.000       3.0788
  71.000       2.8594
  73.000       2.7067
  74.000       2.4630
  76.000       2.2790
  77.000       2.3334
  79.000       2.1753
  80.000       2.0040
  81.000       1.8548
  82.000       1.8381
  83.000       1.8133
  85.000       1.8913
  86.000       1.9134
  89.000       2.0212
  90.000       2.0735
  91.000       2.6800
  93.000       2.4955
  95.000       2.6283
  97.000       2.8392
  98.000       2.7742
  99.000       3.0426
 100.000       2.7158
 101.000       2.5662
 102.000       2.6548
 105.000       2.5017
 107.000       2.3408
 108.000       2.2030
 110.000       2.0396
 111.000       2.0230
 113.000       1.9141
 114.000       1.8636
 115.000       1.8413
 116.000       1.8361
 117.000       1.9302
 119.000       2.0126
 120.000       2.1728
 123.000       2.0254
 124.000       1.9514
 125.000       2.4095
 127.000       2.3044
 129.000       2.4759
 131.000       2.5989
 132.000       2.6234
 133.000       2.8758
 134.000       2.5765
 135.000       2.4932
 136.000       2.5815
 139.000       2.4852
 141.000       2.3270
 142.000       2.2559
 144.000       2.1084
 145.000       2.0868
 147.000       1.9884
 148.000       1.9404
 149.000       1.9008
 150.000       1.8735
 153.000       1.9697
 154.000       2.0617
 156.000       2.0965
 157.000       2.0287
 158.000       2.4944
 160.000       2.4113
 162.000       2.5615
 164.000       2.6943
 165.000       2.7020
 166.000       3.0357
 167.000       2.6227
 168.000       2.5241
 169.000       2.6958
 172.000       2.5914
 174.000       2.4165
 175.000       2.3290
 177.000       2.1222
 178.000       2.1042
 180.000       2.0361
 182.000       1.9871
 183.000       2.0428
 184.000       2.0208
 186.000       2.0849
 187.000       2.2245
 188.000       2.5231
 190.000       2.4517
 192.000       2.6820
 194.000       2.7302
 195.000       2.6679
 196.000       3.0373
 197.000       2.5156
 198.000       2.5831
 199.000       2.9364
 202.000       2.9915
 204.000       2.8646
 205.000       2.8398
 207.000       2.6465
 208.000       2.4704
 210.000       2.4693
 212.000       2.6386
 213.000       2.7935
 214.000       2.8283
 216.000       2.8513
 217.000       3.1962
 218.000       2.8704
 220.000       2.8531
 222.000       3.4573
 224.000       3.4758
 225.000       3.5551
 226.000       4.5422
 227.000       3.5149
 228.000       2.8973
 229.000       2.7625
 232.000       2.3949
 234.000       2.1990
 235.000       1.9959
 237.000       1.9662
 238.000       2.0968
 240.000       2.0926
 242.000       1.9694
 243.000       2.0019
 244.000       1.8672
 246.000       1.8506
 247.000       1.7879
 248.000       2.4188
 250.000       2.1343
 252.000       2.1045
 254.000       2.6321
 255.000       2.8312
 256.000       3.1075
 257.000       2.8933
 258.000       2.6964
 259.000       2.7798
 262.000       2.7076
 264.000       2.4020
 265.000       2.3940
 267.000       2.1306
 268.000       2.0329
 270.000       1.8656
 271.000       1.8331
 272.000       1.7199
 273.000       1.6120
 276.000       1.7738
 277.000       1.9426
 279.000       2.0619
 280.000       1.9954
 281.000       2.8412
 283.000       2.6179
 285.000       2.7902
 287.000       3.0325
 288.000       3.1580
 289.000       3.3466
 290.000       3.3404
 291.000       3.0213
 292.000       3.2394
 295.000       2.9702
 297.000       2.7953
 298.000       2.5687
 300.000       2.4094
 301.000       2.5774
 303.000       2.4651
 305.000       2.1731
 306.000       2.0886
 309.000       2.0614
 310.000       2.1755
 311.000       2.1399
 312.000       2.7446
 314.000       2.5553
 316.000       2.7045
 318.000       2.9112
 319.000       2.8619
 320.000       3.1180
 321.000       2.8213
 322.000       2.6165
 323.000       2.6462
 326.000       2.4350
 328.000       2.2909
 329.000       2.0983
 331.000       1.9640
 332.000       2.0342
 334.000       1.9422
 336.000       1.7665
 337.000       1.7221
 338.000       1.7127
 340.000       1.8052
 341.000       1.8030
 342.000       2.3349
 344.000       2.1422
 346.000       2.2220
 348.000       2.4874
 349.000       2.4770
 350.000       2.7134
 351.000       2.4863
 352.000       2.2547
 353.000       2.3698
 356.000       2.1437
 358.000       2.0022
 359.000       1.8251
 361.000       1.7130
 362.000       1.8052
 364.000       1.7323
 366.000       1.5552
 367.000       1.5184
 370.000       1.4729
 371.000       1.5547
 372.000       1.5376
 373.000       2.0297
 375.000       1.8382
 377.000       1.9028
 379.000       2.1307
 380.000       2.1542
 381.000       2.2858
 382.000       2.2098
 383.000       2.0203
 384.000       2.0225
 387.000       1.9190
 389.000       1.8389
 390.000       1.7455
 392.000       1.6885
 393.000       1.7409
 395.000       1.7034
 396.000       1.6055
 397.000       1.5553
 398.000       1.5875
 401.000       1.5232
 402.000       1.5392
 404.000       1.5791
 405.000       1.6051
 406.000       1.8764
 408.000       1.7893
 410.000       1.8691
 412.000       1.9690
 413.000       2.0127
 414.000       2.1370
 415.000       2.0535
 416.000       1.9332
 417.000       1.9473
 420.000       1.8697
 422.000       1.7882
 423.000       1.7304
 425.000       1.7037
 426.000       1.7658
 428.000       1.7604
 429.000       1.6877
 430.000       1.7000
 431.000       1.7687
 432.000       1.6970
 434.000       1.6990
 435.000       1.8090
 438.000       1.6788
 439.000       1.6650
 440.000       1.8710
 442.000       1.7687
 444.000       1.8143
 446.000       1.9914
 447.000       2.0341
 448.000       2.1645
 449.000       2.1708
 450.000       1.9288
 451.000       2.3579
 454.000       2.0314
 456.000       1.9725
 457.000       1.7925
 459.000       1.7175
 460.000       1.7749
 462.000       1.7474
 463.000       1.6552
 464.000       1.6535
 465.000       1.7101
 466.000       1.6802
 468.000       1.7088
 469.000       1.8309
 472.000       1.6941
 473.000       1.6575
 474.000       1.8905
 476.000       1.7637
 478.000       1.8309
 480.000       1.9485
 481.000       1.9161
 482.000       1.9909
 483.000       2.0830
 484.000       1.8952
 485.000       2.1106
 488.000       1.9540
 490.000       2.0590
 491.000       2.1226
 493.000       2.0886
 494.000       2.1573
 496.000       2.1379
 497.000       2.0341
 498.000       2.0039
 499.000       2.0657
 500.000       1.9517
 502.000       1.9433
 503.000       1.9536
 506.000       1.9780
 507.000       2.0117
 508.000       2.0016
 510.000       2.1716
 512.000       2.3022
 514.000       1.9713
 515.000       2.0406
 516.000       2.4387
 517.000       2.7474
 518.000       1.7379
 519.000       1.9063
 522.000       2.2864
 524.000       2.8419
 525.000       3.1624
 527.000       3.8572
 528.000       4.8672
 530.000       5.5132
 531.000       4.9978
 532.000       5.5620
 533.000       6.5297
 534.000       5.0767
 536.000       4.0871
 537.000       3.9985
 540.000       3.4056
 541.000       3.9516
 542.000       2.0221
 544.000       2.4586
 546.000       2.5719
 548.000       2.0799
 549.000       1.9910
 550.000       2.1127
 551.000       2.1852
 552.000       1.7747
 553.000       1.6890
 556.000       1.5407
 558.000       1.4811
 559.000       1.3750
 561.000       1.3919
 562.000       1.5701
 564.000       1.6222
 565.000       1.4701
 566.000       1.5078
 567.000       1.6925
 570.000       1.4371
 571.000       1.3210
 573.000       1.2634
 574.000       1.3365
 575.000       1.5240
 577.000       1.3898
 579.000       1.3894
 581.000       1.6401
 582.000       1.7098
 583.000       1.9241
 584.000       1.7211
 585.000       1.6164
 586.000       1.7161
 589.000       1.6617
 591.000       1.5120
 592.000       1.4570
 594.000       1.3196
 595.000       1.3012
 597.000       1.2479
 598.000       1.2164
 599.000       1.2289
 600.000       1.2865
 601.000       1.2678
 603.000       1.3059
 604.000       1.4028
 607.000       1.3225
 608.000       1.2634
 609.000       1.6595
 611.000       1.5862
 613.000       1.7556
 615.000       1.8647
 616.000       1.9447
 617.000       2.2029
 618.000       1.9059
 619.000       1.8516
 620.000       1.9488
 623.000       1.8599
 625.000       1.7140
 626.000       1.6451
 628.000       1.5233
 629.000       1.5090
 631.000       1.4519
 632.000       1.4284
 633.000       1.4459
 634.000       1.4803
 637.000       1.5047
 638.000       1.5338
 640.000       1.5259
 641.000       1.4724
 642.000       1.8500
 644.000       1.7629
 646.000       1.8939
 648.000       2.0314
 649.000       2.1242
 650.000       2.3696
 651.000       2.1477
 652.000       2.0418
 653.000       2.0988
 656.000       2.0529
 658.000       1.9392
 659.000       1.9008
 661.000       1.7836
 662.000       1.7657
 664.000       1.7206
 665.000       1.7117
 666.000       1.7403
 667.000       1.7752
 668.000       1.8046
 670.000       1.8305
 671.000       1.9417
 674.000       1.8076
 675.000       1.7489
 676.000       2.0550
 678.000       2.0178
 680.000       2.1732
 682.000       2.2199
 683.000       2.2763
 684.000       2.4968
 685.000       2.2999
 686.000       2.1659
 687.000       2.2146
 690.000       2.1805
 692.000       2.1132
 693.000       2.1441
 695.000       2.1493
 696.000       2.1291
 698.000       2.2459
 700.000       2.3996
 701.000       2.6094
 704.000       2.4392
 705.000       2.3093
 706.000       2.4367
 707.000       2.1824
 709.000       2.1930
 711.000       2.3320
 713.000       2.3068
 714.000       2.3534
 715.000       2.5647
 716.000       2.3348
 717.000       2.2919
 718.000       2.3700
 721.000       2.3524
 723.000       2.2903
 724.000       2.2899
 726.000       2.2000
 727.000       2.1301
 729.000       2.0923
 731.000       2.1413
 732.000       2.1711
 735.000       2.2209
 736.000       2.2421
 737.000       2.3486
 738.000       2.3409
 740.000       2.3547
 742.000       2.5035
 744.000       2.4637
 745.000       2.4932
 746.000       2.6750
 747.000       2.4691
 748.000       2.4597
 749.000       2.5514
 752.000       2.5476
 754.000       2.4982
 755.000       2.4889
 757.000       2.3947
 758.000       2.3314
 760.000       2.2853
 762.000       2.3069
 763.000       2.3009
 766.000       2.3752
 767.000       2.4156
 768.000       2.5049
 769.000       2.5392
 771.000       2.5554
 773.000       2.7029
 775.000       2.6552
 776.000       2.6892
 777.000       2.8556
 778.000       2.6505
 779.000       2.6643
 780.000       2.7462
 783.000       2.7591
 785.000       2.7009
 786.000       2.7053
 788.000       2.5946
 789.000       2.5198
 791.000       2.4529
 792.000       2.4857
 793.000       2.4895
 794.000       2.4485
 797.000       2.5799
 798.000       2.6631
 800.000       2.6739
 801.000       2.5782
 802.000       2.7735
 804.000       2.7978
 806.000       2.9563
 808.000       2.9077
 809.000       2.9867
 810.000       3.2044
 811.000       2.9521
 812.000       2.9554
 813.000       3.0764
 816.000       3.0657
 818.000       2.9228
 819.000       2.9022
 821.000       2.7578
 822.000       2.7385
 824.000       2.6683
 825.000       2.6395
 826.000       2.6375
 827.000       2.6536
 828.000       2.6963
 830.000       2.7571
 831.000       2.8723
 834.000       2.7643
 835.000       2.7002
 836.000       3.1143
 838.000       3.0695
 840.000       3.2502
 842.000       3.3350
 843.000       3.4864
 844.000       3.7490
 845.000       3.4436
 846.000       3.5334
 847.000       3.7236
 850.000       3.7936
 852.000       3.6339
 853.000       3.7244
 855.000       3.5915
 856.000       3.4994
 858.000       3.5000
 859.000       3.6043
 860.000       3.7719
 861.000       3.8465
 864.000       3.9809
 865.000       4.0151
 867.000       3.8763
 868.000       3.6644
 869.000       3.9033
 871.000       3.9390
 873.000       4.1603
 875.000       4.1464
 876.000       4.3543
 877.000       4.5754
 878.000       4.2927
 879.000       4.4903
 880.000       4.6697
 883.000       4.8190
 885.000       4.6330
 886.000       4.8161
 888.000       4.6234
 889.000       4.6962
 891.000       4.6513
 893.000       4.5154
 894.000       4.5702
 895.000       4.4084
 897.000       4.4658
 898.000       4.4595
 899.000       5.0384
 901.000       5.2676
 903.000       5.9415
 905.000       5.3988
 906.000       5.3306
 907.000       5.6370
 908.000       5.1534
 909.000       5.2959
 910.000       5.5016
 913.000       5.5350
 915.000       5.6917
 916.000       5.5901
 918.000       5.5375
 919.000       5.5630
 921.000       5.6210
 922.000       5.6560
 923.000       5.8353
 924.000       6.0028
 927.000       5.9485
 928.000       5.8546
 930.000       5.6865
 931.000       5.5968
 932.000       5.2709
 934.000       5.3872
 936.000       5.5666
 938.000       5.2270
 939.000       5.0773
 940.000       5.1503
 941.000       5.1994
 942.000       4.9365
 943.000       4.8306
 946.000       4.8067
 948.000       4.9359
 949.000       4.8552
 951.000       4.7828
 952.000       4.7418
 954.000       4.7833
 955.000       4.8708
 956.000       5.0749
 957.000       5.2029
 960.000       5.2702
 961.000       5.2509
 963.000       5.0657
 964.000       4.8781
 965.000       4.5051
 967.000       4.6331
 969.000       4.8765
 971.000       4.4677
 972.000       4.1894
 973.000       4.4779
 974.000       4.1461
 975.000       3.9460
 976.000       3.7893
 979.000       3.7469
 981.000       3.8369
 982.000       3.7936
 984.000       3.7295
 985.000       3.7375
 987.000       3.7531
 988.000       3.7527
 989.000       3.8487
 990.000       3.9353
 993.000       3.9659
 994.000       3.9866
 996.000       3.8911
 997.000       3.7632
 998.000       3.6123
1000.000       3.7230
1002.000       4.0004
1004.000       3.5031
1005.000       3.4439
1006.000       3.4679
1007.000       3.5334
1008.000       3.4083
1009.000       3.5494
1012.000       3.4698
1014.000       3.3626
1015.000       3.2233
1017.000       3.0182
1018.000       3.0122
1020.000       2.8705
1022.000       2.7162
1023.000       2.6283
1024.000       2.7377
1026.000       2.8870
1027.000       2.9420
1028.000       3.3499
1030.000       3.2780
1032.000       3.4654
1034.000       3.5099
1035.000       3.4677
1036.000       3.7051
1037.000       3.3248
1038.000       3.3911
1039.000       3.4749
1042.000       3.3763
1044.000       3.2321
1045.000       3.0775
1047.000       2.8827
1048.000       2.8667
1050.000       2.7114
1051.000       2.6220
1052.000       2.4875
1053.000       2.4129
1054.000       2.4905
1056.000       2.6005
1057.000       2.6239
1060.000       2.7239
1061.000       2.7288
1062.000       3.2673
1064.000       3.1529
1066.000       3.3053
1068.000       3.4546
1069.000       3.4403
1070.000       3.7295
1071.000       3.3479
1072.000       3.2720
1073.000       3.3515
1076.000       3.1592
1078.000       2.9665
1079.000       2.8080
1081.000       2.6905
1082.000       2.7115
1084.000       2.5991
1085.000       2.4919
1086.000       2.3725
1087.000       2.3270
1088.000       2.3517
1090.000       2.4310
1091.000       2.4475
1094.000       2.5325
1095.000       2.5573
1096.000       3.1236
1098.000       2.9379
1100.000       2.9927
1102.000       3.3141
1103.000       3.3933
1104.000       3.7462
1105.000       3.3558
1106.000       3.1984
1107.000       3.2751
1110.000       3.0675
1112.000       2.7927
1113.000       2.6532
1115.000       2.4940
1116.000       2.5386
1118.000       2.3867
1119.000       2.2397
1120.000       2.1228
1121.000       2.0838
1124.000       2.1544
1125.000       2.2746
1127.000       2.3553
1128.000       2.3295
1129.000       3.1002
1131.000       2.8815
1133.000       3.0038
1135.000       3.3724
1136.000       3.5399
1137.000       3.9380
1138.000       3.5692
1139.000       3.2879
1140.000       3.3877
1143.000       3.1574
1145.000       2.8275
1146.000       2.6164
1148.000       2.3752
1149.000       2.4973
1151.000       2.3184
1152.000       2.0164
1153.000       1.8078
1154.000       1.8762
1155.000       1.6742
1157.000       1.7665
1158.000       1.7990
1161.000       1.9689
1162.000       2.0678
1163.000       3.1155
1165.000       2.8448
1167.000       2.9985
1169.000       3.4205
1170.000       3.3586
1171.000       3.4212
1172.000       3.5015
1173.000       3.1924
1174.000       3.5443
1177.000       3.6701
1179.000       4.0174
1180.000       3.8790
1182.000       3.9707
1183.000       3.8776
1185.000       4.2459
1187.000       4.7159
1188.000       5.2148
1189.000       4.7108
1191.000       4.3755
1192.000       4.5795
1193.000       3.1501
1195.000       3.3100
1197.000       3.5590
1199.000       3.1674
1200.000       2.9050
1201.000       3.3303
1202.000       2.9111
1203.000       2.5059
1204.000       2.5930
1207.000       2.3253
1209.000       2.4577
1210.000       2.4417
1212.000       2.7376
1213.000       2.7321
1215.000       3.2153
1217.000       3.7716
1218.000       4.3892
1221.000       3.8605
1222.000       3.3286
1223.000       3.5541
1224.000       2.1026
1226.000       2.2220
1228.000       2.4809
1230.000       2.2331
1231.000       2.2487
1232.000       2.4574
1233.000       2.3312
1234.000       2.1728
1235.000       2.2146
1238.000       2.1824
1240.000       2.1761
1241.000       2.1747
1243.000       2.1554
1244.000       2.1858
1246.000       2.2086
1248.000       2.2068
1249.000       2.2636
1250.000       2.1937
1252.000       2.1743
1253.000       2.2189
1254.000       2.1558
1256.000       2.1824
1258.000       2.2896
1260.000       2.2266
1261.000       2.2428
1262.000       2.3861
1263.000       2.2484
1264.000       2.2021
1265.000       2.2596
1268.000       2.2298
1270.000       2.2242
1271.000       2.2106
1273.000       2.1697
1274.000       2.1490
1276.000       2.1388
1277.000       2.1518
1278.000       2.1735
1279.000       2.1856
1280.000       2.2173
1282.000       2.2383
1283.000       2.3037
1286.000       2.2219
1287.000       2.1766
1288.000       2.1871
1290.000       2.2052
1292.000       2.2979
1294.000       2.2300
1295.000       2.2230
1296.000       2.3272
1297.000       2.2371
1298.000       2.1791
1299.000       2.2270
1302.000       2.2291
1304.000       2.2439
1305.000       2.2356
1307.000       2.1793
1308.000       2.1384
1310.000       2.1102
1312.000       2.1195
1313.000       2.1205
1314.000       2.1685
1316.000       2.2007
1317.000       2.2753
1318.000       2.1793
1320.000       2.2205
1322.000       2.3293
1324.000       2.2020
1325.000       2.1633
1326.000       2.2305
1327.000       2.1095
1328.000       2.1789
1329.000       2.2715
1332.000       2.2739
1334.000       2.2777
1335.000       2.2404
1337.000       2.1604
1338.000       2.1123
1340.000       2.0717
1341.000       2.0949
1342.000       2.1069
1343.000       2.0961
1344.000       2.1712
1346.000       2.2204
1347.000       2.3198
1350.000       2.2172
1351.000       2.1505
1352.000       2.2043
1354.000       2.2191
1356.000       2.3302
1358.000       2.2553
1359.000       2.2394
1360.000       2.3412
1361.000       2.2668
1362.000       2.1477
1363.000       2.0679
1366.000       2.0225
1368.000       2.0561
1369.000       1.9989
1371.000       1.9954
1372.000       2.0450
1374.000       2.1181
1376.000       2.1439
1377.000       2.2853
1380.000       2.1048
1381.000       2.0312
1382.000       2.0693
1383.000       1.9499
1385.000       1.9453
1387.000       2.0315
1389.000       1.9805
1390.000       1.9397
1391.000       2.0095
1392.000       1.9522
1393.000       1.8782
1394.000       1.9173
1397.000       1.9108
1399.000       1.8962
1400.000       1.8533
1402.000       1.8155
1403.000       1.7806
1405.000       1.7969
1406.000       1.8391
1407.000       1.9356
1408.000       2.0085
1409.000       2.0284
1411.000       2.0465
1412.000       2.2023
1415.000       1.9714
1416.000       1.8597
1417.000       1.9099
1419.000       1.8686
1421.000       2.0148
1423.000       2.1247
1424.000       2.1518
1425.000       2.1988
1426.000       2.2417
1427.000       2.1738
1428.000       2.0924
1431.000       2.1134
1433.000       2.1099
1434.000       2.2257
1436.000       2.2764
1437.000       2.3749
1439.000       2.5498
1441.000       2.6626
1442.000       2.9389
1443.000       2.5939
1445.000       2.4079
1446.000       2.5123
1447.000       2.2821
1449.000       2.4259
1451.000       2.7419
1453.000       2.4264
1454.000       2.4187
1455.000       2.5761
1456.000       2.2748
1457.000       2.5394
1458.000       2.7642
1461.000       2.8728
1463.000       2.8815
1464.000       2.8063
1466.000       2.7010
1467.000       2.6500
1469.000       2.5830
1471.000       2.6098
1472.000       2.6198
1475.000       2.7190
1476.000       2.7450
1477.000       2.8963
1478.000       2.8045
1480.000       2.7018
1482.000       2.7365
1484.000       2.9502
1485.000       3.0163
1486.000       3.2133
1487.000       2.9860
1488.000       2.9560
1489.000       2.9968
1492.000       2.9002
1494.000       2.8167
1495.000       2.6995
1497.000       2.5753
1498.000       2.6167
1500.000       2.4950
1502.000       2.3325
1503.000       2.2361
1506.000       2.3147
1507.000       2.4352
1508.000       2.4459
1509.000       2.8478
1511.000       2.7485
1513.000       2.8172
1515.000       2.9367
1516.000       2.9411
1517.000       3.0567
1518.000       2.9620
1519.000       2.8485
1520.000       2.8785
1523.000       2.8144
1525.000       2.7246
1526.000       2.6401
1528.000       2.5399
1529.000       2.5595
1531.000       2.4546
1532.000       2.3677
1533.000       2.2679
1534.000       2.2253
1537.000       2.2393
1538.000       2.3043
1540.000       2.3971
1541.000       2.4230
1542.000       2.7892
1544.000       2.7091
1546.000       2.7940
1548.000       2.9096
1549.000       2.9376
1550.000       3.1014
1551.000       2.9122
1552.000       2.8599
1553.000       2.9231
1556.000       2.8339
1558.000       2.7215
1559.000       2.6210
1561.000       2.5143
1562.000       2.5523
1564.000       2.4813
1566.000       2.3684
1567.000       2.3167
1570.000       2.3359
1571.000       2.4081
1572.000       2.4049
1573.000       2.7923
1575.000       2.7000
1577.000       2.7900
1579.000       2.9178
1580.000       2.9244
1581.000       3.1207
1582.000       2.9179
1583.000       2.7733
1584.000       2.8146
1587.000       2.6814
1589.000       2.5567
1590.000       2.4364
1592.000       2.3669
1593.000       2.4115
1595.000       2.3678
1596.000       2.2891
1597.000       2.2598
1598.000       2.2935
1601.000       2.2413
1602.000       2.2446
1604.000       2.2721
1605.000       2.2918
1606.000       2.6283
1608.000       2.4959
1610.000       2.5547
1612.000       2.7666
1613.000       2.8033
1614.000       3.0166
1615.000       2.8360
1616.000       2.6330
1617.000       2.6507
1620.000       2.5270
1622.000       2.4041
1623.000       2.3264
1625.000       2.2915
1626.000       2.3331
1628.000       2.3572
1629.000       2.3253
1630.000       2.3977
1631.000       2.5100
1632.000       2.4044
1634.000       2.3573
1635.000       2.4336
1638.000       2.3019
1639.000       2.2833
1640.000       2.5195
1642.000       2.4069
1644.000       2.4736
1646.000       2.6721
1647.000       2.7252
1648.000       2.9570
1649.000       2.7447
1650.000       2.6063
1651.000       2.6704
1654.000       2.6321
1656.000       2.5585
1657.000       2.5823
1659.000       2.4985
1660.000       2.4229
1662.000       2.4479
1663.000       2.5481
1664.000       2.7041
1665.000       2.7778
1668.000       2.8695
1669.000       2.8833
1671.000       2.7573
1672.000       2.5831
1673.000       2.6296
1675.000       2.6701
1677.000       2.8564
1679.000       2.7772
1680.000       2.7829
1681.000       3.0857
1682.000       2.7075
1683.000       2.6766
1684.000       2.8546
1687.000       2.8169
1689.000       2.7054
1690.000       2.6215
1692.000       2.3773
1693.000       2.2712
1695.000       2.1489
1696.000       2.1705
1697.000       2.1896
1698.000       2.1796
1701.000       2.3471
1702.000       2.4794
1704.000       2.4862
1705.000       2.3174
1706.000       2.7262
1708.000       2.7391
1710.000       3.0318
1712.000       2.9142
1713.000       2.8516
1714.000       3.1226
1715.000       2.7177
1716.000       2.7407
1717.000       2.9116
1720.000       2.8259
1722.000       2.6814
1723.000       2.5417
1725.000       2.3098
1726.000       2.2704
1728.000       2.1128
1730.000       1.9792
1731.000       1.8869
1732.000       2.0338
1734.000       2.1993
1735.000       2.2921
1736.000       2.7091
1738.000       2.6181
1740.000       2.8345
1742.000       2.9000
1743.000       2.8724
1744.000       3.1447
1745.000       2.7896
1746.000       2.7052
1747.000       2.8223
1750.000       2.6692
1752.000       2.5027
1753.000       2.3315
1755.000       2.1408
1756.000       2.1619
1758.000       2.0550
1760.000       1.9236
1761.000       1.9036
1762.000       1.9149
1764.000       2.0168
1765.000       2.0650
1766.000       2.5691
1768.000       2.4120
1770.000       2.5538
1772.000       2.7654
1773.000       2.7654
1774.000       3.0620
1775.000       2.6914
1776.000       2.5809
1777.000       2.6972
1780.000       2.5292
1782.000       2.3633
1783.000       2.1917
1785.000       2.0088
1786.000       2.0312
1788.000       1.9275
1790.000       1.8083
1791.000       1.7809
1794.000       1.8057
1795.000       1.8945
1796.000       1.9471
1797.000       2.4243
1799.000       2.2775
1801.000       2.4270
1803.000       2.6055
1804.000       2.6394
1805.000       2.8966
1806.000       2.6547
1807.000       2.5482
1808.000       2.7013
1811.000       2.5649
1813.000       2.4313
1814.000       2.3141
1816.000       2.1816
1817.000       2.1901
1819.000       2.1208
1820.000       2.0675
1821.000       2.0721
1822.000       2.1063
1823.000       2.1334
1825.000       2.1767
1826.000       2.3123
1829.000       2.1691
1830.000       2.1102
1831.000       2.5032
1833.000       2.4159
1835.000       2.5788
1837.000       2.6858
1838.000       2.7691
1839.000       3.0100
1840.000       2.7697
1841.000       2.6968
1842.000       2.8060
1845.000       2.7766
1847.000       2.5951
1848.000       2.6125
1850.000       2.4962
1851.000       2.4275
1853.000       2.3984
1855.000       2.4348
1856.000       2.4778
1859.000       2.5097
1860.000       2.5427
1861.000       2.6868
1862.000       2.8733
1864.000       2.8431
1866.000       3.0279
1868.000       3.1296
1869.000       3.3269
1870.000       3.6151
1871.000       3.2844
1872.000       3.3713
1873.000       3.5630
1876.000       3.6611
1878.000       3.4177
1879.000       3.5326
1881.000       3.3603
1882.000       3.1776
1884.000       3.1619
1885.000       3.3343
1886.000       3.4986
1887.000       3.5272
1890.000       3.7356
1891.000       3.8173
1893.000       3.7115
1894.000       3.4565
1895.000       3.8677
1897.000       3.8874
1899.000       4.1689
1901.000       4.2259
1902.000       4.4889
1903.000       4.8930
1904.000       4.3909
1905.000       4.5668
1906.000       4.8574
1909.000       4.9811
1911.000       4.6882
1912.000       4.8367
1914.000       4.5868
1915.000       4.3037
1917.000       4.2155
1919.000       4.4277
1920.000       4.5002
1923.000       4.6964
1924.000       4.7730
1925.000       5.1210
1926.000       5.1740
1928.000       5.2387
1930.000       5.6624
1932.000       5.5912
1933.000       5.8372
1934.000       6.2658
1935.000       5.6722
1936.000       5.9620
1937.000       6.3217
1940.000       6.4921
1942.000       6.1807
1943.000       6.3389
1945.000       5.9985
1946.000       5.6665
1948.000       5.4854
1950.000       5.6509
1951.000       5.6170
1954.000       5.9746
1955.000       6.1479
1956.000       6.5493
1957.000       6.6795
1959.000       6.7706
1961.000       7.2640
1963.000       7.1464
1964.000       7.4322
1965.000       7.6953
1966.000       7.8619
1967.000       7.1290
1968.000       7.2602
1971.000       7.1127
1973.000       7.2800
1974.000       7.0885
1976.000       7.2922
1977.000       7.4319
1979.000       7.8466
1980.000       7.9863
1981.000       8.5773
1982.000       9.1029
1985.000       8.8371
1986.000       8.5271
1988.000       7.9585
1989.000       7.6796
1990.000       6.7003
1992.000       6.6868
1994.000       6.7147
1996.000       6.7687
