   2.000       4.1884
   3.000       4.1595
   6.000       3.8920
   8.000       3.9171
   9.000       3.6233
  11.000       3.5581
  12.000       3.7224
  14.000       3.7080
  15.000       3.5127
  16.000       3.4985
  17.000       3.6697
  18.000       3.3559
  20.000       3.2428
  21.000       3.1894
  24.000       3.2771
  25.000       3.4100
  26.000       3.5393
  28.000       3.4197
  30.000       3.5213
  32.000       3.5172
  33.000       3.3110
  34.000       3.4508
  35.000       3.4804
  36.000       2.8771
  37.000       2.7523
  40.000       2.4539
  42.000       2.4910
  43.000       2.3341
  45.000       2.5245
  46.000       2.7019
  48.000       2.9340
  49.000       2.9436
  50.000       3.2667
  51.000       3.5690
  52.000       3.3229
  54.000       3.0909
  55.000       3.2976
  58.000       2.7566
  59.000       2.6989
  60.000       2.2485
  62.000       2.1879
  64.000       2.1159
  66.000       2.1706
  67.000       2.1488
  68.000       2.2833
  69.000       2.2053
  70.000       2.0408
  71.000       1.8556
  74.000       1.7461
  76.000       1.6023
  77.000       1.5516
  79.000       1.5037
  80.000       1.5687
  82.000       1.5909
  83.000       1.5327
  84.000       1.6177
  85.000       1.7628
  86.000       1.6279
  88.000       1.5774
  89.000       1.6715
  92.000       1.5150
  93.000       1.4852
  94.000       1.8269
  96.000       1.7110
  98.000       1.7762
 100.000       1.9010
 101.000       2.0708
 102.000       2.3746
 103.000       2.3186
 104.000       1.9465
 105.000       2.0553
 108.000       2.1386
 110.000       2.1104
 111.000       2.1464
 113.000       2.0580
 114.000       1.9937
 116.000       2.0311
 118.000       2.1024
 119.000       2.2204
 120.000       2.1634
 122.000       2.1704
 123.000       2.3697
 124.000       2.1854
 126.000       2.1389
 128.000       2.3902
 130.000       2.4667
 131.000       2.6839
 132.000       3.0507
 133.000       2.7091
 134.000       2.5974
 135.000       2.6793
 138.000       2.6334
 140.000       2.5056
 141.000       2.4805
 143.000       2.3252
 144.000       2.2341
 146.000       2.1403
 148.000       2.1351
 149.000       2.0877
 152.000       2.2278
 153.000       2.3276
 154.000       2.4640
 155.000       2.6418
 157.000       2.6177
 159.000       2.7900
 161.000       2.8411
 162.000       2.8828
 163.000       3.1487
 164.000       2.7478
 165.000       2.8500
 166.000       3.0373
 169.000       3.0323
 171.000       2.8837
 172.000       2.8233
 174.000       2.5971
 175.000       2.4663
 177.000       2.3093
 178.000       2.3427
 179.000       2.2818
 180.000       2.1498
 183.000       2.4063
 184.000       2.5705
 186.000       2.6411
 187.000       2.5207
 188.000       2.9934
 190.000       2.9592
 192.000       3.1869
 194.000       3.2048
 195.000       3.1858
 196.000       3.4689
 197.000       2.9976
 198.000       3.1305
 199.000       3.2907
 202.000       3.2158
 204.000       3.0555
 205.000       2.9245
 207.000       2.6835
 208.000       2.5814
 210.000       2.3787
 211.000       2.3471
 212.000       2.1936
 213.000       2.0400
 214.000       2.2771
 216.000       2.4692
 217.000       2.5544
 220.000       2.6067
 221.000       2.5392
 222.000       3.1234
 224.000       3.0333
 226.000       3.2359
 228.000       3.3170
 229.000       3.2861
 230.000       3.5398
 231.000       3.1800
 232.000       3.1448
 233.000       3.2609
 236.000       3.1107
 238.000       2.9555
 239.000       2.7770
 241.000       2.5955
 242.000       2.6042
 244.000       2.4372
 245.000       2.3023
 246.000       2.1312
 247.000       2.0398
 250.000       2.1023
 251.000       2.2389
 253.000       2.3950
 254.000       2.4127
 255.000       3.0002
 257.000       2.8515
 259.000       2.9873
 261.000       3.1534
 262.000       3.1380
 263.000       3.3640
 264.000       3.1123
 265.000       2.9610
 266.000       3.0229
 269.000       2.8621
 271.000       2.7031
 272.000       2.5422
 274.000       2.3794
 275.000       2.4398
 277.000       2.3441
 279.000       2.1583
 280.000       2.1090
 281.000       2.1049
 283.000       2.2215
 284.000       2.2471
 285.000       2.7871
 287.000       2.6339
 289.000       2.7655
 291.000       2.9527
 292.000       2.9942
 293.000       3.2075
 294.000       3.0149
 295.000       2.8376
 296.000       2.8717
 299.000       2.7228
 301.000       2.5473
 302.000       2.4002
 304.000       2.2983
 305.000       2.4154
 307.000       2.3939
 309.000       2.2371
 310.000       2.2760
 313.000       2.1095
 314.000       2.1433
 315.000       2.0953
 316.000       2.6837
 318.000       2.5100
 320.000       2.6073
 322.000       2.8546
 323.000       3.0433
 324.000       3.1828
 325.000       3.2068
 326.000       2.9686
 327.000       2.9321
 330.000       2.7175
 332.000       2.5749
 333.000       2.4265
 335.000       2.4191
 336.000       2.5793
 338.000       2.6159
 339.000       2.4471
 340.000       2.4521
 341.000       2.6281
 342.000       2.2975
 344.000       2.1715
 345.000       2.0939
 348.000       2.1902
 349.000       2.3188
 350.000       2.7157
 352.000       2.5119
 354.000       2.5088
 356.000       2.8672
 357.000       2.9887
 358.000       3.2117
 359.000       3.0880
 360.000       2.8334
 361.000       2.8311
 364.000       2.7267
 366.000       2.5455
 367.000       2.5308
 369.000       2.5371
 370.000       2.5967
 372.000       2.6759
 373.000       2.6639
 374.000       2.8013
 375.000       2.9703
 376.000       2.8068
 378.000       2.7024
 379.000       2.7942
 382.000       2.5943
 383.000       2.5734
 384.000       2.8365
 386.000       2.7277
 388.000       2.7893
 390.000       3.0521
 391.000       3.2718
 392.000       3.5050
 393.000       3.3305
 394.000       3.2422
 395.000       3.2851
 398.000       3.2956
 400.000       3.0973
 401.000       3.2093
 403.000       3.1912
 404.000       3.1412
 406.000       3.1841
 408.000       3.2977
 409.000       3.4093
 412.000       3.3549
 413.000       3.2945
 414.000       3.3907
 415.000       3.5088
 417.000       3.4887
 419.000       3.6057
 421.000       3.7707
 422.000       4.0334
 423.000       4.3060
 424.000       3.9870
 425.000       4.1058
 426.000       4.2849
 429.000       4.3963
 431.000       4.1778
 432.000       4.3127
 434.000       4.1280
 435.000       3.9609
 437.000       3.9133
 438.000       4.0638
 439.000       4.1672
 440.000       4.1368
 441.000       4.3815
 443.000       4.4780
 444.000       4.7007
 447.000       4.3933
 448.000       4.1869
 449.000       4.5843
 451.000       4.6306
 453.000       4.9078
 455.000       4.9129
 456.000       5.0742
 457.000       5.4744
 458.000       4.8698
 459.000       5.1191
 460.000       5.1498
 463.000       5.3203
 465.000       5.5685
 466.000       5.6883
 468.000       5.7431
 469.000       5.7082
 471.000       5.9282
 472.000       6.1521
 473.000       6.5885
 474.000       6.8636
 477.000       6.8702
 478.000       6.7028
 480.000       6.2980
 481.000       6.0353
 482.000       5.2432
 484.000       5.5260
 486.000       5.8456
 488.000       5.2104
 489.000       4.9294
 490.000       4.9360
 491.000       4.6790
 492.000       5.0839
 493.000       5.3444
 496.000       5.5643
 498.000       5.6960
 499.000       5.7195
 501.000       5.5076
 502.000       5.2369
 504.000       5.1550
 505.000       5.3963
 506.000       5.5289
 507.000       5.4288
 510.000       5.8390
 511.000       6.0007
 513.000       5.9097
 514.000       5.6056
 515.000       5.4106
 517.000       5.6378
 519.000       5.9780
 521.000       5.4599
 522.000       5.2778
 523.000       5.4005
 524.000       4.9171
 525.000       5.4628
 526.000       5.8000
 529.000       5.9721
 531.000       6.0136
 532.000       5.9689
 534.000       5.6602
 535.000       5.3534
 537.000       5.1528
 538.000       5.3648
 539.000       5.3885
 540.000       5.1643
 543.000       5.7070
 544.000       5.9677
 546.000       5.9752
 547.000       5.6712
 548.000       5.7877
 550.000       5.9417
 552.000       6.3081
 554.000       5.9094
 555.000       5.6975
 556.000       5.9676
 557.000       5.6261
 558.000       5.3964
 559.000       5.4571
 562.000       5.2129
 564.000       5.1402
 565.000       4.8126
 567.000       4.5996
 568.000       4.6817
 570.000       4.4683
 571.000       4.2136
 572.000       3.9321
 573.000       3.8387
 574.000       3.7945
 576.000       3.9128
 577.000       3.8101
 580.000       4.1639
 581.000       4.3036
 582.000       4.8749
 584.000       4.6842
 586.000       4.8079
 588.000       4.9261
 589.000       4.7028
 590.000       4.8520
 591.000       4.7486
 592.000       4.3157
 593.000       4.2318
 596.000       3.8964
 598.000       3.8677
 599.000       3.5680
 601.000       3.5679
 602.000       3.8218
 604.000       3.8682
 606.000       3.6513
 607.000       3.7242
 608.000       3.4023
 610.000       3.3533
 611.000       3.1808
 612.000       3.6333
 614.000       3.3965
 616.000       3.3178
 618.000       3.5970
 619.000       3.4353
 620.000       3.5479
 621.000       3.5563
 622.000       3.0827
 623.000       2.9500
 626.000       2.6566
 628.000       2.6433
 629.000       2.4229
 631.000       2.4857
 632.000       2.7219
 634.000       2.8361
 636.000       2.6925
 637.000       2.8378
 640.000       2.4722
 641.000       2.3654
 642.000       2.2289
 643.000       2.4948
 645.000       2.2983
 647.000       2.2034
 649.000       2.4839
 650.000       2.3928
 651.000       2.5876
 652.000       2.4954
 653.000       2.1013
 654.000       2.0979
 657.000       1.9494
 659.000       1.8865
 660.000       1.8357
 662.000       1.8294
 663.000       1.9628
 665.000       2.0280
 666.000       1.9072
 667.000       1.9638
 668.000       2.1186
 669.000       1.9058
 671.000       1.8247
 672.000       1.8831
 675.000       1.7696
 676.000       1.7992
 677.000       1.8800
 679.000       1.9500
 681.000       2.3226
 683.000       2.0323
 684.000       2.2419
 685.000       2.5435
 686.000       2.4113
 687.000       2.1404
 688.000       2.2064
 691.000       2.1066
 693.000       1.9498
 694.000       1.8838
 696.000       1.7713
 697.000       1.8012
 699.000       1.8038
 701.000       1.7579
 702.000       1.8531
 705.000       1.7374
 706.000       1.7521
 707.000       1.8618
 708.000       2.1476
 710.000       2.0167
 712.000       2.0714
 714.000       2.2576
 715.000       2.2872
 716.000       2.5997
 717.000       2.5514
 718.000       2.2729
 719.000       2.1094
 722.000       2.0874
 724.000       2.0941
 725.000       2.0136
 727.000       1.9324
 728.000       1.9805
 730.000       2.0443
 732.000       2.0564
 733.000       2.2352
 736.000       2.0481
 737.000       1.9861
 738.000       2.1304
 739.000       2.0305
 741.000       2.0503
 743.000       2.2194
 745.000       2.1581
 746.000       2.1810
 747.000       2.4566
 748.000       2.0223
 749.000       2.2168
 750.000       2.4614
 753.000       2.4881
 755.000       2.3229
 756.000       2.3129
 758.000       2.0816
 759.000       1.9169
 761.000       1.7561
 762.000       1.8425
 763.000       1.8541
 764.000       1.7639
 767.000       2.0447
 768.000       2.2009
 770.000       2.2205
 771.000       2.0393
 772.000       2.5032
 774.000       2.5061
 776.000       2.7690
 778.000       2.7467
 779.000       2.8175
 780.000       3.1140
 781.000       2.6710
 782.000       2.8109
 783.000       3.0331
 786.000       3.0295
 788.000       2.8382
 789.000       2.7968
 791.000       2.5284
 792.000       2.3743
 794.000       2.1542
 796.000       2.1126
 797.000       1.9694
 800.000       2.2880
 801.000       2.4861
 802.000       2.6849
 803.000       3.0163
 805.000       2.9879
 807.000       3.2553
 809.000       3.2700
 810.000       3.2894
 811.000       3.6050
 812.000       3.1103
 813.000       3.2239
 814.000       3.4457
 817.000       3.3858
 819.000       3.1825
 820.000       3.0751
 822.000       2.7842
 823.000       2.6616
 825.000       2.4246
 827.000       2.3026
 828.000       2.1438
 829.000       2.4539
 831.000       2.6873
 832.000       2.8500
 833.000       3.3153
 835.000       3.2332
 837.000       3.4937
 839.000       3.5611
 840.000       3.5436
 841.000       3.8389
 842.000       3.4450
 843.000       3.3636
 844.000       3.5142
 847.000       3.3297
 849.000       3.1247
 850.000       2.9280
 852.000       2.7032
 853.000       2.7232
 855.000       2.5594
 857.000       2.3546
 858.000       2.2577
 859.000       2.3527
 861.000       2.5256
 862.000       2.5762
 863.000       3.2436
 865.000       3.0395
 867.000       3.1715
 869.000       3.4599
 870.000       3.4618
 871.000       3.7893
 872.000       3.3349
 873.000       3.3062
 874.000       3.4879
 877.000       3.3744
 879.000       3.1846
 880.000       3.0507
 882.000       2.7881
 883.000       2.7183
 885.000       2.5327
 887.000       2.4091
 888.000       2.2833
 891.000       2.4925
 892.000       2.6843
 893.000       2.8260
 894.000       3.2871
 896.000       3.1703
 898.000       3.3999
 900.000       3.5287
 901.000       3.5398
 902.000       3.5031
 903.000       3.9043
 904.000       3.3264
 905.000       3.4223
 908.000       3.4387
 910.000       3.5990
 911.000       3.5572
 913.000       3.6304
 914.000       3.7233
 916.000       3.9454
 917.000       3.9852
 918.000       4.2901
 919.000       4.5937
 920.000       4.3323
 922.000       4.1349
 923.000       4.3031
 926.000       3.8781
 927.000       3.7951
 928.000       3.2603
 930.000       3.3853
 932.000       3.5147
 934.000       3.2711
 935.000       3.1630
 936.000       3.3847
 937.000       3.0244
 938.000       3.2157
 939.000       3.4726
 942.000       3.6285
 944.000       3.6361
 945.000       3.7439
 947.000       3.7259
 948.000       3.4720
 950.000       3.5845
 952.000       3.9733
 953.000       4.2189
 956.000       4.2160
 957.000       4.0917
 958.000       4.4052
 959.000       3.6039
 961.000       3.7559
 963.000       4.1791
 965.000       4.0071
 966.000       4.0604
 967.000       4.6615
 968.000       3.9638
 969.000       3.7513
 970.000       3.9804
 973.000       3.7650
 975.000       3.6302
 976.000       3.4295
 978.000       3.2609
 979.000       3.1180
 981.000       3.0787
 983.000       3.1905
 984.000       3.2580
 987.000       3.3301
 988.000       3.3591
 989.000       3.5638
 990.000       3.4937
 992.000       3.4621
 994.000       3.8158
 996.000       3.7094
 997.000       3.5708
 998.000       3.9872
 999.000       3.4927
1000.000       3.2646
1001.000       3.4803
1004.000       3.2570
1006.000       3.1711
1007.000       2.9434
1009.000       2.7704
1010.000       2.7465
1012.000       2.6943
1013.000       2.6640
1014.000       2.7020
1015.000       2.7650
1016.000       2.7765
1018.000       2.8217
1019.000       2.9866
1022.000       2.8008
1023.000       2.7123
1024.000       2.9404
1026.000       2.8948
1028.000       3.4218
1030.000       3.1946
1031.000       3.1120
1032.000       3.5145
1033.000       3.0146
1034.000       3.0532
1035.000       2.8742
1038.000       2.9559
1040.000       3.1902
1041.000       3.3227
1043.000       3.3182
1044.000       3.8651
1046.000       3.9208
1047.000       3.3998
1048.000       3.4597
1049.000       3.7980
1052.000       3.5488
1053.000       3.5087
1055.000       3.2181
1056.000       3.1442
1057.000       3.0687
1059.000       3.4407
1061.000       4.0566
1063.000       3.0746
1064.000       2.8193
1065.000       2.9181
1066.000       2.6475
1067.000       2.8613
1068.000       3.1501
1071.000       3.2387
1073.000       3.2540
1074.000       3.1458
1076.000       2.8416
1077.000       2.7173
1079.000       2.5057
1080.000       2.4878
1081.000       2.3769
1082.000       2.2726
1083.000       2.5019
1085.000       2.7087
1086.000       2.8647
1089.000       2.8270
1090.000       2.7028
1091.000       3.0699
1093.000       3.1817
1095.000       3.5417
1097.000       3.2112
1098.000       3.0563
1099.000       3.3096
1100.000       2.8052
1101.000       3.0331
1102.000       3.3152
1105.000       3.2554
1107.000       3.1031
1108.000       2.9655
1110.000       2.6710
1111.000       2.5281
1113.000       2.3162
1114.000       2.3332
1115.000       2.2567
1116.000       2.1432
1117.000       2.4351
1119.000       2.6361
1120.000       2.8502
1123.000       2.7078
1124.000       2.5544
1125.000       3.1180
1127.000       3.0772
1129.000       3.3702
1131.000       3.3415
1132.000       3.3521
1133.000       3.6552
1134.000       3.2564
1135.000       3.2160
1136.000       3.3758
1139.000       3.2902
1141.000       3.1338
1142.000       3.0175
1144.000       2.7626
1145.000       2.6486
1147.000       2.4489
1148.000       2.4306
1149.000       2.3195
1150.000       2.1558
1153.000       2.4451
1154.000       2.6558
1156.000       2.7623
1157.000       2.6384
1158.000       3.1991
1160.000       3.1304
1162.000       3.3689
1164.000       3.4009
1165.000       3.3465
1166.000       3.6300
1167.000       3.1758
1168.000       3.2517
1169.000       3.4612
1172.000       3.4072
1174.000       3.2628
1175.000       3.1395
1177.000       2.8582
1178.000       2.7310
1180.000       2.5112
1181.000       2.4861
1182.000       2.3246
1183.000       2.1507
1184.000       2.4432
1186.000       2.6847
1187.000       2.8235
1190.000       2.8257
1191.000       2.7133
1192.000       3.2872
1194.000       3.2372
1196.000       3.5059
1198.000       3.4846
1199.000       3.4092
1200.000       3.6967
1201.000       3.2705
1202.000       3.2547
1203.000       3.4352
1206.000       3.3075
1208.000       3.1341
1209.000       2.9483
1211.000       2.6692
1212.000       2.6150
1214.000       2.4025
1216.000       2.2132
1217.000       2.0649
1218.000       2.2808
1220.000       2.5088
1221.000       2.6110
1222.000       3.1520
1224.000       3.0274
1226.000       3.2437
1228.000       3.3446
1229.000       3.2602
1230.000       3.5561
1231.000       3.1181
1232.000       3.0792
1233.000       3.1696
1236.000       3.0118
1238.000       2.8733
1239.000       2.6625
1241.000       2.4248
1242.000       2.4066
1244.000       2.2140
1245.000       2.0789
1246.000       1.8922
1247.000       1.8003
1248.000       1.9027
1250.000       2.0765
1251.000       2.1507
1254.000       2.2394
1255.000       2.2257
1256.000       2.8315
1258.000       2.7039
1260.000       2.8809
1262.000       2.9702
1263.000       2.9010
1264.000       3.1129
1265.000       2.8923
1266.000       2.6742
1267.000       2.6990
1270.000       2.5011
1272.000       2.3982
1273.000       2.1966
1275.000       2.0876
1276.000       2.2027
1278.000       2.1559
1280.000       1.9752
1281.000       1.9798
1284.000       1.8600
1285.000       1.9209
1286.000       1.8870
1287.000       2.3430
1289.000       2.1881
1291.000       2.2543
1293.000       2.4116
1294.000       2.3105
1295.000       2.4818
1296.000       2.3335
1297.000       2.1144
1298.000       2.1614
1301.000       2.0325
1303.000       1.9291
1304.000       1.8141
1306.000       1.7289
1307.000       1.8142
1309.000       1.8342
1310.000       1.7407
1311.000       1.8058
1312.000       1.9783
1315.000       1.8096
1316.000       1.7574
1318.000       1.7011
1319.000       1.6806
1320.000       1.9596
1322.000       1.8941
1324.000       2.0719
1326.000       2.0787
1327.000       2.1344
1328.000       2.2129
1329.000       2.3217
1330.000       2.0356
1331.000       2.1991
1334.000       2.1078
1336.000       1.9924
1337.000       1.8878
1339.000       1.7667
1340.000       1.7053
1342.000       1.6805
1343.000       1.7060
1344.000       1.7543
1345.000       1.7954
1348.000       1.8333
1349.000       1.8772
1351.000       1.8590
1352.000       1.7607
1353.000       2.0831
1355.000       1.9238
1357.000       1.9195
1359.000       2.1896
1360.000       2.3149
1361.000       2.4522
1362.000       2.4514
1363.000       2.3400
1364.000       2.4455
1367.000       2.2963
1369.000       2.1323
1370.000       2.0802
1372.000       1.9066
1373.000       1.8086
1375.000       1.7115
1377.000       1.7272
1378.000       1.7353
1379.000       1.8336
1381.000       1.9216
1382.000       2.0748
1383.000       2.2369
1385.000       2.2026
1387.000       2.4679
1389.000       2.4381
1390.000       2.6012
1391.000       2.8426
1392.000       2.5967
1393.000       2.5709
1394.000       2.6646
1397.000       2.6353
1399.000       2.4791
1400.000       2.4573
1402.000       2.2615
1403.000       2.1516
1405.000       1.9948
1407.000       1.9672
1408.000       1.8676
1411.000       2.1117
1412.000       2.2529
1413.000       2.4263
1414.000       2.6799
1416.000       2.6242
1418.000       2.7977
1420.000       2.9011
1421.000       2.9820
1422.000       3.2614
1423.000       2.8678
1424.000       2.9451
1425.000       3.1267
1428.000       3.0899
1430.000       2.9493
1431.000       2.8854
1433.000       2.6666
1434.000       2.5596
1436.000       2.3849
1438.000       2.3033
1439.000       2.1794
1440.000       2.4377
1442.000       2.6169
1443.000       2.7645
1444.000       3.0374
1446.000       2.9992
1448.000       3.2191
1450.000       3.2176
1451.000       3.2071
1452.000       3.4429
1453.000       3.0962
1454.000       3.1247
1455.000       3.2782
1458.000       3.2060
1460.000       3.0936
1461.000       2.9733
1463.000       2.7683
1464.000       2.7174
1466.000       2.5553
1467.000       2.4896
1468.000       2.3493
1469.000       2.2491
1470.000       2.3785
1472.000       2.5226
1473.000       2.5693
1476.000       2.6515
1477.000       2.6254
1478.000       3.0985
1480.000       3.0317
1482.000       3.2270
1484.000       3.2307
1485.000       3.1683
1486.000       3.3743
1487.000       3.0998
1488.000       3.0235
1489.000       3.2538
1492.000       3.1134
1494.000       3.0317
1495.000       2.8724
1497.000       2.7017
1498.000       2.6860
1500.000       2.5867
1502.000       2.4901
1503.000       2.4573
1504.000       2.5115
1506.000       2.6162
1507.000       2.6838
1508.000       2.9287
1510.000       2.8298
1512.000       3.0053
1514.000       3.0327
1515.000       2.8880
1516.000       3.0824
1517.000       2.8416
1518.000       2.8224
1519.000       2.7343
1522.000       2.8234
1524.000       2.9733
1525.000       3.2344
1527.000       3.4419
1528.000       3.4336
1530.000       3.7233
1531.000       4.0425
1532.000       4.6863
1533.000       4.8499
1534.000       5.4000
1536.000       5.4899
1537.000       6.4572
1540.000       4.7783
1541.000       4.0303
1542.000       3.0355
1544.000       3.3102
1546.000       3.6859
1548.000       3.1410
1549.000       3.0010
1550.000       3.0392
1551.000       3.1795
1552.000       2.7868
1553.000       2.7601
1556.000       2.6594
1558.000       2.6547
1559.000       2.5758
1561.000       2.5392
1562.000       2.6678
1564.000       2.6602
1565.000       2.5031
1566.000       2.4697
1567.000       2.5738
1570.000       2.4059
1571.000       2.3877
1573.000       2.4041
1574.000       2.4455
1575.000       2.6503
1577.000       2.6318
1579.000       2.7662
1581.000       2.7021
1582.000       2.7830
1583.000       2.8991
1584.000       2.8314
1585.000       2.8509
1586.000       2.9705
1589.000       3.1678
1591.000       3.2521
1592.000       3.3782
1594.000       3.2669
1595.000       3.1019
1597.000       3.1553
1598.000       3.3406
1599.000       3.5404
1600.000       3.6135
1601.000       3.7557
1603.000       3.8175
1604.000       4.1041
1607.000       3.6780
1608.000       3.4183
1609.000       3.1811
1611.000       3.3986
1613.000       3.7013
1615.000       3.3170
1616.000       3.2926
1617.000       3.5702
1618.000       3.1134
1619.000       3.3329
1620.000       3.6115
1623.000       3.6759
1625.000       3.6280
1626.000       3.5859
1628.000       3.3273
1629.000       3.1512
1631.000       3.0653
1632.000       3.1939
1633.000       3.3075
1634.000       3.3336
1635.000       3.5219
1637.000       3.6283
1638.000       3.8954
1641.000       3.5673
1642.000       3.3428
1643.000       3.5412
1645.000       3.6160
1647.000       3.9659
1649.000       3.7429
1650.000       3.6299
1651.000       3.9972
1652.000       3.4224
1653.000       3.5198
1654.000       3.8226
1657.000       3.7849
1659.000       3.6924
1660.000       3.6138
1662.000       3.3439
1663.000       3.1497
1665.000       3.0584
1667.000       3.1960
1668.000       3.2929
1671.000       3.3994
1672.000       3.4623
1673.000       3.7616
1674.000       3.5697
1676.000       3.6127
1678.000       3.9933
1680.000       3.7751
1681.000       3.6658
1682.000       3.9449
1683.000       3.4568
1684.000       3.6572
1685.000       3.9820
1688.000       3.9558
1690.000       3.8766
1691.000       3.7356
1693.000       3.3639
1694.000       3.1320
1696.000       2.9154
1698.000       2.9825
1699.000       2.9592
1702.000       3.2139
1703.000       3.3883
1704.000       3.6771
1705.000       3.6911
1707.000       3.7087
1709.000       4.1176
1711.000       3.9289
1712.000       3.7538
1713.000       4.2034
1714.000       3.4436
1715.000       3.5968
1716.000       3.9546
1719.000       3.8508
1721.000       3.6872
1722.000       3.5045
1724.000       3.0987
1725.000       2.8638
1727.000       2.5827
1729.000       2.6091
1730.000       2.5291
1733.000       2.8709
1734.000       3.0844
1735.000       3.3786
1736.000       3.6117
1738.000       3.5622
1740.000       3.9727
1742.000       3.9148
1743.000       3.8525
1744.000       4.3225
1745.000       3.6275
1746.000       3.6806
1747.000       3.9730
1750.000       3.8818
1752.000       3.6582
1753.000       3.5572
1755.000       3.2026
1756.000       2.9745
1758.000       2.7143
1760.000       2.7404
1761.000       2.6349
1764.000       3.0223
1765.000       3.2283
1766.000       3.5428
1767.000       3.7914
1769.000       3.7525
1771.000       4.1296
1773.000       4.1298
1774.000       4.2301
1775.000       4.6555
1776.000       4.0823
1777.000       4.1651
1778.000       4.4385
1781.000       4.4435
1783.000       4.1570
1784.000       4.1640
1786.000       3.8340
1787.000       3.5809
1789.000       3.3799
1790.000       3.5400
1791.000       3.5891
1792.000       3.4288
1795.000       3.9192
1796.000       4.1647
1798.000       4.1452
1799.000       3.8263
1800.000       4.5441
1802.000       4.5170
1804.000       4.8710
1806.000       4.9569
1807.000       5.2057
1808.000       5.6632
1809.000       5.0100
1810.000       5.2760
1811.000       5.6050
1814.000       5.6639
1816.000       5.2748
1817.000       5.3170
1819.000       4.9610
1820.000       4.6815
1822.000       4.4659
1823.000       4.6213
1824.000       4.6005
1825.000       4.4230
1826.000       4.9147
1828.000       5.2040
1829.000       5.5504
1832.000       5.2328
1833.000       4.9299
1834.000       5.8697
1836.000       5.8016
1838.000       6.1720
1840.000       6.3794
1841.000       6.6999
1842.000       7.2392
1843.000       6.5281
1844.000       6.6559
1845.000       6.9420
1848.000       6.8616
1850.000       6.3251
1851.000       6.2157
1853.000       5.8349
1854.000       5.7183
1856.000       5.4416
1857.000       5.3529
1858.000       5.1294
1859.000       4.9719
1860.000       5.1864
1862.000       5.4352
1863.000       5.5222
1866.000       5.6643
1867.000       5.5981
1868.000       7.0695
1870.000       6.7742
1872.000       7.0738
1874.000       7.6862
1875.000       8.1386
1876.000       8.0983
1877.000       8.8873
1878.000       7.8934
1879.000       7.8993
1882.000       7.3994
1884.000       7.1705
1885.000       6.9652
1887.000       7.1495
1888.000       7.1356
1890.000       7.4381
1891.000       7.6540
1892.000       8.1137
1893.000       8.3840
1896.000       8.4486
1897.000       8.3447
1899.000       7.8901
1900.000       7.5304
1901.000       7.4153
1903.000       7.0986
1905.000       6.9961
1907.000       7.4939
1908.000       7.6957
1909.000       7.9045
1910.000       8.1074
1911.000       7.2141
1912.000       6.8826
1915.000       6.4964
1917.000       6.9035
1918.000       6.8240
1920.000       7.5351
1921.000       8.2639
1923.000       8.8935
1924.000       8.5650
1925.000       9.0456
1926.000       9.8111
1927.000       8.6992
1929.000       8.0030
1930.000       7.9910
1933.000       7.4846
1934.000       7.7722
1935.000       6.1663
1937.000       6.2239
1939.000       5.7841
1941.000       5.6424
1942.000       5.2606
1943.000       5.1176
1944.000       4.9055
1945.000       5.6708
1946.000       5.9024
1949.000       6.3751
1951.000       6.8111
1952.000       7.0811
1954.000       7.0387
1955.000       6.7814
1957.000       6.9344
1958.000       7.3083
1959.000       7.6745
1960.000       7.7503
1961.000       8.0351
1963.000       8.0615
1964.000       8.4549
1967.000       7.7552
1968.000       7.3741
1969.000       6.2683
1971.000       6.8578
1973.000       7.2069
1975.000       6.1134
1976.000       5.7548
1977.000       5.8130
1978.000       5.2760
1979.000       6.0729
1980.000       6.5367
1983.000       6.8784
1985.000       7.0592
1986.000       7.1321
1988.000       6.7823
1989.000       6.3350
1991.000       6.1661
1992.000       6.5333
1993.000       6.6604
1994.000       6.4199
1997.000       7.1041
1998.000       7.4149
2000.000       7.3583
2001.000       6.9051
2002.000       6.6511
2004.000       7.0461
2006.000       7.5658
2008.000       6.7289
2009.000       6.3598
2010.000       6.6810
2011.000       5.8897
2012.000       6.2995
2013.000       6.7358
2016.000       6.6904
2018.000       6.5940
2019.000       6.3077
2021.000       5.8099
2022.000       5.6065
2024.000       5.2147
2026.000       5.0214
2027.000       4.6963
2030.000       5.2183
2031.000       5.6147
2032.000       5.8454
2033.000       6.2992
2035.000       6.2667
2037.000       6.7337
2039.000       6.5345
2040.000       6.2469
2041.000       6.6879
2042.000       5.8701
2043.000       6.0104
2044.000       6.3662
2047.000       6.1131
2049.000       5.8266
2050.000       5.3497
2052.000       4.9523
2053.000       4.8748
2055.000       4.5433
2057.000       4.2464
2058.000       3.9910
2059.000       4.3522
2061.000       4.7057
2062.000       4.8488
2063.000       5.7787
2065.000       5.3453
2067.000       5.5540
2069.000       6.2510
2070.000       6.2166
2071.000       6.8220
2072.000       5.8805
2073.000       5.9710
2074.000       6.3182
2077.000       6.0555
2079.000       5.6955
2080.000       5.3188
2082.000       4.8169
2083.000       4.7314
2085.000       4.2686
2086.000       4.0319
2087.000       3.5839
2088.000       3.2643
2089.000       3.6064
2091.000       3.9938
2092.000       4.0477
2095.000       4.3833
2096.000       4.3853
2097.000       5.8222
2099.000       5.5173
2101.000       5.8609
2103.000       6.2423
2104.000       6.2113
2105.000       6.7842
2106.000       5.9735
2107.000       5.8655
2108.000       6.0886
2111.000       5.7475
2113.000       5.2906
2114.000       4.9155
2116.000       4.4947
2117.000       4.4935
2119.000       4.1010
2120.000       3.8063
2121.000       3.3850
2122.000       3.1474
2123.000       3.3481
2125.000       3.6656
2126.000       3.7163
2129.000       4.0184
2130.000       4.0702
2131.000       5.6300
2133.000       5.2285
2135.000       5.4773
2137.000       6.1101
2138.000       6.2510
2139.000       6.8427
2140.000       6.1457
2141.000       5.8964
2142.000       6.0471
2145.000       5.7188
2147.000       5.1704
2148.000       4.9150
2150.000       4.5489
2151.000       4.5854
2153.000       4.2783
2154.000       3.9959
2155.000       3.6573
2156.000       3.5173
2157.000       3.6003
2159.000       3.8461
2160.000       3.9093
2163.000       4.1360
2164.000       4.1871
2165.000       5.8198
2167.000       5.3880
2169.000       5.6402
2171.000       6.3257
2172.000       6.7313
2173.000       7.2836
2174.000       6.8738
2175.000       6.5132
2176.000       6.6482
2179.000       6.5292
2181.000       5.9452
2182.000       5.9611
2184.000       5.6134
2185.000       5.6325
2187.000       5.5470
2189.000       5.3766
2190.000       5.4318
2191.000       5.3247
2193.000       5.4731
2194.000       5.6338
2195.000       6.8919
2197.000       6.6232
2199.000       6.9789
2201.000       7.4476
