   2.000       2.9222
   3.000       2.9206
   6.000       2.7549
   8.000       2.7853
   9.000       2.5814
  11.000       2.4380
  12.000       2.4959
  14.000       2.3862
  15.000       2.2368
  16.000       2.1149
  17.000       2.1088
  18.000       2.0600
  20.000       2.1230
  21.000       2.1231
  24.000       2.2350
  25.000       2.2796
  26.000       2.4873
  28.000       2.4491
  30.000       2.6096
  32.000       2.5092
  33.000       2.3547
  34.000       2.5336
  35.000       2.3405
  36.000       2.1543
  37.000       2.2181
  40.000       2.0859
  42.000       2.0595
  43.000       1.9070
  45.000       1.7889
  46.000       1.8378
  48.000       1.8005
  50.000       1.6991
  51.000       1.7259
  54.000       1.6588
  55.000       1.7076
  56.000       1.7487
  57.000       1.9107
  59.000       1.8628
  61.000       2.0097
  63.000       1.9810
  64.000       1.8981
  65.000       2.1040
  66.000       1.8592
  67.000       1.7578
  68.000       1.8573
  71.000       1.7672
  73.000       1.6754
  74.000       1.5855
  76.000       1.4513
  77.000       1.4269
  79.000       1.3359
  80.000       1.2948
  81.000       1.2552
  82.000       1.2342
  83.000       1.3237
  85.000       1.4146
  86.000       1.5248
  89.000       1.4462
  90.000       1.3816
  91.000       1.6931
  93.000       1.6432
  95.000       1.8066
  97.000       1.8396
  98.000       1.8471
  99.000       2.0840
 100.000       1.7985
 101.000       1.7386
 102.000       1.8464
 105.000       1.7712
 107.000       1.6273
 108.000       1.5744
 110.000       1.4362
 111.000       1.3751
 113.000       1.2709
 115.000       1.2235
 116.000       1.1670
 119.000       1.3018
 120.000       1.4119
 121.000       1.5352
 122.000       1.7440
 124.000       1.6692
 126.000       1.8269
 128.000       1.9157
 129.000       1.9642
 130.000       2.1689
 131.000       1.9894
 132.000       1.8145
 133.000       1.8339
 136.000       1.6966
 138.000       1.5421
 139.000       1.4706
 141.000       1.3844
 142.000       1.4667
 144.000       1.4213
 145.000       1.2832
 146.000       1.2188
 147.000       1.2805
 150.000       1.1544
 151.000       1.1598
 153.000       1.2102
 154.000       1.2619
 155.000       1.7277
 157.000       1.6152
 159.000       1.6219
 161.000       1.7288
 162.000       1.8692
 163.000       1.9720
 164.000       1.9638
 165.000       1.8578
 166.000       1.9764
 169.000       1.9460
 171.000       1.8353
 172.000       1.8370
 174.000       1.6821
 175.000       1.5934
 177.000       1.4635
 179.000       1.4275
 180.000       1.3404
 183.000       1.5287
 184.000       1.6559
 185.000       1.7832
 186.000       2.0452
 188.000       2.0226
 190.000       2.1606
 192.000       2.2361
 193.000       2.4100
 194.000       2.7884
 195.000       2.5347
 196.000       2.1929
 197.000       2.2675
 200.000       2.0746
 202.000       1.8422
 203.000       1.6821
 205.000       1.5314
 206.000       1.5888
 208.000       1.5598
 210.000       1.4590
 211.000       1.5324
 212.000       1.4090
 214.000       1.4425
 215.000       1.5014
 216.000       2.0022
 218.000       1.8013
 220.000       1.9582
 222.000       2.2239
 223.000       2.2767
 224.000       2.5448
 225.000       2.3705
 226.000       2.0280
 227.000       2.0095
 230.000       1.8358
 232.000       1.6764
 233.000       1.6564
 235.000       1.6238
 236.000       1.7162
 238.000       1.7207
 239.000       1.6304
 240.000       1.6601
 241.000       1.7622
 242.000       1.6317
 244.000       1.5704
 245.000       1.6050
 248.000       1.5425
 249.000       1.5708
 250.000       1.8974
 252.000       1.8208
 254.000       1.9211
 256.000       1.9358
 257.000       1.9543
 258.000       2.0693
 259.000       2.1404
 260.000       1.8224
 261.000       1.8722
 264.000       1.7965
 266.000       1.6794
 267.000       1.6095
 269.000       1.4945
 270.000       1.4743
 272.000       1.3807
 273.000       1.3382
 274.000       1.2853
 275.000       1.2502
 276.000       1.3427
 278.000       1.4239
 279.000       1.5204
 282.000       1.4684
 283.000       1.4207
 284.000       1.7819
 286.000       1.7123
 288.000       1.8152
 290.000       1.9137
 291.000       1.9807
 292.000       2.1586
 293.000       1.9840
 294.000       1.9162
 295.000       1.9783
 298.000       1.9159
 300.000       1.8175
 301.000       1.7479
 303.000       1.6369
 304.000       1.6356
 306.000       1.5503
 308.000       1.4571
 309.000       1.3919
 312.000       1.4718
 313.000       1.5638
 314.000       1.6140
 315.000       1.8848
 317.000       1.8194
 319.000       1.9348
 321.000       2.0009
 322.000       2.0045
 323.000       2.1720
 324.000       1.9983
 325.000       1.8938
 326.000       1.9433
 329.000       1.8539
 331.000       1.7729
 332.000       1.6793
 334.000       1.5883
 335.000       1.6016
 337.000       1.5227
 338.000       1.4534
 339.000       1.3815
 340.000       1.3635
 341.000       1.3697
 343.000       1.4192
 344.000       1.4319
 347.000       1.4878
 348.000       1.4986
 349.000       1.7878
 351.000       1.7095
 353.000       1.7993
 355.000       1.8728
 356.000       1.8935
 357.000       2.0191
 358.000       1.9318
 359.000       1.8024
 360.000       1.7452
 363.000       1.6641
 365.000       1.6281
 366.000       1.5649
 368.000       1.5399
 369.000       1.5889
 371.000       1.5824
 373.000       1.5275
 374.000       1.5486
 377.000       1.4939
 378.000       1.4976
 379.000       1.4989
 380.000       1.6220
 382.000       1.5661
 384.000       1.6040
 386.000       1.6659
 387.000       1.6638
 388.000       1.7682
 389.000       1.7197
 390.000       1.5653
 391.000       1.5637
 394.000       1.4923
 396.000       1.4841
 397.000       1.4403
 399.000       1.4216
 400.000       1.4549
 402.000       1.4578
 404.000       1.4320
 405.000       1.4672
 406.000       1.4117
 408.000       1.4046
 409.000       1.4214
 410.000       1.4452
 412.000       1.4334
 414.000       1.4982
 416.000       1.4811
 417.000       1.4955
 418.000       1.6296
 419.000       1.5615
 420.000       1.4133
 421.000       1.4451
 424.000       1.4321
 426.000       1.4379
 427.000       1.4229
 429.000       1.3432
 430.000       1.3249
 432.000       1.2953
 433.000       1.2861
 434.000       1.2910
 435.000       1.3042
 436.000       1.3250
 438.000       1.3660
 439.000       1.4298
 442.000       1.3749
 443.000       1.3235
 444.000       1.3984
 446.000       1.4471
 448.000       1.6002
 450.000       1.4692
 451.000       1.4718
 452.000       1.6450
 453.000       1.4479
 454.000       1.4486
 455.000       1.5763
 458.000       1.5678
 460.000       1.5166
 461.000       1.4745
 463.000       1.3442
 464.000       1.2984
 466.000       1.2296
 468.000       1.2088
 469.000       1.2009
 472.000       1.2605
 473.000       1.3246
 474.000       1.4154
 475.000       1.5280
 477.000       1.5364
 479.000       1.7115
 481.000       1.6535
 482.000       1.6618
 483.000       1.8716
 484.000       1.6320
 485.000       1.5979
 486.000       1.7159
 489.000       1.6725
 491.000       1.6051
 492.000       1.5212
 494.000       1.3729
 495.000       1.3413
 497.000       1.2460
 498.000       1.2206
 499.000       1.1987
 500.000       1.2002
 501.000       1.2585
 503.000       1.3164
 504.000       1.4065
 507.000       1.3452
 508.000       1.2968
 509.000       1.6143
 511.000       1.5816
 513.000       1.7528
 515.000       1.7697
 516.000       1.8039
 517.000       2.0390
 518.000       1.7759
 519.000       1.7063
 520.000       1.8076
 523.000       1.7208
 525.000       1.5905
 526.000       1.5081
 528.000       1.3682
 529.000       1.3493
 531.000       1.2695
 533.000       1.2222
 534.000       1.2213
 537.000       1.2693
 538.000       1.3311
 539.000       1.4266
 540.000       1.7130
 542.000       1.6366
 544.000       1.7847
 546.000       1.9019
 547.000       2.0007
 548.000       2.2574
 549.000       1.9849
 550.000       1.9185
 551.000       2.0136
 554.000       1.9679
 556.000       1.7977
 557.000       1.7788
 559.000       1.6290
 560.000       1.5701
 562.000       1.4791
 564.000       1.4545
 565.000       1.4353
 568.000       1.5300
 569.000       1.6110
 570.000       1.7297
 571.000       2.0373
 573.000       1.9738
 575.000       2.1406
 577.000       2.2765
 578.000       2.4363
 579.000       2.7176
 580.000       2.4104
 581.000       2.3838
 582.000       2.5118
 585.000       2.4677
 587.000       2.2486
 588.000       2.2207
 590.000       2.0364
 591.000       2.0146
 593.000       1.9277
 595.000       1.8655
 596.000       1.8682
 597.000       1.9004
 599.000       1.9804
 600.000       2.0708
 601.000       2.5486
 603.000       2.4533
 605.000       2.6405
 607.000       2.8243
 608.000       3.0097
 609.000       3.3106
 610.000       2.9052
 611.000       3.0767
 612.000       3.3436
 615.000       3.4751
 617.000       3.6064
 618.000       3.5039
 620.000       3.5512
 621.000       3.5213
 623.000       3.6342
 625.000       3.8083
 626.000       3.9990
 627.000       3.8632
 629.000       3.7418
 630.000       3.8932
 631.000       3.2786
 633.000       3.2050
 635.000       3.1972
 637.000       3.4856
 638.000       3.5878
 639.000       3.8906
 640.000       3.6833
 641.000       3.3394
 642.000       3.3586
 645.000       3.2063
 647.000       3.0214
 648.000       3.0572
 650.000       3.0271
 651.000       3.0800
 653.000       3.1372
 655.000       3.1573
 656.000       3.3122
 659.000       3.1336
 660.000       3.0586
 661.000       3.1229
 662.000       3.3456
 664.000       3.2818
 666.000       3.4000
 668.000       3.3683
 669.000       3.4625
 670.000       3.6288
 671.000       3.6396
 672.000       3.2352
 673.000       3.2133
 676.000       2.9552
 678.000       2.8831
 679.000       2.7298
 681.000       2.8111
 682.000       3.0912
 684.000       3.1888
 685.000       2.9361
 686.000       2.9580
 687.000       3.1882
 688.000       2.7771
 690.000       2.6159
 691.000       2.6187
 694.000       2.5669
 695.000       2.7191
 696.000       2.8338
 698.000       2.7575
 700.000       2.6508
 702.000       2.7307
 703.000       2.8680
 704.000       3.1234
 705.000       2.8510
 706.000       2.8323
 707.000       2.6561
 710.000       2.5601
 712.000       2.4875
 713.000       2.3100
 715.000       2.1303
 716.000       2.1297
 718.000       1.9744
 719.000       1.8614
 720.000       1.7115
 721.000       1.6469
 722.000       1.7007
 724.000       1.8204
 725.000       1.8521
 728.000       1.9546
 729.000       1.9666
 730.000       2.3978
 732.000       2.3057
 734.000       2.4702
 736.000       2.5252
 737.000       2.4680
 738.000       2.7033
 739.000       2.4241
 740.000       2.2821
 741.000       2.3480
 744.000       2.1939
 746.000       2.0885
 747.000       1.9252
 749.000       1.7865
 750.000       1.8125
 752.000       1.6865
 753.000       1.5577
 754.000       1.4246
 755.000       1.3854
 756.000       1.3957
 758.000       1.4853
 759.000       1.5007
 762.000       1.6020
 763.000       1.6291
 764.000       2.0866
 766.000       1.9575
 768.000       2.0662
 770.000       2.2108
 771.000       2.2172
 772.000       2.4262
 773.000       2.2351
 774.000       2.0523
 775.000       2.0920
 778.000       1.9473
 780.000       1.8209
 781.000       1.7022
 783.000       1.5911
 784.000       1.6494
 786.000       1.5834
 788.000       1.4467
 789.000       1.4276
 792.000       1.4018
 793.000       1.4798
 794.000       1.5061
 795.000       1.8970
 797.000       1.7813
 799.000       1.8806
 801.000       2.0374
 802.000       2.0711
 803.000       2.2818
 804.000       2.1065
 805.000       1.9080
 806.000       1.9403
 809.000       1.8147
 811.000       1.6929
 812.000       1.5999
 814.000       1.5148
 815.000       1.5492
 817.000       1.4681
 818.000       1.3735
 819.000       1.2924
 820.000       1.2730
 821.000       1.2904
 823.000       1.3490
 824.000       1.3989
 827.000       1.4105
 828.000       1.4159
 829.000       1.7839
 831.000       1.6758
 833.000       1.7678
 835.000       1.9183
 836.000       1.9687
 837.000       2.1774
 838.000       2.0423
 839.000       1.7982
 840.000       1.8004
 843.000       1.6762
 845.000       1.5726
 846.000       1.5174
 848.000       1.4574
 849.000       1.4902
 851.000       1.4578
 853.000       1.3856
 854.000       1.3771
 857.000       1.3731
 858.000       1.4104
 859.000       1.4435
 860.000       1.6671
 862.000       1.5826
 864.000       1.6645
 866.000       1.7902
 867.000       1.8511
 868.000       1.9043
 869.000       1.9747
 870.000       2.0071
 871.000       2.1650
 874.000       2.2780
 876.000       2.4124
 877.000       2.4472
 879.000       2.4010
 880.000       2.2855
 882.000       2.3375
 884.000       2.5355
 885.000       2.6828
 888.000       2.6704
 889.000       2.5974
 890.000       2.7827
 891.000       2.1495
 893.000       2.3441
 895.000       2.5884
 897.000       2.2150
 898.000       2.1591
 899.000       2.3811
 900.000       2.1746
 901.000       2.0572
 902.000       2.1821
 905.000       2.1700
 907.000       2.2069
 908.000       2.1637
 910.000       2.0336
 911.000       1.9589
 913.000       1.9708
 914.000       2.0626
 915.000       2.2298
 916.000       2.3038
 919.000       2.4342
 920.000       2.4660
 922.000       2.3212
 923.000       2.1128
 924.000       2.0297
 926.000       2.1141
 928.000       2.3689
 930.000       2.1430
 931.000       2.0341
 932.000       2.3053
 933.000       1.9926
 934.000       1.8492
 935.000       1.9663
 938.000       1.8689
 940.000       1.8184
 941.000       1.7194
 943.000       1.5725
 944.000       1.5440
 946.000       1.5180
 947.000       1.5127
 948.000       1.5935
 949.000       1.6620
 952.000       1.7355
 953.000       1.8018
 955.000       1.7363
 956.000       1.5711
 957.000       1.7643
 959.000       1.7489
 961.000       1.9723
 963.000       1.9066
 964.000       1.9638
 965.000       2.1893
 966.000       2.0797
 967.000       1.7876
 968.000       1.8200
 971.000       1.6724
 973.000       1.5256
 974.000       1.4142
 976.000       1.3547
 977.000       1.4624
 979.000       1.5482
 981.000       1.5355
 982.000       1.7200
 983.000       1.4246
 985.000       1.3400
 986.000       1.3861
 987.000       1.6490
 989.000       1.4970
 991.000       1.6348
 993.000       1.8583
 994.000       1.9348
 995.000       2.2373
 996.000       2.0033
 997.000       1.7743
 998.000       1.7444
1001.000       1.7230
1003.000       1.9849
1004.000       1.9875
1006.000       2.2953
1007.000       2.5230
1009.000       2.9756
1011.000       3.1636
1012.000       3.6620
1015.000       2.9802
1016.000       2.5696
1017.000       2.5980
1018.000       1.6318
1020.000       1.6386
1022.000       1.6303
1024.000       1.6526
1025.000       1.6750
1026.000       1.8988
1027.000       1.7488
1028.000       1.5539
1029.000       1.6423
1032.000       1.5735
1034.000       1.5254
1035.000       1.4484
1037.000       1.3673
1038.000       1.4240
1040.000       1.3974
1041.000       1.3189
1042.000       1.3326
1043.000       1.4070
1044.000       1.3334
1046.000       1.3275
1047.000       1.3973
1050.000       1.3188
1051.000       1.3094
1052.000       1.4581
1054.000       1.4320
1056.000       1.5833
1058.000       1.5835
1059.000       1.5745
1060.000       1.7774
1061.000       1.5664
1062.000       1.4706
1063.000       1.5310
1066.000       1.4390
1068.000       1.3824
1069.000       1.2939
1071.000       1.2440
1072.000       1.2511
1074.000       1.2570
1076.000       1.2775
1077.000       1.3577
1078.000       1.2993
1080.000       1.2788
1081.000       1.3678
1082.000       1.3887
1084.000       1.3158
1086.000       1.3581
1088.000       1.4649
1089.000       1.4383
1090.000       1.5738
1091.000       1.4146
1092.000       1.3775
1093.000       1.3998
1096.000       1.3631
1098.000       1.4041
1099.000       1.3734
1101.000       1.3669
1102.000       1.3940
1104.000       1.3955
1105.000       1.3679
1106.000       1.3785
1107.000       1.4176
1110.000       1.3860
1111.000       1.3818
1113.000       1.3712
1114.000       1.3591
1115.000       1.3262
1117.000       1.3511
1119.000       1.3955
1121.000       1.3220
1122.000       1.3374
1123.000       1.3384
1124.000       1.3720
1125.000       1.4147
1126.000       1.4711
1129.000       1.5248
1131.000       1.5893
1132.000       1.5513
1134.000       1.5150
1135.000       1.5468
1137.000       1.5319
1138.000       1.4829
1139.000       1.4733
1140.000       1.5082
1141.000       1.4542
1143.000       1.4431
1144.000       1.4408
1147.000       1.4546
1148.000       1.4743
1149.000       1.5164
1151.000       1.5841
1153.000       1.6957
1155.000       1.5457
1156.000       1.5602
1157.000       1.6498
1158.000       1.6819
1159.000       1.4317
1160.000       1.3749
1163.000       1.3166
1165.000       1.3157
1166.000       1.3098
1168.000       1.3059
1169.000       1.3337
1171.000       1.3336
1173.000       1.3101
1174.000       1.3292
1177.000       1.3082
1178.000       1.3070
1179.000       1.3453
1180.000       1.3290
1182.000       1.3319
1184.000       1.3805
1186.000       1.3695
1187.000       1.4164
1188.000       1.5346
1189.000       1.4216
1190.000       1.4067
1191.000       1.4705
1194.000       1.4774
1196.000       1.4281
1197.000       1.4362
1199.000       1.3622
1200.000       1.3167
1202.000       1.2855
1203.000       1.3093
1204.000       1.3275
1205.000       1.3252
1206.000       1.4011
1208.000       1.4536
1209.000       1.5601
1212.000       1.4441
1213.000       1.3645
1214.000       1.5044
1216.000       1.5136
1218.000       1.6422
1220.000       1.6286
1221.000       1.6951
1222.000       1.8864
1223.000       1.6872
1224.000       1.6378
1225.000       1.7276
1228.000       1.6802
1230.000       1.5705
1231.000       1.4958
1233.000       1.3693
1234.000       1.3812
1236.000       1.3274
1238.000       1.2530
1239.000       1.2683
1240.000       1.2498
1242.000       1.3085
1243.000       1.3725
1244.000       1.6649
1246.000       1.5937
1248.000       1.7297
1250.000       1.8448
1251.000       1.9111
1252.000       2.2382
1253.000       2.0661
1254.000       1.7513
1255.000       1.5777
1258.000       1.4633
1260.000       1.6381
1261.000       1.5941
1263.000       1.5425
1264.000       1.6430
1266.000       1.6523
1267.000       1.5479
1268.000       1.5585
1269.000       1.6591
1270.000       1.5046
1272.000       1.4501
1273.000       1.4622
1276.000       1.4387
1277.000       1.4821
1278.000       1.2427
1280.000       1.5147
1282.000       2.0423
1284.000       1.3325
1285.000       1.2127
1286.000       1.5408
1287.000       1.3221
1288.000       1.1777
1289.000       1.2770
1292.000       1.2873
1294.000       1.2820
1295.000       1.2557
1297.000       1.2322
1298.000       1.1943
1300.000       1.2156
1302.000       1.2899
1303.000       1.3644
1304.000       1.3455
1306.000       1.3168
1307.000       1.4271
1308.000       1.2609
1310.000       1.2026
1312.000       1.2753
1314.000       1.4182
1315.000       1.3917
1316.000       1.7779
1317.000       1.3885
1318.000       1.3675
1319.000       1.5051
1322.000       1.6217
1324.000       1.6906
1325.000       1.7189
1327.000       1.6474
1328.000       1.5305
1330.000       1.5211
1332.000       1.6564
1333.000       1.7226
1336.000       1.7963
1337.000       1.7855
1338.000       1.9634
1339.000       1.5819
1341.000       1.7247
1343.000       1.9341
1345.000       1.6741
1346.000       1.6382
1347.000       1.8289
1348.000       1.5257
1349.000       1.6372
1350.000       1.8220
1353.000       1.8318
1355.000       1.7737
1356.000       1.7338
1358.000       1.5659
1359.000       1.4297
1361.000       1.3143
1362.000       1.3848
1363.000       1.3707
1364.000       1.2868
1365.000       1.5186
1367.000       1.6599
1368.000       1.8096
1371.000       1.6823
1372.000       1.5420
1373.000       1.7764
1375.000       1.7982
1377.000       1.9841
1379.000       1.8878
1380.000       1.8720
1381.000       2.0607
1382.000       1.7766
1383.000       1.8302
1384.000       1.9720
1387.000       1.9501
1389.000       1.8306
1390.000       1.7673
1392.000       1.5906
1393.000       1.5046
1395.000       1.3751
1396.000       1.3677
1397.000       1.2913
1398.000       1.2122
1399.000       1.3700
1401.000       1.5026
1402.000       1.5935
1405.000       1.5783
1406.000       1.5049
1407.000       1.9187
1409.000       1.8751
1411.000       2.0570
1413.000       2.1027
1414.000       2.1464
1415.000       2.3895
1416.000       2.0832
1417.000       2.0739
1418.000       2.1956
1421.000       2.1138
1423.000       1.9733
1424.000       1.8653
1426.000       1.6887
1427.000       1.6671
1429.000       1.5444
1431.000       1.4332
1432.000       1.3541
1435.000       1.4565
1436.000       1.5854
1437.000       1.6536
1438.000       2.0688
1440.000       1.9745
1442.000       2.1249
1444.000       2.2417
1445.000       2.2832
1446.000       2.5187
1447.000       2.2781
1448.000       2.1607
1449.000       2.2426
1452.000       2.1467
1454.000       2.0183
1455.000       1.9182
1457.000       1.7906
1458.000       1.7987
1460.000       1.7080
1461.000       1.6348
1462.000       1.5812
1463.000       1.5852
1464.000       1.5948
1466.000       1.6507
1467.000       1.7094
1470.000       1.7033
1471.000       1.6917
1472.000       2.1253
1474.000       2.0276
1476.000       2.1536
1478.000       2.2967
1479.000       2.3819
1480.000       2.6060
1481.000       2.4097
1482.000       2.2758
1483.000       2.3301
1486.000       2.2582
1488.000       2.0944
1489.000       2.0701
1491.000       1.9753
1492.000       1.9756
1494.000       1.9500
1496.000       1.9245
1497.000       1.9617
1500.000       1.9342
1501.000       1.9566
1502.000       2.0262
1503.000       2.3420
1505.000       2.2664
1507.000       2.3960
1509.000       2.5563
1510.000       2.7439
1511.000       3.0010
1512.000       2.7991
1513.000       2.7409
1514.000       2.8762
1517.000       2.9811
1519.000       2.8047
1520.000       3.0013
1522.000       2.8933
1523.000       2.7349
1525.000       2.8062
1527.000       3.0258
1528.000       3.2214
1531.000       3.1681
1532.000       3.1082
1533.000       3.3549
1534.000       3.1854
1536.000       3.2965
1538.000       3.6995
1540.000       3.4969
