   2.000       6.6127
   3.000       6.4096
   6.000       6.1751
   8.000       6.5643
   9.000       6.4530
  11.000       6.7166
  12.000       7.0444
  14.000       7.5672
  15.000       7.5680
  16.000       8.2396
  17.000       8.9132
  18.000       8.3296
  20.000       7.8942
  21.000       8.3454
  24.000       7.2685
  25.000       7.0857
  26.000       5.6792
  28.000       5.9499
  30.000       6.3192
  32.000       5.6479
  33.000       5.4468
  34.000       6.0166
  35.000       5.3779
  36.000       5.1484
  37.000       5.3612
  40.000       5.2438
  42.000       5.2977
  43.000       5.1183
  45.000       4.8588
  46.000       4.7419
  48.000       4.7180
  49.000       4.8172
  50.000       5.0354
  51.000       5.1646
  52.000       5.3097
  54.000       5.3902
  55.000       5.8149
  58.000       5.2180
  59.000       4.9158
  60.000       4.8285
  62.000       4.9442
  64.000       5.4157
  66.000       4.9498
  67.000       4.5006
  68.000       4.9893
  69.000       4.2701
  70.000       4.1288
  71.000       4.3188
  74.000       4.1979
  76.000       4.1998
  77.000       4.0866
  79.000       3.8976
  80.000       3.8435
  82.000       3.9150
  83.000       4.0121
  84.000       4.3215
  85.000       4.5471
  88.000       4.6074
  89.000       4.5965
  91.000       4.3382
  92.000       4.0231
  93.000       3.8872
  95.000       3.9906
  97.000       4.4210
  99.000       4.0345
 100.000       3.7977
 101.000       4.0966
 102.000       3.6918
 103.000       3.5240
 104.000       3.6183
 107.000       3.4463
 109.000       3.3936
 110.000       3.1775
 112.000       3.0025
 113.000       3.0084
 115.000       2.9038
 117.000       2.7929
 118.000       2.7619
 119.000       2.8112
 121.000       2.9106
 122.000       2.9825
 123.000       3.1858
 125.000       3.0915
 127.000       3.2615
 129.000       3.2648
 130.000       3.1153
 131.000       3.3196
 132.000       3.0590
 133.000       2.8934
 134.000       2.9522
 137.000       2.7781
 139.000       2.7343
 140.000       2.5443
 142.000       2.4070
 143.000       2.4414
 145.000       2.3413
 147.000       2.2026
 148.000       2.1292
 151.000       2.1949
 152.000       2.2953
 153.000       2.3317
 154.000       2.5828
 156.000       2.4775
 158.000       2.5763
 160.000       2.6372
 161.000       2.5339
 162.000       2.7007
 163.000       2.5477
 164.000       2.3135
 165.000       2.3233
 168.000       2.1673
 170.000       2.1310
 171.000       1.9876
 173.000       1.8985
 174.000       1.9523
 176.000       1.8977
 178.000       1.7755
 179.000       1.7495
 180.000       1.7498
 182.000       1.8100
 183.000       1.8355
 184.000       2.0338
 186.000       1.9488
 188.000       2.0257
 190.000       2.0826
 191.000       2.0422
 192.000       2.1956
 193.000       2.0971
 194.000       1.8718
 195.000       1.8904
 198.000       1.7822
 200.000       1.7403
 201.000       1.6458
 203.000       1.5641
 204.000       1.6006
 206.000       1.5614
 208.000       1.4689
 209.000       1.4655
 210.000       1.4596
 212.000       1.5113
 213.000       1.5723
 214.000       1.6952
 216.000       1.6509
 218.000       1.7544
 220.000       1.7590
 221.000       1.7321
 222.000       1.8923
 223.000       1.7561
 224.000       1.6033
 225.000       1.6422
 228.000       1.5317
 230.000       1.4651
 231.000       1.3581
 233.000       1.2880
 234.000       1.3262
 236.000       1.2986
 238.000       1.2187
 239.000       1.2283
 242.000       1.1865
 243.000       1.2250
 244.000       1.2541
 245.000       1.4450
 247.000       1.3622
 249.000       1.4381
 251.000       1.5223
 252.000       1.4938
 253.000       1.6507
 254.000       1.5497
 255.000       1.3214
 256.000       1.3009
 259.000       1.1390
 261.000       1.0964
 262.000       0.9938
 264.000       1.0023
 265.000       1.0834
 267.000       1.1037
 268.000       1.0383
 269.000       1.0895
 270.000       1.2019
 271.000       1.0641
 273.000       0.9961
 274.000       1.0219
 277.000       0.9575
 278.000       0.9763
 279.000       1.0683
 281.000       0.9863
 283.000       1.0129
 285.000       1.0883
 286.000       1.2492
 287.000       1.7753
 288.000       1.6325
 289.000       1.1200
 290.000       1.1905
 293.000       1.0389
 295.000       1.1546
 296.000       1.1219
 298.000       1.1908
 299.000       1.4331
 301.000       1.5223
 302.000       1.3277
 303.000       1.3930
 304.000       1.6150
 305.000       1.2730
 307.000       1.1238
 308.000       1.1735
 311.000       1.0423
 312.000       1.1361
 313.000       0.9894
 315.000       1.1116
 317.000       1.7797
 319.000       1.2031
 320.000       1.4369
 321.000       1.9320
 322.000       2.0547
 323.000       1.2153
 324.000       1.3432
 327.000       1.0647
 329.000       1.0713
 330.000       0.8910
 332.000       0.9412
 333.000       1.0919
 335.000       1.2477
 336.000       1.1878
 337.000       1.3728
 338.000       1.6130
 339.000       1.3517
 341.000       1.2062
 342.000       1.3268
 345.000       1.0376
 346.000       1.0119
 347.000       0.9607
 349.000       0.8748
 351.000       0.9535
 353.000       1.0145
 354.000       1.0406
 355.000       1.2063
 356.000       1.1391
 357.000       0.9110
 358.000       0.8880
 361.000       0.7960
 363.000       0.7682
 364.000       0.7221
 366.000       0.7245
 367.000       0.7786
 369.000       0.7913
 370.000       0.7412
 371.000       0.7824
 372.000       0.8826
 373.000       0.7624
 375.000       0.7123
 376.000       0.7364
 379.000       0.6921
 380.000       0.7018
 381.000       0.7665
 383.000       0.7327
 385.000       0.7562
 387.000       0.8115
 388.000       0.8515
 389.000       1.2194
 390.000       0.9991
 391.000       1.0454
 392.000       0.9466
 395.000       0.8967
 397.000       0.8901
 398.000       0.9102
 400.000       0.8422
 401.000       0.8664
 403.000       0.8968
 405.000       0.9057
 406.000       1.0314
 409.000       0.8929
 410.000       0.8560
 411.000       0.9353
 412.000       0.8973
 414.000       1.1029
 416.000       1.6343
 418.000       1.1141
 419.000       1.1701
 420.000       1.3524
 421.000       1.3710
 422.000       1.1490
 423.000       1.2356
 426.000       1.2704
 428.000       1.2606
 429.000       1.2911
 431.000       1.1889
 432.000       1.1066
 434.000       1.0813
 435.000       1.1433
 436.000       1.2114
 437.000       1.1915
 440.000       1.3720
 441.000       1.4712
 443.000       1.4181
 444.000       1.2370
 445.000       1.2793
 447.000       1.3537
 449.000       1.5333
 451.000       1.4047
 452.000       1.4357
 453.000       1.6437
 454.000       1.3958
 455.000       1.3907
 456.000       1.5003
 459.000       1.4673
 461.000       1.3848
 462.000       1.3406
 464.000       1.2214
 465.000       1.1685
 467.000       1.0897
 468.000       1.0864
 469.000       1.0439
 470.000       0.9921
 471.000       1.1101
 473.000       1.2000
 474.000       1.2842
 477.000       1.2377
 478.000       1.1745
 479.000       1.4475
 481.000       1.4159
 483.000       1.5391
 485.000       1.5682
 486.000       1.6046
 487.000       1.7843
 488.000       1.5853
 489.000       1.5414
 490.000       1.6148
 493.000       1.5631
 495.000       1.4844
 496.000       1.4305
 498.000       1.3216
 499.000       1.2807
 501.000       1.1910
 502.000       1.1735
 503.000       1.1132
 504.000       1.0562
 505.000       1.1656
 507.000       1.2578
 508.000       1.3264
 511.000       1.3132
 512.000       1.2632
 513.000       1.5428
 515.000       1.5000
 517.000       1.6069
 519.000       1.6619
 520.000       1.6972
 521.000       1.8755
 522.000       1.6892
 523.000       1.6211
 524.000       1.6908
 527.000       1.6341
 529.000       1.5557
 530.000       1.4952
 532.000       1.3870
 533.000       1.3614
 535.000       1.2762
 536.000       1.2370
 537.000       1.1669
 538.000       1.1239
 539.000       1.1882
 541.000       1.2717
 542.000       1.3164
 545.000       1.3387
 546.000       1.3131
 547.000       1.6041
 549.000       1.5566
 551.000       1.6770
 553.000       1.7123
 554.000       1.7402
 555.000       1.8974
 556.000       1.7491
 557.000       1.6655
 558.000       1.7198
 561.000       1.6523
 563.000       1.5667
 564.000       1.4930
 566.000       1.3891
 567.000       1.4081
 569.000       1.3535
 571.000       1.2690
 572.000       1.2608
 573.000       1.2657
 575.000       1.3215
 576.000       1.3682
 577.000       1.6295
 579.000       1.5634
 581.000       1.6683
 583.000       1.7469
 584.000       1.8118
 585.000       1.9673
 586.000       1.8921
 587.000       1.7007
 588.000       1.6922
 591.000       1.6150
 593.000       1.5201
 594.000       1.4965
 596.000       1.4920
 597.000       1.5801
 599.000       1.6012
 600.000       1.5221
 601.000       1.5592
 602.000       1.6748
 603.000       1.5059
 605.000       1.4270
 606.000       1.4178
 609.000       1.4017
 610.000       1.4497
 611.000       1.6778
 613.000       1.6098
 615.000       1.6527
 617.000       1.8033
 618.000       1.9424
 619.000       2.0864
 620.000       2.0392
 621.000       1.9231
 622.000       2.0630
 625.000       2.0897
 627.000       2.1173
 628.000       2.0846
 630.000       2.0429
 631.000       2.0364
 633.000       2.0852
 634.000       2.1411
 635.000       2.3152
 636.000       2.4249
 639.000       2.4868
 640.000       2.4742
 642.000       2.3054
 643.000       2.1344
 644.000       1.9907
 646.000       2.0517
 648.000       2.3559
 650.000       2.1982
 651.000       2.1359
 652.000       2.4807
 653.000       2.0410
 654.000       1.9484
 655.000       2.0549
 658.000       1.9127
 660.000       1.8929
 661.000       1.7309
 663.000       1.6245
 664.000       1.5865
 666.000       1.5469
 667.000       1.5638
 668.000       1.6148
 669.000       1.6503
 672.000       1.7077
 673.000       1.7414
 675.000       1.7035
 676.000       1.6119
 677.000       1.7028
 679.000       1.6392
 681.000       1.7460
 683.000       1.7279
 684.000       1.5886
 685.000       1.6870
 686.000       1.7002
 687.000       1.3529
 688.000       1.2822
 691.000       1.1217
 693.000       1.0584
 694.000       1.0267
 696.000       1.0291
 697.000       1.0620
 699.000       1.1025
 700.000       1.0960
 701.000       1.1710
 702.000       1.2640
 705.000       1.1997
 706.000       1.1495
 708.000       1.0794
 709.000       1.0513
 710.000       1.1839
 712.000       1.1441
 714.000       1.2164
 716.000       1.2696
 717.000       1.5214
 718.000       1.8535
 719.000       1.8051
 720.000       1.4919
 721.000       1.4824
 724.000       1.2730
 726.000       1.3336
 727.000       1.1361
 729.000       1.2885
 730.000       1.5771
 732.000       1.9461
 734.000       2.0494
 735.000       2.4730
 736.000       1.9526
 738.000       1.6494
 739.000       2.0110
 740.000       0.9952
 742.000       0.8983
 744.000       0.9475
 746.000       1.0023
 747.000       1.0511
 748.000       1.1360
 749.000       1.1383
 750.000       0.9952
 751.000       1.0068
 754.000       0.9400
 756.000       0.9294
 757.000       0.8718
 759.000       0.9017
 760.000       0.9749
 762.000       1.0672
 764.000       1.0969
 765.000       1.2298
 766.000       1.0391
 768.000       0.9409
 769.000       0.9732
 770.000       0.9125
 772.000       0.8664
 774.000       0.9031
 776.000       0.9550
 777.000       1.0787
 778.000       1.1648
 779.000       1.1685
 780.000       1.1071
 781.000       1.1637
 784.000       1.2079
 786.000       1.1726
 787.000       1.1903
 789.000       1.1018
 790.000       1.0328
 792.000       0.9752
 794.000       0.9944
 795.000       0.9777
 798.000       1.0746
 799.000       1.1266
 800.000       1.2321
 801.000       1.2449
 803.000       1.2752
 805.000       1.4245
 807.000       1.3882
 808.000       1.4242
 809.000       1.6076
 810.000       1.4320
 811.000       1.3559
 812.000       1.4246
 815.000       1.4010
 817.000       1.3501
 818.000       1.3223
 820.000       1.2096
 821.000       1.1563
 823.000       1.0742
 825.000       1.0482
 826.000       1.0016
 829.000       1.1139
 830.000       1.1941
 831.000       1.2856
 832.000       1.3823
 834.000       1.3985
 836.000       1.5570
 838.000       1.4853
 839.000       1.5005
 840.000       1.6739
 841.000       1.4494
 842.000       1.4591
 843.000       1.5615
 846.000       1.5263
 848.000       1.4670
 849.000       1.4011
 851.000       1.2713
 852.000       1.2190
 854.000       1.1149
 856.000       1.0682
 857.000       0.9981
 860.000       1.1284
 861.000       1.2271
 862.000       1.3057
 863.000       1.4628
 865.000       1.4411
 867.000       1.5762
 869.000       1.5561
 870.000       1.5265
 871.000       1.6806
 872.000       1.5100
 873.000       1.4209
 874.000       1.4680
 877.000       1.3700
 879.000       1.3053
 880.000       1.1948
 882.000       1.1114
 883.000       1.1376
 885.000       1.0652
 886.000       0.9770
 887.000       0.8986
 888.000       0.8980
 889.000       0.8712
 891.000       0.9138
 892.000       0.9221
 895.000       0.9855
 896.000       1.0110
 897.000       1.2827
 899.000       1.2024
 901.000       1.2790
 903.000       1.3516
 904.000       1.3364
 905.000       1.4685
 906.000       1.3646
 907.000       1.2311
 908.000       1.2093
 911.000       1.1157
 913.000       1.0701
 914.000       0.9768
 916.000       0.9221
 917.000       0.9711
 919.000       0.9306
 920.000       0.8381
 921.000       0.7839
 922.000       0.8164
 925.000       0.7464
 926.000       0.7681
 928.000       0.8164
 929.000       0.8407
 930.000       1.0518
 932.000       0.9849
 934.000       1.0520
 936.000       1.1155
 937.000       1.1236
 938.000       1.2489
 939.000       1.1906
 940.000       1.0237
 941.000       1.0153
 944.000       0.9273
 946.000       0.8741
 947.000       0.8115
 949.000       0.7856
 950.000       0.8470
 952.000       0.8551
 954.000       0.7947
 955.000       0.8372
 958.000       0.7420
 959.000       0.7381
 960.000       0.7394
 961.000       0.9144
 963.000       0.8497
 965.000       0.8809
 967.000       0.9836
 968.000       1.0188
 969.000       1.1560
 970.000       1.1003
 971.000       0.9035
 972.000       0.8955
 975.000       0.8261
 977.000       0.7988
 978.000       0.7723
 980.000       0.7486
 981.000       0.7784
 983.000       0.7811
 985.000       0.7487
 986.000       0.7896
 989.000       0.7298
 990.000       0.7338
 991.000       0.7738
 992.000       0.8160
 994.000       0.8267
 996.000       0.9394
 998.000       0.8752
 999.000       0.9502
1000.000       1.0771
1001.000       1.0754
1002.000       0.8856
1003.000       0.8772
1006.000       0.9019
1008.000       0.8839
1009.000       1.0697
1011.000       0.9710
1012.000       0.9849
1014.000       0.9487
1015.000       0.8903
1016.000       0.8676
1017.000       0.8983
1018.000       0.8678
1020.000       0.8967
1021.000       0.9395
1024.000       0.9300
1025.000       0.9142
1026.000       0.9959
1028.000       1.3541
1030.000       1.9713
1032.000       1.1207
1033.000       1.0008
1034.000       1.0965
1035.000       1.2509
1036.000       1.0059
1037.000       1.0096
1040.000       0.9400
1042.000       0.9842
1043.000       0.9403
1045.000       0.9053
1046.000       0.9495
1048.000       0.9393
1049.000       0.8917
1050.000       0.8991
1051.000       0.9489
1052.000       0.8875
1054.000       0.8716
1055.000       0.8883
1058.000       0.8675
1059.000       0.8747
1060.000       0.9308
1062.000       0.9397
1064.000       1.0168
1066.000       0.9965
1067.000       1.0049
1068.000       1.1516
1069.000       1.0449
1070.000       0.9337
1071.000       0.9533
1074.000       0.9239
1076.000       0.9390
1077.000       0.9313
1079.000       0.8963
1080.000       0.8706
1082.000       0.8751
1084.000       0.9117
1085.000       0.9646
1086.000       0.9580
1088.000       0.9537
1089.000       1.0590
1090.000       0.8981
1092.000       0.9358
1094.000       1.0467
1096.000       0.9459
1097.000       0.9790
1098.000       1.0875
1099.000       1.0244
1100.000       0.9780
1101.000       1.0238
1104.000       1.0416
1106.000       1.0252
1107.000       1.0284
1109.000       0.9714
1110.000       0.9359
1112.000       0.9073
1113.000       0.9202
1114.000       0.9187
1115.000       0.9118
1116.000       0.9674
1118.000       1.0164
1119.000       1.0864
1122.000       1.0236
1123.000       0.9658
1124.000       1.0548
1126.000       1.0785
1128.000       1.1777
1130.000       1.1437
1131.000       1.1930
1132.000       1.3519
1133.000       1.2121
1134.000       1.1486
1135.000       1.2081
1138.000       1.1875
1140.000       1.1436
1141.000       1.1249
1143.000       1.0456
1144.000       1.0311
1146.000       0.9858
1147.000       0.9627
1148.000       0.9332
1149.000       0.9300
1150.000       0.9504
1152.000       0.9914
1153.000       1.0274
1156.000       1.0267
1157.000       1.0045
1158.000       1.1956
1160.000       1.2000
1162.000       1.3308
1164.000       1.2930
1165.000       1.3220
1166.000       1.4623
1167.000       1.3396
1168.000       1.2908
1169.000       1.3463
1172.000       1.3188
1174.000       1.2643
1175.000       1.2321
1177.000       1.1172
1178.000       1.1313
1180.000       1.0742
1182.000       1.0008
1183.000       0.9949
1184.000       0.9956
1186.000       1.0436
1187.000       1.0650
1188.000       1.3289
1190.000       1.3252
1192.000       1.4822
1194.000       1.4484
1195.000       1.5613
1196.000       1.8013
1197.000       1.6523
1198.000       1.5718
1199.000       1.6309
1202.000       1.4084
1204.000       1.4492
1205.000       1.3992
1207.000       1.3408
1208.000       1.3067
1210.000       1.2987
1211.000       1.3252
1212.000       1.3738
1213.000       1.3923
1216.000       1.4488
1217.000       1.4794
1219.000       1.4431
1220.000       1.3592
1221.000       1.2641
1223.000       1.3613
1225.000       1.7641
1227.000       1.4203
1228.000       1.3332
1229.000       1.4992
1230.000       1.3320
1231.000       1.2754
1232.000       1.3965
1235.000       1.2668
1237.000       1.4341
1238.000       1.4423
1240.000       1.7405
1241.000       2.6158
1243.000       2.9428
1245.000       2.4273
1246.000       2.7371
1247.000       2.0288
1249.000       1.7719
1250.000       2.2566
1251.000       1.1458
1253.000       1.2930
1255.000       1.3193
1257.000       1.0881
1258.000       1.0268
1259.000       1.1554
1260.000       1.0779
1261.000       0.9802
1262.000       0.9761
1265.000       0.8486
1267.000       0.8321
1268.000       0.7700
1270.000       0.7952
1271.000       0.8641
1273.000       0.8942
1274.000       0.8479
1275.000       0.9007
1276.000       0.9858
1279.000       0.9135
1280.000       0.8711
1282.000       0.8106
1283.000       0.7985
1284.000       0.8210
1286.000       0.8043
1288.000       0.8228
1290.000       0.8301
1291.000       0.8964
1292.000       1.0575
1293.000       1.0099
1294.000       0.8088
1295.000       0.7929
1298.000       0.7482
1300.000       0.7821
1301.000       0.7354
1303.000       0.7226
1304.000       0.7616
1306.000       0.7753
1307.000       0.7452
1308.000       0.7796
1309.000       0.8454
1310.000       0.7822
1312.000       0.7589
1313.000       0.7972
1316.000       0.7306
1317.000       0.7196
1318.000       0.7092
1320.000       0.7212
1322.000       0.7986
1324.000       0.7499
1325.000       0.7526
1326.000       0.8453
1327.000       0.7934
1328.000       0.7264
1329.000       0.7587
1332.000       0.7581
1334.000       0.7629
1335.000       0.7467
1337.000       0.7118
1338.000       0.6962
1340.000       0.6987
1342.000       0.7200
1343.000       0.7701
1344.000       0.7473
1346.000       0.7425
1347.000       0.8196
1348.000       0.7645
1350.000       0.7609
1352.000       0.8990
1354.000       0.8620
1355.000       0.9377
1356.000       1.1032
1357.000       0.9973
1358.000       0.8755
1359.000       0.8952
1362.000       0.9006
1364.000       0.9141
1365.000       0.9270
1367.000       0.8787
1368.000       0.8580
1370.000       0.8329
1372.000       0.8345
1373.000       0.8379
1376.000       0.8740
1377.000       0.8957
1378.000       0.9689
1379.000       0.9315
1381.000       0.9760
1383.000       1.1270
1385.000       1.0708
1386.000       1.1511
1387.000       1.3741
1388.000       1.2193
1389.000       1.0784
1390.000       1.1147
1393.000       1.1148
1395.000       1.1005
1396.000       1.0782
1398.000       0.9988
1399.000       0.9657
1401.000       0.9293
1403.000       0.9160
1404.000       0.9058
1407.000       0.9607
1408.000       1.0043
1409.000       1.0892
1410.000       1.1136
1412.000       1.1288
1414.000       1.2616
1416.000       1.2154
1417.000       1.2416
1418.000       1.3997
1419.000       1.2491
1420.000       1.2015
1421.000       1.2678
1424.000       1.2261
1426.000       1.1861
1427.000       1.1350
1429.000       1.0744
1430.000       1.0669
1432.000       1.0383
1433.000       1.0183
1434.000       1.0131
1435.000       1.0287
1438.000       1.0325
1439.000       1.0565
1441.000       1.0697
1442.000       1.0438
1443.000       1.1935
1445.000       1.1610
1447.000       1.2569
1449.000       1.2823
1450.000       1.3202
1451.000       1.4690
1452.000       1.3586
1453.000       1.2524
1454.000       1.2146
1457.000       1.1139
1459.000       1.0588
1460.000       0.9988
1462.000       0.9869
1463.000       1.0354
1465.000       1.0410
1467.000       0.9939
1468.000       1.0278
1471.000       0.9536
1472.000       0.9496
1473.000       0.9520
1474.000       1.1131
1476.000       1.0350
1478.000       1.0562
1480.000       1.1924
1481.000       1.2622
1482.000       1.3874
1483.000       1.3380
1484.000       1.1903
1485.000       1.1624
1488.000       1.1015
1490.000       1.0468
1491.000       1.0348
1493.000       1.0534
1494.000       1.0933
1496.000       1.1236
1497.000       1.1019
1498.000       1.1556
1499.000       1.2366
1500.000       1.1606
1502.000       1.1260
1503.000       1.1789
1506.000       1.0822
1507.000       1.0655
1508.000       1.1325
1510.000       1.0773
1512.000       1.0682
1514.000       1.1949
1515.000       1.2652
1516.000       1.3698
1517.000       1.3110
1518.000       1.2304
1519.000       1.2496
1522.000       1.2376
1524.000       1.2126
1525.000       1.1959
1527.000       1.1315
1528.000       1.1052
1530.000       1.0951
1531.000       1.1139
1532.000       1.1791
1533.000       1.2297
1536.000       1.2701
1537.000       1.2952
1539.000       1.2453
1540.000       1.1473
1541.000       1.2246
1543.000       1.2300
1545.000       1.3600
1547.000       1.3255
1548.000       1.3563
1549.000       1.5756
1550.000       1.3750
1551.000       1.2222
1552.000       1.2857
1555.000       1.1849
1557.000       1.1902
1558.000       1.0519
1560.000       0.9509
1561.000       1.0043
1563.000       0.9866
1564.000       0.9104
1565.000       0.9684
1566.000       1.1133
1569.000       1.0033
1570.000       0.9788
1572.000       0.9342
1573.000       0.8913
1574.000       1.0091
1576.000       1.0059
1578.000       1.1996
1580.000       1.0470
1581.000       0.9642
1582.000       1.1041
1583.000       0.9728
1584.000       0.9915
1585.000       1.1853
1588.000       1.2776
1590.000       1.1547
1591.000       1.1975
1593.000       1.0895
1594.000       1.0288
1596.000       1.0867
1597.000       1.1640
1598.000       1.3323
1599.000       1.4604
1602.000       1.4660
1603.000       1.4560
1605.000       1.3362
1606.000       1.1709
1607.000       1.3828
1609.000       1.4484
1611.000       1.7090
1613.000       1.6549
1614.000       1.9030
1615.000       2.1767
1616.000       1.8775
1617.000       1.9605
1618.000       2.1072
1621.000       2.1713
1623.000       1.9765
1624.000       2.0379
1626.000       1.8654
1627.000       1.7185
1629.000       1.6638
1630.000       1.7972
1631.000       1.9217
1632.000       1.9488
1633.000       2.1140
1635.000       2.1886
1636.000       2.4015
1639.000       2.1108
1640.000       1.9113
1641.000       2.3256
1643.000       2.3162
1645.000       2.5477
1647.000       2.6488
1648.000       2.7325
1649.000       3.0959
1650.000       3.0712
1651.000       2.5647
1652.000       2.7456
1655.000       2.7587
1657.000       3.0964
1658.000       3.2700
1660.000       3.7607
1661.000       4.5809
1663.000       5.2115
1665.000       4.9998
1666.000       5.5887
1667.000       4.2862
1669.000       3.7230
1670.000       3.5789
1671.000       2.6980
1673.000       2.9350
1675.000       3.3248
1677.000       2.9488
1678.000       3.1306
1679.000       3.1292
1680.000       3.6472
1681.000       3.1774
1682.000       3.1582
1685.000       3.4199
1687.000       3.5919
1688.000       3.8444
1690.000       4.0088
1691.000       4.1560
1693.000       4.4173
1694.000       4.5541
1695.000       5.1288
1696.000       5.4196
1699.000       5.6775
1700.000       5.6096
1702.000       4.9599
1703.000       4.4210
1704.000       3.5940
1706.000       3.7805
1708.000       4.2531
1710.000       3.9064
1711.000       4.0655
1712.000       4.5038
1713.000       3.9994
1714.000       4.0077
1715.000       4.1320
1718.000       4.0773
1720.000       4.3984
1721.000       4.3522
1723.000       4.6983
1724.000       4.8913
1726.000       5.4163
1728.000       5.7684
1729.000       6.3474
1730.000       5.5254
1732.000       5.0240
1733.000       5.0205
1734.000       3.7500
1736.000       4.0497
1738.000       4.3315
1740.000       3.7528
1741.000       3.4547
1742.000       3.7463
1743.000       3.2244
1744.000       3.4565
1745.000       3.7997
1748.000       3.8926
1750.000       3.9708
1751.000       4.0233
1753.000       3.9959
1754.000       3.7889
1756.000       3.9641
1758.000       4.3610
1759.000       4.6715
1760.000       4.5090
1762.000       4.3533
1763.000       4.6463
1764.000       3.6772
1766.000       3.8822
1768.000       4.2505
1770.000       3.8333
1771.000       3.7658
1772.000       4.1076
1773.000       3.5387
1774.000       3.8495
1775.000       4.2094
1778.000       4.3489
1780.000       4.3617
1781.000       4.3988
1783.000       4.3108
1784.000       4.0589
1786.000       4.2680
1788.000       4.7872
1789.000       5.2250
1790.000       4.9648
1792.000       4.7473
1793.000       5.1171
1794.000       4.2038
1796.000       4.3467
1798.000       4.8423
1800.000       4.4863
1801.000       4.3954
1802.000       4.8303
1803.000       4.2427
1804.000       4.1494
1805.000       4.3517
1808.000       4.1828
1810.000       4.0918
1811.000       3.8304
1813.000       3.5117
1814.000       3.4415
1816.000       3.2044
1817.000       3.1264
1818.000       3.0124
1819.000       2.9283
1820.000       3.1461
1822.000       3.3418
1823.000       3.5489
1826.000       3.4354
1827.000       3.3257
1828.000       3.9030
1830.000       3.8054
1832.000       4.0938
1834.000       4.0560
1835.000       3.8570
1836.000       4.1540
1837.000       3.7331
1838.000       3.5752
1839.000       3.7101
1842.000       3.5083
1844.000       3.3998
1845.000       3.1387
1847.000       2.8636
1848.000       2.8681
1850.000       2.6592
1852.000       2.4231
1853.000       2.2470
1856.000       2.4443
1857.000       2.6662
1858.000       2.7469
1859.000       3.2481
1861.000       3.1121
1863.000       3.3252
1865.000       3.3642
1866.000       3.1924
1867.000       3.4109
1868.000       3.1543
1869.000       2.9127
1870.000       2.9627
1873.000       2.7338
1875.000       2.6686
1876.000       2.4074
1878.000       2.2386
1879.000       2.3417
1881.000       2.2545
1883.000       2.0171
1884.000       1.9683
1885.000       1.9153
1887.000       2.0342
1888.000       2.0192
1889.000       2.4780
1891.000       2.3251
1893.000       2.4576
1895.000       2.5335
1896.000       2.3753
1897.000       2.5758
1898.000       2.4340
1899.000       2.0607
1900.000       2.0901
1903.000       1.8463
1905.000       1.7333
1906.000       1.5047
1908.000       1.3763
1909.000       1.5167
1911.000       1.5325
1913.000       1.3885
1914.000       1.4981
1915.000       1.2352
1917.000       1.2301
1918.000       1.2282
1919.000       1.6695
1921.000       1.4991
1923.000       1.6738
1925.000       1.7997
1926.000       1.8220
1927.000       2.0771
1928.000       1.9210
1929.000       1.6356
1930.000       1.6797
1933.000       1.5826
1935.000       1.5679
1936.000       1.5053
1938.000       1.5195
1939.000       1.5234
1941.000       1.6529
1943.000       1.8335
1944.000       2.0716
1945.000       1.8689
1947.000       1.7150
1948.000       1.8871
1949.000       1.5328
1951.000       1.4455
1953.000       1.5509
1955.000       1.6570
1956.000       1.7571
1957.000       2.0672
1958.000       1.9316
1959.000       1.5580
1960.000       1.5156
1963.000       1.4231
1965.000       1.5703
1966.000       1.5711
1968.000       1.7125
1969.000       1.8536
1971.000       2.0174
1972.000       2.0453
1973.000       2.3448
1974.000       2.5345
1975.000       2.5597
1977.000       2.4973
1978.000       2.8956
1981.000       2.1540
1982.000       1.9192
1983.000       1.3201
1985.000       1.4190
1987.000       1.4282
1989.000       1.2460
1990.000       1.1731
1991.000       1.3353
1992.000       1.2947
1993.000       1.0729
1994.000       1.0588
1997.000       0.9889
1999.000       0.9872
2000.000       0.9049
2002.000       0.8834
2003.000       0.9402
2005.000       0.9385
2006.000       0.8689
2007.000       0.8660
2008.000       0.9384
2011.000       0.8471
2012.000       0.8312
2014.000       0.8297
2015.000       0.8424
2016.000       0.9353
2018.000       0.8864
2020.000       0.9205
2022.000       0.9863
2023.000       0.9747
2024.000       1.0476
2025.000       1.0980
2026.000       0.9879
2027.000       1.0557
2030.000       1.0065
2032.000       0.9597
2033.000       0.9098
2035.000       0.8723
2036.000       0.8738
2038.000       0.8675
2040.000       0.8746
2041.000       0.9308
2042.000       0.8959
2044.000       0.8905
2045.000       0.9505
2046.000       0.9880
2048.000       0.9203
2050.000       0.9599
2052.000       1.0515
2053.000       1.1334
2054.000       1.2491
2055.000       1.2314
2056.000       1.0779
2057.000       1.0877
2060.000       1.0463
2062.000       1.0148
2063.000       1.0056
2065.000       0.9418
2066.000       0.9247
2068.000       0.9092
2070.000       0.9104
2071.000       0.9461
2072.000       0.9458
2074.000       0.9613
2075.000       1.0433
2076.000       1.0673
2078.000       1.0875
2080.000       1.2329
2082.000       1.1617
2083.000       1.2204
2084.000       1.3848
2085.000       1.2619
2086.000       1.1866
2087.000       1.2457
2090.000       1.2399
2092.000       1.2153
2093.000       1.2072
2095.000       1.1300
2096.000       1.0779
2098.000       1.0367
2100.000       1.0435
2101.000       1.0478
2102.000       1.1148
2104.000       1.1621
2105.000       1.2753
2106.000       1.2313
2108.000       1.2533
2110.000       1.3807
2112.000       1.3182
2113.000       1.3579
2114.000       1.5012
2115.000       1.3505
2116.000       1.3498
2117.000       1.4100
2120.000       1.3942
2122.000       1.3654
2123.000       1.3247
2125.000       1.2420
2126.000       1.2034
2128.000       1.1469
2129.000       1.1465
2130.000       1.1187
2131.000       1.0858
2132.000       1.1679
2134.000       1.2328
2135.000       1.2977
2138.000       1.2583
2139.000       1.2101
2140.000       1.3600
2142.000       1.3546
2144.000       1.4529
2146.000       1.4353
2147.000       1.4436
2148.000       1.5911
2149.000       1.4482
2150.000       1.3818
2151.000       1.4362
2154.000       1.4102
2156.000       1.3664
2157.000       1.3332
2159.000       1.2394
2160.000       1.2115
2162.000       1.1611
2163.000       1.1461
2164.000       1.1221
2165.000       1.1119
2166.000       1.1601
2168.000       1.2182
2169.000       1.2832
2172.000       1.2443
2173.000       1.2001
2174.000       1.3960
2176.000       1.3926
2178.000       1.5143
2180.000       1.4938
2181.000       1.5453
2182.000       1.7041
2183.000       1.5409
2184.000       1.5203
2185.000       1.5966
2188.000       1.5687
2190.000       1.4888
2191.000       1.4465
2193.000       1.3541
2194.000       1.3568
2196.000       1.3168
2198.000       1.2772
2199.000       1.2837
2200.000       1.2886
2202.000       1.3265
2203.000       1.3847
2204.000       1.5647
2206.000       1.5255
2208.000       1.6426
2210.000       1.6954
2211.000       1.7454
2212.000       1.9199
2213.000       1.7544
2214.000       1.6557
2215.000       1.6790
2218.000       1.5953
2220.000       1.5056
2221.000       1.4476
2223.000       1.4006
2224.000       1.4543
2226.000       1.4246
2227.000       1.3410
2228.000       1.3139
2229.000       1.3675
2230.000       1.2771
2232.000       1.2651
2233.000       1.2579
2236.000       1.2965
2237.000       1.3317
2238.000       1.6012
2240.000       1.5242
2242.000       1.5677
2244.000       1.7043
2245.000       1.7945
2246.000       1.9354
2247.000       1.8462
2248.000       1.7564
2249.000       1.8443
2252.000       1.8407
2254.000       1.9083
2255.000       1.8519
2257.000       1.8369
2258.000       1.8655
2260.000       1.9080
2261.000       1.9024
2262.000       1.9889
2263.000       2.0833
2266.000       2.0524
2267.000       2.0373
2269.000       1.9503
2270.000       1.8743
2271.000       1.7081
2273.000       1.7631
2275.000       1.8800
2277.000       1.7194
2278.000       1.6107
2279.000       1.7242
2280.000       1.5811
2281.000       1.5240
2282.000       1.5699
2285.000       1.5244
2287.000       1.5596
2288.000       1.4908
2290.000       1.4608
2291.000       1.4508
2293.000       1.4689
2294.000       1.4878
2295.000       1.5507
2296.000       1.6093
2299.000       1.6039
2300.000       1.5965
2302.000       1.5469
2303.000       1.4873
2304.000       1.4119
2306.000       1.4224
2308.000       1.5000
2310.000       1.4180
2311.000       1.3494
2312.000       1.4197
2313.000       1.3817
2314.000       1.2637
2315.000       1.2655
2318.000       1.2169
2320.000       1.2100
2321.000       1.2007
2323.000       1.2087
2324.000       1.2182
2326.000       1.2675
2327.000       1.2915
2328.000       1.3835
2329.000       1.4575
2332.000       1.4378
2333.000       1.3971
2335.000       1.3119
2336.000       1.2583
2337.000       1.2102
2339.000       1.1895
2341.000       1.2320
2343.000       1.3758
2344.000       1.7463
2345.000       2.2299
2346.000       2.0716
2347.000       1.4830
2348.000       1.3210
2351.000       1.1890
2353.000       1.4016
2354.000       1.1429
2356.000       1.0841
2357.000       1.4306
2359.000       1.5424
2361.000       1.4890
2362.000       1.7993
2363.000       1.7892
2365.000       1.6340
2366.000       2.3662
2367.000       1.0381
2369.000       1.0744
2371.000       1.1680
2373.000       1.0228
2374.000       0.9985
2375.000       1.0738
2376.000       1.0153
2377.000       0.9853
2378.000       1.0406
2381.000       1.0280
2383.000       0.9891
2384.000       0.9899
2386.000       0.9966
2387.000       1.0415
2389.000       1.1082
2391.000       1.1366
2392.000       1.2540
2393.000       1.0903
2395.000       1.0247
2396.000       1.0598
2397.000       1.0537
2399.000       1.0328
2401.000       1.1518
2403.000       1.1376
2404.000       1.2383
2405.000       1.3609
2406.000       1.2780
2407.000       1.2521
2408.000       1.3190
2411.000       1.3581
2413.000       1.3315
2414.000       1.3206
2416.000       1.2306
2417.000       1.1824
2419.000       1.1248
2421.000       1.1143
2422.000       1.0895
2425.000       1.1634
2426.000       1.2235
2427.000       1.2994
2428.000       1.3841
2430.000       1.3828
2432.000       1.5431
2434.000       1.5460
2435.000       1.6357
2436.000       1.8855
2437.000       1.6349
2438.000       1.5570
2439.000       1.4960
2442.000       1.4722
2444.000       1.4087
2445.000       1.3755
2447.000       1.2862
2448.000       1.2747
2450.000       1.2113
2452.000       1.1541
2453.000       1.1182
2456.000       1.1785
2457.000       1.2478
2458.000       1.3126
2459.000       1.4533
2461.000       1.4406
2463.000       1.5750
2465.000       1.5669
2466.000       1.6022
2467.000       1.7448
2468.000       1.5767
2469.000       1.5745
2470.000       1.6454
2473.000       1.6138
2475.000       1.5591
2476.000       1.4981
2478.000       1.3968
2479.000       1.3769
2481.000       1.2863
2482.000       1.2491
2483.000       1.1826
2484.000       1.1278
2487.000       1.2042
2488.000       1.2852
2490.000       1.3477
2491.000       1.3235
2492.000       1.5819
2494.000       1.5492
2496.000       1.6529
2498.000       1.6723
2499.000       1.6888
2500.000       1.8349
2501.000       1.6903
2502.000       1.6061
2503.000       1.6497
2506.000       1.5660
2508.000       1.4879
2509.000       1.4034
2511.000       1.3239
2512.000       1.3479
2514.000       1.2828
2515.000       1.1992
2516.000       1.1222
2517.000       1.0998
2520.000       1.1006
2521.000       1.1592
2523.000       1.2273
2524.000       1.2367
2525.000       1.5310
2527.000       1.4521
2529.000       1.5212
2531.000       1.6262
2532.000       1.6474
2533.000       1.8053
2534.000       1.6591
2535.000       1.5536
2536.000       1.5866
2539.000       1.4851
2541.000       1.4066
2542.000       1.3160
2544.000       1.2477
2545.000       1.2874
2547.000       1.2306
2548.000       1.1390
2549.000       1.0652
2550.000       1.0622
2553.000       1.0334
2554.000       1.0743
2556.000       1.1391
2557.000       1.1610
2558.000       1.4399
2560.000       1.3506
2562.000       1.4130
2564.000       1.5312
2565.000       1.5506
2566.000       1.7090
2567.000       1.5761
2568.000       1.4563
2569.000       1.4505
2572.000       1.3369
2574.000       1.2599
2575.000       1.1626
2577.000       1.0907
2578.000       1.1320
2580.000       1.0689
2581.000       0.9732
2582.000       0.8972
2583.000       0.8971
2586.000       0.8632
2587.000       0.9029
2589.000       0.9713
2590.000       0.9980
2591.000       1.2687
2593.000       1.1870
2595.000       1.2612
2597.000       1.3492
2598.000       1.3651
2599.000       1.5022
2600.000       1.4282
2601.000       1.2415
2602.000       1.2282
2605.000       1.1189
2607.000       1.0545
2608.000       0.9787
2610.000       0.9541
2611.000       1.0214
2613.000       1.0224
2615.000       0.9464
2616.000       0.9777
2619.000       0.8879
2620.000       0.8951
2621.000       0.8911
2622.000       1.0918
2624.000       1.0094
2626.000       1.0276
2628.000       1.1522
2629.000       1.1863
2630.000       1.3028
2631.000       1.2452
2632.000       1.1098
2633.000       1.1080
2636.000       1.0533
2638.000       1.0193
2639.000       0.9764
2641.000       0.9445
2642.000       0.9792
2644.000       0.9683
2646.000       0.9145
2647.000       0.9358
2650.000       0.8900
2651.000       0.9077
2652.000       0.9323
2653.000       1.0359
2655.000       1.0294
2657.000       1.1343
2659.000       1.0979
2660.000       1.0901
2661.000       1.2686
2662.000       1.1985
2663.000       0.9242
2664.000       0.9307
2667.000       0.8725
2669.000       0.8892
2670.000       1.0048
2672.000       0.8908
2673.000       0.9325
2675.000       0.8918
2676.000       0.8011
2677.000       0.7623
2678.000       0.7983
2679.000       0.7460
2681.000       0.7733
2682.000       0.8099
2685.000       0.8121
2686.000       0.8126
2687.000       0.8445
2689.000       1.2608
2691.000       1.9436
2693.000       0.9885
2694.000       0.9777
2695.000       1.1399
2696.000       1.1152
2697.000       1.0027
2698.000       1.0646
2701.000       1.1165
2703.000       1.1624
2704.000       1.1497
2706.000       1.1078
2707.000       1.1565
2709.000       1.2014
2710.000       1.1536
2711.000       1.2125
2712.000       1.3284
2715.000       1.2204
2716.000       1.1882
2718.000       1.1432
2719.000       1.1095
2720.000       1.0905
2722.000       1.1571
2724.000       1.3218
2726.000       1.1930
2727.000       1.2380
2728.000       1.4173
2729.000       1.2135
2730.000       1.2256
2731.000       1.3144
2734.000       1.2821
2736.000       1.2356
2737.000       1.1894
2739.000       1.0941
2740.000       1.0825
2742.000       1.0384
2744.000       0.9980
2745.000       0.9960
2748.000       1.0105
2749.000       1.0588
2750.000       1.1139
2751.000       1.2594
2753.000       1.2412
2755.000       1.3519
2757.000       1.3589
2758.000       1.3908
2759.000       1.5445
2760.000       1.4043
2761.000       1.3199
2762.000       1.3601
2765.000       1.2869
2767.000       1.2416
2768.000       1.1681
2770.000       1.1017
2771.000       1.1298
2773.000       1.0841
2774.000       1.0133
2775.000       0.9737
2776.000       0.9896
2779.000       0.9651
2780.000       0.9974
2782.000       1.0307
2783.000       1.0304
2784.000       1.2537
2786.000       1.2015
2788.000       1.2874
2790.000       1.3516
2791.000       1.4067
2792.000       1.5514
2793.000       1.4988
2794.000       1.3159
2795.000       1.3041
2798.000       1.2624
2800.000       1.2128
2801.000       1.1715
2803.000       1.0998
2804.000       1.1453
2806.000       1.1085
2807.000       1.0151
2808.000       0.9651
2809.000       1.0051
2810.000       0.9211
2812.000       0.9345
2813.000       0.9388
2816.000       0.9911
2817.000       1.0177
2818.000       1.3270
2820.000       1.3273
2822.000       1.4589
2824.000       1.4318
2825.000       1.5146
2826.000       1.7025
2827.000       1.5785
2828.000       1.4159
2829.000       1.4668
2832.000       1.4424
2834.000       1.3078
2835.000       1.2941
2837.000       1.0958
2838.000       1.1430
2840.000       1.0700
2842.000       0.9333
2843.000       1.0072
2844.000       0.8620
2846.000       0.9489
2847.000       1.0247
2848.000       1.5183
2850.000       1.4968
2852.000       1.7294
2854.000       1.7222
2855.000       1.8981
2856.000       2.1970
2857.000       1.8964
2858.000       1.9894
2859.000       1.7603
2862.000       1.6499
2864.000       1.7815
2865.000       1.6503
2867.000       1.4933
2868.000       1.4404
2870.000       1.3887
2871.000       1.3912
2872.000       1.4084
2873.000       1.4048
2876.000       1.4993
2877.000       1.5776
2879.000       1.5783
2880.000       1.4687
2881.000       1.4531
2883.000       1.6292
2885.000       2.4591
2887.000       1.6288
2888.000       1.6248
2889.000       2.0358
2890.000       1.7807
2891.000       1.4072
2892.000       1.5012
2895.000       1.3224
2897.000       1.3537
2898.000       1.1934
2900.000       1.2717
2901.000       1.3782
2903.000       1.4782
2904.000       1.4547
2905.000       1.6201
2906.000       1.7620
2907.000       1.7197
2909.000       1.6766
2910.000       1.9158
2913.000       1.4880
2914.000       1.3668
2915.000       1.1149
2917.000       1.0746
2919.000       1.0951
2921.000       1.1354
2922.000       1.1271
2923.000       1.3141
2924.000       1.2486
2925.000       0.9649
2926.000       0.9778
2929.000       0.8045
2931.000       0.8042
2932.000       0.7825
2934.000       0.7480
2935.000       0.8140
2937.000       0.8399
2938.000       0.7775
2939.000       0.8219
2940.000       0.9113
2943.000       0.8459
2944.000       0.8441
2946.000       0.7995
2947.000       0.7466
2948.000       0.8879
2950.000       1.0284
2952.000       1.4682
2954.000       0.9263
2955.000       0.8255
2956.000       0.9418
2957.000       0.9013
2958.000       0.7404
2959.000       0.7312
2962.000       0.6817
2964.000       0.7105
2965.000       0.6746
2967.000       0.6511
2968.000       0.6778
2970.000       0.6799
2971.000       0.6457
2972.000       0.6637
2973.000       0.7212
2974.000       0.6618
2976.000       0.6486
2977.000       0.6706
2980.000       0.6423
2981.000       0.6349
2982.000       0.6650
2984.000       0.6773
2986.000       0.7643
2988.000       0.7409
2989.000       0.7588
2990.000       0.8861
2991.000       0.8454
2992.000       0.6919
2993.000       0.7135
2996.000       0.6822
2998.000       0.6998
2999.000       0.6712
3001.000       0.6454
3002.000       0.6448
3004.000       0.6482
3006.000       0.6570
3007.000       0.7155
3008.000       0.6635
3010.000       0.6580
3011.000       0.7183
3012.000       0.6678
3014.000       0.6931
3016.000       0.8549
3018.000       0.7464
3019.000       0.8420
3020.000       1.0192
3021.000       0.9227
3022.000       0.7977
3023.000       0.8379
3026.000       0.8327
3028.000       0.8211
3029.000       0.7958
3031.000       0.7521
3032.000       0.7640
3034.000       0.7792
3036.000       0.7886
3037.000       0.8609
3040.000       0.7952
3041.000       0.7727
3042.000       0.8336
3043.000       0.8499
3045.000       0.8612
3047.000       0.9865
3049.000       0.9768
3050.000       1.0664
3051.000       1.2571
3052.000       1.1253
3053.000       1.0077
3054.000       1.0471
3057.000       1.0134
3059.000       0.9735
3060.000       0.9529
3062.000       0.9045
3063.000       0.8946
3065.000       0.8752
3067.000       0.8663
3068.000       0.8936
3069.000       0.8924
3071.000       0.9115
3072.000       0.9794
3073.000       1.0090
3075.000       1.0018
3077.000       1.1043
3079.000       1.0967
3080.000       1.1324
3081.000       1.2792
3082.000       1.1694
3083.000       1.0715
3084.000       1.1194
3087.000       1.0837
3089.000       1.0628
3090.000       1.0279
3092.000       0.9732
3093.000       0.9669
3095.000       0.9394
3096.000       0.9282
3097.000       0.9399
3098.000       0.9698
3099.000       0.9681
3101.000       0.9853
3102.000       1.0427
3105.000       0.9841
3106.000       0.9510
3107.000       1.0575
3109.000       1.0669
3111.000       1.1785
3113.000       1.1204
3114.000       1.1216
3115.000       1.2578
3116.000       1.1572
3117.000       1.0715
3118.000       1.1351
3121.000       1.1466
3123.000       1.1264
3124.000       1.1498
3126.000       1.1007
3127.000       1.0577
3129.000       1.1020
3130.000       1.1820
3131.000       1.3355
3132.000       1.4276
3133.000       1.4584
3135.000       1.4461
3136.000       1.6271
3139.000       1.3220
3140.000       1.1841
3141.000       1.1447
3143.000       1.2020
3145.000       1.3563
3147.000       1.2389
3148.000       1.3113
3149.000       1.6222
3150.000       1.5729
3151.000       1.2778
3152.000       1.2858
3155.000       1.2996
3157.000       1.3059
3158.000       1.2830
3160.000       1.2895
3161.000       1.3244
3163.000       1.3897
3164.000       1.4025
3165.000       1.5358
3166.000       1.6715
3169.000       1.6143
3170.000       1.5597
3172.000       1.4375
3173.000       1.3497
3174.000       1.3084
3176.000       1.2537
3178.000       1.3161
3180.000       1.4162
3181.000       1.5447
3182.000       1.6705
3183.000       1.7002
3184.000       1.6534
3185.000       1.7283
3188.000       1.9283
3190.000       2.5308
3191.000       2.8681
3193.000       3.4636
3194.000       3.3954
3196.000       4.0743
3198.000       4.8704
3199.000       5.5586
3200.000       4.9050
3202.000       4.2561
3203.000       4.4840
3204.000       1.8983
3206.000       2.5841
3208.000       3.1713
3210.000       1.9737
3211.000       1.9166
3212.000       2.3116
3213.000       2.2944
3214.000       1.6770
3215.000       1.6364
3218.000       1.4212
3220.000       1.4159
3221.000       1.2281
3223.000       1.1712
3224.000       1.3151
3226.000       1.4169
3227.000       1.3445
3228.000       1.5775
3229.000       1.8390
3230.000       1.6473
3232.000       1.5363
3233.000       1.8033
3236.000       1.3228
3237.000       1.2064
3238.000       1.2410
3240.000       1.2146
3242.000       1.3931
3244.000       1.2868
3245.000       1.2429
3246.000       1.3678
3247.000       1.3228
3248.000       1.2121
3249.000       1.2686
3252.000       1.2911
3254.000       1.2737
3255.000       1.2946
3257.000       1.2211
3258.000       1.2319
3260.000       1.2133
3261.000       1.1966
3262.000       1.2507
3263.000       1.2940
3266.000       1.3473
3267.000       1.3843
3269.000       1.3267
3270.000       1.2243
3271.000       1.3036
3273.000       1.3842
3275.000       1.5611
3277.000       1.3887
3278.000       1.2502
3279.000       1.3972
3280.000       1.2650
3281.000       1.1674
3282.000       1.1997
3285.000       1.1303
3287.000       1.1162
3288.000       1.0675
3290.000       1.0590
3291.000       1.1332
3293.000       1.0989
3294.000       1.0087
3295.000       0.9916
3296.000       1.0355
3297.000       0.9871
3299.000       0.9952
3300.000       1.0504
3303.000       0.9976
3304.000       1.0000
3305.000       1.0887
3307.000       1.0510
3309.000       1.0535
3311.000       1.0974
3312.000       1.0818
3313.000       1.1469
3314.000       1.0948
3315.000       1.0365
3316.000       1.0531
3319.000       1.0232
3321.000       1.0238
3322.000       0.9858
3324.000       0.9687
3325.000       1.0222
3327.000       1.0175
3328.000       0.9602
3329.000       0.9670
3330.000       1.0333
3333.000       0.9614
3334.000       0.9539
3336.000       0.9444
3337.000       0.9409
3338.000       1.0148
3340.000       0.9976
3342.000       1.0483
3344.000       1.0813
3345.000       1.1236
3346.000       1.2262
3347.000       1.1912
3348.000       1.1051
3349.000       1.1386
3352.000       1.1335
3354.000       1.1170
3355.000       1.1087
3357.000       1.0686
3358.000       1.0778
3360.000       1.0856
3361.000       1.0623
3362.000       1.0808
3363.000       1.1267
3364.000       1.0928
3366.000       1.1120
3367.000       1.1800
3370.000       1.1028
3371.000       1.0638
3372.000       1.1432
3374.000       1.1523
3376.000       1.2847
3378.000       1.2809
3379.000       1.3863
3380.000       1.5934
3381.000       1.4041
3382.000       1.3875
3383.000       1.4884
3386.000       1.5039
3388.000       1.3997
3389.000       1.4084
3391.000       1.3053
3392.000       1.2592
3394.000       1.2546
3395.000       1.2732
3396.000       1.3153
3397.000       1.3568
3400.000       1.3659
3401.000       1.4002
3403.000       1.3889
3404.000       1.3084
3405.000       1.5594
3407.000       1.5540
3409.000       1.7237
3411.000       1.7498
3412.000       1.8786
3413.000       2.1231
3414.000       1.8378
3415.000       1.8728
3416.000       2.0106
3419.000       1.9999
3421.000       1.8380
3422.000       1.8156
3424.000       1.6725
3425.000       1.6175
3427.000       1.5600
3428.000       1.5664
3429.000       1.5716
3430.000       1.5893
3433.000       1.6231
3434.000       1.6741
3436.000       1.6967
3437.000       1.6320
3438.000       2.0557
3440.000       2.0028
3442.000       2.1759
3444.000       2.2849
3445.000       2.4282
3446.000       2.6984
3447.000       2.3933
3448.000       2.3883
3449.000       2.5086
3452.000       2.4717
3454.000       2.2716
3455.000       2.2418
3457.000       2.1082
3458.000       2.0713
3460.000       2.0022
3461.000       1.9969
3462.000       1.9999
3463.000       2.0116
3464.000       2.0537
3466.000       2.0950
3467.000       2.1767
3470.000       2.1053
3471.000       2.0554
3472.000       2.5602
3474.000       2.4677
3476.000       2.6057
3478.000       2.8123
3479.000       3.0055
3480.000       3.2889
3481.000       2.9990
3482.000       2.9505
3483.000       3.0420
3486.000       3.0078
3488.000       2.7789
3489.000       2.8019
3491.000       2.6697
3492.000       2.6368
3494.000       2.5707
3495.000       2.5680
3496.000       2.5813
3497.000       2.5836
3500.000       2.6638
3501.000       2.7161
3503.000       2.7049
3504.000       2.6290
3505.000       3.1750
3507.000       3.0954
3509.000       3.2562
3511.000       3.4389
