   2.000       5.9400
   3.000       6.1300
   6.000       5.7967
   8.000       5.5826
   9.000       5.1798
  11.000       4.7859
  12.000       4.8456
  14.000       4.6878
  16.000       4.4562
  17.000       4.4913
  20.000       4.4002
  21.000       4.5614
  22.000       4.6788
  23.000       5.3963
  25.000       5.1945
  27.000       5.6198
  29.000       5.7251
  30.000       5.6220
  31.000       6.0956
  32.000       5.5098
  33.000       5.2296
  34.000       5.3579
  37.000       5.0497
  39.000       4.7588
  40.000       4.4702
  42.000       4.1974
  43.000       4.2647
  45.000       4.1102
  47.000       3.8770
  48.000       3.8384
  49.000       3.8189
  51.000       3.9678
  52.000       3.9873
  53.000       4.9226
  55.000       4.6408
  57.000       4.8124
  59.000       5.2537
  60.000       5.2772
  61.000       5.8350
  62.000       5.0699
  63.000       4.9778
  64.000       5.2454
  67.000       4.9736
  69.000       4.5265
  70.000       4.2100
  72.000       3.7499
  73.000       3.7260
  75.000       3.3183
  76.000       3.0267
  77.000       2.5988
  78.000       2.3626
  79.000       2.5929
  81.000       2.9530
  82.000       3.0471
  85.000       3.3143
  86.000       3.3248
  87.000       4.8757
  89.000       4.5367
  91.000       4.8607
  93.000       5.3517
  94.000       5.4377
  95.000       6.0187
  96.000       5.2954
  97.000       5.0826
  98.000       5.2907
 101.000       4.9553
 103.000       4.4237
 104.000       4.0979
 106.000       3.6208
 107.000       3.6627
 109.000       3.3154
 111.000       2.8750
 112.000       2.6023
 115.000       2.8374
 116.000       3.2213
 117.000       3.3065
 118.000       4.9263
 120.000       4.4637
 122.000       4.7142
 124.000       5.4295
 127.000       5.1445
 128.000       5.1671
 131.000       4.7969
 133.000       4.5619
 134.000       4.1303
 136.000       3.8881
 137.000       4.0577
 139.000       3.8261
 140.000       3.4443
 141.000       3.0858
 142.000       3.0538
 143.000       2.8092
 145.000       2.8926
 146.000       2.6809
 149.000       3.2342
 150.000       3.4859
 151.000       4.4857
 153.000       4.1282
 155.000       4.2626
 157.000       4.7137
 158.000       4.6192
 159.000       4.9989
 160.000       4.5900
 161.000       4.1768
 162.000       4.1776
 165.000       3.7632
 167.000       3.4572
 168.000       3.0868
 170.000       2.9623
 171.000       3.2113
 173.000       3.0901
 174.000       2.6981
 175.000       2.4537
 176.000       2.5610
 177.000       2.1399
 179.000       2.0965
 180.000       1.9013
 183.000       2.3419
 184.000       2.6217
 185.000       3.6016
 187.000       3.1725
 189.000       3.2075
 191.000       3.8600
 192.000       3.9351
 193.000       4.2936
 194.000       4.0604
 195.000       3.5040
 196.000       3.4254
 199.000       3.0332
 201.000       2.7045
 202.000       2.4243
 204.000       2.3691
 205.000       2.6565
 207.000       2.7069
 209.000       2.4499
 210.000       2.5796
 213.000       2.1529
 214.000       2.1084
 215.000       1.9308
 216.000       3.0071
 218.000       2.5827
 220.000       2.5683
 222.000       3.2859
 223.000       3.4560
 224.000       3.8071
 225.000       3.6543
 226.000       3.0504
 227.000       2.9249
 230.000       2.5326
 232.000       2.2643
 233.000       2.0543
 235.000       2.1139
 236.000       2.3998
 238.000       2.5589
 240.000       2.4672
 241.000       2.7037
 242.000       2.1873
 244.000       1.9952
 245.000       1.8522
 246.000       2.5401
 248.000       2.1676
 250.000       2.0446
 252.000       2.7298
 253.000       2.9539
 254.000       3.2155
 255.000       3.1923
 256.000       2.6821
 257.000       2.5132
 260.000       2.3342
 262.000       2.2046
 263.000       2.4152
 265.000       2.5622
 266.000       2.7370
 268.000       2.8831
 269.000       2.8280
 270.000       3.0078
 271.000       3.2167
 274.000       3.0642
 275.000       2.9251
 277.000       2.6931
 278.000       2.6547
 279.000       2.5470
 281.000       2.6832
 283.000       2.8796
 285.000       2.4425
 286.000       2.3864
 287.000       2.6124
 288.000       2.5045
 289.000       2.1806
 290.000       2.1406
 293.000       2.1227
 295.000       2.1000
 296.000       2.0926
 298.000       2.0004
 299.000       1.9476
 301.000       1.9967
 302.000       2.0696
 303.000       2.2490
 304.000       2.3720
 307.000       2.4145
 308.000       2.4168
 310.000       2.2745
 311.000       2.0871
 312.000       2.1019
 314.000       2.1719
 316.000       2.3786
 318.000       2.2276
 319.000       2.2122
 320.000       2.4243
 321.000       2.1035
 322.000       2.1999
 323.000       2.3709
 326.000       2.3776
 328.000       2.3164
 329.000       2.2442
 331.000       2.0293
 332.000       1.9142
 334.000       1.7633
 335.000       1.7812
 336.000       1.7151
 337.000       1.6235
 338.000       1.8373
 340.000       1.9984
 341.000       2.1429
 344.000       2.0678
 345.000       1.9513
 346.000       2.2769
 348.000       2.2969
 350.000       2.5309
 352.000       2.4098
 353.000       2.3221
 354.000       2.5397
 355.000       2.1824
 356.000       2.2358
 357.000       2.4078
 360.000       2.3435
 362.000       2.2493
 363.000       2.1112
 365.000       1.8727
 366.000       1.7917
 368.000       1.6096
 369.000       1.5654
 370.000       1.4463
 371.000       1.3554
 372.000       1.5226
 374.000       1.6903
 375.000       1.7929
 378.000       1.8060
 379.000       1.7344
 380.000       2.1952
 382.000       2.1489
 384.000       2.3799
 386.000       2.3470
 387.000       2.2563
 388.000       2.5098
 389.000       2.1372
 390.000       2.1197
 391.000       2.2757
 394.000       2.1651
 396.000       2.0458
 397.000       1.8808
 399.000       1.6446
 400.000       1.6142
 402.000       1.4471
 404.000       1.3045
 405.000       1.2111
 408.000       1.3501
 409.000       1.5186
 410.000       1.6227
 411.000       2.0132
 413.000       1.9280
 415.000       2.1511
 417.000       2.1781
 418.000       2.1005
 419.000       2.3663
 420.000       2.0076
 421.000       1.9320
 422.000       2.0727
 425.000       1.9465
 427.000       1.8146
 428.000       1.6572
 430.000       1.4391
 431.000       1.4104
 433.000       1.2546
 434.000       1.1757
 435.000       1.1114
 436.000       1.0826
 439.000       1.2026
 440.000       1.3234
 442.000       1.3822
 443.000       1.3039
 444.000       1.8227
 446.000       1.7270
 448.000       1.9384
 450.000       2.0092
 451.000       2.0226
 452.000       2.2878
 453.000       2.0169
 454.000       1.8653
 455.000       1.9721
 458.000       1.8801
 460.000       1.7175
 461.000       1.6246
 463.000       1.4252
 464.000       1.4096
 466.000       1.3344
 468.000       1.2589
 469.000       1.2958
 470.000       1.2865
 472.000       1.3767
 473.000       1.5108
 474.000       1.8563
 476.000       1.7821
 478.000       2.0069
 480.000       2.0844
 481.000       2.1798
 482.000       2.4617
 483.000       2.1436
 484.000       2.1305
 485.000       2.3037
 488.000       2.3003
 490.000       2.1241
 491.000       2.0979
 493.000       1.8836
 494.000       1.8050
 496.000       1.7023
 497.000       1.7060
 498.000       1.7136
 499.000       1.7205
 500.000       1.8207
 502.000       1.9116
 503.000       2.0595
 506.000       1.9209
 507.000       1.8115
 508.000       2.3326
 510.000       2.3039
 512.000       2.5477
 514.000       2.5881
 515.000       2.7093
 516.000       2.9973
 517.000       2.6300
 518.000       2.7138
 519.000       2.8347
 522.000       2.9408
 524.000       3.1488
 525.000       3.1676
 527.000       3.1551
 528.000       3.1301
 530.000       3.2386
 531.000       3.3319
 532.000       3.5347
 533.000       3.6715
 536.000       3.6777
 537.000       3.6312
 539.000       3.4520
 540.000       3.2921
 541.000       2.7634
 543.000       2.9943
 545.000       3.1894
 547.000       2.7024
 548.000       2.4434
 549.000       2.5346
 550.000       2.2861
 551.000       2.4834
 552.000       2.6676
 555.000       2.7686
 557.000       2.8778
 558.000       2.8932
 560.000       2.7862
 561.000       2.6174
 563.000       2.6423
 564.000       2.8369
 565.000       3.0213
 566.000       3.0508
 569.000       3.2434
 570.000       3.2860
 572.000       3.1499
 573.000       2.9193
 574.000       2.6036
 576.000       2.7960
 578.000       3.0527
 580.000       2.6192
 581.000       2.4508
 582.000       2.5803
 583.000       2.2255
 584.000       2.5297
 585.000       2.7683
 588.000       2.8962
 590.000       2.9512
 591.000       2.9736
 593.000       2.7763
 594.000       2.5312
 596.000       2.4490
 597.000       2.6721
 598.000       2.8051
 599.000       2.7223
 602.000       3.0949
 603.000       3.2435
 605.000       3.1588
 606.000       2.8679
 607.000       2.7729
 609.000       2.9565
 611.000       3.2594
 613.000       2.8623
 614.000       2.6935
 615.000       2.9456
 616.000       2.5750
 617.000       2.5352
 618.000       2.7087
 621.000       2.6081
 623.000       2.5059
 624.000       2.3202
 626.000       2.0642
 627.000       2.0028
 629.000       1.8121
 630.000       1.7301
 631.000       1.5855
 632.000       1.4926
 633.000       1.6542
 635.000       1.8359
 636.000       1.9595
 639.000       1.9655
 640.000       1.8983
 641.000       2.4180
 643.000       2.3449
 645.000       2.5893
 647.000       2.5807
 648.000       2.4917
 649.000       2.7611
 650.000       2.3838
 651.000       2.3197
 652.000       2.4639
 655.000       2.3153
 657.000       2.1443
 658.000       1.9536
 660.000       1.7214
 661.000       1.7293
 663.000       1.5737
 665.000       1.3817
 666.000       1.3101
 667.000       1.3938
 669.000       1.5615
 670.000       1.6380
 671.000       2.1853
 673.000       2.0493
 675.000       2.2484
 677.000       2.3880
 678.000       2.3736
 679.000       2.6781
 680.000       2.3015
 681.000       2.1895
 682.000       2.3146
 685.000       2.1611
 687.000       1.9828
 688.000       1.8203
 690.000       1.6237
 691.000       1.6223
 693.000       1.4563
 694.000       1.3424
 695.000       1.2213
 696.000       1.1662
 697.000       1.2750
 699.000       1.4081
 700.000       1.5266
 703.000       1.4974
 704.000       1.4634
 705.000       2.0752
 707.000       1.9378
 709.000       2.1106
 711.000       2.2716
 712.000       2.2905
 713.000       2.5490
 714.000       2.2671
 715.000       2.1366
 716.000       2.2213
 719.000       2.1082
 721.000       1.9248
 722.000       1.8410
 724.000       1.6784
 725.000       1.6620
 727.000       1.5541
 729.000       1.4485
 730.000       1.3863
 733.000       1.4915
 734.000       1.6111
 735.000       1.7240
 736.000       2.1023
 738.000       2.0032
 740.000       2.1652
 742.000       2.3075
 743.000       2.3925
 744.000       2.6470
 745.000       2.3738
 746.000       2.2928
 747.000       2.4015
 750.000       2.3279
 752.000       2.1309
 753.000       2.0525
 755.000       1.8669
 756.000       1.8616
 758.000       1.7570
 760.000       1.6276
 761.000       1.5820
 762.000       1.6418
 764.000       1.7686
 765.000       1.8504
 766.000       2.3334
 768.000       2.2200
 770.000       2.3947
 772.000       2.5425
 773.000       2.9721
 774.000       3.1453
 775.000       3.0693
 776.000       3.3452
 777.000       3.3845
 780.000       3.3883
 782.000       3.3664
 783.000       2.9960
 785.000       2.6080
 786.000       2.4866
 788.000       2.2044
 789.000       2.1278
 790.000       1.9773
 791.000       1.8421
 794.000       2.1134
 795.000       2.3696
 797.000       2.5256
 798.000       2.3903
 799.000       3.2811
 801.000       2.9315
 803.000       2.8819
 805.000       3.5218
 806.000       3.7290
 807.000       4.1338
 808.000       3.7058
 809.000       3.5526
 810.000       3.7857
 813.000       3.6910
 815.000       3.7282
 816.000       3.4075
 818.000       3.2127
 819.000       3.3511
 821.000       3.2651
 823.000       3.0209
 824.000       3.0125
 825.000       2.8823
 827.000       2.9802
 828.000       2.9380
 829.000       3.3332
 831.000       3.1966
 833.000       3.4705
 835.000       3.4630
 836.000       3.3938
 837.000       3.7143
 838.000       3.4409
 839.000       3.0206
 840.000       3.0246
 843.000       2.7128
 845.000       2.4668
 846.000       2.1972
 848.000       2.1365
 849.000       2.3803
 851.000       2.3790
 852.000       2.0957
 853.000       2.0669
 854.000       2.3044
 855.000       1.8548
 857.000       1.6976
 858.000       1.6417
 861.000       1.7435
 862.000       1.9358
 863.000       2.6298
 865.000       2.3077
 867.000       2.3896
 869.000       2.8906
 870.000       2.9974
 871.000       3.3587
 872.000       3.1007
 873.000       2.6533
 874.000       2.6494
 877.000       2.3482
 879.000       2.0766
 880.000       1.8747
 882.000       1.8192
 883.000       2.0339
 885.000       2.1500
 887.000       2.0676
 888.000       2.3186
 891.000       1.8733
 892.000       1.7260
 893.000       1.6779
 894.000       2.2927
 896.000       2.0021
 898.000       2.1145
 900.000       2.5400
 901.000       2.6437
 902.000       2.9693
 903.000       2.7780
 904.000       2.3363
 905.000       2.3195
 908.000       2.0748
 910.000       1.9112
 911.000       1.8435
 913.000       1.8701
 914.000       1.9556
 916.000       2.1175
 918.000       2.2201
 919.000       2.4910
 922.000       2.1745
 923.000       1.9890
 924.000       2.0576
 925.000       2.0508
 927.000       1.9129
 929.000       2.0003
 931.000       2.2174
 932.000       2.3794
 933.000       2.5723
 934.000       2.5859
 935.000       2.2935
 936.000       2.2957
 939.000       2.3942
 941.000       2.3400
 942.000       2.6472
 944.000       2.7655
 945.000       2.6509
 947.000       2.9221
 949.000       3.2900
 950.000       3.6165
 951.000       3.3691
 953.000       3.1541
 954.000       3.4042
 955.000       2.6324
 957.000       2.8431
 959.000       3.0309
 961.000       2.7779
 962.000       2.8297
 963.000       3.2156
 964.000       2.6611
 965.000       2.7424
 966.000       3.0370
 969.000       3.0143
 971.000       2.7834
 972.000       2.6841
 974.000       2.2664
 975.000       2.0521
 977.000       1.8122
 978.000       1.8947
 979.000       1.9460
 980.000       1.9201
 981.000       2.2600
 983.000       2.4826
 984.000       2.8482
 987.000       2.4735
 988.000       2.1768
 989.000       2.9470
 991.000       2.9001
 993.000       3.3146
 995.000       3.3156
 996.000       3.2791
 997.000       3.7689
 998.000       3.0466
 999.000       3.1041
1000.000       3.4490
1003.000       3.3110
1005.000       3.0424
1006.000       2.8536
1008.000       2.4289
1009.000       2.2571
1011.000       1.9828
1013.000       1.9134
1014.000       1.8515
1017.000       2.1354
1018.000       2.3728
1019.000       2.6843
1020.000       3.1438
1022.000       3.0325
1024.000       3.4340
1026.000       3.4754
1027.000       3.4832
1028.000       3.8712
1029.000       3.4457
1030.000       3.2400
1031.000       3.3927
1034.000       3.2647
1036.000       3.0234
1037.000       2.9720
1039.000       2.7555
1040.000       2.6886
1042.000       2.6364
1044.000       2.6465
1045.000       2.7346
1046.000       2.7341
1048.000       2.7945
1049.000       3.0080
1050.000       3.2771
1052.000       3.1989
1054.000       3.4793
1056.000       3.5801
1057.000       3.7574
1058.000       4.1282
1059.000       3.7177
1060.000       3.7322
1061.000       3.9650
1064.000       4.0422
1066.000       3.7993
1067.000       3.8776
1069.000       3.6010
1070.000       3.4513
1072.000       3.3205
1073.000       3.4003
1074.000       3.4695
1075.000       3.4508
1076.000       3.7155
1078.000       3.8761
1079.000       4.1995
1082.000       3.8257
1083.000       3.5803
1084.000       4.2163
1086.000       4.2141
1088.000       4.6427
1090.000       4.5888
