   2.000       4.3024
   3.000       4.4676
   6.000       4.3621
   8.000       4.2378
   9.000       4.0176
  11.000       3.6639
  12.000       3.5510
  14.000       3.2545
  15.000       3.1607
  16.000       2.9158
  17.000       2.7087
  18.000       3.0108
  20.000       3.2967
  21.000       3.4228
  24.000       3.5129
  25.000       3.4305
  26.000       4.1118
  28.000       4.0528
  30.000       4.3777
  32.000       4.3018
  33.000       4.1116
  34.000       4.4319
  35.000       3.8694
  36.000       3.9246
  37.000       4.1693
  40.000       4.0107
  42.000       3.8293
  43.000       3.5678
  45.000       3.2173
  46.000       3.1415
  48.000       2.8416
  49.000       2.6980
  50.000       2.4216
  51.000       2.2274
  52.000       2.4756
  54.000       2.7511
  55.000       2.8486
  58.000       2.9877
  59.000       2.9468
  60.000       3.7635
  62.000       3.6243
  64.000       3.9114
  66.000       3.9754
  67.000       3.8145
  68.000       4.1529
  69.000       3.6322
  70.000       3.5582
  71.000       3.7497
  74.000       3.5297
  76.000       3.3255
  77.000       3.0239
  79.000       2.7054
  80.000       2.7021
  82.000       2.4380
  83.000       2.2271
  84.000       1.9623
  85.000       1.8328
  88.000       1.9393
  89.000       2.1672
  91.000       2.4065
  92.000       2.4120
  93.000       3.2849
  95.000       3.0839
  97.000       3.3348
  99.000       3.5005
 100.000       3.3585
 101.000       3.7075
 102.000       3.2265
 103.000       3.0523
 104.000       3.2012
 107.000       2.9505
 109.000       2.7287
 110.000       2.4409
 112.000       2.1597
 113.000       2.1755
 115.000       1.9558
 116.000       1.7498
 117.000       1.5338
 118.000       1.4841
 119.000       1.5178
 121.000       1.7028
 122.000       1.8020
 125.000       1.8947
 126.000       1.8982
 127.000       2.7255
 129.000       2.5037
 131.000       2.7502
 133.000       2.9548
 134.000       2.8442
 135.000       3.1951
 136.000       2.7446
 137.000       2.5558
 138.000       2.7167
 141.000       2.4959
 143.000       2.2739
 144.000       2.0040
 146.000       1.7104
 147.000       1.7130
 149.000       1.5343
 150.000       1.3749
 151.000       1.2926
 152.000       1.3210
 155.000       1.3916
 156.000       1.5399
 158.000       1.6112
 159.000       1.5145
 160.000       2.2966
 162.000       2.0730
 164.000       2.3964
 166.000       2.6053
 167.000       2.5761
 168.000       3.0000
 169.000       2.5988
 170.000       2.1737
 171.000       2.2384
 174.000       1.9019
 176.000       1.7737
 177.000       1.4737
 179.000       1.2340
 180.000       1.3555
 182.000       1.3539
 183.000       1.1483
 184.000       1.2466
 185.000       1.5288
 186.000       1.2095
 188.000       1.1421
 189.000       1.3509
 192.000       1.1059
 193.000       1.0720
 194.000       1.6639
 196.000       1.4806
 198.000       1.8099
 200.000       1.8453
 201.000       1.9580
 202.000       2.2381
 203.000       1.9479
 204.000       1.8455
 205.000       1.9331
 208.000       1.8242
 210.000       1.6870
 211.000       1.6196
 213.000       1.5620
 214.000       1.5829
 216.000       1.6157
 218.000       1.6541
 219.000       1.7903
 220.000       1.6505
 222.000       1.6062
 223.000       1.7140
 224.000       1.8075
 226.000       1.7242
 228.000       1.8586
 230.000       1.9901
 231.000       2.0000
 232.000       2.2844
 233.000       2.0561
 234.000       1.7427
 235.000       1.8023
 238.000       1.6231
 240.000       1.4568
 241.000       1.4160
 243.000       1.3805
 244.000       1.4674
 246.000       1.5814
 247.000       1.6446
 248.000       1.9992
 249.000       2.2622
 252.000       2.2635
 253.000       2.1544
 255.000       1.7927
 256.000       1.5397
 257.000       1.6012
 259.000       1.5679
 261.000       1.7616
 263.000       1.7885
 264.000       1.8654
 265.000       2.2223
 266.000       2.2831
 267.000       1.7782
 268.000       1.9268
 271.000       1.8860
 273.000       1.8305
 274.000       1.8132
 276.000       1.7272
 277.000       1.7096
 279.000       1.6763
 280.000       1.6628
 281.000       1.6659
 282.000       1.6706
 283.000       1.7229
 285.000       1.7791
 286.000       1.8912
 289.000       1.7778
 290.000       1.7079
 291.000       1.8748
 293.000       1.8828
 295.000       2.0406
 297.000       2.0082
 298.000       2.0576
 299.000       2.2754
 300.000       2.0244
 301.000       2.0224
 302.000       2.1358
 305.000       2.1001
 307.000       2.0203
 308.000       1.9826
 310.000       1.8819
 311.000       1.8476
 313.000       1.7959
 314.000       1.7836
 315.000       1.7652
 316.000       1.7489
 319.000       1.8044
 320.000       1.8623
 322.000       1.8887
 323.000       1.8424
 324.000       2.0546
 326.000       2.0303
 328.000       2.1688
 330.000       2.1583
 331.000       2.1648
 332.000       2.3366
 333.000       2.1409
 334.000       2.0986
 335.000       2.1835
 338.000       2.1419
 340.000       2.0940
 341.000       2.0507
 343.000       1.9610
 344.000       1.9273
 346.000       1.8737
 348.000       1.8533
 349.000       1.8445
 350.000       1.8982
 352.000       1.9533
 353.000       2.0312
 354.000       2.0708
 356.000       2.0659
 358.000       2.2024
 360.000       2.1523
 361.000       2.1524
 362.000       2.2858
 363.000       2.1451
 364.000       2.0864
 365.000       2.1354
 368.000       2.0816
 370.000       2.0473
 371.000       1.9919
 373.000       1.9209
 374.000       1.9020
 376.000       1.8505
 377.000       1.8356
 378.000       1.8103
 379.000       1.7931
 380.000       1.8391
 382.000       1.8826
 383.000       1.9262
 386.000       1.9073
 387.000       1.8822
 388.000       2.0324
 390.000       2.0065
 392.000       2.0825
 394.000       2.0880
 395.000       2.0875
 396.000       2.2146
 397.000       2.0987
 398.000       2.0148
 399.000       2.0577
 402.000       2.0146
 404.000       1.9774
 405.000       1.9410
 407.000       1.8650
 408.000       1.8523
 410.000       1.7997
 411.000       1.7807
 412.000       1.7667
 413.000       1.7489
 416.000       1.8118
 417.000       1.8587
 419.000       1.8705
 420.000       1.8286
 421.000       1.9860
 423.000       1.9767
 425.000       2.0772
 427.000       2.0555
 428.000       2.0617
 429.000       2.1921
 430.000       2.0891
 431.000       1.9860
 432.000       2.0258
 435.000       1.9751
 437.000       1.9258
 438.000       1.8766
 440.000       1.7980
 441.000       1.8009
 443.000       1.7513
 445.000       1.6913
 446.000       1.6777
 447.000       1.7100
 449.000       1.7638
 450.000       1.8281
 451.000       1.9421
 453.000       1.9188
 455.000       2.0171
 457.000       2.0200
 458.000       2.0181
 459.000       2.1717
 460.000       2.0167
 461.000       1.9277
 462.000       1.9890
 465.000       1.9339
 467.000       1.8779
 468.000       1.8165
 470.000       1.7089
 471.000       1.6924
 473.000       1.6208
 475.000       1.5617
 476.000       1.5354
 477.000       1.5969
 479.000       1.6694
 480.000       1.7482
 481.000       1.8800
 483.000       1.8520
 485.000       1.9652
 487.000       1.9674
 488.000       1.9518
 489.000       2.1143
 490.000       1.9297
 491.000       1.8703
 492.000       1.9879
 495.000       1.9055
 497.000       1.8393
 498.000       1.7636
 500.000       1.6701
 501.000       1.6662
 503.000       1.6078
 505.000       1.5409
 506.000       1.5173
 509.000       1.5553
 510.000       1.6204
 511.000       1.6806
 512.000       1.8345
 514.000       1.7889
 516.000       1.8994
 518.000       1.9221
 519.000       1.9031
 520.000       2.0868
 521.000       1.8863
 522.000       1.8094
 523.000       1.7972
 526.000       1.7136
 528.000       1.6768
 529.000       1.6036
 531.000       1.4970
 532.000       1.4854
 534.000       1.4130
 535.000       1.3678
 536.000       1.3176
 537.000       1.3055
 538.000       1.3317
 540.000       1.3950
 541.000       1.4359
 544.000       1.4465
 545.000       1.4268
 546.000       1.6247
 548.000       1.6186
 550.000       1.7560
 552.000       1.7077
 553.000       1.6870
 554.000       1.8608
 555.000       1.6664
 556.000       1.5933
 557.000       1.6601
 560.000       1.5609
 562.000       1.4819
 563.000       1.3812
 565.000       1.2939
 566.000       1.3236
 568.000       1.2683
 570.000       1.1903
 571.000       1.1833
 574.000       1.1752
 575.000       1.2241
 576.000       1.2498
 577.000       1.5029
 579.000       1.4181
 581.000       1.5046
 583.000       1.6095
 584.000       1.6157
 585.000       1.7852
 586.000       1.6376
 587.000       1.4917
 588.000       1.4968
 591.000       1.3752
 593.000       1.2964
 594.000       1.2184
 596.000       1.1993
 597.000       1.2614
 599.000       1.2490
 600.000       1.1797
 601.000       1.1785
 602.000       1.2278
 603.000       1.1722
 605.000       1.1637
 606.000       1.2145
 609.000       1.1526
 610.000       1.1573
 611.000       1.3646
 613.000       1.2679
 615.000       1.3039
 617.000       1.4767
 618.000       1.5864
 619.000       1.7455
 620.000       1.6482
 621.000       1.5271
 622.000       1.5307
 625.000       1.5067
 627.000       1.3982
 628.000       1.4299
 630.000       1.3862
 631.000       1.3995
 633.000       1.4159
 635.000       1.4131
 636.000       1.4795
 637.000       1.4053
 639.000       1.3962
 640.000       1.4602
 641.000       1.6131
 643.000       1.5727
 645.000       1.6448
 647.000       1.7684
 648.000       2.1765
 649.000       2.4129
 650.000       2.4743
 651.000       2.2885
 652.000       2.2873
 655.000       2.3437
 657.000       2.5201
 658.000       2.6057
 660.000       2.8033
 661.000       2.7823
 663.000       3.0271
 665.000       3.3301
 666.000       3.6179
 667.000       3.3793
 669.000       3.1381
 670.000       3.3138
 671.000       2.2823
 673.000       2.4304
 675.000       2.5759
 677.000       2.3648
 678.000       2.2845
 679.000       2.4544
 680.000       2.4004
 681.000       2.0487
 682.000       2.0214
 685.000       1.7738
 687.000       1.6676
 688.000       1.4982
 690.000       1.5022
 691.000       1.6608
 693.000       1.6783
 694.000       1.5000
 695.000       1.4547
 696.000       1.5857
 699.000       1.3305
 700.000       1.2539
 702.000       1.2885
 703.000       1.4008
 704.000       1.7221
 706.000       1.5881
 708.000       1.5513
 710.000       1.6913
 711.000       1.9002
 712.000       2.2402
 713.000       2.0492
 714.000       1.9009
 715.000       1.8065
 718.000       1.7020
 720.000       1.6326
 721.000       1.5174
 723.000       1.4117
 724.000       1.3941
 726.000       1.3079
 727.000       1.2578
 728.000       1.2044
 729.000       1.1841
 732.000       1.2235
 733.000       1.2981
 735.000       1.3558
 736.000       1.3277
 737.000       1.6438
 739.000       1.5536
 741.000       1.6442
 743.000       1.7396
 744.000       1.7701
 745.000       1.9044
 746.000       1.8707
 747.000       1.6272
 748.000       1.5947
 751.000       1.4690
 753.000       1.3925
 754.000       1.3150
 756.000       1.3199
 757.000       1.4006
 759.000       1.4156
 760.000       1.3470
 761.000       1.3790
 762.000       1.4729
 763.000       1.3493
 765.000       1.2828
 766.000       1.2924
 769.000       1.2525
 770.000       1.2867
 771.000       1.4522
 773.000       1.3601
 775.000       1.3612
 777.000       1.5336
 778.000       1.5996
 779.000       1.7398
 780.000       1.6333
 781.000       1.5341
 782.000       1.5519
 785.000       1.5373
 787.000       1.4779
 788.000       1.5061
 790.000       1.4777
 791.000       1.4588
 793.000       1.4775
 795.000       1.5181
 796.000       1.5890
 799.000       1.5535
 800.000       1.5312
 801.000       1.6195
 802.000       1.5872
 804.000       1.5918
 806.000       1.7151
 808.000       1.7128
 809.000       1.8019
 810.000       1.9911
 811.000       1.8253
 812.000       1.7712
 813.000       1.8433
 816.000       1.8191
 818.000       1.7562
 819.000       1.7272
 821.000       1.6376
 822.000       1.6147
 824.000       1.5755
 825.000       1.5590
 826.000       1.5590
 827.000       1.5685
 828.000       1.6203
 830.000       1.6892
 831.000       1.8205
 834.000       1.6900
 835.000       1.6128
 836.000       1.7907
 838.000       1.7721
 840.000       1.8859
 842.000       1.8930
 843.000       1.9104
 844.000       2.0588
 845.000       1.9099
 846.000       1.8537
 847.000       1.9167
 850.000       1.8787
 852.000       1.8271
 853.000       1.7910
 855.000       1.6938
 856.000       1.6639
 858.000       1.6089
 860.000       1.5854
 861.000       1.5818
 862.000       1.6310
 864.000       1.6840
 865.000       1.7628
 866.000       1.8492
 868.000       1.8366
 870.000       1.9608
 872.000       1.9515
 873.000       1.9660
 874.000       2.1279
 875.000       1.9552
 876.000       1.9089
 877.000       1.9907
 880.000       1.9662
 882.000       1.9090
 883.000       1.8677
 885.000       1.7512
 886.000       1.7048
 888.000       1.6258
 889.000       1.6242
 890.000       1.5930
 891.000       1.5579
 892.000       1.6484
 894.000       1.7192
 895.000       1.7916
 898.000       1.7534
 899.000       1.7021
 900.000       1.9391
 902.000       1.9278
 904.000       2.0680
 906.000       2.0557
 907.000       2.0711
 908.000       2.2613
 909.000       2.0487
 910.000       1.9897
 911.000       2.0672
 914.000       1.9976
 916.000       1.9228
 917.000       1.8492
 919.000       1.7361
 920.000       1.7176
 922.000       1.6371
 924.000       1.5740
 925.000       1.5361
 926.000       1.6146
 928.000       1.6921
 929.000       1.7622
 930.000       1.9456
 932.000       1.8963
 934.000       2.0096
 936.000       2.0518
 937.000       2.0567
 938.000       2.2362
 939.000       2.0534
 940.000       1.9563
 941.000       2.0148
 944.000       1.9324
 946.000       1.8705
 947.000       1.7871
 949.000       1.6925
 950.000       1.6879
 952.000       1.6090
 953.000       1.5582
 954.000       1.5019
 955.000       1.4778
 956.000       1.5219
 958.000       1.5835
 959.000       1.6287
 962.000       1.6340
 963.000       1.6172
 964.000       1.8682
 966.000       1.8139
 968.000       1.9115
 970.000       1.9506
 971.000       1.9571
 972.000       2.1077
 973.000       1.9935
 974.000       1.8469
 975.000       1.8769
 978.000       1.8010
 980.000       1.7444
 981.000       1.6852
 983.000       1.6073
 984.000       1.6214
 986.000       1.5822
 988.000       1.5208
 989.000       1.5175
 990.000       1.5208
 992.000       1.5665
 993.000       1.6166
 994.000       1.7590
 996.000       1.7175
 998.000       1.8140
1000.000       1.8455
1001.000       1.8615
1002.000       2.0216
1003.000       1.8743
1004.000       1.7811
1005.000       1.8299
1008.000       1.7649
1010.000       1.6968
1011.000       1.6284
1013.000       1.5315
1014.000       1.5247
1016.000       1.4687
1017.000       1.4259
1018.000       1.3845
1019.000       1.3755
1020.000       1.4082
1022.000       1.4676
1023.000       1.5325
1026.000       1.5071
1027.000       1.4748
1028.000       1.7237
1030.000       1.6767
1032.000       1.7921
1034.000       1.8321
1035.000       1.8690
1036.000       2.0481
1037.000       1.8752
1038.000       1.7987
1039.000       1.8606
1042.000       1.7998
1044.000       1.7043
1045.000       1.6549
1047.000       1.5671
1048.000       1.5637
1050.000       1.5221
1051.000       1.4835
1052.000       1.4614
1053.000       1.4749
1056.000       1.4739
1057.000       1.5143
1059.000       1.5479
1060.000       1.5184
1061.000       1.8011
1063.000       1.7423
1065.000       1.8477
1067.000       1.9377
1068.000       2.0047
1069.000       2.2038
1070.000       1.9940
1071.000       1.9429
1072.000       2.0208
1075.000       1.9402
1077.000       1.8244
1078.000       1.7506
1080.000       1.6828
1081.000       1.7027
1083.000       1.6640
1084.000       1.6095
1085.000       1.5786
1086.000       1.6008
1089.000       1.5686
1090.000       1.5904
1092.000       1.6248
1093.000       1.6249
1094.000       1.9291
1096.000       1.8273
1098.000       1.8990
1100.000       2.0742
1101.000       2.1261
1102.000       2.3360
1103.000       2.2320
1104.000       1.9121
1105.000       1.8968
1108.000       1.7293
1110.000       1.6167
1111.000       1.6219
1113.000       1.6343
1114.000       1.7484
1116.000       1.8808
1118.000       1.9050
1119.000       2.0982
1120.000       1.8021
1122.000       1.6762
1123.000       1.7265
1124.000       1.8162
1126.000       1.8559
1128.000       2.0449
1130.000       1.7720
1131.000       1.9787
1132.000       2.2623
1133.000       2.2074
1134.000       1.9162
1135.000       1.8743
1138.000       1.6832
1140.000       1.5012
1141.000       1.4086
1143.000       1.2967
1144.000       1.3335
1146.000       1.2748
1147.000       1.1879
1148.000       1.1775
1149.000       1.2242
1150.000       1.2109
1152.000       1.2534
1153.000       1.3753
1156.000       1.2550
1157.000       1.2155
1158.000       1.7066
1160.000       1.5747
1162.000       1.7270
1164.000       1.8089
1165.000       2.0432
1166.000       2.2233
1167.000       2.1553
1168.000       2.0842
1169.000       2.2893
1172.000       2.3396
1174.000       2.2321
1175.000       2.2179
1177.000       1.9893
1178.000       1.8047
1180.000       1.6445
1181.000       1.7409
1182.000       1.7078
1183.000       1.5752
1184.000       1.9155
1186.000       2.1147
1187.000       2.3247
1190.000       2.1481
1191.000       1.9579
1192.000       2.3299
1194.000       2.3691
1196.000       2.6267
1198.000       2.5210
1199.000       2.5682
1200.000       2.8048
1201.000       2.4159
1202.000       2.5914
1203.000       2.8062
1206.000       2.8324
1208.000       2.6924
1209.000       2.6437
1211.000       2.3854
1212.000       2.2094
1214.000       2.0039
1215.000       2.0557
1216.000       1.9456
1217.000       1.7648
1218.000       2.1206
1220.000       2.3569
1221.000       2.5319
1224.000       2.4570
1225.000       2.2980
1226.000       2.8003
1228.000       2.7978
1230.000       3.0531
1232.000       3.0146
1233.000       3.0175
1234.000       3.3033
1235.000       2.8401
1236.000       2.9594
1237.000       3.1630
1240.000       3.0988
1242.000       2.9109
1243.000       2.7932
1245.000       2.5194
1246.000       2.4059
1248.000       2.1755
1249.000       2.1329
1250.000       1.9640
1251.000       1.7767
1254.000       2.0463
1255.000       2.2755
1257.000       2.4389
1258.000       2.3537
1259.000       3.0311
1261.000       2.9434
1263.000       3.1726
1265.000       3.2440
1266.000       3.2449
1267.000       3.5005
1268.000       3.1518
1269.000       3.1174
1270.000       3.2520
1273.000       3.1187
1275.000       2.9186
1276.000       2.7462
1278.000       2.5228
1279.000       2.5314
1281.000       2.3682
1283.000       2.1689
1284.000       2.0496
1285.000       2.1744
1287.000       2.3490
1288.000       2.3898
1289.000       3.0422
1291.000       2.8803
1293.000       3.0419
1295.000       3.2572
1296.000       3.2895
1297.000       3.5456
1298.000       3.3464
1299.000       3.0257
1300.000       2.9999
1303.000       2.7435
1305.000       2.5637
1306.000       2.3888
1308.000       2.2841
1309.000       2.3743
1311.000       2.2770
1312.000       2.0951
1313.000       1.9597
1314.000       1.9811
1315.000       1.8516
1317.000       1.8893
1318.000       1.8468
1321.000       2.0199
1322.000       2.1083
1323.000       2.7264
1325.000       2.5135
1327.000       2.5016
1329.000       2.8827
1330.000       2.9161
1331.000       3.2569
1332.000       2.9268
1333.000       2.6459
1334.000       2.7199
1337.000       2.5442
1339.000       2.3158
1340.000       2.1021
1342.000       1.9312
1343.000       1.9540
1345.000       1.8891
1347.000       1.7860
1348.000       1.8078
1349.000       1.7874
1351.000       1.8634
1352.000       1.9761
1353.000       2.5441
1355.000       2.0744
1357.000       2.2822
1359.000       3.0808
1360.000       3.3747
1361.000       4.2277
1362.000       3.5361
1363.000       2.9377
1364.000       2.5200
1367.000       2.2892
1369.000       2.6255
1370.000       2.8661
1372.000       3.4688
1373.000       3.7032
1375.000       4.3397
1377.000       4.7635
1378.000       5.4441
1381.000       4.6468
1382.000       4.0021
1383.000       4.0601
1384.000       2.2215
1386.000       2.6749
1388.000       2.8324
1390.000       2.0547
1391.000       1.8005
1392.000       1.9070
1393.000       1.8739
1394.000       1.7139
1395.000       1.7863
1398.000       1.7519
1400.000       1.7864
1401.000       1.7203
1403.000       1.6446
1404.000       1.6783
1406.000       1.6354
1407.000       1.5740
1408.000       1.5552
1409.000       1.5818
1410.000       1.5626
1412.000       1.5785
1413.000       1.6333
1416.000       1.5898
1417.000       1.5861
1418.000       1.6534
1420.000       1.6841
1422.000       1.8217
1424.000       1.7289
1425.000       1.7132
1426.000       1.8989
1427.000       1.7281
1428.000       1.6078
1429.000       1.6377
1432.000       1.5782
1434.000       1.5639
1435.000       1.5182
1437.000       1.4633
1438.000       1.4532
1440.000       1.4330
1442.000       1.4178
1443.000       1.4362
1444.000       1.4365
1446.000       1.4607
1447.000       1.5176
1448.000       1.5346
1450.000       1.5204
1452.000       1.6070
1454.000       1.5962
1455.000       1.5960
1456.000       1.7288
1457.000       1.5714
1458.000       1.5786
1459.000       1.6785
1462.000       1.6903
1464.000       1.6369
1465.000       1.6111
1467.000       1.4871
1468.000       1.4233
1470.000       1.3654
1472.000       1.3627
1473.000       1.3521
1476.000       1.4167
1477.000       1.4824
1478.000       1.5760
1479.000       1.6615
1481.000       1.6788
1483.000       1.8516
1485.000       1.7825
1486.000       1.8046
1487.000       1.9931
1488.000       1.7407
1489.000       1.7754
1490.000       1.8882
1493.000       1.8536
1495.000       1.7747
1496.000       1.7200
1498.000       1.6075
1499.000       1.5785
1501.000       1.5045
1502.000       1.4851
1503.000       1.4609
1504.000       1.4475
1507.000       1.4978
1508.000       1.5508
1510.000       1.5817
1511.000       1.5465
1512.000       1.8214
1514.000       1.7866
1516.000       1.9171
1518.000       1.9427
1519.000       1.9732
1520.000       2.1526
1521.000       1.9640
1522.000       1.8973
1523.000       1.9638
1526.000       1.8990
1528.000       1.7992
1529.000       1.7395
1531.000       1.6365
1532.000       1.6386
1534.000       1.5620
1536.000       1.4946
1537.000       1.4637
1540.000       1.5158
1541.000       1.5800
1542.000       1.6334
1543.000       1.8917
1545.000       1.8292
1547.000       1.9358
1549.000       2.0320
1550.000       2.0960
1551.000       2.2948
1552.000       2.1004
1553.000       2.0059
1554.000       2.0682
1557.000       1.9970
1559.000       1.8928
1560.000       1.8338
1562.000       1.7286
1563.000       1.7091
1565.000       1.6223
1566.000       1.5928
1567.000       1.5521
1568.000       1.5121
1571.000       1.6005
1572.000       1.6699
1574.000       1.7037
1575.000       1.6634
1576.000       1.9913
1578.000       1.9269
1580.000       2.0244
1582.000       2.1248
1583.000       2.1773
1584.000       2.3699
1585.000       2.1711
1586.000       2.0980
1587.000       2.1550
1590.000       2.0913
1592.000       1.9827
1593.000       1.9280
1595.000       1.8219
1596.000       1.8175
1598.000       1.7381
1600.000       1.6616
1601.000       1.6086
1604.000       1.6810
1605.000       1.7608
1606.000       1.8147
1607.000       2.0910
1609.000       2.0277
1611.000       2.1257
1613.000       2.2183
1614.000       2.2640
1615.000       2.4500
1616.000       2.2583
1617.000       2.1749
1618.000       2.2432
1621.000       2.1771
1623.000       2.0706
1624.000       2.0139
1626.000       1.9008
1627.000       1.8980
1629.000       1.8018
1630.000       1.7431
1631.000       1.6734
1632.000       1.6287
1635.000       1.6906
1636.000       1.7654
1638.000       1.8279
1639.000       1.8115
1640.000       2.1691
1642.000       2.1085
1644.000       2.2106
1646.000       2.2936
1647.000       2.3172
1648.000       2.4966
1649.000       2.2960
1650.000       2.2274
1651.000       2.3030
1654.000       2.2162
1656.000       2.1102
1657.000       2.0279
1659.000       1.9201
1660.000       1.9324
1662.000       1.8404
1663.000       1.7628
1664.000       1.6893
1665.000       1.6595
1668.000       1.7015
1669.000       1.7743
1671.000       1.8342
1672.000       1.8235
1673.000       2.1705
1675.000       2.0943
1677.000       2.1975
1679.000       2.2921
1680.000       2.2934
1681.000       2.5040
1682.000       2.3501
1683.000       2.1483
1684.000       2.1730
1687.000       2.0314
1689.000       1.9400
1690.000       1.8435
1692.000       1.7537
1693.000       1.8002
1695.000       1.8373
1697.000       1.8187
1698.000       1.9554
1701.000       1.7959
1702.000       1.7654
1703.000       1.8719
1704.000       1.9632
1706.000       1.9101
1708.000       2.0747
1710.000       2.0895
1711.000       2.1570
1712.000       2.3444
1713.000       2.2031
1714.000       2.0580
1715.000       2.0911
1718.000       1.9981
1720.000       1.8653
1721.000       1.7960
1723.000       1.7553
1724.000       1.8317
1726.000       1.8236
1727.000       1.7338
1728.000       1.7426
1729.000       1.8377
1730.000       1.6993
1732.000       1.6521
1733.000       1.6698
1736.000       1.6511
1737.000       1.6898
1738.000       2.0274
1740.000       1.8978
1742.000       1.9232
1744.000       2.1852
1745.000       2.2750
1746.000       2.5515
1747.000       2.2827
1748.000       2.1070
1749.000       2.1595
1752.000       2.0082
1754.000       1.8579
1755.000       1.8157
1757.000       1.6756
1758.000       1.7218
1760.000       1.6030
1761.000       1.4655
1762.000       1.3513
1763.000       1.3580
1766.000       1.3020
1767.000       1.3528
1769.000       1.4618
1770.000       1.5116
1771.000       1.9669
1773.000       2.0094
1775.000       2.2854
1777.000       2.1674
1778.000       2.4364
1779.000       2.9992
1780.000       2.6250
1781.000       2.3258
1782.000       2.4633
1785.000       2.2845
1787.000       2.2610
1788.000       2.0599
1790.000       2.0932
1791.000       2.2759
1793.000       2.3231
1794.000       2.1490
1795.000       2.1419
1796.000       2.3197
1799.000       2.0071
1800.000       1.8738
1802.000       1.8671
1803.000       2.0043
1804.000       2.1331
1806.000       2.0480
1808.000       1.9026
1810.000       2.0348
1811.000       2.1366
1812.000       2.2818
1813.000       2.0681
1814.000       2.2636
1815.000       2.2193
1818.000       2.1385
1820.000       1.9784
1821.000       1.8802
1823.000       1.7485
1824.000       1.7486
1826.000       1.7056
1827.000       1.6541
1828.000       1.6590
1829.000       1.7134
1830.000       1.6905
1832.000       1.7237
1833.000       1.8280
1836.000       1.7357
1837.000       1.6873
1838.000       2.1292
1840.000       2.0222
1842.000       2.1761
1844.000       2.3373
1845.000       2.4392
1846.000       2.6908
1847.000       2.4559
1848.000       2.3455
1849.000       2.4517
1852.000       2.3917
1854.000       2.2171
1855.000       2.2024
1857.000       2.0880
1858.000       2.0491
1860.000       2.0268
1862.000       2.0461
1863.000       2.1015
1866.000       2.0854
1867.000       2.1060
1868.000       2.2075
1869.000       2.4415
1871.000       2.3828
1873.000       2.5427
1875.000       2.6514
1876.000       2.8002
1877.000       3.0368
1878.000       2.7867
1879.000       2.7791
1880.000       2.8985
1883.000       2.9086
1885.000       2.7334
1886.000       2.7648
1888.000       2.6209
1889.000       2.5522
1891.000       2.5178
1892.000       2.5616
1893.000       2.6259
1894.000       2.6569
1895.000       2.7301
1897.000       2.7646
1898.000       2.8957
1901.000       2.7212
1902.000       2.6172
1903.000       3.0074
1905.000       2.9893
1907.000       3.1712
1909.000       3.2452
1910.000       3.3875
1911.000       3.6571
1912.000       3.2961
1913.000       3.4201
1914.000       3.5422
1917.000       3.6606
1919.000       3.8323
1920.000       3.8724
1922.000       3.8388
1923.000       3.7647
1925.000       3.8387
1926.000       3.9682
1927.000       4.1557
1928.000       4.2346
1931.000       4.3294
1932.000       4.3256
1934.000       4.1627
1935.000       3.9784
1936.000       3.5228
1938.000       3.7385
1940.000       3.9371
1942.000       3.4793
1943.000       3.2757
1944.000       3.3673
1945.000       3.0881
1946.000       3.3124
1947.000       3.5240
1950.000       3.6314
1952.000       3.7064
1953.000       3.6858
1955.000       3.5143
1956.000       3.3191
1958.000       3.2660
1959.000       3.4348
1960.000       3.5336
1961.000       3.4935
1962.000       3.7567
1964.000       3.8745
1965.000       4.1182
1968.000       3.8057
1969.000       3.5819
1970.000       3.4697
1972.000       3.6225
1974.000       3.9023
1976.000       3.5241
1977.000       3.3582
1978.000       3.4984
1979.000       3.0773
1980.000       3.4542
1981.000       3.7237
1984.000       3.8394
1986.000       3.8494
1987.000       3.8288
1989.000       3.5844
1990.000       3.3497
1992.000       3.2011
1993.000       3.3730
1994.000       3.4230
1995.000       3.2861
1998.000       3.6783
1999.000       3.8617
2001.000       3.8452
2002.000       3.5998
2003.000       3.7056
2005.000       3.8348
2007.000       4.1410
2009.000       3.8304
2010.000       3.7019
2011.000       4.0119
2012.000       3.6597
2013.000       3.4640
2014.000       3.5633
2017.000       3.3614
2019.000       3.2892
2020.000       3.0341
2022.000       2.8627
2023.000       2.9203
2025.000       2.7705
2026.000       2.5815
2027.000       2.3938
2028.000       2.3534
2029.000       2.3109
2031.000       2.4080
2032.000       2.3882
2035.000       2.5792
2036.000       2.6496
2037.000       3.1069
2039.000       2.9629
2041.000       3.1018
2043.000       3.1881
2044.000       3.0317
2045.000       3.2491
2046.000       2.9923
2047.000       2.7715
2048.000       2.8340
2051.000       2.6091
2053.000       2.5206
2054.000       2.2858
2056.000       2.1492
2057.000       2.2475
2059.000       2.1857
2061.000       1.9949
2062.000       1.9907
2065.000       1.8942
2066.000       1.9831
2067.000       1.9825
2068.000       2.3936
2070.000       2.2316
2072.000       2.3546
2074.000       2.4992
2075.000       2.4057
2076.000       2.6740
2077.000       2.5164
2078.000       2.1284
2079.000       1.9270
2082.000       1.8324
2084.000       1.7297
2085.000       1.6381
2087.000       1.4893
2088.000       1.4858
2090.000       1.4022
2091.000       1.3302
2092.000       1.2907
2093.000       1.3126
2094.000       1.3261
2096.000       1.4010
2097.000       1.5123
2100.000       1.4464
2101.000       1.3988
2102.000       1.7623
2104.000       1.7176
2106.000       1.8965
2108.000       1.9193
2109.000       1.9405
2110.000       2.1598
2111.000       1.9177
2112.000       1.8260
2113.000       1.9016
2116.000       1.7897
2118.000       1.6797
2119.000       1.5574
2121.000       1.4531
2122.000       1.4986
2124.000       1.4336
2126.000       1.3200
2127.000       1.3084
2130.000       1.2783
2131.000       1.3442
2132.000       1.3521
2133.000       1.7023
2135.000       1.5922
2137.000       1.6915
2139.000       1.8185
2140.000       1.7897
2141.000       1.9779
2142.000       1.8145
2143.000       1.6105
2144.000       1.6161
2147.000       1.4794
2149.000       1.3725
2150.000       1.3032
2152.000       1.2535
2153.000       1.3296
2155.000       1.2689
2156.000       1.1567
2157.000       1.1127
2158.000       1.1522
2159.000       1.0850
2161.000       1.0780
2162.000       1.0939
2165.000       1.1049
2166.000       1.1485
2167.000       1.4704
2169.000       1.3839
2171.000       1.3767
2173.000       1.4576
2174.000       1.5954
2175.000       1.5818
2176.000       1.7164
2177.000       1.6852
2178.000       1.6324
2181.000       1.6900
2183.000       1.8448
2184.000       1.9436
2186.000       2.1072
2187.000       2.4090
2189.000       2.6574
2190.000       2.5798
2191.000       2.9838
2192.000       3.3161
2193.000       3.2096
2195.000       3.0945
2196.000       3.6315
2199.000       2.6235
2200.000       2.3366
2201.000       1.6735
2203.000       1.9951
2205.000       2.2934
2207.000       1.5869
2208.000       1.5684
2209.000       1.6613
2210.000       1.7067
2211.000       1.4083
2212.000       1.3593
2215.000       1.2714
2217.000       1.2226
2218.000       1.1772
2220.000       1.1569
2221.000       1.2114
2223.000       1.2451
2225.000       1.2139
2226.000       1.2964
2227.000       1.1801
2229.000       1.1577
2230.000       1.2144
2231.000       1.3014
2233.000       1.2715
2235.000       1.3539
2237.000       1.3988
2238.000       1.5372
2239.000       1.6336
2240.000       1.6866
2241.000       1.5409
2242.000       1.5683
2245.000       1.6202
2247.000       1.6252
2248.000       1.6345
2250.000       1.5516
2251.000       1.5231
2253.000       1.4829
2254.000       1.4791
2255.000       1.4699
2256.000       1.4641
2257.000       1.5145
2259.000       1.5663
2260.000       1.6378
2263.000       1.5814
2264.000       1.5289
2265.000       1.6799
2267.000       1.7410
2269.000       1.8804
2271.000       1.7856
2272.000       1.8409
2273.000       2.0170
2274.000       1.8335
2275.000       1.8024
2276.000       1.9028
2279.000       1.8495
2281.000       1.7841
2282.000       1.7027
2284.000       1.6134
2285.000       1.5878
2287.000       1.5372
2288.000       1.5274
2289.000       1.5147
2290.000       1.5013
2293.000       1.5586
2294.000       1.6130
2296.000       1.6304
2297.000       1.5796
2298.000       1.8306
2300.000       1.7448
2302.000       2.1057
2304.000       2.1100
2305.000       2.2495
2306.000       2.6263
2307.000       2.3064
2308.000       2.0671
2309.000       2.1763
2312.000       2.0583
2314.000       1.8997
2315.000       1.8639
2317.000       1.7650
2318.000       1.7367
2320.000       1.6718
2321.000       1.6581
2322.000       1.6360
2323.000       1.6127
2326.000       1.6873
2327.000       1.7519
2329.000       1.7761
2330.000       1.7231
2331.000       2.0197
2333.000       1.9449
2335.000       2.1048
2337.000       2.1850
2338.000       2.2590
2339.000       2.4667
2340.000       2.2593
2341.000       2.1862
2342.000       2.2545
2345.000       2.1892
2347.000       2.0987
2348.000       2.0443
2350.000       1.9508
2351.000       1.9485
2353.000       1.8804
2355.000       1.8150
2356.000       1.7862
2357.000       1.8421
2359.000       1.9071
2360.000       1.9699
2361.000       2.1667
2363.000       2.1103
2365.000       2.2049
2367.000       2.2697
2368.000       2.3037
2369.000       2.4550
2370.000       2.3188
2371.000       2.2166
2372.000       2.2499
2375.000       2.1813
2377.000       2.1138
2378.000       2.0575
2380.000       1.9782
2381.000       1.9918
2383.000       1.9333
2385.000       1.8592
2386.000       1.8236
2389.000       1.8628
2390.000       1.9222
2391.000       1.9605
2392.000       2.1622
2394.000       2.1136
2396.000       2.1940
2398.000       2.2488
2399.000       2.2775
2400.000       2.4112
2401.000       2.3004
2402.000       2.2024
2403.000       2.2390
2406.000       2.1870
2408.000       2.1435
2409.000       2.0958
2411.000       2.0287
2412.000       2.0284
2414.000       1.9730
2415.000       1.9344
2416.000       1.8938
2417.000       1.8712
2420.000       1.9092
2421.000       1.9576
2423.000       1.9936
2424.000       1.9764
2425.000       2.1497
2427.000       2.1220
2429.000       2.1992
2431.000       2.2097
2432.000       2.2038
2433.000       2.3455
2434.000       2.1987
2435.000       2.1368
2436.000       2.1785
2439.000       2.1301
2441.000       2.0873
2442.000       2.0253
2444.000       1.9313
2445.000       1.9199
2447.000       1.8634
2449.000       1.8115
2450.000       1.7921
2451.000       1.8360
2453.000       1.8960
2454.000       1.9557
2455.000       2.0650
2457.000       2.0421
2459.000       2.1474
2461.000       2.1261
2462.000       2.0746
2463.000       2.2094
2464.000       2.0902
2465.000       1.9467
2466.000       2.0052
2469.000       1.8879
2471.000       1.8654
2472.000       1.7797
2474.000       1.7407
2475.000       1.7757
2477.000       1.7728
2479.000       1.7336
2480.000       1.7709
2481.000       1.7067
2483.000       1.7084
2484.000       1.7275
2485.000       1.7667
2487.000       1.7264
2489.000       1.7992
2491.000       1.7895
2492.000       1.7160
2493.000       1.8424
2494.000       1.7313
2495.000       1.5955
2496.000       1.6145
2499.000       1.5355
2501.000       1.6011
2502.000       1.5627
2504.000       1.4864
2505.000       1.5000
2507.000       1.4749
2508.000       1.4400
2509.000       1.4622
2510.000       1.5192
2511.000       1.4774
2513.000       1.4728
2514.000       1.5324
2517.000       1.4655
2518.000       1.4449
2519.000       1.3960
2521.000       1.5961
2523.000       1.9848
2525.000       1.4734
2526.000       1.3438
2527.000       1.5119
2528.000       1.3292
2529.000       1.4236
2530.000       1.5956
2533.000       1.5405
2535.000       1.5308
2536.000       1.5517
2538.000       1.4441
2539.000       1.3659
2541.000       1.4153
2543.000       1.5137
2544.000       1.6441
2547.000       1.5578
2548.000       1.5328
2549.000       1.6655
2550.000       1.5153
2552.000       1.6693
2554.000       2.0161
2556.000       1.6618
2557.000       1.7377
2558.000       1.9785
2559.000       1.6931
2560.000       1.7393
2561.000       1.8999
2564.000       1.9306
2566.000       1.8326
2567.000       1.8530
2569.000       1.7114
2570.000       1.6285
2572.000       1.5712
2573.000       1.6342
2574.000       1.7189
2575.000       1.7344
2578.000       1.8787
2579.000       1.9345
2581.000       1.8710
2582.000       1.7200
2583.000       1.9641
2585.000       2.0043
2587.000       2.2476
2589.000       2.1664
2590.000       2.2490
2591.000       2.4838
2592.000       2.1906
2593.000       2.2330
2594.000       2.3918
2597.000       2.4055
2599.000       2.2848
2600.000       2.2685
2602.000       2.0544
2603.000       1.9190
2605.000       1.7326
2607.000       1.6925
2608.000       1.5914
2609.000       1.8747
2611.000       2.0472
2612.000       2.2453
2613.000       2.4068
2615.000       2.4023
2617.000       2.6200
2619.000       2.6040
2620.000       2.6148
2621.000       2.9017
2622.000       2.4315
2623.000       2.5991
2624.000       2.8360
2627.000       2.8376
2629.000       2.7107
2630.000       2.6379
2632.000       2.3565
2633.000       2.1859
2635.000       1.9477
2637.000       1.8892
2638.000       1.7039
2641.000       2.0751
2642.000       2.3043
2643.000       2.5041
2644.000       2.7407
2646.000       2.7422
2648.000       3.0226
2650.000       2.9248
2651.000       2.8519
2652.000       3.1038
2653.000       2.6673
2654.000       2.7851
2655.000       2.9983
2658.000       2.9433
2660.000       2.8268
2661.000       2.6850
2663.000       2.3903
2664.000       2.2712
2666.000       2.0235
2668.000       1.8936
2669.000       1.6874
2672.000       2.0235
2673.000       2.2724
2674.000       2.4255
2675.000       2.7708
2677.000       2.7391
2679.000       3.0073
2681.000       2.9311
2682.000       2.7942
2683.000       3.0686
2684.000       2.6240
2685.000       2.6369
2686.000       2.8261
2689.000       2.7067
2691.000       2.5599
2692.000       2.3423
2694.000       2.0599
2695.000       2.0163
2697.000       1.7956
2698.000       1.6668
2699.000       1.4746
2700.000       1.3889
2701.000       1.4933
2703.000       1.6815
2704.000       1.7602
2707.000       1.8624
2708.000       1.8401
2709.000       2.5194
2711.000       2.4089
2713.000       2.6585
2715.000       2.7184
2716.000       2.6259
2717.000       2.9404
2718.000       2.4877
2719.000       2.4389
2720.000       2.6168
2723.000       2.4785
2725.000       2.2507
2726.000       2.0644
2728.000       1.7769
2729.000       1.7520
2731.000       1.5829
2733.000       1.4255
2734.000       1.3832
2737.000       1.4587
2738.000       1.6343
2739.000       1.7702
2740.000       2.3875
2742.000       2.2464
2744.000       2.5065
2746.000       2.6777
2747.000       2.7199
2748.000       3.0952
2749.000       2.6034
2750.000       2.5706
2751.000       2.7713
2754.000       2.6704
2756.000       2.4195
2757.000       2.2990
2759.000       2.0027
2760.000       1.9206
2762.000       1.7474
2764.000       1.6510
2765.000       1.6266
2766.000       1.7544
2768.000       1.9282
2769.000       2.1162
2770.000       2.6296
2772.000       2.5255
2774.000       2.8167
2776.000       2.9366
2777.000       3.0031
2778.000       3.4258
2779.000       2.8884
2780.000       2.8769
2781.000       3.1439
2784.000       3.0751
2786.000       2.8126
2787.000       2.7387
2789.000       2.4460
2790.000       2.3171
2792.000       2.1212
2794.000       2.0621
2795.000       1.9732
2798.000       2.2079
2799.000       2.3966
2800.000       2.6063
2801.000       3.0679
2803.000       2.9903
2805.000       3.2877
2807.000       3.3822
2808.000       3.4624
2809.000       3.8370
2810.000       3.2978
2811.000       3.3936
2812.000       3.6459
2815.000       3.6037
2817.000       3.3335
2818.000       3.2854
2820.000       2.9905
2821.000       2.8251
2823.000       2.6142
2825.000       2.5824
2826.000       2.4670
2829.000       2.7620
2830.000       2.9609
2831.000       3.1811
2832.000       3.6160
2834.000       3.5472
2836.000       3.8551
2838.000       3.9432
2839.000       4.0462
2840.000       4.4286
2841.000       3.8917
2842.000       4.0062
2843.000       4.2572
2846.000       4.2625
2848.000       3.9941
2849.000       3.9781
2851.000       3.6717
2852.000       3.5040
2854.000       3.3396
2855.000       3.4056
2856.000       3.4269
2857.000       3.3646
2860.000       3.6393
2861.000       3.8143
2863.000       3.8289
2864.000       3.6120
2865.000       4.3297
2867.000       4.2738
2869.000       4.6253
2871.000       4.6556
