   2.000       2.4079
   3.000       2.3008
   6.000       2.1339
   8.000       2.2499
   9.000       2.1438
  11.000       2.1001
  12.000       2.1402
  14.000       2.1231
  16.000       2.0619
  17.000       2.0698
  20.000       2.0851
  21.000       2.1060
  22.000       2.2020
  23.000       1.9326
  25.000       1.9804
  27.000       2.0883
  29.000       1.8777
  30.000       1.7929
  31.000       1.8757
  32.000       1.8451
  33.000       1.7102
  34.000       1.7026
  37.000       1.6703
  39.000       1.7101
  40.000       1.6881
  42.000       1.6519
  43.000       1.7360
  45.000       1.6984
  46.000       1.5850
  47.000       1.5327
  48.000       1.5725
  49.000       1.4754
  51.000       1.4661
  52.000       1.4453
  55.000       1.5056
  56.000       1.5664
  57.000       1.6401
  59.000       1.6760
  61.000       1.7718
  63.000       1.6360
  64.000       1.6452
  65.000       1.7104
  66.000       1.7281
  67.000       1.5977
  68.000       1.6312
  71.000       1.6026
  73.000       1.6046
  74.000       1.5825
  76.000       1.5447
  77.000       1.6132
  79.000       1.5878
  81.000       1.5123
  82.000       1.5299
  85.000       1.4934
  86.000       1.5019
  87.000       1.5373
  88.000       1.5717
  90.000       1.5674
  92.000       1.6316
  94.000       1.5903
  95.000       1.6162
  96.000       1.6953
  97.000       1.6379
  98.000       1.5957
  99.000       1.6573
 102.000       1.6626
 104.000       1.6592
 105.000       1.6305
 107.000       1.5456
 108.000       1.5231
 110.000       1.4820
 112.000       1.4719
 113.000       1.4824
 114.000       1.5070
 116.000       1.5413
 117.000       1.6137
 118.000       1.6093
 120.000       1.6254
 122.000       1.7486
 124.000       1.6761
 125.000       1.6629
 126.000       1.7817
 127.000       1.6625
 128.000       1.6019
 129.000       1.6339
 132.000       1.5802
 134.000       1.5662
 135.000       1.4974
 137.000       1.4560
 138.000       1.4786
 140.000       1.4514
 141.000       1.4123
 142.000       1.4110
 143.000       1.4537
 144.000       1.4095
 146.000       1.3995
 147.000       1.4244
 150.000       1.4052
 151.000       1.4112
 152.000       1.5270
 154.000       1.4914
 156.000       1.5533
 158.000       1.5890
 159.000       1.5802
 160.000       1.7322
 161.000       1.6410
 162.000       1.4358
 163.000       1.4371
 166.000       1.3182
 168.000       1.2792
 169.000       1.1950
 171.000       1.1886
 172.000       1.2703
 174.000       1.2979
 175.000       1.2304
 176.000       1.2736
 177.000       1.3876
 180.000       1.2638
 181.000       1.2138
 183.000       1.1687
 184.000       1.1720
 185.000       1.2491
 187.000       1.1975
 189.000       1.2876
 191.000       1.2922
 192.000       1.3185
 193.000       1.4091
 194.000       1.3820
 195.000       1.2802
 196.000       1.2683
 199.000       1.2562
 201.000       1.2162
 202.000       1.2342
 204.000       1.2457
 205.000       1.2781
 207.000       1.3162
 208.000       1.3009
 209.000       1.3554
 210.000       1.4459
 213.000       1.3648
 214.000       1.3209
 216.000       1.2750
 217.000       1.2624
 218.000       1.3167
 220.000       1.3079
 222.000       1.3625
 224.000       1.4040
 225.000       1.4743
 226.000       1.5407
 227.000       1.5954
 228.000       1.4343
 229.000       1.4533
 232.000       1.4856
 234.000       1.4968
 235.000       1.4979
 237.000       1.4116
 238.000       1.4065
 240.000       1.3820
 242.000       1.3535
 243.000       1.3720
 244.000       1.3926
 246.000       1.4250
 247.000       1.5308
 248.000       1.5341
 250.000       1.5911
 252.000       1.7437
 254.000       1.6388
 255.000       1.7323
 256.000       1.9192
 257.000       1.7521
 258.000       1.7232
 259.000       1.8508
 262.000       1.8753
 264.000       1.7696
 265.000       1.7785
 267.000       1.6515
 268.000       1.5968
 270.000       1.5509
 272.000       1.5447
 273.000       1.5585
 274.000       1.6108
 276.000       1.6715
 277.000       1.8007
 278.000       1.9206
 280.000       1.9297
 282.000       2.1262
 284.000       2.1076
 285.000       2.2345
 286.000       2.4513
 287.000       2.2034
 288.000       2.2468
 289.000       2.3807
 292.000       2.3911
 294.000       2.2217
 295.000       2.2244
 297.000       2.0739
 298.000       2.0059
 300.000       1.9211
 302.000       1.9026
 303.000       1.8766
 306.000       1.9659
 307.000       2.0544
 308.000       2.1619
 309.000       2.4728
 311.000       2.4306
 313.000       2.6061
 315.000       2.6993
 316.000       2.8505
 317.000       3.1034
 318.000       2.7933
 319.000       2.8446
 320.000       2.9716
 323.000       2.9685
 325.000       2.7720
 326.000       2.7655
 328.000       2.6005
 329.000       2.5275
 331.000       2.4148
 333.000       2.3870
 334.000       2.3341
 337.000       2.4617
 338.000       2.5637
 339.000       2.6643
 340.000       3.0553
 342.000       3.0005
 344.000       3.1734
 346.000       3.2988
 347.000       3.4569
 348.000       3.7132
 349.000       3.3999
 350.000       3.4405
 351.000       3.5757
 354.000       3.5601
 356.000       3.3502
 357.000       3.3340
 359.000       3.1661
 360.000       3.0926
 362.000       2.9685
 364.000       2.9305
 365.000       2.8614
 368.000       3.0123
 369.000       3.1231
 370.000       3.2221
 371.000       3.6512
 373.000       3.5742
 375.000       3.7402
 377.000       3.9151
 378.000       4.0776
 379.000       4.3662
 380.000       4.0152
 381.000       4.0521
 382.000       4.1937
 385.000       4.1637
 387.000       3.8957
 388.000       3.9064
 390.000       3.7346
 391.000       3.6752
 393.000       3.5957
 395.000       3.5811
 396.000       3.5835
 397.000       3.6439
 399.000       3.7188
 400.000       3.8296
 401.000       4.2997
 403.000       4.2130
 405.000       4.4017
 407.000       4.6068
 408.000       5.1088
 409.000       5.6463
 410.000       5.2057
 411.000       5.1008
 412.000       4.9701
 415.000       5.1857
 417.000       5.6661
 418.000       6.0083
 420.000       6.4375
 421.000       6.4286
 423.000       6.9798
 424.000       7.4004
 425.000       8.1702
 426.000       8.6288
 427.000       8.4840
 429.000       8.1147
 430.000       8.5491
 433.000       7.4120
 434.000       7.0728
 435.000       5.1523
 437.000       5.8313
 439.000       6.0208
 441.000       5.0011
 442.000       4.7665
 443.000       4.9260
 444.000       4.5427
 445.000       4.9667
 446.000       5.3087
 449.000       5.6535
 451.000       5.9466
 452.000       6.1016
 454.000       5.9657
 455.000       5.5753
 457.000       5.7522
 458.000       6.2625
 459.000       6.7660
 460.000       6.8912
 463.000       7.2708
 464.000       7.3122
 466.000       6.9308
 467.000       6.3867
 468.000       5.4390
 470.000       5.9051
 472.000       6.3722
 474.000       5.4331
 475.000       4.9990
 476.000       5.2320
 477.000       4.5971
 478.000       4.9261
 479.000       5.2513
 482.000       5.2212
 484.000       5.3703
 485.000       5.1728
 487.000       4.9148
 488.000       4.6545
 490.000       4.5478
 491.000       4.7711
 492.000       4.9111
 493.000       4.8410
 496.000       5.2276
 497.000       5.3904
 499.000       5.3013
 500.000       4.9872
 501.000       4.7346
 503.000       4.8650
 505.000       5.2068
 507.000       4.7192
 508.000       4.3533
 509.000       4.8069
 510.000       4.3495
 511.000       3.8083
 512.000       3.7745
 515.000       3.7182
 517.000       3.7684
 518.000       3.6187
 520.000       3.4498
 521.000       3.4112
 523.000       3.2743
 524.000       3.2180
 525.000       3.1107
 526.000       3.0343
 527.000       3.1424
 529.000       3.2607
 530.000       3.3126
 533.000       3.3589
 534.000       3.3312
 535.000       3.4763
 537.000       3.4965
 539.000       3.6827
 541.000       3.4755
 542.000       3.2587
 543.000       3.3932
 544.000       3.1396
 545.000       3.1281
 546.000       3.2437
 549.000       3.1490
 551.000       3.1735
 552.000       3.0163
 554.000       2.8618
 555.000       2.8382
 557.000       2.7053
 558.000       2.6376
 559.000       2.5231
 560.000       2.4444
 561.000       2.5536
 563.000       2.6755
 564.000       2.7366
 567.000       2.7709
 568.000       2.7461
 569.000       2.9055
 571.000       2.8967
 573.000       3.0522
 575.000       2.9071
 576.000       2.7148
 577.000       2.8436
 578.000       2.6382
 579.000       2.5758
 580.000       2.6712
 583.000       2.5872
 585.000       2.5930
 586.000       2.4646
 588.000       2.3174
 589.000       2.2949
 591.000       2.1804
 592.000       2.1166
 593.000       2.0166
 594.000       1.9510
 595.000       2.0466
 597.000       2.1656
 598.000       2.2314
 601.000       2.2504
 602.000       2.2147
 603.000       2.3936
 605.000       2.3911
 607.000       2.5577
 609.000       2.4330
 610.000       2.3196
 611.000       2.4728
 612.000       2.2588
 613.000       2.2127
 614.000       2.3229
 617.000       2.2623
 619.000       2.2244
 620.000       2.1094
 622.000       1.9635
 623.000       1.9337
 625.000       1.8317
 626.000       1.7733
 627.000       1.6907
 628.000       1.6461
 631.000       1.7066
 632.000       1.8108
 634.000       1.8974
 635.000       1.8626
 636.000       2.1253
 638.000       2.0979
 640.000       2.2622
 642.000       2.2125
 643.000       2.1388
 644.000       2.3268
 645.000       2.0510
 646.000       2.0539
 647.000       2.1597
 650.000       2.0662
 652.000       1.9957
 653.000       1.8677
 655.000       1.7241
 656.000       1.6943
 658.000       1.5786
 659.000       1.5210
 660.000       1.4399
 661.000       1.3988
 664.000       1.4566
 665.000       1.5485
 667.000       1.6340
 668.000       1.6141
 669.000       1.9419
 671.000       1.8746
 673.000       2.0082
 675.000       2.0299
 676.000       1.9821
 677.000       2.1508
 678.000       1.9845
 679.000       1.8290
 680.000       1.8655
 683.000       1.7212
 685.000       1.6551
 686.000       1.5248
 688.000       1.4474
 689.000       1.5001
 691.000       1.4221
 692.000       1.3120
 693.000       1.2350
 694.000       1.2359
 697.000       1.2096
 698.000       1.2397
 700.000       1.3009
 701.000       1.3348
 702.000       1.6208
 704.000       1.5231
 706.000       1.5862
 708.000       1.6920
 709.000       1.6706
 710.000       1.8231
 711.000       1.7225
 712.000       1.5149
 713.000       1.5110
 716.000       1.3798
 718.000       1.3024
 719.000       1.2101
 721.000       1.1649
 722.000       1.2481
 724.000       1.2269
 726.000       1.1177
 727.000       1.1293
 730.000       1.0618
 731.000       1.0882
 732.000       1.1120
 733.000       1.3454
 735.000       1.2509
 737.000       1.2980
 739.000       1.4406
 740.000       1.4923
 741.000       1.6650
 742.000       1.5327
 743.000       1.3989
 744.000       1.4402
 747.000       1.3873
 749.000       1.3134
 750.000       1.2747
 752.000       1.2120
 753.000       1.2311
 755.000       1.2035
 756.000       1.1606
 757.000       1.1638
 758.000       1.2069
 759.000       1.1807
 761.000       1.2004
 762.000       1.2704
 765.000       1.2027
 766.000       1.1751
 767.000       1.3701
 769.000       1.3309
 771.000       1.4257
 773.000       1.4762
 774.000       1.5088
 775.000       1.6729
 776.000       1.5056
 777.000       1.4507
 778.000       1.5197
 781.000       1.4289
 783.000       1.3646
 784.000       1.2986
 786.000       1.2159
 787.000       1.2047
 789.000       1.1707
 790.000       1.1492
 791.000       1.1528
 792.000       1.1798
 793.000       1.1862
 795.000       1.2194
 796.000       1.2990
 799.000       1.2274
 800.000       1.1831
 801.000       1.3559
 803.000       1.3197
 805.000       1.4399
 807.000       1.4497
 808.000       1.4508
 809.000       1.6205
 810.000       1.4570
 811.000       1.3575
 812.000       1.4011
 815.000       1.3391
 817.000       1.3006
 818.000       1.2463
 820.000       1.1936
 821.000       1.1970
 823.000       1.1868
 824.000       1.1684
 825.000       1.1951
 826.000       1.2468
 827.000       1.2211
 829.000       1.2250
 830.000       1.2939
 833.000       1.2116
 834.000       1.1761
 835.000       1.2842
 837.000       1.2639
 839.000       1.3676
 841.000       1.3523
 842.000       1.3728
 843.000       1.5500
 844.000       1.3932
 845.000       1.3180
 846.000       1.3753
 849.000       1.3461
 851.000       1.3209
 852.000       1.2916
 854.000       1.2283
 855.000       1.1998
 857.000       1.1887
 858.000       1.2049
 859.000       1.2517
 860.000       1.2928
 861.000       1.3149
 863.000       1.3370
 864.000       1.4398
 867.000       1.3064
 868.000       1.2320
 869.000       1.3001
 871.000       1.3069
 873.000       1.4283
 875.000       1.3735
 876.000       1.3613
 877.000       1.4807
 878.000       1.3795
 879.000       1.3122
 880.000       1.3684
 883.000       1.3612
 885.000       1.3299
 886.000       1.3265
 888.000       1.2566
 889.000       1.2331
 891.000       1.2180
 892.000       1.2372
 893.000       1.2979
 894.000       1.3447
 895.000       1.3721
 897.000       1.3925
 898.000       1.5199
 901.000       1.3444
 902.000       1.2630
 903.000       1.3562
 905.000       1.3744
 907.000       1.5071
 909.000       1.4547
 910.000       1.5528
 911.000       1.6291
 912.000       1.6524
 913.000       1.6805
 914.000       1.6662
 917.000       1.7603
 919.000       1.7713
 920.000       1.8961
 922.000       1.8905
 923.000       1.7954
 925.000       1.9266
 926.000       2.1021
 927.000       2.3522
 928.000       2.4824
 931.000       2.5360
 932.000       2.4951
 934.000       2.2929
 935.000       2.0859
 936.000       1.8415
 938.000       1.9925
 940.000       2.1846
 942.000       1.9453
 943.000       2.0104
 944.000       2.1781
 945.000       1.9647
 946.000       2.0849
 947.000       2.2565
 950.000       2.3692
 952.000       2.3441
 953.000       2.4295
 955.000       2.3240
 956.000       2.1473
 958.000       2.1170
 960.000       2.2791
 961.000       2.3281
 964.000       2.4528
 965.000       2.4747
 966.000       2.6837
 967.000       2.3822
 969.000       2.5103
 971.000       2.7446
 973.000       2.5078
 974.000       2.5071
 975.000       2.6972
 976.000       2.4176
 977.000       2.5097
 978.000       2.6749
 981.000       2.6934
 983.000       2.6112
 984.000       2.5789
 986.000       2.3905
 987.000       2.2731
 989.000       2.1484
 991.000       2.1417
 992.000       2.0716
 995.000       2.2621
 996.000       2.3897
 997.000       2.5539
 998.000       2.6557
1000.000       2.6714
1002.000       2.9047
1004.000       2.8193
1005.000       2.8260
1006.000       3.0524
1007.000       2.7712
1008.000       2.7385
1009.000       2.8709
1012.000       2.7856
1014.000       2.6278
1015.000       2.5104
1017.000       2.3385
1018.000       2.3366
1020.000       2.2364
1022.000       2.1275
1023.000       2.0818
1026.000       2.1141
1027.000       2.2232
1028.000       2.2604
1029.000       2.7509
1031.000       2.6432
1033.000       2.8027
1035.000       2.9525
1036.000       3.0330
1037.000       3.3130
1038.000       2.9974
1039.000       2.9394
1040.000       3.0685
1043.000       3.0019
1045.000       2.7724
1046.000       2.7219
1048.000       2.5814
1049.000       2.5660
1051.000       2.5367
1052.000       2.5213
1053.000       2.5790
1054.000       2.6662
1057.000       2.6435
1058.000       2.6493
1060.000       2.6192
1061.000       2.5454
1062.000       3.0674
1064.000       2.9634
1066.000       3.1427
1068.000       3.3666
1069.000       3.5636
1070.000       3.9244
1071.000       3.4868
1072.000       3.6239
1073.000       3.8685
1076.000       3.9999
1078.000       3.7523
1079.000       3.9440
1081.000       3.7906
1082.000       3.5789
1084.000       3.6363
1085.000       3.8909
1086.000       4.1902
1087.000       4.2839
1090.000       4.5273
1091.000       4.5840
1093.000       4.3558
1094.000       3.9933
1095.000       4.2238
1097.000       4.3068
1099.000       4.6330
1101.000       4.5963
1102.000       4.8228
1103.000       5.2363
1104.000       4.6282
1105.000       5.0042
1106.000       5.4017
1109.000       5.6579
1111.000       5.4131
1112.000       5.6087
1114.000       5.2864
1115.000       4.8723
1117.000       4.7378
1119.000       5.0285
1120.000       5.0792
1121.000       5.4219
1123.000       5.5706
1124.000       6.0489
1125.000       5.8521
1127.000       5.8858
1129.000       6.4342
1131.000       6.3501
1134.000       2.6767
1135.000       2.7579
1138.000       2.6734
1140.000       2.6647
1141.000       2.5449
1143.000       2.4245
1144.000       2.4292
1146.000       2.3346
1147.000       2.2605
1148.000       2.1711
1149.000       2.1433
1150.000       2.1483
1152.000       2.2064
1153.000       2.2003
1156.000       2.2971
1157.000       2.3170
1158.000       2.5227
1160.000       2.4926
1162.000       2.6159
1164.000       2.5729
1165.000       2.4995
1166.000       2.6318
1167.000       2.5127
1168.000       2.3384
1169.000       2.3336
1172.000       2.1977
1174.000       2.1766
1175.000       2.0543
1177.000       2.0253
1178.000       2.0940
1180.000       2.0558
1181.000       1.9576
1182.000       1.9046
1183.000       1.9276
1184.000       1.8538
1186.000       1.8468
1187.000       1.8194
1190.000       1.8862
1191.000       1.9425
1192.000       2.0865
1194.000       1.9965
1196.000       2.0093
1198.000       2.1022
1199.000       2.0595
1200.000       2.1461
1201.000       2.1135
1202.000       1.9275
1203.000       1.8922
1206.000       1.8022
1208.000       1.7867
1209.000       1.7225
1211.000       1.7102
1212.000       1.7587
1214.000       1.7463
1215.000       1.6882
1216.000       1.6726
1217.000       1.7031
1218.000       1.6573
1220.000       1.6539
1221.000       1.6765
1224.000       1.6575
1225.000       1.6732
1226.000       1.7603
1228.000       1.7036
1230.000       1.7268
1232.000       1.7913
1233.000       1.8081
1234.000       1.8875
1235.000       1.8998
1236.000       1.7100
1237.000       1.6796
1240.000       1.6304
1242.000       1.6439
1243.000       1.6176
1245.000       1.5884
1246.000       1.5973
1248.000       1.5811
1249.000       1.5573
1250.000       1.5540
1251.000       1.5694
1252.000       1.5708
1254.000       1.5924
1255.000       1.6491
1258.000       1.5928
1259.000       1.5691
1260.000       1.5933
1262.000       1.6109
1264.000       1.6792
1266.000       1.5940
1267.000       1.5746
1268.000       1.5968
1269.000       1.6343
1270.000       1.5560
1271.000       1.5671
1274.000       1.5833
1276.000       1.6212
1277.000       1.6083
1279.000       1.5620
1280.000       1.5273
1282.000       1.5089
1284.000       1.5203
1285.000       1.5431
1286.000       1.5732
1288.000       1.5977
1289.000       1.7024
1290.000       1.5696
1292.000       1.6123
1294.000       1.6952
1296.000       1.5956
1297.000       1.5762
1298.000       1.6455
1299.000       1.6119
1300.000       1.5129
1301.000       1.5112
1304.000       1.4459
1306.000       1.4583
1307.000       1.3860
1309.000       1.3737
1310.000       1.4103
1312.000       1.4045
1313.000       1.3544
1314.000       1.3528
1315.000       1.4082
1316.000       1.3276
1318.000       1.3113
1319.000       1.3222
1322.000       1.3219
1323.000       1.3371
1324.000       1.3920
1326.000       1.3591
1328.000       1.3791
1330.000       1.4096
1331.000       1.4019
1332.000       1.5006
1333.000       1.4411
1334.000       1.3522
1335.000       1.3571
1338.000       1.3276
1340.000       1.3664
1341.000       1.3115
1343.000       1.3264
1344.000       1.4018
1346.000       1.4467
1347.000       1.3886
1348.000       1.4280
1349.000       1.5310
1352.000       1.4073
1353.000       1.3537
1355.000       1.3105
1356.000       1.3239
1357.000       1.2832
1359.000       1.2787
1361.000       1.3099
1363.000       1.3035
1364.000       1.2929
1365.000       1.3701
1366.000       1.3184
1367.000       1.2642
1368.000       1.2791
1371.000       1.2496
1373.000       1.2405
1374.000       1.2299
1376.000       1.2478
1377.000       1.2558
1379.000       1.3051
1380.000       1.3263
1381.000       1.4060
1382.000       1.4911
1385.000       1.4427
1386.000       1.4006
1388.000       1.3319
1389.000       1.2943
1390.000       1.2532
1392.000       1.2510
1394.000       1.2914
1396.000       1.3400
1397.000       1.3795
1398.000       1.4557
1399.000       1.7270
1400.000       1.4202
1401.000       1.4132
1404.000       1.4016
1406.000       1.3724
1407.000       1.3614
1409.000       1.3034
1410.000       1.2995
1412.000       1.3039
1414.000       1.3039
1415.000       1.3544
1416.000       1.3166
1418.000       1.3193
1419.000       1.3938
1420.000       1.4237
1422.000       1.4368
1424.000       1.5526
1426.000       1.5265
1427.000       1.6029
1428.000       1.7531
1429.000       1.5959
1430.000       1.6175
1431.000       1.7129
1434.000       1.7316
1436.000       1.6411
1437.000       1.6539
1439.000       1.5676
1440.000       1.5191
1442.000       1.4901
1444.000       1.5040
1445.000       1.5263
1448.000       1.5542
1449.000       1.5881
1450.000       1.6863
1451.000       1.7795
1453.000       1.7753
1455.000       1.9097
1457.000       1.9304
1458.000       2.0310
1459.000       2.2218
1460.000       1.9939
1461.000       2.0433
1462.000       2.1637
1465.000       2.1622
1467.000       2.0430
1468.000       2.0419
1470.000       1.9314
1471.000       1.8669
1473.000       1.8039
1475.000       1.8126
1476.000       1.7994
1479.000       1.8772
1480.000       1.9362
1481.000       2.0300
1482.000       2.2032
1484.000       2.1843
1486.000       2.3344
1488.000       2.3765
1489.000       2.4829
1490.000       2.6944
1491.000       2.4416
1492.000       2.4672
1493.000       2.5769
1496.000       2.5567
1498.000       2.4116
1499.000       2.4021
1501.000       2.2822
1502.000       2.2295
1504.000       2.1501
1506.000       2.1351
1507.000       2.1060
1510.000       2.1927
1511.000       2.2629
1512.000       2.3456
1513.000       2.6113
1515.000       2.5686
1517.000       2.7046
1519.000       2.7990
1520.000       2.9125
1521.000       3.1297
1522.000       2.8758
1523.000       2.8946
1524.000       3.0015
1527.000       2.9876
1529.000       2.8425
1530.000       2.8349
1532.000       2.7104
1533.000       2.6539
1535.000       2.5702
1536.000       2.5787
1537.000       2.5603
1538.000       2.5178
1541.000       2.6341
1542.000       2.7143
1544.000       2.7410
1545.000       2.6677
1546.000       3.0531
1548.000       3.0116
1550.000       3.1627
1552.000       3.2520
1553.000       3.3833
1554.000       3.6071
1555.000       3.3503
1556.000       3.3666
1557.000       3.4863
1560.000       3.4799
1562.000       3.2995
1563.000       3.2976
1565.000       3.1398
1566.000       3.0710
1568.000       2.9594
1570.000       2.9240
1571.000       2.8608
1574.000       2.9991
1575.000       3.1068
1576.000       3.2147
1577.000       3.5617
1579.000       3.5069
1581.000       3.6738
1583.000       3.7982
1584.000       3.9367
1585.000       4.2012
1586.000       3.8643
1587.000       3.9132
1588.000       4.0631
1591.000       4.0399
1593.000       3.8313
1594.000       3.7909
1596.000       3.5932
1597.000       3.5250
1599.000       3.4088
1600.000       3.3950
1601.000       3.3400
1602.000       3.2888
1603.000       3.3997
1605.000       3.4992
1606.000       3.5731
1609.000       3.5589
1610.000       3.5022
1611.000       4.0942
1613.000       4.0138
1615.000       4.1999
1617.000       4.3484
1618.000       4.5361
1619.000       4.8400
1620.000       4.5432
1621.000       4.5200
1622.000       4.5296
1625.000       4.6789
1627.000       5.0848
1628.000       5.1582
1630.000       5.5485
1631.000       5.5695
1633.000       6.0582
1635.000       6.5732
1636.000       7.1084
1637.000       6.5080
1639.000       6.0199
1640.000       6.1052
1641.000       4.4531
1643.000       4.7931
1645.000       4.7716
1647.000       4.2901
1648.000       4.0512
1649.000       4.1005
1650.000       3.9486
1651.000       4.0270
1652.000       4.1324
1655.000       4.2104
1657.000       4.4117
1658.000       4.4023
1660.000       4.3753
1661.000       4.2020
1663.000       4.2988
1664.000       4.5750
1665.000       4.8863
1666.000       4.9704
1669.000       5.1901
1670.000       5.1719
1672.000       4.9031
1673.000       4.6152
1674.000       4.0035
1676.000       4.1976
1678.000       4.3646
1680.000       3.9087
1681.000       3.6808
1682.000       3.6754
1683.000       3.5017
1684.000       3.7821
1685.000       3.9336
1688.000       4.0805
1690.000       4.2326
1691.000       4.2695
1693.000       4.1719
1694.000       3.9325
1696.000       3.9373
1697.000       4.2343
1698.000       4.4881
1699.000       4.4529
1702.000       4.8556
1703.000       4.9432
1705.000       4.7238
1706.000       4.3786
1707.000       3.9394
1709.000       4.1583
1711.000       4.3806
1713.000       3.9240
1714.000       3.6941
1715.000       3.8371
1716.000       3.5978
1717.000       3.6020
1718.000       3.7287
1721.000       3.6975
1723.000       3.7075
1724.000       3.5714
1726.000       3.3869
1727.000       3.3186
1729.000       3.1741
1730.000       3.1428
1731.000       3.0352
1732.000       2.9418
1733.000       3.0914
1735.000       3.2349
1736.000       3.3061
1739.000       3.3343
1740.000       3.2790
1741.000       3.4932
1743.000       3.5075
1745.000       3.7048
1747.000       3.5445
1748.000       3.3831
1749.000       3.5505
1750.000       3.2579
1751.000       3.2692
1752.000       3.4011
1755.000       3.3085
1757.000       3.2678
1758.000       3.1216
1760.000       2.9624
1761.000       2.9362
1763.000       2.8161
1765.000       2.7108
1766.000       2.6370
1767.000       2.7536
1769.000       2.8761
1770.000       2.9431
1771.000       3.1184
1773.000       3.0764
1775.000       3.2387
1777.000       3.1892
1778.000       3.0677
1779.000       3.2339
1780.000       2.9911
1781.000       2.9279
1782.000       3.0140
1785.000       2.9069
1787.000       2.8637
1788.000       2.7263
1790.000       2.5883
1791.000       2.5687
1793.000       2.4480
1794.000       2.3840
1795.000       2.2780
1796.000       2.2099
1797.000       2.2938
1799.000       2.3972
1800.000       2.4387
1803.000       2.4899
1804.000       2.4760
1805.000       2.7508
1807.000       2.6910
1809.000       2.8057
1811.000       2.8084
1812.000       2.7031
1813.000       2.8552
1814.000       2.6522
1815.000       2.5663
1816.000       2.6311
1819.000       2.5264
1821.000       2.4822
1822.000       2.3578
1824.000       2.2377
1825.000       2.2240
1827.000       2.1215
1828.000       2.0579
1829.000       1.9650
1830.000       1.9086
1831.000       1.9783
1833.000       2.0697
1834.000       2.1098
1837.000       2.1503
1838.000       2.1373
1839.000       2.3857
1841.000       2.3292
1843.000       2.4449
1845.000       2.4515
1846.000       2.3814
1847.000       2.5435
1848.000       2.3256
1849.000       2.2703
1850.000       2.3084
1853.000       2.2268
1855.000       2.1729
1856.000       2.0598
1858.000       1.9371
1859.000       1.9286
1861.000       1.8303
1862.000       1.7587
1863.000       1.6649
1864.000       1.6212
1865.000       1.6659
1867.000       1.7523
1868.000       1.7860
1871.000       1.8395
1872.000       1.8321
1873.000       2.1156
1875.000       2.0614
1877.000       2.1824
1879.000       2.1897
1880.000       2.1331
1881.000       2.2793
1882.000       2.1529
1883.000       1.9752
1884.000       1.9958
1887.000       1.8543
1889.000       1.7839
1890.000       1.6529
1892.000       1.5873
1893.000       1.6578
1895.000       1.6342
1897.000       1.5344
1898.000       1.5518
1899.000       1.4660
1901.000       1.4894
1902.000       1.4657
1903.000       1.7596
1905.000       1.6300
1907.000       1.6676
1909.000       1.8385
1910.000       1.7984
1911.000       1.9928
1912.000       1.7911
1913.000       1.6407
1914.000       1.7054
1917.000       1.5745
1919.000       1.5221
1920.000       1.4099
1922.000       1.3271
1923.000       1.3552
1925.000       1.3011
1926.000       1.2283
1927.000       1.2028
1928.000       1.2388
1931.000       1.2133
1932.000       1.2404
1934.000       1.2657
1935.000       1.2529
1936.000       1.4560
1938.000       1.4061
1940.000       1.5067
1942.000       1.5028
1943.000       1.4897
1944.000       1.5789
1945.000       1.5607
1946.000       1.4037
1947.000       1.3827
1950.000       1.3022
1952.000       1.2850
1953.000       1.2376
1955.000       1.2406
1956.000       1.2967
1958.000       1.2933
1959.000       1.2368
1960.000       1.2361
1961.000       1.2748
1962.000       1.2295
1964.000       1.2194
1965.000       1.2566
1968.000       1.2097
1969.000       1.2152
1970.000       1.2748
1972.000       1.2296
1974.000       1.2499
1976.000       1.3155
1977.000       1.3282
1978.000       1.4411
1979.000       1.3925
1980.000       1.2298
1981.000       1.2256
1984.000       1.1886
1986.000       1.1866
1987.000       1.1885
1989.000       1.1439
1990.000       1.1350
1992.000       1.1279
1993.000       1.1199
1994.000       1.1337
1995.000       1.1523
1996.000       1.1738
1998.000       1.2090
1999.000       1.2927
2002.000       1.2010
2003.000       1.1433
2004.000       1.1776
2006.000       1.2070
2008.000       1.3263
2010.000       1.2585
2011.000       1.3046
2012.000       1.4896
2013.000       1.3110
2014.000       1.2800
2015.000       1.3962
2018.000       1.4122
2020.000       1.3631
2021.000       1.3548
2023.000       1.2113
2024.000       1.1375
2026.000       1.0672
2027.000       1.0869
2028.000       1.0856
2029.000       1.0839
2030.000       1.1531
2032.000       1.2290
2033.000       1.3279
2036.000       1.2595
2037.000       1.1761
2038.000       1.3945
2040.000       1.4243
2042.000       1.6061
2044.000       1.5051
2045.000       1.5303
2046.000       1.7128
2047.000       1.4650
2048.000       1.5290
2049.000       1.7037
2052.000       1.6676
2054.000       1.5837
2055.000       1.4699
2057.000       1.2706
2058.000       1.2295
2060.000       1.1094
2062.000       1.0616
2063.000       1.0521
2066.000       1.1244
2067.000       1.2132
2068.000       1.3198
2069.000       1.5689
2071.000       1.5117
2073.000       1.6748
2075.000       1.6983
2076.000       1.7058
2077.000       1.8833
2078.000       1.7146
2079.000       1.5931
2080.000       1.6448
2083.000       1.5193
2085.000       1.3892
2086.000       1.3292
2088.000       1.2918
2089.000       1.3124
2091.000       1.3173
2093.000       1.3265
2094.000       1.4002
2095.000       1.3312
2097.000       1.3064
2098.000       1.3562
2099.000       1.5479
2101.000       1.4222
2103.000       1.4793
2105.000       1.7777
2106.000       1.7239
2107.000       1.7542
2108.000       2.0289
2109.000       1.6184
2110.000       1.7696
2113.000       1.7458
2115.000       1.7966
2116.000       1.8041
2118.000       1.8116
2119.000       1.7986
2121.000       1.8808
2122.000       1.9446
2123.000       2.0825
2124.000       2.1778
2127.000       2.1708
2128.000       2.1283
2130.000       2.0086
2131.000       1.9102
2132.000       1.7412
2134.000       1.7961
2136.000       2.0368
2138.000       1.8099
2139.000       1.9976
2140.000       2.2989
2141.000       2.1976
2142.000       1.9402
2143.000       1.9925
2146.000       2.0544
2148.000       2.3678
2149.000       2.6484
2151.000       3.0734
2152.000       3.3906
2154.000       3.8625
2155.000       3.9023
2156.000       4.4759
2157.000       4.9798
2158.000       4.5802
2160.000       4.2060
2161.000       4.5692
2164.000       3.6232
2165.000       3.4663
2166.000       2.2138
2168.000       2.6261
2170.000       3.0017
2172.000       2.2127
2173.000       2.3699
2174.000       2.7504
2175.000       2.5861
2176.000       2.2942
2177.000       2.5497
2180.000       2.8307
2182.000       3.0858
2183.000       3.0614
2185.000       3.2760
2186.000       3.2769
2188.000       3.8356
2190.000       4.3674
2191.000       5.0144
2192.000       4.2778
2194.000       3.8057
2195.000       4.0613
2196.000       2.7144
2198.000       2.6854
2200.000       3.0624
2202.000       3.2155
2203.000       3.4754
2204.000       3.3760
2205.000       4.0784
2206.000       3.4426
2207.000       3.4607
2210.000       3.4230
2212.000       3.3906
2213.000       3.3077
2215.000       3.1365
2216.000       3.0764
2218.000       2.9583
2220.000       2.9060
2221.000       2.8406
2224.000       2.9859
2225.000       3.0989
2226.000       3.2169
2227.000       3.2651
2229.000       3.2761
2231.000       3.4873
2233.000       3.3668
2234.000       3.2683
2235.000       3.4665
2236.000       3.1436
2237.000       3.1811
2238.000       3.2439
2241.000       3.2015
2243.000       3.1687
2244.000       3.0756
2246.000       2.9064
2247.000       2.8354
2249.000       2.7129
2251.000       2.6579
2252.000       2.5898
2253.000       2.7472
2255.000       2.8680
2256.000       2.9746
2257.000       3.0481
2259.000       3.0503
2261.000       3.2432
2263.000       3.1319
2264.000       3.0152
2265.000       3.2015
2266.000       2.9039
2267.000       2.9142
2268.000       3.0491
2271.000       2.9884
2273.000       2.9458
2274.000       2.8451
2276.000       2.6713
2277.000       2.6029
2279.000       2.4787
2281.000       2.4224
2282.000       2.3409
2285.000       2.5015
2286.000       2.6247
2287.000       2.7368
2288.000       2.8285
2290.000       2.8223
2292.000       3.0206
2294.000       2.9109
2295.000       2.8155
2296.000       3.0055
2297.000       2.7358
2298.000       2.7020
2299.000       2.8186
2302.000       2.7518
2304.000       2.7002
2305.000       2.5943
2307.000       2.4256
2308.000       2.3727
2310.000       2.2497
2312.000       2.1692
2313.000       2.0923
2314.000       2.2400
2316.000       2.3667
2317.000       2.4654
2318.000       2.6132
2320.000       2.5876
2322.000       2.7784
2324.000       2.7141
2325.000       2.6466
2326.000       2.8434
2327.000       2.5862
2328.000       2.5264
2329.000       2.6378
2332.000       2.5435
2334.000       2.4687
2335.000       2.3446
2337.000       2.1827
2338.000       2.1516
2340.000       2.0348
2342.000       1.9440
2343.000       1.8848
2344.000       1.9956
2346.000       2.1111
2347.000       2.1967
2348.000       2.4137
2350.000       2.3475
2352.000       2.4983
2354.000       2.5262
2355.000       2.4744
2356.000       2.6894
2357.000       2.4092
2358.000       2.3426
2359.000       2.4424
2362.000       2.3224
2364.000       2.2211
2365.000       2.0847
2367.000       1.9347
2368.000       1.9230
2370.000       1.8213
2372.000       1.7197
2373.000       1.6720
2374.000       1.7452
2376.000       1.8517
2377.000       1.9216
2378.000       2.2175
2380.000       2.1243
2382.000       2.2491
2384.000       2.3428
2385.000       2.3354
2386.000       2.5558
2387.000       2.3211
2388.000       2.1860
2389.000       2.2398
2392.000       2.1260
2394.000       2.0155
2395.000       1.9281
2397.000       1.8130
2398.000       1.8030
2400.000       1.7208
2402.000       1.6449
2403.000       1.6051
2406.000       1.6725
2407.000       1.7584
2408.000       1.8342
2409.000       2.0820
2411.000       2.0068
2413.000       2.1258
2415.000       2.2148
2416.000       2.1914
2417.000       2.4427
2418.000       2.1569
2419.000       2.0304
2420.000       2.1572
2423.000       2.0018
2425.000       1.8465
2426.000       1.6613
2428.000       1.4630
2429.000       1.5049
2431.000       1.3929
2432.000       1.2525
2433.000       1.2127
2434.000       1.2764
2435.000       1.2599
2437.000       1.3354
2438.000       1.5169
2441.000       1.3660
2442.000       1.3137
2443.000       1.8667
2445.000       1.7413
2447.000       1.9476
2449.000       2.0540
2450.000       2.0339
2451.000       2.3150
2452.000       1.9958
2453.000       1.8479
2454.000       1.9475
2457.000       1.8015
2459.000       1.6404
2460.000       1.5175
2462.000       1.3636
2463.000       1.3580
2465.000       1.2493
2466.000       1.1649
2467.000       1.0815
2468.000       1.0596
2469.000       1.1096
2471.000       1.2079
2472.000       1.2942
2475.000       1.2802
2476.000       1.2495
2477.000       1.7104
2479.000       1.6025
2481.000       1.7822
2483.000       1.8759
2484.000       1.8741
2485.000       2.0747
2486.000       1.8787
2487.000       1.7358
2488.000       1.7860
2491.000       1.6810
2493.000       1.5726
2494.000       1.4817
2496.000       1.3713
2497.000       1.3772
2499.000       1.3050
2501.000       1.2112
2502.000       1.1714
2505.000       1.2179
2506.000       1.3023
2507.000       1.3649
2508.000       1.6282
2510.000       1.5420
2512.000       1.6490
2514.000       1.7532
2515.000       1.7677
2516.000       1.9528
2517.000       1.7753
2518.000       1.6411
2519.000       1.6770
2522.000       1.5618
2524.000       1.4763
2525.000       1.3830
2527.000       1.3301
2528.000       1.3362
2530.000       1.3006
2532.000       1.2450
2533.000       1.2352
2536.000       1.2486
2537.000       1.2961
2538.000       1.3501
2539.000       1.4872
2541.000       1.3620
2543.000       1.4584
2545.000       1.6030
2546.000       1.6355
2547.000       1.7585
2548.000       1.6499
2549.000       1.5837
2550.000       1.5806
2553.000       1.5237
2555.000       1.5149
2556.000       1.4499
2558.000       1.4223
2559.000       1.4461
2561.000       1.4275
2563.000       1.3802
2564.000       1.3818
2567.000       1.3684
2568.000       1.3909
2569.000       1.4107
2570.000       1.4760
2572.000       1.4403
2574.000       1.4750
2576.000       1.5019
2577.000       1.4993
2578.000       1.5578
2579.000       1.5648
2580.000       1.4246
2581.000       1.3881
2584.000       1.3198
2586.000       1.2969
2587.000       1.2631
2589.000       1.2920
2590.000       1.3693
2592.000       1.3985
2593.000       1.3384
2594.000       1.3658
2595.000       1.4482
2596.000       1.3282
2598.000       1.2692
2599.000       1.2791
2602.000       1.2438
2603.000       1.2775
2604.000       1.3292
2606.000       1.2811
2608.000       1.2718
2610.000       1.3740
2611.000       1.4548
2612.000       1.5660
2613.000       1.5249
2614.000       1.4527
2615.000       1.4486
2618.000       1.4882
2620.000       1.4800
2621.000       1.5156
2623.000       1.4517
2624.000       1.3867
2626.000       1.3697
2627.000       1.4288
2628.000       1.4787
2629.000       1.4697
2632.000       1.5759
2633.000       1.6239
2635.000       1.5875
2636.000       1.4839
2637.000       1.5083
2639.000       1.5777
2641.000       1.7168
2643.000       1.5912
2644.000       1.6023
2645.000       1.7467
2646.000       1.5796
2647.000       1.6172
2648.000       1.7296
2651.000       1.7402
2653.000       1.7141
2654.000       1.6893
2656.000       1.5942
2657.000       1.5450
2659.000       1.5008
2660.000       1.5184
2661.000       1.5247
2662.000       1.5087
2665.000       1.5903
2666.000       1.6482
2668.000       1.6521
2669.000       1.5799
2670.000       1.7128
2672.000       1.7366
2674.000       1.8812
2676.000       1.8080
2677.000       1.8217
2678.000       1.9794
2679.000       1.7952
2680.000       1.7911
2681.000       1.8849
2684.000       1.8677
2686.000       1.7940
2687.000       1.7605
2689.000       1.6798
2690.000       1.6663
2692.000       1.6282
2694.000       1.5952
2695.000       1.5968
2698.000       1.6115
2699.000       1.6566
2700.000       1.7134
2701.000       1.8587
2703.000       1.8403
2705.000       1.9763
2707.000       1.9790
2708.000       2.0350
2709.000       2.1911
2710.000       2.0336
2711.000       1.9869
2712.000       2.0361
2715.000       1.9823
2717.000       1.8946
2718.000       1.8405
2720.000       1.7749
2721.000       1.7918
2723.000       1.7570
2725.000       1.7068
2726.000       1.7103
2729.000       1.6961
2730.000       1.7267
2731.000       1.7464
2732.000       1.9917
2734.000       1.9272
2736.000       2.0105
2738.000       2.1105
2739.000       2.1808
2740.000       2.3486
2741.000       2.2042
2742.000       2.0981
2743.000       2.1368
2746.000       2.0510
2748.000       1.9457
2749.000       1.9100
2751.000       1.8731
2752.000       1.9011
2754.000       1.8846
2756.000       1.8505
2757.000       1.8673
2760.000       1.8342
2761.000       1.8372
2762.000       1.8395
2763.000       2.0852
2765.000       2.0044
2767.000       2.0418
2769.000       2.1972
2770.000       2.3241
2771.000       2.4523
2772.000       2.3903
2773.000       2.2913
2774.000       2.2730
2777.000       2.2561
2779.000       2.1747
2780.000       2.2428
2782.000       2.2072
2783.000       2.2359
2785.000       2.2194
2786.000       2.1710
2787.000       2.1655
2788.000       2.1985
2789.000       2.1590
2791.000       2.1576
2792.000       2.1853
2795.000       2.1631
2796.000       2.1670
2797.000       2.3868
2799.000       2.3827
2801.000       2.5057
2803.000       2.4379
2804.000       2.5001
2805.000       2.5075
2806.000       2.7163
2807.000       2.4607
2808.000       2.3612
2811.000       2.3769
2813.000       2.3890
2814.000       2.5133
2816.000       2.6249
2817.000       2.6666
2819.000       2.8596
2821.000       3.0235
2822.000       3.2634
2823.000       2.9863
2825.000       2.8025
2826.000       2.8875
2827.000       2.5092
2829.000       2.5875
2831.000       2.7440
2833.000       2.5708
2834.000       2.6223
2835.000       2.7250
2836.000       2.7810
2837.000       2.4800
2838.000       2.2932
2841.000       2.1562
2843.000       2.1420
2844.000       2.0116
2846.000       1.9825
2847.000       1.9873
2849.000       1.9962
2851.000       2.0011
2852.000       2.0334
2855.000       2.0075
2856.000       1.9953
2857.000       2.0270
2858.000       2.0551
2860.000       1.9558
2862.000       1.9373
2864.000       2.0663
2865.000       2.0166
2866.000       2.1335
2867.000       2.0231
2868.000       1.8953
2869.000       1.9127
2872.000       1.8286
2874.000       1.7958
2875.000       1.7689
2877.000       1.7502
2878.000       1.7879
2880.000       1.7853
2881.000       1.7383
2882.000       1.7452
2883.000       1.7842
2886.000       1.7583
2887.000       1.7651
2889.000       1.7522
2890.000       1.7307
2891.000       1.7865
2893.000       1.8028
2895.000       1.9104
2897.000       1.7846
2898.000       1.8027
2899.000       1.8364
2900.000       1.9057
2901.000       1.7922
2902.000       1.7396
2905.000       1.8012
2907.000       1.9209
2908.000       1.8975
2910.000       1.8276
2911.000       1.8400
2913.000       1.8397
2914.000       1.8128
2915.000       1.8415
2916.000       1.8870
2917.000       1.8857
2919.000       1.9141
2920.000       2.0273
2923.000       1.8872
2924.000       1.8245
2925.000       1.7288
2927.000       1.8376
2929.000       1.9949
2931.000       1.7614
2932.000       1.6312
2933.000       1.8611
2934.000       1.6266
2935.000       1.6852
2936.000       1.8746
2939.000       1.8193
2941.000       1.8437
2942.000       1.7952
2944.000       1.6843
2945.000       1.6220
2947.000       1.6099
2949.000       1.6565
2950.000       1.7406
2953.000       1.7106
2954.000       1.7291
2955.000       1.8556
2956.000       1.7028
2958.000       1.7840
2960.000       2.0173
2962.000       1.7708
2963.000       1.8633
2964.000       2.2611
2965.000       1.9690
2966.000       1.7631
2967.000       1.7199
2970.000       1.6847
2972.000       1.6341
2973.000       1.5674
2975.000       1.4713
2976.000       1.4055
2978.000       1.3414
2980.000       1.3525
2981.000       1.3495
2982.000       1.4548
2984.000       1.5158
2985.000       1.6735
2986.000       1.6230
2988.000       1.5944
2990.000       1.7233
2992.000       1.7389
2993.000       1.7530
2994.000       1.8989
2995.000       1.6432
2996.000       1.8344
2997.000       2.0236
3000.000       2.0947
3002.000       2.0375
3003.000       2.0791
3005.000       1.9395
3006.000       1.7869
3008.000       1.7624
3009.000       1.9066
3010.000       2.0284
3011.000       2.0297
3014.000       2.2198
3015.000       2.2939
3017.000       2.2161
3018.000       2.0122
3019.000       2.0773
3021.000       2.1653
3023.000       2.3970
3025.000       2.2206
3026.000       2.2083
3027.000       2.4229
3028.000       2.0825
3029.000       2.1885
3030.000       2.3353
3033.000       2.3133
3035.000       2.2258
3036.000       2.1485
3038.000       1.9700
3039.000       1.8712
3041.000       1.7371
3042.000       1.7530
3043.000       1.7003
3044.000       1.5998
3047.000       1.8051
3048.000       1.9400
3050.000       1.9981
3051.000       1.9000
3052.000       2.2394
3054.000       2.2138
3056.000       2.3890
3058.000       2.3658
3059.000       2.3265
3060.000       2.5148
3061.000       2.3140
3062.000       2.1714
3063.000       2.2239
3066.000       2.0843
3068.000       1.9872
3069.000       1.8453
3071.000       1.7366
3072.000       1.7895
3074.000       1.7165
3076.000       1.5725
3077.000       1.5296
3080.000       1.5249
3081.000       1.6108
3082.000       1.6100
3083.000       1.9857
3085.000       1.8710
3087.000       1.9600
3089.000       2.0812
3090.000       2.0632
3091.000       2.2233
3092.000       2.0637
3093.000       1.9359
3094.000       1.9619
3097.000       1.8379
3099.000       1.7490
3100.000       1.6322
3102.000       1.5471
3103.000       1.6074
3105.000       1.5631
3107.000       1.4456
3108.000       1.4340
3111.000       1.3920
3112.000       1.4459
3113.000       1.4438
3114.000       1.7641
3116.000       1.6616
3118.000       1.7347
3120.000       1.8572
3121.000       1.8648
3122.000       2.0373
3123.000       1.9137
3124.000       1.7036
3125.000       1.7118
3128.000       1.5838
3130.000       1.4882
3131.000       1.3917
3133.000       1.3370
3134.000       1.4165
3136.000       1.4251
3138.000       1.3525
3139.000       1.4180
3140.000       1.2704
3142.000       1.2657
3143.000       1.2578
3144.000       1.5449
3146.000       1.4487
3148.000       1.5270
3150.000       1.6504
3151.000       1.6947
3152.000       1.8693
3153.000       1.7356
3154.000       1.5891
3155.000       1.6334
3158.000       1.5414
3160.000       1.4914
3161.000       1.4142
3163.000       1.3454
3164.000       1.3871
3166.000       1.3630
3168.000       1.2978
3169.000       1.3253
3172.000       1.2796
3173.000       1.3016
3174.000       1.3368
3175.000       1.4798
3177.000       1.4423
3179.000       1.5436
3181.000       1.5501
3182.000       1.5234
3183.000       1.6919
3184.000       1.5664
3185.000       1.3849
3186.000       1.3765
3189.000       1.2994
3191.000       1.2318
3192.000       1.1598
3194.000       1.0746
3195.000       1.0951
3197.000       1.0412
3198.000       0.9802
3199.000       0.9585
3200.000       0.9976
3201.000       0.9547
3203.000       0.9710
3204.000       1.0123
3207.000       1.0052
3208.000       1.0030
3209.000       1.2656
3211.000       1.2244
3213.000       1.3365
3215.000       1.3502
3216.000       1.3659
3217.000       1.5017
3218.000       1.4051
3219.000       1.2768
3220.000       1.3008
3223.000       1.2523
3225.000       1.1762
3226.000       1.1597
3228.000       1.1171
3229.000       1.1589
3231.000       1.1401
3233.000       1.1019
3234.000       1.1536
3235.000       1.0939
3237.000       1.0939
3238.000       1.1459
3239.000       1.2924
3241.000       1.2317
3243.000       1.2929
3245.000       1.4036
3246.000       1.5633
3247.000       1.6499
3248.000       1.7178
3249.000       1.5473
3250.000       1.5637
3253.000       1.5777
3255.000       1.5357
3256.000       1.5738
3258.000       1.5190
3259.000       1.4722
3261.000       1.4584
3262.000       1.5018
3263.000       1.5389
3264.000       1.5297
3267.000       1.6181
3268.000       1.6583
3270.000       1.6300
3271.000       1.5447
3272.000       1.6452
3274.000       1.6726
3276.000       1.7714
3278.000       1.7587
3279.000       1.8530
3280.000       2.0245
3281.000       1.8535
3282.000       1.8444
3283.000       1.9212
3286.000       1.9008
3288.000       1.8147
3289.000       1.7797
3291.000       1.6910
3292.000       1.6767
3294.000       1.6194
3295.000       1.5864
3296.000       1.5454
3297.000       1.5242
3300.000       1.5607
3301.000       1.6184
3303.000       1.6629
3304.000       1.6362
3305.000       1.9163
3307.000       1.8708
3309.000       1.9662
3311.000       2.0483
3312.000       2.0722
3313.000       2.2599
3314.000       2.0333
3315.000       2.0108
3316.000       2.1274
3319.000       2.0412
3321.000       1.9615
3322.000       1.8616
3324.000       1.7622
3325.000       1.7740
3327.000       1.7065
3328.000       1.6299
3329.000       1.5574
3330.000       1.5516
3331.000       1.5334
3333.000       1.5825
3334.000       1.5992
3337.000       1.6559
3338.000       1.6687
3339.000       1.9588
3341.000       1.8897
3343.000       2.0007
3345.000       2.0468
3346.000       1.9956
3347.000       2.1471
3348.000       2.0312
3349.000       1.8345
3350.000       1.8547
3353.000       1.7259
3355.000       1.6454
3356.000       1.5404
3358.000       1.5037
3359.000       1.5791
3361.000       1.5820
3363.000       1.5156
3364.000       1.5684
3367.000       1.4638
3368.000       1.4523
3369.000       1.4606
3370.000       1.6680
3372.000       1.5728
3374.000       1.6670
3376.000       1.7558
3377.000       1.8272
3378.000       1.9168
3379.000       1.8797
3380.000       1.8611
3381.000       1.8159
3384.000       1.8933
3386.000       1.8794
3387.000       1.9031
3389.000       1.8810
3390.000       1.9221
3392.000       1.9273
3393.000       1.8969
3394.000       1.9355
3395.000       1.9895
3396.000       1.9590
3398.000       1.9341
3399.000       1.9973
3402.000       1.8875
3403.000       1.8716
3404.000       2.0096
3406.000       2.0104
3408.000       2.1594
3410.000       2.1398
3411.000       1.9814
3412.000       2.0703
3413.000       2.1040
3414.000       1.9201
3415.000       1.9455
3418.000       1.9156
3420.000       1.9757
3421.000       1.8904
3423.000       1.8841
3424.000       1.9595
3426.000       2.0374
3428.000       2.0325
3429.000       2.1479
3430.000       1.9648
3432.000       1.9007
3433.000       1.9349
3434.000       1.8165
3436.000       1.8005
3438.000       1.8792
3440.000       1.8939
3441.000       1.9567
3442.000       2.1280
3443.000       2.0807
3444.000       1.8310
3445.000       1.7559
3448.000       1.7071
3450.000       1.6252
3451.000       1.5935
3453.000       1.6941
3454.000       1.7816
3456.000       1.9115
3457.000       1.9150
3458.000       2.0812
3459.000       2.2548
3460.000       2.0807
3462.000       1.9354
3463.000       1.9920
3466.000       1.7855
3467.000       1.7800
3468.000       1.8872
3470.000       1.5946
3472.000       1.5788
3474.000       2.2230
3475.000       2.6484
3476.000       3.1260
3477.000       3.1171
3478.000       2.4135
3479.000       1.9942
3482.000       1.8682
3484.000       1.8307
3485.000       1.7231
3487.000       1.6041
3488.000       1.5940
3490.000       1.4942
3491.000       1.4540
3492.000       1.4200
3493.000       1.3940
3494.000       1.4926
3496.000       1.5694
3497.000       1.6782
3500.000       1.5890
3501.000       1.5309
3502.000       1.8051
3504.000       1.7430
3506.000       1.8613
3508.000       1.9274
3509.000       1.9887
3510.000       2.1810
3511.000       2.0445
3512.000       1.8857
3513.000       1.9421
3516.000       1.8963
3518.000       1.7876
3519.000       1.7579
3521.000       1.6532
3522.000       1.6179
3524.000       1.5675
3525.000       1.5657
3526.000       1.5730
3527.000       1.5662
3530.000       1.6463
3531.000       1.7087
3533.000       1.7078
3534.000       1.6289
3535.000       1.9302
3537.000       1.8869
3539.000       2.0218
3541.000       2.1031
3542.000       2.2173
3543.000       2.4409
3544.000       2.2145
3545.000       2.1760
3546.000       2.2731
3549.000       2.2563
3551.000       2.1127
3552.000       2.1022
3554.000       1.9665
3555.000       1.9030
3557.000       1.8296
3558.000       1.8411
3559.000       1.8311
3560.000       1.7978
3563.000       1.9085
3564.000       1.9934
3566.000       2.0128
3567.000       1.9298
3568.000       2.3139
3570.000       2.2777
3572.000       2.4337
3574.000       2.5157
3575.000       2.6285
3576.000       2.8699
3577.000       2.5828
3578.000       2.5877
3579.000       2.7118
3582.000       2.6745
3584.000       2.4915
3585.000       2.4610
3587.000       2.3055
3588.000       2.2368
3590.000       2.1368
3591.000       2.1354
3592.000       2.0999
3593.000       2.0444
3596.000       2.1741
3597.000       2.2758
3599.000       2.3206
3600.000       2.2432
3601.000       2.7249
3603.000       2.6527
3605.000       2.8118
3607.000       2.9482
3608.000       3.0711
3609.000       3.3373
3610.000       3.0220
3611.000       3.0165
3612.000       3.1338
3615.000       3.0876
3617.000       2.9035
3618.000       2.8570
3620.000       2.6894
3621.000       2.6092
3623.000       2.4851
3624.000       2.4844
3625.000       2.4206
3626.000       2.3428
3627.000       2.5020
3629.000       2.6287
3630.000       2.7299
3633.000       2.6951
3634.000       2.6153
3635.000       3.1286
3637.000       3.0430
3639.000       3.1899
3641.000       3.3558
3642.000       3.4627
3643.000       3.7337
3644.000       3.3870
3645.000       3.3997
3646.000       3.5081
3649.000       3.4358
3651.000       3.2278
3652.000       3.1644
3654.000       2.9989
3655.000       2.9488
3657.000       2.8265
3658.000       2.7941
3659.000       2.7184
3660.000       2.6414
3663.000       2.7663
3664.000       2.8808
3666.000       2.9572
3667.000       2.9042
3668.000       3.4795
3670.000       3.3636
3672.000       3.5005
3674.000       3.7195
3675.000       3.8418
3676.000       4.1262
3677.000       3.7813
3678.000       3.7639
3679.000       3.8816
3682.000       3.7994
3684.000       3.5572
3685.000       3.4945
3687.000       3.3239
3688.000       3.2799
3690.000       3.1532
3691.000       3.1078
3692.000       3.0133
3693.000       2.9419
3694.000       3.0560
3696.000       3.1777
3697.000       3.2539
3700.000       3.2656
3701.000       3.2202
3702.000       3.8703
3704.000       3.7308
3706.000       3.8701
3708.000       4.1437
3709.000       4.3243
3710.000       4.6227
3711.000       4.3008
3712.000       4.2409
3713.000       4.3338
3716.000       4.2578
3718.000       4.0004
3719.000       3.9795
3721.000       3.8262
3722.000       3.8152
3724.000       3.7304
3725.000       3.6718
3726.000       3.6245
3727.000       3.6313
3728.000       3.6391
3730.000       3.6988
3731.000       3.7671
3734.000       3.7511
3735.000       3.7289
3736.000       4.3823
3738.000       4.2686
3740.000       4.4471
3742.000       4.6557
