   2.000       3.8883
   3.000       3.9795
   6.000       3.9462
   8.000       4.0373
   9.000       3.9297
  11.000       3.7707
  12.000       3.7155
  14.000       3.6074
  15.000       3.5947
  16.000       3.5423
  17.000       3.4813
  18.000       3.6223
  20.000       3.7338
  21.000       3.8451
  24.000       3.7802
  25.000       3.7052
  26.000       3.6991
  28.000       3.7887
  30.000       4.0054
  32.000       3.7005
  33.000       3.4882
  34.000       3.6385
  35.000       3.3317
  36.000       3.4135
  37.000       3.5890
  40.000       3.5645
  42.000       3.5793
  43.000       3.4687
  45.000       3.2741
  46.000       3.1756
  48.000       3.0380
  49.000       3.0385
  50.000       2.9588
  51.000       2.8594
  52.000       3.0545
  54.000       3.2112
  55.000       3.3287
  58.000       3.2887
  59.000       3.1904
  60.000       3.3614
  62.000       3.3997
  64.000       3.6329
  66.000       3.4255
  67.000       3.2822
  68.000       3.4745
  69.000       3.1274
  70.000       3.2043
  71.000       3.3588
  74.000       3.3010
  76.000       3.2478
  77.000       3.1050
  79.000       2.8729
  80.000       2.7775
  82.000       2.5978
  83.000       2.5654
  84.000       2.4347
  85.000       2.3094
  86.000       2.5047
  88.000       2.6873
  89.000       2.7739
  92.000       2.8093
  93.000       2.7402
  94.000       3.1249
  96.000       3.0936
  98.000       3.3200
 100.000       3.2531
 101.000       3.1418
 102.000       3.3969
 103.000       3.0041
 104.000       2.9937
 105.000       3.1528
 108.000       3.0283
 110.000       2.9238
 111.000       2.7304
 113.000       2.4974
 114.000       2.4523
 116.000       2.2621
 117.000       2.1715
 118.000       2.0157
 119.000       1.9038
 122.000       2.0381
 123.000       2.1986
 125.000       2.3464
 126.000       2.3232
 127.000       2.8458
 129.000       2.7356
 131.000       2.9289
 133.000       2.9956
 134.000       2.8978
 135.000       3.1787
 136.000       2.8045
 137.000       2.6736
 138.000       2.7813
 141.000       2.5861
 143.000       2.4569
 144.000       2.2394
 146.000       2.0392
 147.000       2.0347
 149.000       1.8680
 150.000       1.7531
 151.000       1.6250
 152.000       1.5619
 155.000       1.6483
 156.000       1.7706
 158.000       1.8821
 159.000       1.8666
 160.000       2.4067
 162.000       2.2444
 164.000       2.3880
 166.000       2.5524
 167.000       2.5041
 168.000       2.7555
 169.000       2.4878
 170.000       2.2702
 171.000       2.3321
 174.000       2.1230
 176.000       1.9981
 177.000       1.8033
 179.000       1.6625
 180.000       1.7136
 182.000       1.5833
 183.000       1.4271
 184.000       1.2728
 185.000       1.2293
 186.000       1.2324
 188.000       1.3193
 189.000       1.3415
 192.000       1.4410
 193.000       1.4893
 194.000       2.0036
 196.000       1.8372
 198.000       1.9284
 200.000       2.1361
 201.000       2.1554
 202.000       2.3768
 203.000       2.2074
 204.000       1.9548
 205.000       1.9316
 208.000       1.7689
 210.000       1.6638
 211.000       1.5542
 213.000       1.5012
 214.000       1.5905
 216.000       1.5529
 217.000       1.4248
 218.000       1.3832
 219.000       1.4367
 222.000       1.3651
 223.000       1.3755
 225.000       1.3920
 226.000       1.4093
 227.000       1.7186
 229.000       1.6077
 231.000       1.6722
 233.000       1.8119
 234.000       1.8521
 235.000       1.9999
 236.000       1.9696
 237.000       1.6972
 238.000       1.6738
 241.000       1.5778
 243.000       1.5024
 244.000       1.4650
 246.000       1.4135
 247.000       1.4694
 249.000       1.4771
 251.000       1.4062
 252.000       1.4500
 253.000       1.3747
 255.000       1.3988
 256.000       1.4984
 257.000       1.6104
 259.000       1.5791
 261.000       1.6531
 263.000       1.6981
 264.000       1.7649
 265.000       1.9063
 266.000       1.8415
 267.000       1.6718
 268.000       1.6738
 271.000       1.6265
 273.000       1.5734
 274.000       1.5399
 276.000       1.5031
 277.000       1.5397
 279.000       1.5354
 280.000       1.4886
 281.000       1.5004
 282.000       1.5480
 285.000       1.5131
 286.000       1.5143
 288.000       1.4981
 289.000       1.4785
 290.000       1.6530
 292.000       1.6141
 294.000       1.6923
 296.000       1.7788
 297.000       1.8497
 298.000       2.0331
 299.000       2.0202
 300.000       1.6616
 301.000       1.7204
 304.000       1.6368
 306.000       1.5450
 307.000       1.4990
 309.000       1.4672
 310.000       1.4872
 312.000       1.4680
 314.000       1.4292
 315.000       1.4442
 316.000       1.4168
 318.000       1.4342
 319.000       1.4521
 320.000       1.5922
 322.000       1.5305
 324.000       1.5507
 326.000       1.6419
 327.000       1.7269
 328.000       1.8349
 329.000       1.7988
 330.000       1.6981
 331.000       1.7037
 334.000       1.5740
 336.000       1.5931
 337.000       1.5555
 339.000       1.5169
 340.000       1.5793
 342.000       1.5585
 343.000       1.4683
 344.000       1.4255
 345.000       1.4583
 348.000       1.3846
 349.000       1.3937
 351.000       1.4267
 352.000       1.4558
 353.000       1.5173
 355.000       1.5356
 357.000       1.6239
 359.000       1.5630
 360.000       1.5590
 361.000       1.6978
 362.000       1.6565
 363.000       1.4459
 364.000       1.4197
 367.000       1.3622
 369.000       1.3794
 370.000       1.3753
 372.000       1.4308
 373.000       1.4941
 375.000       1.5623
 376.000       1.5451
 377.000       1.6228
 378.000       1.7232
 381.000       1.6372
 382.000       1.5695
 384.000       1.4862
 385.000       1.4741
 386.000       1.3427
 388.000       1.3451
 390.000       1.3538
 392.000       1.3488
 393.000       1.3619
 394.000       1.4348
 395.000       1.4760
 396.000       1.3620
 397.000       1.4078
 400.000       1.4223
 402.000       1.4279
 403.000       1.4103
 405.000       1.3552
 406.000       1.3537
 408.000       1.3369
 410.000       1.3103
 411.000       1.3170
 412.000       1.3395
 414.000       1.3638
 415.000       1.4309
 416.000       1.3939
 418.000       1.4249
 420.000       1.5349
 422.000       1.4526
 423.000       1.4641
 424.000       1.5715
 425.000       1.4639
 426.000       1.4580
 427.000       1.5112
 430.000       1.5042
 432.000       1.4874
 433.000       1.4607
 435.000       1.3910
 436.000       1.3683
 438.000       1.3300
 440.000       1.3124
 441.000       1.3027
 444.000       1.3441
 445.000       1.3850
 446.000       1.4506
 447.000       1.4789
 449.000       1.4869
 451.000       1.5870
 453.000       1.5405
 454.000       1.5553
 455.000       1.6878
 456.000       1.5522
 457.000       1.5127
 458.000       1.5761
 461.000       1.5509
 463.000       1.5191
 464.000       1.4718
 466.000       1.3870
 467.000       1.3749
 469.000       1.3255
 471.000       1.2871
 472.000       1.2746
 475.000       1.3017
 476.000       1.3520
 477.000       1.3969
 478.000       1.5171
 480.000       1.5001
 482.000       1.6101
 484.000       1.6030
 485.000       1.6239
 486.000       1.7747
 487.000       1.6417
 488.000       1.5545
 489.000       1.6009
 492.000       1.5350
 494.000       1.4690
 495.000       1.4051
 497.000       1.3396
 498.000       1.3625
 500.000       1.3460
 502.000       1.3093
 503.000       1.3492
 504.000       1.2897
 506.000       1.3019
 507.000       1.3214
 508.000       1.5147
 510.000       1.4609
 512.000       1.5433
 514.000       1.6199
 515.000       1.6789
 516.000       1.8689
 517.000       1.7492
 518.000       1.5654
 519.000       1.6033
 522.000       1.5528
 524.000       1.5424
 525.000       1.5426
 527.000       1.5282
 528.000       1.5226
 530.000       1.5689
 531.000       1.6043
 532.000       1.7111
 533.000       1.7894
 536.000       1.7919
 537.000       1.7717
 539.000       1.6753
 540.000       1.5887
 541.000       1.5243
 543.000       1.5457
 545.000       1.6314
 547.000       1.5829
 548.000       1.5792
 549.000       1.7508
 550.000       1.5800
 551.000       1.4948
 552.000       1.5149
 555.000       1.4452
 557.000       1.3961
 558.000       1.3342
 560.000       1.2559
 561.000       1.2640
 563.000       1.2310
 564.000       1.1807
 565.000       1.1642
 566.000       1.1810
 569.000       1.1847
 570.000       1.2294
 572.000       1.2468
 573.000       1.2103
 574.000       1.3988
 576.000       1.3669
 578.000       1.4747
 580.000       1.4917
 581.000       1.5426
 582.000       1.7054
 583.000       1.5908
 584.000       1.4727
 585.000       1.5187
 588.000       1.4722
 590.000       1.3755
 591.000       1.3338
 593.000       1.2689
 594.000       1.2939
 596.000       1.2995
 598.000       1.2749
 599.000       1.3413
 600.000       1.2433
 602.000       1.2451
 603.000       1.2836
 604.000       1.4972
 606.000       1.4483
 608.000       1.5575
 610.000       1.6370
 611.000       1.7105
 612.000       1.9296
 613.000       1.7950
 614.000       1.5600
 615.000       1.5791
 618.000       1.4942
 620.000       1.4358
 621.000       1.4029
 623.000       1.3688
 624.000       1.4012
 626.000       1.4299
 627.000       1.4053
 628.000       1.4718
 629.000       1.5708
 630.000       1.4882
 632.000       1.4563
 633.000       1.5381
 636.000       1.4059
 637.000       1.3725
 638.000       1.4877
 640.000       1.4806
 642.000       1.5873
 644.000       1.5620
 645.000       1.5838
 646.000       1.7507
 647.000       1.6067
 648.000       1.4824
 649.000       1.5787
 652.000       1.4716
 654.000       1.4087
 655.000       1.3165
 657.000       1.2718
 658.000       1.3107
 660.000       1.2957
 661.000       1.2363
 662.000       1.2394
 663.000       1.3037
 666.000       1.2363
 667.000       1.2246
 669.000       1.2229
 670.000       1.2242
 671.000       1.4197
 673.000       1.3374
 675.000       1.3842
 677.000       1.4942
 678.000       1.5376
 679.000       1.6644
 680.000       1.5988
 681.000       1.4607
 682.000       1.4542
 685.000       1.4036
 687.000       1.3426
 688.000       1.3564
 690.000       1.3485
 691.000       1.3875
 693.000       1.4202
 695.000       1.4293
 696.000       1.5150
 697.000       1.3922
 699.000       1.3436
 700.000       1.3444
 701.000       1.4635
 703.000       1.4498
 705.000       1.5611
 707.000       1.5154
 708.000       1.6936
 709.000       1.8255
 710.000       1.8946
 711.000       1.7089
 712.000       1.7009
 715.000       1.6826
 717.000       1.5935
 718.000       1.5650
 720.000       1.4900
 721.000       1.5135
 723.000       1.5427
 724.000       1.5632
 725.000       1.7274
 726.000       1.8831
 729.000       1.8385
 730.000       1.7686
 732.000       1.6176
 733.000       1.5222
 734.000       1.7926
 736.000       1.7427
 738.000       1.9861
 740.000       1.9639
 741.000       2.2666
 742.000       2.4744
 743.000       2.6115
 744.000       2.1560
 745.000       2.1529
 748.000       2.1240
 750.000       2.2998
 751.000       2.2798
 753.000       2.4849
 754.000       2.5608
 756.000       2.7982
 758.000       2.9846
 759.000       3.2536
 760.000       2.9320
 762.000       2.6988
 763.000       2.7698
 764.000       1.9586
 766.000       2.0803
 768.000       2.0914
 770.000       1.9526
 771.000       1.8776
 772.000       1.9906
 773.000       1.9700
 774.000       1.6883
 775.000       1.6648
 778.000       1.5163
 780.000       1.4789
 781.000       1.3628
 783.000       1.3410
 784.000       1.4183
 786.000       1.4006
 787.000       1.3125
 788.000       1.3078
 789.000       1.3687
 790.000       1.2838
 792.000       1.2569
 793.000       1.2786
 796.000       1.2542
 797.000       1.2828
 798.000       1.4374
 800.000       1.3363
 802.000       1.3527
 804.000       1.4971
 805.000       1.5220
 806.000       1.6445
 807.000       1.6146
 808.000       1.3916
 809.000       1.3711
 812.000       1.3048
 814.000       1.2696
 815.000       1.2223
 817.000       1.1926
 818.000       1.2591
 820.000       1.2561
 821.000       1.1736
 822.000       1.1791
 823.000       1.2476
 824.000       1.1648
 826.000       1.1458
 827.000       1.1895
 830.000       1.1374
 831.000       1.1470
 832.000       1.2965
 834.000       1.2770
 836.000       1.3840
 838.000       1.3792
 839.000       1.4184
 840.000       1.5016
 841.000       1.5767
 842.000       1.3923
 843.000       1.4166
 846.000       1.4131
 848.000       1.4049
 849.000       1.3911
 851.000       1.3086
 852.000       1.2780
 854.000       1.2379
 856.000       1.2235
 857.000       1.2281
 858.000       1.2630
 860.000       1.3114
 861.000       1.3944
 862.000       1.4044
 864.000       1.4407
 866.000       1.5881
 868.000       1.5002
 869.000       1.5337
 870.000       1.7102
 871.000       1.5251
 872.000       1.4862
 873.000       1.6002
 876.000       1.5296
 878.000       1.4595
 879.000       1.3906
 881.000       1.2958
 882.000       1.2884
 884.000       1.2374
 886.000       1.1902
 887.000       1.2000
 888.000       1.2124
 890.000       1.2664
 891.000       1.3428
 892.000       1.4730
 894.000       1.4289
 896.000       1.5486
 898.000       1.5763
 899.000       1.5956
 900.000       1.7702
 901.000       1.6012
 902.000       1.5151
 903.000       1.5853
 906.000       1.4916
 908.000       1.4216
 909.000       1.3765
 911.000       1.3221
 912.000       1.3394
 914.000       1.3335
 916.000       1.3248
 917.000       1.3859
 918.000       1.3291
 920.000       1.3233
 921.000       1.3825
 922.000       1.4660
 924.000       1.4201
 926.000       1.5090
 928.000       1.5654
 929.000       1.6031
 930.000       1.7717
 931.000       1.6321
 932.000       1.5284
 933.000       1.6161
 936.000       1.5365
 938.000       1.4921
 939.000       1.4375
 941.000       1.3706
 942.000       1.3609
 944.000       1.3237
 945.000       1.3094
 946.000       1.3079
 947.000       1.3121
 948.000       1.3418
 950.000       1.3748
 951.000       1.4396
 954.000       1.3798
 955.000       1.3431
 956.000       1.4828
 958.000       1.4563
 960.000       1.5490
 962.000       1.5557
 963.000       1.5732
 964.000       1.7168
 965.000       1.5994
 966.000       1.4970
 967.000       1.5261
 970.000       1.4782
 972.000       1.4218
 973.000       1.3841
 975.000       1.3278
 976.000       1.3178
 978.000       1.2836
 979.000       1.2657
 980.000       1.2530
 981.000       1.2549
 982.000       1.2787
 984.000       1.3169
 985.000       1.3716
 988.000       1.3307
 989.000       1.2994
 990.000       1.4738
 992.000       1.4381
 994.000       1.5173
 996.000       1.5686
 997.000       1.6135
 998.000       1.7647
 999.000       1.6291
1000.000       1.5569
1001.000       1.6046
1004.000       1.5630
1006.000       1.5016
1007.000       1.4697
1009.000       1.4022
1010.000       1.3881
1012.000       1.3399
1013.000       1.3217
1014.000       1.2967
1015.000       1.2851
1016.000       1.3258
1018.000       1.3722
1019.000       1.4224
1022.000       1.3956
1023.000       1.3654
1024.000       1.5546
1026.000       1.5264
1028.000       1.6137
1030.000       1.6506
1031.000       1.6884
1032.000       1.8448
1033.000       1.6963
1034.000       1.6228
1035.000       1.6655
1038.000       1.6056
1040.000       1.5688
1041.000       1.5284
1043.000       1.4714
1044.000       1.4652
1046.000       1.4256
1047.000       1.4042
1048.000       1.3835
1049.000       1.3715
1052.000       1.4027
1053.000       1.4442
1055.000       1.4660
1056.000       1.4390
1057.000       1.5620
1059.000       1.5433
1061.000       1.6180
1063.000       1.6072
1064.000       1.6111
1065.000       1.7248
1066.000       1.6395
1067.000       1.5527
1068.000       1.5836
1071.000       1.5450
1073.000       1.4957
1074.000       1.4676
1076.000       1.4015
1077.000       1.4136
1079.000       1.3744
1080.000       1.3281
1081.000       1.2963
1082.000       1.3125
1083.000       1.2810
1085.000       1.2974
1086.000       1.2992
1089.000       1.3372
1090.000       1.3446
1091.000       1.5469
1093.000       1.5269
1095.000       1.6250
1097.000       1.6436
1098.000       1.7213
1099.000       1.8991
1100.000       1.7455
1101.000       1.6975
1102.000       1.7558
1105.000       1.7174
1107.000       1.6511
1108.000       1.6163
1110.000       1.5352
1111.000       1.5468
1113.000       1.5293
1115.000       1.5003
1116.000       1.5478
1117.000       1.4911
1119.000       1.5047
1120.000       1.5538
1121.000       1.7305
1123.000       1.6829
1125.000       1.7799
1127.000       1.7616
1128.000       1.8352
1129.000       1.9448
1130.000       1.8385
1131.000       1.9335
1132.000       1.9761
1135.000       2.0980
1137.000       2.2605
1138.000       2.5168
1140.000       2.7896
1141.000       2.8175
1143.000       3.1916
1145.000       3.5501
1146.000       3.9511
1147.000       3.5134
1149.000       3.1723
1150.000       3.3199
1151.000       2.1945
1153.000       2.4820
1155.000       2.7879
1157.000       2.3219
1158.000       2.1841
1159.000       2.5444
1160.000       2.0137
1161.000       2.0404
1162.000       2.2234
1165.000       2.1353
1167.000       2.2401
1168.000       2.1741
1170.000       2.0434
1171.000       1.9092
1173.000       1.8566
1175.000       2.0696
1176.000       2.1657
1177.000       2.4134
1179.000       2.3789
1180.000       2.8002
1181.000       1.8770
1183.000       2.0511
1185.000       2.4109
1187.000       1.7450
1188.000       1.6611
1189.000       1.7899
1190.000       1.6968
1191.000       1.6761
1192.000       1.7460
1195.000       1.7743
1197.000       1.8320
1198.000       1.8254
1200.000       1.7834
1201.000       1.7547
1203.000       1.7470
1205.000       1.7992
1206.000       1.8454
1209.000       1.8794
1210.000       1.8612
1211.000       1.9785
1212.000       1.7366
1214.000       1.8198
1216.000       1.9814
1218.000       1.8143
1219.000       1.8840
1220.000       2.0765
1221.000       2.1628
1222.000       1.6440
1223.000       1.6820
1226.000       1.5743
1228.000       1.6417
1229.000       1.8321
1231.000       2.1084
1232.000       2.2040
1234.000       2.6430
1236.000       2.9872
1237.000       3.4434
1238.000       2.8929
1240.000       2.5007
1241.000       2.6424
1242.000       1.5876
1244.000       1.7732
1246.000       1.9292
1248.000       1.5697
1249.000       1.5560
1250.000       1.6965
1251.000       1.6065
1252.000       1.4755
1253.000       1.5113
1256.000       1.4544
1258.000       1.4281
1259.000       1.3768
1261.000       1.3266
1262.000       1.3394
1264.000       1.3305
1265.000       1.3056
1266.000       1.3305
1267.000       1.3791
1270.000       1.3581
1271.000       1.3650
1273.000       1.3477
1274.000       1.3093
1275.000       1.4115
1277.000       1.4053
1279.000       1.5004
1281.000       1.4713
1282.000       1.4790
1283.000       1.6284
1284.000       1.5130
1285.000       1.3968
1286.000       1.4387
1289.000       1.3865
1291.000       1.3462
1292.000       1.3210
1294.000       1.2633
1295.000       1.2931
1297.000       1.2736
1299.000       1.2316
1300.000       1.2614
1303.000       1.2300
1304.000       1.2382
1305.000       1.2803
1306.000       1.3676
1308.000       1.3812
1310.000       1.5533
1312.000       1.4600
1313.000       1.5105
1314.000       1.5833
1315.000       1.7024
1316.000       1.5250
1317.000       1.6256
1320.000       1.5524
1322.000       1.5661
1323.000       1.5246
1325.000       1.4679
1326.000       1.4623
1328.000       1.4366
1330.000       1.4125
1331.000       1.4048
1334.000       1.4340
1335.000       1.4634
1336.000       1.5192
1337.000       1.4916
1339.000       1.5114
1341.000       1.6115
1343.000       1.5251
1344.000       1.5027
1345.000       1.6329
1346.000       1.4981
1347.000       1.4756
1348.000       1.5334
1351.000       1.5276
1353.000       1.5167
1354.000       1.4774
1356.000       1.3905
1357.000       1.3545
1359.000       1.3054
1360.000       1.3092
1361.000       1.3092
1362.000       1.2968
1365.000       1.3621
1366.000       1.4144
1368.000       1.4258
1369.000       1.3658
1370.000       1.4687
1372.000       1.4901
1374.000       1.6221
1376.000       1.5334
1377.000       1.5152
1378.000       1.6582
1379.000       1.4857
1380.000       1.4825
1381.000       1.5671
1384.000       1.5425
1386.000       1.5109
1387.000       1.4654
1389.000       1.3710
1390.000       1.3399
1392.000       1.2834
1393.000       1.2777
1394.000       1.2660
1395.000       1.2466
1398.000       1.3224
1399.000       1.3806
1401.000       1.3936
1402.000       1.3375
1403.000       1.4892
1405.000       1.4914
1407.000       1.6163
1409.000       1.5701
1410.000       1.5729
1411.000       1.7237
1412.000       1.5630
1413.000       1.5354
1414.000       1.6203
1417.000       1.6099
1419.000       1.5731
1420.000       1.5282
1422.000       1.4208
1423.000       1.3743
1425.000       1.3018
1426.000       1.2970
1427.000       1.2638
1428.000       1.2264
1429.000       1.3194
1431.000       1.3977
1432.000       1.4693
1435.000       1.4339
1436.000       1.3759
1437.000       1.5695
1439.000       1.5724
1441.000       1.7075
1443.000       1.6697
1444.000       1.6627
1445.000       1.8316
1446.000       1.6132
1447.000       1.6143
1448.000       1.7251
1451.000       1.6748
1453.000       1.6028
1454.000       1.5333
1456.000       1.4253
1457.000       1.3917
1459.000       1.3185
1460.000       1.2980
1461.000       1.2663
1462.000       1.2390
1465.000       1.3125
1466.000       1.3875
1468.000       1.4230
1469.000       1.3701
1470.000       1.6266
1472.000       1.5833
1474.000       1.7062
1476.000       1.7467
1477.000       1.7641
1478.000       1.9620
1479.000       1.7072
1480.000       1.7435
1481.000       1.7572
1484.000       1.7257
1486.000       1.6372
1487.000       1.5960
1489.000       1.4660
1490.000       1.4215
1492.000       1.3423
1493.000       1.3320
1494.000       1.3096
1495.000       1.2965
1496.000       1.3701
1498.000       1.4511
1499.000       1.5441
1502.000       1.4840
1503.000       1.4159
1504.000       1.7233
1506.000       1.7015
1508.000       1.8674
1510.000       1.8878
1511.000       1.9629
1512.000       2.2066
1513.000       1.9796
1514.000       1.8564
1515.000       1.9200
1518.000       1.8088
1520.000       1.6307
1521.000       1.5338
1523.000       1.4230
1524.000       1.4831
1526.000       1.4288
1528.000       1.3250
1529.000       1.3453
1532.000       1.2801
1533.000       1.3162
1534.000       1.3236
1535.000       1.8395
1537.000       1.6924
1539.000       1.7864
1541.000       2.0453
1542.000       2.1478
1543.000       2.3780
1544.000       2.1972
1545.000       2.0268
1546.000       2.0538
1549.000       1.8973
1551.000       1.7041
1552.000       1.6329
1554.000       1.5401
1555.000       1.6589
1557.000       1.6070
1559.000       1.4497
1560.000       1.4453
1563.000       1.3797
1564.000       1.4121
1565.000       1.4098
1566.000       1.9870
1568.000       1.8242
1570.000       1.9825
1572.000       2.2202
1573.000       2.5112
1574.000       2.7383
1575.000       2.6538
1576.000       2.5115
1577.000       2.4550
1580.000       2.5139
1582.000       2.4806
1583.000       2.6888
1585.000       2.7445
1586.000       2.7147
1588.000       2.8644
1590.000       3.0632
1591.000       3.2771
1592.000       3.0979
1594.000       2.9506
1595.000       3.0935
1596.000       2.7452
1598.000       2.8277
1600.000       3.1342
1602.000       2.9186
1603.000       3.0219
1604.000       3.0454
1605.000       3.3635
1606.000       2.8061
1607.000       2.6994
1610.000       2.5070
1612.000       2.2655
1613.000       2.2273
1615.000       2.1389
1616.000       2.5866
1618.000       2.7489
1620.000       2.4043
1621.000       2.6428
1622.000       1.9880
1624.000       1.8950
1625.000       1.9371
1626.000       2.6696
1628.000       2.7135
1630.000       3.0229
1632.000       2.6914
1633.000       2.7967
1634.000       2.9431
1635.000       2.8755
1636.000       2.7167
1637.000       2.5960
1640.000       2.5312
1642.000       2.4216
1643.000       2.2675
1645.000       2.0770
1646.000       2.0665
1648.000       1.9316
1649.000       1.8305
1650.000       1.7181
1651.000       1.6753
1654.000       1.7322
1655.000       1.8383
1657.000       1.9436
1658.000       1.9287
1659.000       2.4191
1661.000       2.3004
1663.000       2.4684
1665.000       2.6147
1666.000       2.6161
1667.000       2.8959
1668.000       2.5444
1669.000       2.4406
1670.000       2.5064
1673.000       2.3394
1675.000       2.1689
1676.000       2.0129
1678.000       1.8629
1679.000       1.8024
1681.000       1.6861
1682.000       1.6602
1683.000       1.5838
1684.000       1.5078
1687.000       1.6322
1688.000       1.7452
1690.000       1.8259
1691.000       1.7743
1692.000       2.2978
1694.000       2.1127
1696.000       2.0497
1698.000       2.3012
1699.000       2.3843
1700.000       2.6566
1701.000       2.3675
1702.000       2.3430
1703.000       2.1832
1706.000       2.0098
1708.000       1.9610
1709.000       1.7974
1711.000       1.6865
1712.000       1.7007
1714.000       1.5797
1715.000       1.4747
1716.000       1.3523
1717.000       1.2927
1720.000       1.3347
1721.000       1.4208
1723.000       1.5263
1724.000       1.5487
1725.000       1.8768
1727.000       1.7594
1729.000       1.8023
1731.000       1.9201
1732.000       1.8589
1733.000       2.0379
1734.000       1.9505
1735.000       1.6622
1736.000       1.6444
1739.000       1.6109
1741.000       1.5693
1742.000       1.5638
1744.000       1.5162
1745.000       1.5005
1747.000       1.5220
1749.000       1.5447
1750.000       1.6119
1753.000       1.5746
1754.000       1.5687
1755.000       1.6776
1756.000       1.5988
1758.000       1.6233
1760.000       1.7643
1762.000       1.7001
1763.000       1.7235
1764.000       1.9406
1765.000       1.7107
1766.000       1.6393
1767.000       1.7263
1770.000       1.6668
1772.000       1.5967
1773.000       1.5389
1775.000       1.4329
1776.000       1.4117
1778.000       1.3422
1780.000       1.2793
1781.000       1.2563
1782.000       1.3276
1784.000       1.4075
1785.000       1.5036
1786.000       1.6214
1788.000       1.5936
1790.000       1.7294
1792.000       1.7314
1793.000       1.7442
1794.000       1.9134
1795.000       1.7408
1796.000       1.6641
1797.000       1.7494
1800.000       1.6819
1802.000       1.6053
1803.000       1.5487
1805.000       1.4510
1806.000       1.4436
1808.000       1.3695
1810.000       1.2992
1811.000       1.2587
1814.000       1.3290
1815.000       1.4044
1816.000       1.4726
1817.000       1.6504
1819.000       1.6116
1821.000       1.7205
1823.000       1.7472
1824.000       1.7849
1825.000       1.9556
1826.000       1.8044
1827.000       1.7007
1828.000       1.7562
1831.000       1.6938
1833.000       1.6207
1834.000       1.5654
1836.000       1.4807
1837.000       1.4808
1839.000       1.4239
1841.000       1.3643
1842.000       1.3536
1843.000       1.3832
1845.000       1.4420
1846.000       1.5020
1847.000       1.6649
1849.000       1.6266
1851.000       1.7412
1853.000       1.7600
1854.000       1.7906
1855.000       1.9391
1856.000       1.8385
1857.000       1.7033
1858.000       1.7383
1861.000       1.6881
1863.000       1.6180
1864.000       1.5792
1866.000       1.5052
1867.000       1.5147
1869.000       1.4677
1871.000       1.4037
1872.000       1.3934
1873.000       1.4122
1875.000       1.4656
1876.000       1.5185
1877.000       1.6875
1879.000       1.6597
1881.000       1.7546
1883.000       1.7943
1884.000       1.8409
1885.000       2.0128
1886.000       1.8558
1887.000       1.7776
1888.000       1.8346
1891.000       1.7926
1893.000       1.7066
1894.000       1.6802
1896.000       1.5858
1897.000       1.5730
1899.000       1.5157
1900.000       1.4813
1901.000       1.4393
1902.000       1.4220
1903.000       1.4584
1905.000       1.5117
1906.000       1.5527
1909.000       1.5513
1910.000       1.5298
1911.000       1.8089
1913.000       1.7836
1915.000       2.0129
1917.000       1.9835
1918.000       2.0202
1919.000       2.3210
1920.000       2.1438
1921.000       1.9448
1922.000       1.9942
1925.000       1.8603
1927.000       1.8092
1928.000       1.7199
1930.000       1.6406
1931.000       1.6566
1933.000       1.6313
1934.000       1.5844
1935.000       1.5928
1936.000       1.6521
1939.000       1.6130
1940.000       1.6262
1942.000       1.6254
1943.000       1.5955
1944.000       1.7877
1946.000       1.7458
1948.000       1.8685
1950.000       1.8753
1951.000       1.8738
1952.000       2.0640
1953.000       1.9203
1954.000       1.7576
1955.000       1.8458
1958.000       1.7889
1960.000       1.7539
1961.000       1.7466
1963.000       1.7050
1964.000       1.6814
1966.000       1.7499
1968.000       1.8464
1969.000       2.0012
1970.000       1.8672
1972.000       1.8122
1973.000       1.9535
1974.000       1.7110
1976.000       1.7605
1978.000       1.9426
1980.000       1.7693
1981.000       1.7534
1982.000       1.8553
1983.000       1.7963
1984.000       1.6815
1985.000       1.6913
1988.000       1.6451
1990.000       1.6377
1991.000       1.5968
1993.000       1.5670
1994.000       1.5948
1996.000       1.5789
1998.000       1.5412
1999.000       1.5672
2000.000       1.5363
2002.000       1.5477
2003.000       1.5902
2004.000       1.5970
2006.000       1.5937
2008.000       1.6630
2010.000       1.6245
2011.000       1.5778
2012.000       1.6920
2013.000       1.5907
2014.000       1.4965
2015.000       1.5397
2018.000       1.5045
2020.000       1.5139
2021.000       1.4851
2023.000       1.3961
2024.000       1.4067
2026.000       1.3584
2027.000       1.3199
2028.000       1.3128
2029.000       1.3269
2032.000       1.3528
2033.000       1.3869
2035.000       1.3910
2036.000       1.3500
2037.000       1.4273
2039.000       1.4654
2041.000       1.6401
2043.000       1.4729
2044.000       1.4486
2045.000       1.5724
2046.000       1.4173
2047.000       1.4674
2048.000       1.6293
2051.000       1.6907
2053.000       1.6531
2054.000       1.6151
2056.000       1.4217
2057.000       1.3533
2059.000       1.2684
2061.000       1.2747
2062.000       1.3101
2063.000       1.3584
2065.000       1.4241
2066.000       1.5712
2067.000       1.6294
2069.000       1.6694
2071.000       1.9522
2073.000       1.8318
2074.000       1.8318
2075.000       2.1533
2076.000       1.7276
2077.000       1.7136
2078.000       1.8888
2081.000       1.7612
2083.000       1.6086
2084.000       1.4711
2086.000       1.2814
2087.000       1.2633
2089.000       1.1448
2091.000       1.0683
2092.000       1.0585
2095.000       1.1108
2096.000       1.2015
2097.000       1.2947
2098.000       1.7065
2100.000       1.5908
2102.000       1.7632
2104.000       1.9364
2105.000       2.0345
2106.000       2.3447
2107.000       2.0119
2108.000       1.9090
2109.000       1.9951
2112.000       1.9011
2114.000       1.6882
2115.000       1.6476
2117.000       1.4959
2118.000       1.4575
2120.000       1.3901
2122.000       1.3780
2123.000       1.4182
2124.000       1.4491
2126.000       1.5017
2127.000       1.6349
2128.000       1.9726
2130.000       1.8795
2132.000       2.0671
2134.000       2.2472
2135.000       2.4471
2136.000       2.7439
2137.000       2.4543
2138.000       2.3767
2139.000       2.4848
2142.000       2.4321
2144.000       2.2012
2145.000       2.1946
2147.000       2.0368
2148.000       1.9986
2150.000       1.8926
2152.000       1.8257
2153.000       1.7830
2154.000       1.8990
2156.000       2.0016
2157.000       2.1171
2158.000       2.5530
2160.000       2.4570
2162.000       2.6170
2164.000       2.8284
2165.000       3.0417
2166.000       3.3462
2167.000       3.0173
2168.000       3.0011
2169.000       3.1271
2172.000       3.0814
2174.000       2.8178
2175.000       2.8029
2177.000       2.6212
2178.000       2.5696
2180.000       2.4376
2182.000       2.3550
2183.000       2.2717
2186.000       2.4241
2187.000       2.5538
2188.000       2.6666
2189.000       3.2085
2191.000       3.0923
2193.000       3.2579
2195.000       3.5053
2196.000       3.7253
2197.000       4.0483
2198.000       3.6909
2199.000       3.6703
2200.000       3.8087
2203.000       3.7448
2205.000       3.4614
2206.000       3.4310
2208.000       3.2437
2209.000       3.1871
2211.000       3.0429
2213.000       2.9542
2214.000       2.8594
2217.000       3.0188
2218.000       3.1646
2219.000       3.2680
2220.000       3.8620
2222.000       3.7230
2224.000       3.8824
2226.000       4.1747
2227.000       4.3968
2228.000       4.7286
2229.000       4.3625
2230.000       4.3236
2231.000       4.4480
2234.000       4.3911
2236.000       4.1040
2237.000       4.0895
2239.000       3.8682
2240.000       3.8055
2242.000       3.6507
2244.000       3.5607
2245.000       3.4599
2248.000       3.6269
2249.000       3.7768
2250.000       3.8706
2251.000       4.5338
2253.000       4.4103
2255.000       4.6393
2257.000       4.8447
