   2.000       8.7288
   3.000       9.1593
   6.000       9.3306
   8.000       9.4094
   9.000       9.3740
  11.000       8.8865
  12.000       8.4179
  14.000       8.2375
  16.000       8.5503
  17.000       8.6267
  20.000       9.0031
  21.000       9.1748
  22.000       9.7706
  23.000       8.8366
  25.000       9.2141
  27.000      10.0472
  29.000       9.0824
  30.000       8.4857
  31.000       9.1220
  32.000       7.9589
  33.000       8.0593
  34.000       8.6279
  37.000       8.3784
  39.000       8.3091
  40.000       7.7956
  42.000       7.1679
  43.000       6.9318
  45.000       6.6101
  46.000       6.6224
  47.000       6.6256
  48.000       6.6076
  49.000       6.9576
  51.000       7.2520
  52.000       7.7422
  55.000       7.2932
  56.000       6.9602
  57.000       7.6054
  59.000       7.5437
  61.000       8.2395
  63.000       7.8592
  64.000       7.2658
  65.000       7.8886
  66.000       6.8106
  67.000       6.7632
  68.000       7.2449
  71.000       6.9479
  73.000       6.8217
  74.000       6.3864
  76.000       5.7963
  77.000       5.5360
  79.000       5.2217
  81.000       5.1927
  82.000       5.1591
  85.000       5.4874
  86.000       5.7732
  87.000       6.2315
  88.000       6.2851
  90.000       6.2282
  92.000       6.8928
  94.000       6.5695
  95.000       6.1542
  96.000       6.7281
  97.000       5.9278
  98.000       5.6269
  99.000       5.9680
 102.000       5.6549
 104.000       5.3929
 105.000       4.9566
 107.000       4.4331
 108.000       4.3320
 110.000       4.0923
 111.000       3.9788
 112.000       3.9816
 113.000       4.0488
 114.000       4.2490
 116.000       4.5107
 117.000       5.0189
 120.000       4.5281
 121.000       4.2271
 122.000       5.2733
 124.000       5.0676
 126.000       5.6694
 128.000       5.7400
 129.000       5.7481
 130.000       6.4090
 131.000       5.5166
 132.000       5.5258
 133.000       5.9540
 136.000       5.9195
 138.000       5.4393
 139.000       5.3264
 141.000       4.7475
 142.000       4.4770
 144.000       4.1991
 146.000       4.1345
 147.000       4.1248
 148.000       4.3839
 150.000       4.7233
 151.000       5.1778
 152.000       6.0093
 154.000       5.7077
 156.000       6.1606
 158.000       6.4837
 159.000       7.0418
 160.000       7.5306
 161.000       6.9803
 162.000       7.2864
 163.000       7.7559
 166.000       7.9697
 168.000       7.4859
 169.000       7.6394
 171.000       7.0676
 172.000       6.5851
 174.000       6.1730
 176.000       6.2770
 177.000       6.0397
 180.000       6.7623
 181.000       7.1578
 182.000       7.7086
 183.000       8.2211
 185.000       8.2590
 187.000       8.9352
 189.000       8.9018
 190.000       9.2038
 191.000       9.9464
 192.000       8.8315
 193.000       9.2067
 194.000       9.7466
 197.000       9.7045
 199.000       9.0598
 200.000       8.8943
 202.000       8.2198
 203.000       7.9221
 205.000       7.3873
 206.000       7.3400
 207.000       7.0228
 208.000       6.6376
 211.000       7.2451
 212.000       7.7350
 214.000       8.0747
 215.000       7.8527
 216.000       9.8300
 218.000       9.5525
 220.000      10.1038
 222.000      10.5854
 223.000      10.9164
 224.000      11.7321
 225.000      10.5553
 226.000      10.7789
 227.000      11.2351
 230.000      11.0092
 232.000      10.2360
 233.000      10.0011
 235.000       9.3126
 236.000       9.1527
 238.000       8.6034
 240.000       8.2316
 241.000       7.8173
 244.000       8.4077
 245.000       8.9289
 246.000       9.1517
 247.000      11.1502
 249.000      10.6679
 251.000      11.0716
 253.000      11.9416
 254.000      12.4543
 255.000      13.1617
 256.000      12.5366
 257.000      12.1329
 258.000      12.3449
 261.000      12.0527
 263.000      11.2513
 264.000      11.0248
 266.000      10.3971
 267.000      10.4295
 269.000       9.9381
 271.000       9.3558
 272.000       8.9262
 275.000       9.3235
 276.000       9.8596
 277.000       9.9434
 278.000      12.3325
 280.000      11.7179
 282.000      12.0280
 284.000      12.9886
 287.000       8.5114
 288.000       8.4664
 291.000       7.8789
 293.000       7.6813
 294.000       7.2429
 296.000       7.1158
 297.000       7.3088
 299.000       7.5317
 301.000       7.5770
 302.000       8.0708
 305.000       7.4274
 306.000       7.1806
 307.000       7.3148
 308.000       7.3914
 310.000       7.1174
 312.000       7.4735
 314.000       7.7027
 315.000       7.5867
 316.000       8.3181
 317.000       7.5505
 318.000       6.9190
 319.000       7.1257
 322.000       6.6595
 324.000       6.2566
 325.000       5.8285
 327.000       5.5368
 328.000       5.6369
 330.000       5.6761
 331.000       5.5623
 332.000       5.8624
 333.000       6.2471
 334.000       6.0331
 336.000       5.9667
 337.000       6.4659
 340.000       5.7236
 341.000       5.4921
 342.000       6.3436
 344.000       5.9357
 346.000       6.3821
 348.000       6.8681
 349.000       6.8512
 350.000       7.6660
 351.000       6.6486
 352.000       6.3451
 353.000       6.7333
 356.000       6.3438
 358.000       5.8396
 359.000       5.3797
 361.000       4.9057
 362.000       4.8780
 364.000       4.7532
 365.000       4.6680
 366.000       4.8693
 367.000       5.1449
 370.000       5.1489
 371.000       5.2139
 373.000       5.0733
 374.000       4.7717
 375.000       6.0365
 377.000       5.5800
 379.000       6.0641
 381.000       6.6316
 382.000       6.6068
 383.000       7.4303
 384.000       6.3924
 385.000       6.0450
 386.000       6.3723
 389.000       5.8637
 391.000       5.3490
 392.000       4.7814
 394.000       4.3761
 395.000       4.4473
 397.000       4.2872
 398.000       4.0876
 399.000       4.1783
 400.000       4.4038
 401.000       4.3453
 403.000       4.4195
 404.000       4.8789
 407.000       4.3405
 408.000       4.1601
 409.000       5.5316
 411.000       4.9431
 413.000       5.2365
 415.000       6.0452
 416.000       6.0416
 417.000       6.7567
 418.000       5.9861
 419.000       5.4241
 420.000       5.5596
 423.000       5.0570
 425.000       4.6912
 426.000       4.3027
 428.000       4.0665
 429.000       4.0709
 431.000       4.0431
 433.000       4.0367
 434.000       4.2112
 437.000       4.1132
 438.000       4.1092
 439.000       4.3739
 440.000       4.8156
 442.000       4.3939
 444.000       4.5642
 446.000       5.1726
 447.000       5.2379
 448.000       5.7607
 449.000       5.1810
 450.000       4.9252
 451.000       5.0923
 454.000       4.8991
 456.000       4.6232
 457.000       4.5263
 459.000       4.3895
 460.000       4.2819
 462.000       4.3580
 463.000       4.5612
 464.000       4.9591
 465.000       5.1314
 468.000       5.3934
 469.000       5.4076
 471.000       5.0392
 472.000       4.6110
 473.000       4.9014
 475.000       4.6976
 477.000       4.9653
 479.000       5.2964
 480.000       5.4892
 481.000       6.0353
 482.000       5.4080
 483.000       5.3632
 484.000       5.7107
 487.000       5.7005
 489.000       5.3645
 490.000       5.2906
 492.000       4.8693
 493.000       4.5772
 495.000       4.3591
 496.000       4.5242
 497.000       4.6127
 498.000       4.5050
 501.000       5.0028
 502.000       5.2813
 504.000       5.2444
 505.000       4.8507
 506.000       5.7199
 508.000       5.6325
 510.000       6.0946
 512.000       6.1901
 513.000       6.2679
 514.000       6.8720
 515.000       5.8877
 516.000       6.2882
 517.000       6.8451
 520.000       6.9330
 522.000       6.6230
 523.000       6.5399
 525.000       5.9793
 526.000       5.5589
 528.000       5.2564
 529.000       5.5009
 530.000       5.5584
 531.000       5.3745
 532.000       6.0856
 534.000       6.5042
 535.000       7.1126
 538.000       6.4763
 539.000       5.9583
 540.000       6.8267
 542.000       6.8307
 544.000       7.4424
 546.000       7.3120
 547.000       7.2234
 548.000       7.8572
 549.000       6.7327
 550.000       7.1465
 551.000       7.7263
 554.000       7.7089
 556.000       7.3675
 557.000       7.1017
 559.000       6.5243
 560.000       6.0521
 562.000       5.6506
 564.000       5.7477
 565.000       5.5778
 566.000       6.2707
 568.000       6.6508
 569.000       7.2141
 570.000       7.4906
 572.000       7.1607
 574.000       7.5796
 576.000       7.9835
 577.000       8.2082
 578.000       8.7729
 579.000       8.3276
 580.000       7.7843
 581.000       7.8800
 584.000       7.5017
 586.000       7.0714
 587.000       6.7908
 589.000       6.4639
 590.000       6.5656
 592.000       6.3937
 594.000       6.0929
 595.000       6.0356
 598.000       6.0481
 599.000       6.2306
 600.000       6.3509
 601.000       7.4535
 603.000       7.1116
 605.000       7.3345
 607.000       7.8693
 608.000       8.1256
 609.000       8.6028
 610.000       8.2609
 611.000       7.8652
 612.000       7.9701
 615.000       7.8732
 617.000       7.4241
 618.000       7.4599
 620.000       7.2686
 621.000       7.3700
 623.000       7.3262
 624.000       7.1308
 625.000       7.1121
 626.000       7.2514
 627.000       7.1100
 629.000       7.1875
 630.000       7.4292
 633.000       7.2076
 634.000       7.1363
 635.000       8.1778
 637.000       8.0179
 639.000       8.2666
 641.000       8.6834
 642.000       9.2704
 643.000       9.7729
 644.000       9.3413
 645.000       9.4008
 646.000       9.7138
 649.000       9.9229
 651.000       9.3776
 652.000       9.6556
 654.000       9.2435
 655.000       9.0410
 657.000       8.8560
 659.000       8.8448
 660.000       8.8234
 663.000       9.0250
 664.000       9.2359
 665.000       9.5587
 666.000      10.4309
 668.000      10.3699
 670.000      10.9612
 672.000      11.1456
