   2.000       2.0251
   3.000       1.9639
   6.000       1.7388
   8.000       1.6599
   9.000       1.5552
  11.000       1.5093
  12.000       1.5354
  14.000       1.5237
  16.000       1.4882
  17.000       1.5027
  20.000       1.4683
  21.000       1.4728
  22.000       1.4776
  23.000       1.6247
  25.000       1.5551
  27.000       1.6265
  29.000       1.6900
  30.000       1.8212
  31.000       1.9435
  32.000       1.9512
  33.000       1.7910
  34.000       1.6950
  37.000       1.6323
  39.000       1.6922
  40.000       1.5662
  42.000       1.5335
  43.000       1.5585
  45.000       1.5401
  46.000       1.4954
  47.000       1.4840
  48.000       1.5037
  51.000       1.4858
  52.000       1.4954
  54.000       1.5030
  55.000       1.4997
  56.000       1.5602
  58.000       1.5274
  60.000       1.5506
  62.000       1.5803
  63.000       1.6167
  64.000       1.6883
  65.000       1.6659
  66.000       1.6150
  67.000       1.5739
  70.000       1.5654
  72.000       1.5906
  73.000       1.6245
  75.000       1.6906
  76.000       1.8211
  78.000       1.9157
  80.000       1.8979
  81.000       2.0263
  82.000       1.7905
  84.000       1.6807
  85.000       1.6448
  86.000       1.5957
  88.000       1.5751
  90.000       1.6211
  92.000       1.7328
  93.000       1.9052
  94.000       2.2865
  95.000       2.4565
  96.000       1.4647
  97.000       1.5356
 100.000       1.4669
 102.000       1.4613
 103.000       1.3870
 105.000       1.3344
 106.000       1.3510
 108.000       1.3352
 110.000       1.2970
 111.000       1.3132
 114.000       1.2945
 115.000       1.3105
 116.000       1.3424
 117.000       1.3946
 119.000       1.3813
 121.000       1.4774
 123.000       1.4531
 124.000       1.4502
 125.000       1.5896
 126.000       1.4760
 127.000       1.3719
 128.000       1.3995
 131.000       1.3661
 133.000       1.3457
 134.000       1.3342
 136.000       1.2906
 137.000       1.2636
 139.000       1.2504
 141.000       1.2624
 142.000       1.2774
 145.000       1.2956
 146.000       1.3115
 147.000       1.3793
 148.000       1.3544
 150.000       1.3697
 152.000       1.4758
 154.000       1.4339
 155.000       1.5016
 156.000       1.6236
 157.000       1.5316
 158.000       1.5020
 159.000       1.5612
 162.000       1.5458
 164.000       1.5415
 165.000       1.5095
 167.000       1.4613
 168.000       1.4801
 170.000       1.4388
 171.000       1.3912
 172.000       1.3615
 173.000       1.3627
 174.000       1.3703
 176.000       1.4053
 177.000       1.4411
 180.000       1.4271
 181.000       1.4158
 182.000       1.5165
 184.000       1.5149
 186.000       1.6060
 188.000       1.5633
 189.000       1.5837
 190.000       1.7257
 191.000       1.6244
 192.000       1.5121
 193.000       1.5751
 196.000       1.5131
 198.000       1.4514
 199.000       1.4270
 201.000       1.3706
 202.000       1.3549
 204.000       1.3235
 205.000       1.3153
 206.000       1.3154
 207.000       1.3208
 208.000       1.3521
 210.000       1.3884
 211.000       1.4519
 214.000       1.3915
 215.000       1.3500
 216.000       1.5411
 218.000       1.4973
 220.000       1.5569
 222.000       1.6505
 223.000       1.6998
 224.000       1.8672
 225.000       1.6988
 226.000       1.6226
 227.000       1.6649
 230.000       1.6025
 232.000       1.5111
 233.000       1.4617
 235.000       1.3909
 236.000       1.3903
 238.000       1.3531
 240.000       1.3096
 241.000       1.3170
 242.000       1.3178
 244.000       1.3585
 245.000       1.4038
 246.000       1.6028
 248.000       1.5349
 250.000       1.6095
 252.000       1.7243
 253.000       1.7616
 254.000       1.9489
 255.000       1.7586
 256.000       1.6630
 257.000       1.7114
 260.000       1.6216
 262.000       1.5416
 263.000       1.4560
 265.000       1.3839
 266.000       1.4166
 268.000       1.3986
 269.000       1.3395
 270.000       1.3494
 271.000       1.4192
 274.000       1.3588
 275.000       1.3572
 277.000       1.3546
 278.000       1.3360
 279.000       1.5864
 281.000       1.5013
 283.000       1.5859
 285.000       1.7071
 286.000       1.7300
 287.000       1.8900
 288.000       1.8108
 289.000       1.5872
 290.000       1.5702
 293.000       1.4750
 295.000       1.4500
 296.000       1.4931
 298.000       1.4686
 299.000       1.4929
 301.000       1.5535
 303.000       1.5855
 304.000       1.6949
 305.000       1.5656
 307.000       1.5175
 308.000       1.6031
 309.000       1.4903
 311.000       1.6492
 313.000       2.1184
 315.000       1.5927
 316.000       1.6468
 317.000       1.7669
 318.000       1.7071
 319.000       1.7190
 320.000       1.8628
 323.000       1.9333
 325.000       1.9190
 326.000       2.0041
 328.000       1.9267
 329.000       1.7995
 331.000       1.7966
 333.000       1.9286
 334.000       1.9918
 337.000       2.0616
 338.000       2.0620
 339.000       2.2390
 340.000       1.9530
 342.000       2.0689
 344.000       2.2721
 346.000       2.0615
 347.000       2.0758
 348.000       2.2531
 349.000       1.9559
 350.000       2.1408
 351.000       2.3364
 354.000       2.4158
 356.000       2.3682
 357.000       2.3954
 359.000       2.2337
 360.000       2.0739
 362.000       1.9770
 364.000       2.0564
 365.000       2.0270
 368.000       2.2119
 369.000       2.2972
 370.000       2.4717
 371.000       2.3764
 373.000       2.4640
 375.000       2.7062
 377.000       2.5073
 378.000       2.4801
 379.000       2.6716
 380.000       2.3364
 381.000       2.4975
 382.000       2.6861
 385.000       2.7053
 387.000       2.6321
 388.000       2.5929
 390.000       2.3998
 391.000       2.2707
 393.000       2.1326
 395.000       2.1360
 396.000       2.0562
 399.000       2.2644
 400.000       2.3920
 401.000       2.5354
 402.000       2.6355
 404.000       2.6578
 406.000       2.8699
 408.000       2.7713
 409.000       2.6914
 410.000       2.9491
 411.000       2.5259
 412.000       2.6354
 413.000       2.8500
 416.000       2.8473
 418.000       2.7780
 419.000       2.7136
 421.000       2.4748
 422.000       2.3115
 424.000       2.1836
 425.000       2.2813
 426.000       2.3277
 427.000       2.2683
 430.000       2.5288
 431.000       2.6671
 433.000       2.6535
 434.000       2.4566
 435.000       2.7125
 437.000       2.7530
 439.000       3.0491
 441.000       2.8596
 442.000       2.7814
 443.000       3.0339
 444.000       2.6526
 445.000       2.6882
 446.000       2.8795
 449.000       2.8462
 451.000       2.7636
 452.000       2.6824
 454.000       2.4531
 455.000       2.3372
 457.000       2.2112
 458.000       2.2496
 459.000       2.2637
 460.000       2.2064
 463.000       2.4351
 464.000       2.5771
 466.000       2.5793
 467.000       2.4073
 468.000       2.7225
 470.000       2.7299
 472.000       3.0116
 474.000       2.9112
 475.000       2.7988
 476.000       3.1345
 477.000       2.8037
 478.000       2.5933
 479.000       2.7325
 482.000       2.6930
 484.000       2.6439
 485.000       2.6336
 487.000       2.4871
 488.000       2.4576
 490.000       2.5085
 491.000       2.5604
 492.000       2.7834
 493.000       2.9631
 494.000       2.9653
 496.000       2.9678
 497.000       3.2982
 500.000       2.7845
 501.000       2.5615
 502.000       2.6087
 504.000       2.7136
 506.000       3.0318
 508.000       2.7499
 509.000       2.7545
 510.000       2.9742
 511.000       2.6283
 512.000       2.7769
 513.000       2.9730
 516.000       3.0282
 518.000       2.9335
 519.000       2.8804
 521.000       2.6179
 522.000       2.5140
 524.000       2.3189
 525.000       2.2910
 526.000       2.1783
 527.000       2.0557
 530.000       2.2544
 531.000       2.4366
 533.000       2.5621
 534.000       2.4775
 535.000       2.9890
 537.000       3.0077
 539.000       3.2871
 541.000       3.1931
 542.000       3.2056
 543.000       3.4968
 544.000       3.0445
 545.000       3.1604
 546.000       3.3615
 549.000       3.2739
 551.000       3.0636
 552.000       2.9093
 554.000       2.6457
 555.000       2.6289
 557.000       2.4330
 559.000       2.2599
 560.000       2.1356
 563.000       2.2685
 564.000       2.4573
 565.000       2.4981
 566.000       3.2223
 568.000       3.0826
 570.000       3.2966
 572.000       3.4746
 573.000       3.5251
 574.000       3.8331
 575.000       3.4210
 576.000       3.4008
 577.000       3.5460
 580.000       3.3953
 582.000       3.1589
 583.000       2.9850
 585.000       2.7850
 586.000       2.8078
 588.000       2.6389
 589.000       2.5045
 590.000       2.3689
 591.000       2.3290
 594.000       2.3285
 595.000       2.3992
 597.000       2.5307
 598.000       2.5848
 599.000       3.3539
 601.000       3.1639
 603.000       3.3085
 605.000       3.6200
 606.000       3.7098
 607.000       4.0487
 608.000       3.6291
 609.000       3.5688
 610.000       3.6759
 613.000       3.5246
 615.000       3.2286
 616.000       3.1265
 618.000       2.9760
 619.000       2.9723
 621.000       2.8493
 622.000       2.7787
 623.000       2.7092
 624.000       2.6722
 627.000       2.7433
 628.000       2.8222
 630.000       2.8811
 631.000       2.8582
 632.000       3.6077
 634.000       3.4020
 636.000       3.5178
 638.000       3.9253
 639.000       4.1709
 640.000       4.4995
 641.000       4.2015
 642.000       4.0555
 643.000       4.1140
 646.000       4.0160
 648.000       3.7041
 649.000       3.6836
 651.000       3.5327
 652.000       3.5624
 654.000       3.4863
 656.000       3.3696
 657.000       3.3481
 658.000       3.3549
 660.000       3.4341
 661.000       3.4739
 662.000       4.2018
 664.000       4.0219
 666.000       4.1506
 668.000       4.5311
 669.000       4.8277
 670.000       5.1663
 671.000       4.8285
 672.000       4.7686
 673.000       4.8831
 676.000       4.8513
 678.000       4.5299
 679.000       4.5504
 681.000       4.3269
 682.000       4.2973
 684.000       4.1374
 686.000       4.0076
 687.000       3.9027
 690.000       4.0393
 691.000       4.1972
 692.000       4.2692
 693.000       5.0664
 695.000       4.8902
 697.000       5.1288
 699.000       5.4203
 702.000       7.9330
 703.000       7.3658
 706.000       6.8568
 708.000       7.3934
 709.000       7.4544
 711.000       8.3092
 712.000       8.9040
 714.000       9.8014
 716.000      10.1948
 717.000      11.0880
 718.000       9.6397
 720.000       8.7159
 721.000       8.4735
 722.000       6.5634
 724.000       7.1313
 726.000       7.1448
 728.000       6.0327
 729.000       5.8059
 730.000       6.1557
 731.000       5.8563
 732.000       5.6185
 733.000       5.5336
 736.000       5.4108
 738.000       5.0987
 739.000       5.1650
 741.000       5.0010
 742.000       4.9779
 744.000       4.9353
 746.000       4.9116
 747.000       4.9643
 750.000       4.9406
 751.000       4.9832
 752.000       5.1010
 753.000       5.7093
 755.000       5.5152
 757.000       5.7602
 759.000       5.9354
 760.000       6.3749
 761.000       6.6680
 762.000       6.7150
 763.000       6.2301
 764.000       6.2246
 767.000       6.2056
 769.000       6.9127
 770.000       6.9220
 772.000       7.6248
 773.000       7.8629
 775.000       8.6087
 776.000       8.9452
 777.000       9.8986
 778.000      10.5437
 779.000      10.2372
 781.000       9.7304
 782.000      10.3489
 785.000       8.7707
 786.000       8.3996
 787.000       5.6659
 789.000       6.2500
 791.000       6.2997
 793.000       5.4685
 794.000       4.8788
 795.000       4.9195
 796.000       5.1406
 797.000       4.3799
 798.000       4.2564
 801.000       4.2864
 803.000       4.3700
 804.000       4.2675
 806.000       4.0902
 807.000       4.0184
 809.000       3.9198
 810.000       3.9224
 811.000       3.8914
 812.000       3.8461
 813.000       3.9838
 815.000       4.0956
 816.000       4.2215
 819.000       4.1309
 820.000       4.0353
 821.000       4.1031
 823.000       4.1860
 825.000       4.4252
 827.000       4.1584
 828.000       3.9773
 829.000       4.2050
 830.000       3.8027
 831.000       3.8623
 832.000       4.0669
 835.000       4.0072
 837.000       3.9812
 838.000       3.8199
 840.000       3.5813
 841.000       3.4957
 843.000       3.3536
 844.000       3.3409
 845.000       3.3005
 846.000       3.2576
 847.000       3.4083
 849.000       3.5407
 850.000       3.6917
 853.000       3.5909
 854.000       3.4829
 855.000       3.7557
 857.000       3.7549
 859.000       4.0269
 861.000       3.8603
 862.000       3.6626
 863.000       3.9084
 864.000       3.5329
 865.000       3.4521
 866.000       3.5929
 869.000       3.4360
 871.000       3.3891
 872.000       3.1946
 874.000       3.0054
 875.000       2.9661
 877.000       2.8432
 879.000       2.7554
 880.000       2.7076
 881.000       2.8160
 883.000       2.9380
 884.000       3.0483
 885.000       3.1730
 887.000       3.0963
 889.000       3.2795
 891.000       3.2405
 892.000       3.0615
 893.000       3.2479
 894.000       3.0271
 895.000       2.8360
 896.000       2.8886
 899.000       2.7289
 901.000       2.7116
 902.000       2.5541
 904.000       2.4507
 905.000       2.4646
 907.000       2.4046
 909.000       2.3251
 910.000       2.3175
 911.000       2.3359
 913.000       2.3980
 914.000       2.4605
 915.000       2.5094
 917.000       2.4613
 919.000       2.5892
 921.000       2.5227
 922.000       2.3772
 923.000       2.4869
 924.000       2.3983
 925.000       2.1912
 926.000       2.1801
 929.000       2.0643
 931.000       2.0907
 932.000       2.0134
 934.000       1.9922
 935.000       1.9986
 937.000       1.9896
 938.000       1.9822
 939.000       2.0076
 940.000       2.0218
 941.000       2.0649
 943.000       2.0812
 944.000       2.1750
 947.000       2.0424
 948.000       1.9935
 949.000       1.9477
 951.000       1.9309
 953.000       1.9594
 955.000       1.9238
 956.000       1.8611
 957.000       1.9142
 958.000       1.9164
 959.000       1.8100
 960.000       1.7877
 963.000       1.8164
 965.000       1.8611
 966.000       1.8972
 968.000       1.8751
 969.000       1.8455
 971.000       1.8472
 972.000       1.8824
 973.000       1.9312
 974.000       1.9317
 975.000       2.0221
 977.000       2.0526
 978.000       2.1589
 981.000       1.9974
 982.000       1.9102
 983.000       1.8329
 985.000       1.8990
 987.000       1.9599
 989.000       1.8543
 990.000       1.9443
 991.000       1.9758
 992.000       1.9608
 993.000       2.1543
 994.000       1.8946
 997.000       2.1215
 999.000       2.1400
1000.000       2.3481
1002.000       2.2520
1003.000       2.1548
1005.000       2.1923
1006.000       2.3211
1007.000       2.4886
1008.000       2.5476
1009.000       2.6768
1011.000       2.7268
1012.000       2.9940
1015.000       2.5917
1016.000       2.3730
1017.000       2.3166
1019.000       2.5298
1021.000       2.8168
1023.000       2.5247
1024.000       2.6639
1025.000       3.0012
1026.000       2.5348
1027.000       2.6996
1028.000       2.9550
1031.000       2.9632
1033.000       2.7755
1034.000       2.7363
1036.000       2.4932
1037.000       2.3584
1039.000       2.2497
1041.000       2.2827
1042.000       2.2999
1043.000       2.4059
1045.000       2.5106
1046.000       2.6927
1047.000       2.9376
1049.000       2.8967
1051.000       3.1746
1053.000       3.2074
1054.000       3.2668
1055.000       3.5966
1056.000       3.1856
1057.000       3.1261
1058.000       3.2529
1061.000       3.1153
1063.000       2.9122
1064.000       2.7996
1066.000       2.6292
1067.000       2.6174
1069.000       2.4959
1071.000       2.3905
1072.000       2.3370
1073.000       2.4285
1075.000       2.5347
1076.000       2.6049
1077.000       3.0968
1079.000       2.9549
1081.000       3.0852
1083.000       3.3114
1084.000       3.3982
1085.000       3.6684
1086.000       3.3551
1087.000       3.2797
1088.000       3.3465
1091.000       3.2555
1093.000       3.0631
1094.000       2.9674
1096.000       2.7934
1097.000       2.7551
1099.000       2.5844
1100.000       2.5152
1101.000       2.3716
1102.000       2.2511
1103.000       2.4197
1105.000       2.5699
1106.000       2.6420
1109.000       2.6874
1110.000       2.6552
1111.000       3.2621
1113.000       3.1391
1115.000       3.2623
1117.000       3.4747
1118.000       3.5366
1119.000       3.8020
1120.000       3.4566
1121.000       3.4271
1122.000       3.5452
1125.000       3.4443
1127.000       3.2332
1128.000       3.1173
1130.000       2.9191
1131.000       2.8821
1133.000       2.7048
1134.000       2.6139
1135.000       2.4400
1136.000       2.3155
1137.000       2.4621
1139.000       2.6292
1140.000       2.6802
1143.000       2.7798
1144.000       2.7594
1145.000       3.4385
1147.000       3.3005
1149.000       3.4354
1151.000       3.6639
1152.000       3.6985
1153.000       4.0026
1154.000       3.5896
1155.000       3.5627
1156.000       3.6910
1159.000       3.5476
1161.000       3.3923
1162.000       3.2045
1164.000       2.9979
1165.000       2.9963
1167.000       2.8142
1168.000       2.6686
1169.000       2.4551
1170.000       2.3481
1171.000       2.4098
1173.000       2.5634
1174.000       2.5561
1177.000       2.7586
1178.000       2.7933
1179.000       3.3684
1181.000       3.2477
1183.000       3.4128
1185.000       3.4875
1186.000       3.3070
1187.000       3.5460
1188.000       3.2532
1189.000       3.0215
1190.000       2.8736
1193.000       2.6561
1195.000       2.5820
1196.000       2.4372
1198.000       2.3576
1199.000       2.4843
1201.000       2.4451
1202.000       2.2685
1203.000       2.2199
1204.000       2.3371
1207.000       2.1354
1208.000       2.0887
1210.000       2.1272
1211.000       2.2124
1212.000       2.5096
1214.000       2.5395
1216.000       2.7576
1218.000       2.5848
1219.000       2.5681
1220.000       2.8606
1221.000       2.6940
1222.000       2.2792
1223.000       2.2019
1226.000       2.0056
1228.000       1.9499
1229.000       1.9212
1231.000       1.9078
1232.000       1.9966
1234.000       2.0009
1235.000       1.8975
1236.000       1.8821
1237.000       1.9532
1240.000       1.8490
1241.000       1.8277
1243.000       1.8252
1244.000       1.8537
1245.000       2.0077
1247.000       1.9717
1249.000       2.0270
1251.000       2.0200
1252.000       2.0438
1253.000       2.1694
1254.000       2.1986
1255.000       1.9511
1256.000       1.7750
1259.000       1.6988
1261.000       1.7102
1262.000       1.6593
1264.000       1.6864
1265.000       1.7631
1267.000       1.7734
1268.000       1.7081
1269.000       1.7131
1270.000       1.7735
1271.000       1.6721
1273.000       1.6260
1274.000       1.6110
1277.000       1.6181
1278.000       1.6586
1279.000       1.6563
1281.000       1.6127
1283.000       1.5844
1285.000       1.6380
1286.000       1.6685
1287.000       1.6589
1288.000       1.7892
1289.000       1.6244
1290.000       1.5696
1293.000       1.5485
1295.000       1.5692
1296.000       1.5679
1298.000       1.6096
1299.000       1.6620
1301.000       1.7272
1303.000       1.7423
1304.000       1.8213
1305.000       1.7058
1307.000       1.6450
1308.000       1.6628
1309.000       1.5583
1311.000       1.5564
1313.000       1.5840
1315.000       1.6161
1316.000       1.6684
1317.000       1.8101
1318.000       1.7344
1319.000       1.6053
1320.000       1.6073
1323.000       1.5992
1325.000       1.6051
1326.000       1.6480
1328.000       1.6606
1329.000       1.6414
1331.000       1.6826
1332.000       1.7362
1333.000       1.8249
1334.000       1.8811
1337.000       1.8935
1338.000       1.8751
1340.000       1.7962
1341.000       1.7259
1342.000       1.6201
1344.000       1.6603
1346.000       1.7184
1348.000       1.6546
1349.000       1.7068
1350.000       1.7921
1351.000       1.7275
1352.000       1.7496
1353.000       1.8205
1356.000       1.8968
1358.000       1.8984
1359.000       1.9511
1361.000       1.9129
1362.000       1.8472
1364.000       1.8561
1366.000       1.9350
1367.000       1.9820
1368.000       2.0049
1370.000       1.9979
1371.000       2.1019
1372.000       1.9299
1374.000       2.0084
1376.000       2.1464
1378.000       2.0157
1379.000       2.0720
1380.000       2.2051
1381.000       2.0398
1382.000       2.1145
1383.000       2.2172
1386.000       2.2620
1388.000       2.2254
1389.000       2.2509
1391.000       2.1823
1392.000       2.0961
1394.000       2.0623
1396.000       2.1182
1397.000       2.1187
1400.000       2.2078
1401.000       2.2379
1402.000       2.3484
1403.000       2.2796
1405.000       2.3222
1407.000       2.4556
1409.000       2.3798
1410.000       2.4167
1411.000       2.5726
1412.000       2.3700
1413.000       2.4314
1414.000       2.5575
1417.000       2.5754
1419.000       2.5208
1420.000       2.5313
1422.000       2.4374
1423.000       2.3594
1425.000       2.3176
1426.000       2.3781
1427.000       2.4231
1428.000       2.4101
1431.000       2.5330
1432.000       2.5885
1434.000       2.5624
1435.000       2.4523
1436.000       2.5786
1438.000       2.6114
1440.000       2.7573
1442.000       2.6928
1443.000       2.7337
1444.000       2.9004
1445.000       2.6985
1446.000       2.7089
1447.000       2.7980
1450.000       2.7789
1452.000       2.6919
1453.000       2.6802
1455.000       2.5925
1456.000       2.5418
1458.000       2.4899
1460.000       2.4896
1461.000       2.4812
1462.000       2.5553
1464.000       2.6062
1465.000       2.6987
1466.000       2.7857
1468.000       2.7732
1470.000       2.8982
1472.000       2.9147
1473.000       2.9611
1474.000       3.1405
1475.000       2.9026
1476.000       2.9419
1477.000       3.0244
1480.000       2.9994
1482.000       2.9041
1483.000       2.8705
1485.000       2.7515
1486.000       2.6957
1488.000       2.6107
1489.000       2.6135
1490.000       2.5706
1491.000       2.5126
1492.000       2.6372
1494.000       2.7317
1495.000       2.8170
1498.000       2.7724
1499.000       2.7057
1500.000       2.9899
1502.000       2.9628
1504.000       3.0979
1506.000       3.1304
1507.000       3.1787
1508.000       3.3781
1509.000       3.1271
1510.000       3.1207
1511.000       3.2196
1514.000       3.1742
1516.000       3.0456
1517.000       2.9854
1519.000       2.8501
1520.000       2.8055
1522.000       2.7107
1523.000       2.6819
1524.000       2.6152
1525.000       2.5731
1526.000       2.6433
1528.000       2.7343
1529.000       2.7833
1532.000       2.8092
1533.000       2.7724
1534.000       3.1701
1536.000       3.0955
1538.000       3.2250
1540.000       3.3374
1541.000       3.3824
1542.000       3.6021
1543.000       3.3781
1544.000       3.2643
1545.000       3.3215
1548.000       3.2173
1550.000       3.0751
1551.000       2.9944
1553.000       2.9017
1554.000       2.9323
1556.000       2.9051
1558.000       2.8498
1559.000       2.8884
1562.000       2.8279
1563.000       2.8483
1564.000       2.8806
1565.000       3.2130
1567.000       3.1107
1569.000       3.2112
1571.000       3.3722
1572.000       3.4888
1573.000       3.6593
1574.000       3.5604
1575.000       3.3779
1576.000       3.3596
1579.000       3.2880
1581.000       3.1456
1582.000       3.1404
1584.000       3.1045
1585.000       3.1689
1587.000       3.1828
1589.000       3.1349
1590.000       3.1901
1591.000       3.0692
1593.000       3.0499
1594.000       3.0284
1595.000       3.4007
1597.000       3.3158
1599.000       3.3736
1601.000       3.5749
1602.000       3.7945
1603.000       3.9700
1604.000       3.8754
1605.000       3.7854
1606.000       3.9565
1609.000       3.9760
1611.000       4.0311
1612.000       3.9351
1614.000       3.8006
1615.000       3.7794
1617.000       3.7182
1618.000       3.6980
1619.000       3.6946
1620.000       3.6916
1623.000       3.7610
1624.000       3.8246
1626.000       3.8274
1627.000       3.7574
1628.000       3.7817
1630.000       3.8434
1632.000       4.0414
1634.000       3.8155
1635.000       3.6525
1636.000       3.7929
1637.000       3.5838
1638.000       3.4952
1639.000       3.5746
1642.000       3.4641
1644.000       3.4705
1645.000       3.3165
1647.000       3.2216
1648.000       3.2188
1650.000       3.1628
1651.000       3.1122
1652.000       3.0656
1653.000       3.0539
1656.000       3.0758
1657.000       3.1321
1659.000       3.1737
1660.000       3.1554
1661.000       3.2617
1663.000       3.2106
1665.000       3.2940
1667.000       3.2715
1668.000       3.1110
1669.000       3.2207
1670.000       3.0463
1671.000       2.9881
1672.000       3.0482
1675.000       2.9606
1677.000       2.9431
1678.000       2.8240
1680.000       2.7481
1681.000       2.7467
1683.000       2.7236
1685.000       2.6925
1686.000       2.7058
1687.000       2.6917
1689.000       2.7243
1690.000       2.7727
1691.000       2.8214
1693.000       2.7660
1695.000       2.8529
1697.000       2.8616
1698.000       2.8062
1699.000       2.9181
1700.000       2.8114
1701.000       2.7073
1702.000       2.7293
1705.000       2.6621
1707.000       2.6554
1708.000       2.5805
1710.000       2.5453
1711.000       2.5609
1713.000       2.5655
1715.000       2.5568
1716.000       2.5978
1719.000       2.5451
1720.000       2.5342
1721.000       2.5497
1722.000       2.5788
1724.000       2.5485
1726.000       2.6113
1728.000       2.6212
1729.000       2.6059
1730.000       2.7311
1731.000       2.6275
1732.000       2.5344
1733.000       2.5596
1736.000       2.5389
1738.000       2.5120
1739.000       2.5191
1741.000       2.5003
1742.000       2.4849
1744.000       2.5202
1745.000       2.5601
1746.000       2.6621
1747.000       2.7412
1750.000       2.7417
1751.000       2.7246
1753.000       2.6368
1754.000       2.5525
1755.000       2.5439
1757.000       2.5674
1759.000       2.6603
1761.000       2.6255
1762.000       2.6798
1763.000       2.8471
1764.000       2.6492
1765.000       2.6767
1766.000       2.7720
1769.000       2.7832
1771.000       2.7010
1772.000       2.7006
1774.000       2.5976
1775.000       2.5348
1777.000       2.4702
1779.000       2.4724
1780.000       2.4474
1783.000       2.5423
1784.000       2.6044
1785.000       2.7058
1786.000       2.7992
1788.000       2.8024
1790.000       2.9483
1792.000       2.9422
1793.000       2.9794
1794.000       3.1761
1795.000       2.9071
1796.000       2.9492
1797.000       3.0723
1800.000       3.0533
1802.000       2.9552
1803.000       2.9119
1805.000       2.7705
1806.000       2.7086
1808.000       2.6084
1810.000       2.5666
1811.000       2.5039
1814.000       2.6311
1815.000       2.7318
1816.000       2.8225
1817.000       3.0248
1819.000       2.9993
1821.000       3.1523
1823.000       3.1639
1824.000       3.1888
1825.000       3.3953
1826.000       3.2244
1827.000       3.1107
1828.000       3.2061
1831.000       3.1265
1833.000       3.0345
1834.000       2.9337
1836.000       2.7781
1837.000       2.7302
1839.000       2.6124
1840.000       2.5852
1841.000       2.5204
1842.000       2.4547
1845.000       2.5710
1846.000       2.6744
1848.000       2.7410
1849.000       2.6900
1850.000       3.0261
1852.000       2.9752
1854.000       3.1335
1856.000       3.1477
1857.000       3.0861
1858.000       3.2884
1859.000       3.0268
1860.000       2.9574
1861.000       3.0470
1864.000       2.9594
1866.000       2.8631
1867.000       2.7706
1869.000       2.6253
1870.000       2.5953
1872.000       2.5073
1874.000       2.4428
1875.000       2.4102
1876.000       2.4878
1878.000       2.5804
1879.000       2.6716
1880.000       2.8569
1882.000       2.8135
1884.000       2.9861
1886.000       2.9687
1887.000       2.9505
1888.000       3.0967
1889.000       2.9295
1890.000       2.8601
1891.000       2.9213
1894.000       2.8556
1896.000       2.8036
1897.000       2.7173
1899.000       2.6058
1900.000       2.5878
1902.000       2.4870
1903.000       2.4360
1904.000       2.3444
1905.000       2.2828
1906.000       2.3578
1908.000       2.4467
1909.000       2.4714
1912.000       2.5305
1913.000       2.5161
1914.000       2.7788
1916.000       2.7346
1918.000       2.8327
1920.000       2.8526
1921.000       2.8116
1922.000       2.9500
1923.000       2.7866
1924.000       2.7078
1925.000       2.7633
1928.000       2.6746
1930.000       2.6248
1931.000       2.5251
1933.000       2.4317
1934.000       2.4492
1936.000       2.3702
1937.000       2.2926
1938.000       2.2097
1939.000       2.1764
1942.000       2.1889
1943.000       2.2516
1945.000       2.3252
1946.000       2.3367
1947.000       2.5876
1949.000       2.5288
1951.000       2.6187
1953.000       2.6463
1954.000       2.6071
1955.000       2.7329
1956.000       2.6173
1957.000       2.4905
1958.000       2.5206
1961.000       2.4198
1963.000       2.3694
1964.000       2.2664
1966.000       2.1975
1967.000       2.2507
1969.000       2.2155
1971.000       2.1159
1972.000       2.1090
1973.000       2.0727
1975.000       2.1121
1976.000       2.1142
1977.000       2.3443
1979.000       2.2715
1981.000       2.3334
1983.000       2.3971
1984.000       2.3728
1985.000       2.4899
1986.000       2.3878
1987.000       2.2654
1988.000       2.2789
1991.000       2.1838
1993.000       2.1419
1994.000       2.0474
1996.000       1.9961
1997.000       2.0517
1999.000       2.0029
2000.000       1.9032
2001.000       1.8307
2002.000       1.8389
2003.000       1.7702
2005.000       1.7809
2006.000       1.7455
2009.000       1.8517
2010.000       1.9049
2011.000       2.1166
2013.000       2.0420
2015.000       2.0867
2017.000       2.1576
2018.000       2.1379
2019.000       2.2161
2020.000       2.1771
2021.000       2.0417
2022.000       2.0364
2025.000       1.9242
2027.000       1.8740
2028.000       1.7955
2030.000       1.7953
2031.000       1.8741
2033.000       1.8905
2035.000       1.8224
2036.000       1.8561
2039.000       1.7516
2040.000       1.7365
2041.000       1.6957
2042.000       1.8930
2044.000       1.8001
2046.000       1.7849
2048.000       1.9349
2049.000       1.9746
2050.000       2.0510
2051.000       2.0570
2052.000       1.8906
2053.000       1.8440
2056.000       1.7797
2058.000       1.7534
2059.000       1.7450
2061.000       1.7960
2062.000       1.8613
2064.000       1.9151
2065.000       1.8817
2066.000       1.9358
2067.000       2.0346
2070.000       1.9260
2071.000       1.8680
2073.000       1.8114
2074.000       1.8163
2075.000       1.8065
2077.000       1.7609
2079.000       1.7289
2081.000       1.8365
2082.000       1.9234
2083.000       2.1622
2084.000       1.9146
2085.000       1.9662
2086.000       1.9119
2089.000       1.8148
2091.000       1.8211
2092.000       1.7551
2094.000       1.7572
2095.000       1.8547
2097.000       1.8430
2098.000       1.7320
2099.000       1.6982
2100.000       1.7641
2103.000       1.6376
2104.000       1.6060
2106.000       1.6201
2107.000       1.6826
2108.000       1.8159
2110.000       1.8122
2112.000       1.8320
2114.000       1.7680
2115.000       1.7678
2116.000       1.8288
2117.000       1.8965
2118.000       1.6739
2119.000       1.6391
2122.000       1.5823
2124.000       1.5643
2125.000       1.5106
2127.000       1.4583
2128.000       1.4717
2130.000       1.4479
2132.000       1.4101
2133.000       1.4262
2134.000       1.4013
2136.000       1.4226
2137.000       1.4379
2138.000       1.5460
2140.000       1.5221
2142.000       1.5720
2144.000       1.5838
2145.000       1.6013
2146.000       1.6826
2147.000       1.6136
2148.000       1.5747
2149.000       1.6010
2152.000       1.5763
2154.000       1.5472
2155.000       1.5031
2157.000       1.4343
2158.000       1.4512
2160.000       1.3950
2162.000       1.3327
2163.000       1.3070
2166.000       1.3380
2167.000       1.3853
2168.000       1.4224
2169.000       1.5570
2171.000       1.5295
2173.000       1.5992
2175.000       1.6410
2176.000       1.6616
2177.000       1.7665
2178.000       1.6816
2179.000       1.6169
2180.000       1.6337
2183.000       1.5889
2185.000       1.5410
2186.000       1.4982
2188.000       1.4365
2189.000       1.4406
2191.000       1.3884
2192.000       1.3496
2193.000       1.3147
2194.000       1.3122
2195.000       1.3163
2197.000       1.3453
2198.000       1.3702
2201.000       1.3806
2202.000       1.3807
2203.000       1.5826
2205.000       1.5409
2207.000       1.5952
2209.000       1.6663
2210.000       1.7002
2211.000       1.8536
2212.000       1.7168
2213.000       1.6240
2214.000       1.6517
2217.000       1.5838
2219.000       1.5106
2220.000       1.4535
2222.000       1.3885
2223.000       1.3950
2225.000       1.3579
2226.000       1.3197
2227.000       1.2982
2228.000       1.3081
2229.000       1.3093
2231.000       1.3344
2232.000       1.3700
2235.000       1.3565
2236.000       1.3444
2237.000       1.5748
2239.000       1.5123
2241.000       1.5794
2243.000       1.6877
2244.000       1.7384
2245.000       1.9050
2246.000       1.7516
2247.000       1.6811
2248.000       1.7332
2251.000       1.6499
2253.000       1.5688
2254.000       1.5075
2256.000       1.4448
2257.000       1.4395
2259.000       1.4006
2260.000       1.3752
2261.000       1.3598
2262.000       1.3643
2263.000       1.3782
2265.000       1.4071
2266.000       1.4527
2269.000       1.4268
2270.000       1.4069
2271.000       1.6324
2273.000       1.5692
2275.000       1.6384
2277.000       1.7332
2278.000       1.7841
2279.000       1.9515
2280.000       1.8096
2281.000       1.7036
2282.000       1.7475
2285.000       1.6814
2287.000       1.6171
2288.000       1.5564
2290.000       1.4843
2291.000       1.5000
2293.000       1.4641
2295.000       1.4130
2296.000       1.4263
2297.000       1.4126
2299.000       1.4442
2300.000       1.4799
2301.000       1.6503
2303.000       1.6011
2305.000       1.6736
2307.000       1.7258
2308.000       1.6737
2309.000       1.8345
2310.000       1.6477
2311.000       1.5728
2312.000       1.6595
2315.000       1.5774
2317.000       1.5410
2318.000       1.4633
2320.000       1.3673
2321.000       1.3510
2323.000       1.3154
2325.000       1.2970
2326.000       1.3308
2327.000       1.3313
2329.000       1.3675
2330.000       1.4620
2331.000       1.4807
2333.000       1.4788
2335.000       1.6343
2337.000       1.5360
2338.000       1.4990
2339.000       1.5994
2340.000       1.4933
2341.000       1.4908
2342.000       1.5922
2345.000       1.6305
2347.000       1.5923
2348.000       1.5878
2350.000       1.4809
2351.000       1.4243
2353.000       1.3956
2354.000       1.4340
2355.000       1.4874
2356.000       1.5191
2357.000       1.5776
2359.000       1.6165
2360.000       1.7450
2363.000       1.5849
2364.000       1.4859
2365.000       1.6335
2367.000       1.6838
2369.000       1.8702
2371.000       1.7743
2372.000       1.8158
2373.000       2.0751
2374.000       1.7318
2375.000       1.8622
2376.000       2.0752
2379.000       2.1396
2381.000       2.0101
2382.000       2.0679
2384.000       1.9314
2385.000       1.8020
2387.000       1.8099
2388.000       1.9560
2389.000       2.1458
2390.000       2.2259
2393.000       2.3494
2394.000       2.3716
2396.000       2.2404
2397.000       2.0257
2398.000       2.1929
2400.000       2.2573
2402.000       2.5218
2404.000       2.4268
2405.000       2.5569
2406.000       2.8368
2407.000       2.4434
2408.000       2.6082
2409.000       2.7949
2412.000       2.8162
2414.000       2.6208
2415.000       2.6487
2417.000       2.5007
2418.000       2.4039
2420.000       2.3141
2421.000       2.3690
2422.000       2.3896
2423.000       2.3381
2426.000       2.5193
2427.000       2.6111
2429.000       2.6055
2430.000       2.4831
2431.000       2.9178
2433.000       2.8845
2435.000       3.0648
2437.000       3.1733
2438.000       3.3405
2439.000       3.6141
2440.000       3.2633
2441.000       3.3443
2442.000       3.4935
2445.000       3.4825
2447.000       3.2670
2448.000       3.2720
2450.000       3.0974
2451.000       3.0182
2453.000       2.8746
2455.000       2.8242
2456.000       2.7187
2459.000       2.9241
2460.000       3.0557
2461.000       3.1755
2462.000       3.5754
2464.000       3.5088
2466.000       3.6962
2468.000       3.8397
2469.000       3.9994
2470.000       4.2822
2471.000       3.9033
2472.000       3.9969
2473.000       4.1617
2476.000       4.1420
2478.000       3.9437
2479.000       3.9049
2481.000       3.7062
2482.000       3.6192
2484.000       3.4469
2485.000       3.4275
2486.000       3.3142
2487.000       3.1647
2490.000       3.3868
2491.000       3.5585
2493.000       3.6685
2494.000       3.5929
2495.000       4.1794
2497.000       4.1007
2499.000       4.2761
2501.000       4.4151
2502.000       4.5012
2503.000       4.7707
2504.000       4.4086
2505.000       4.4264
2506.000       4.5641
2509.000       4.4643
2511.000       4.2842
2512.000       4.1675
2514.000       3.9691
2515.000       3.9522
2517.000       3.7892
2519.000       3.6328
2520.000       3.4932
2523.000       3.6555
2524.000       3.8256
2525.000       3.8790
2526.000       4.4149
2528.000       4.2856
2530.000       4.4348
2532.000       4.5980
2533.000       4.6131
2534.000       4.8474
2535.000       4.5994
2536.000       4.4370
2537.000       4.4917
2540.000       4.3385
2542.000       4.1943
2543.000       4.0543
2545.000       3.9451
2546.000       3.9891
2548.000       3.9512
2550.000       3.8657
2551.000       3.8909
2552.000       3.8303
2554.000       3.8669
2555.000       3.8942
2556.000       4.2684
2558.000       4.0989
2560.000       4.1655
2562.000       4.4160
2563.000       4.4159
2564.000       4.6855
2565.000       4.4172
2566.000       4.1790
2567.000       4.1571
2570.000       3.9632
2572.000       3.9871
2573.000       3.8179
2575.000       3.9224
2576.000       4.1054
2578.000       4.4897
2580.000       4.6955
2581.000       5.2014
2582.000       4.4431
2584.000       4.0826
2585.000       4.1090
2586.000       3.8214
2588.000       3.7162
2590.000       3.8550
2592.000       3.9903
2593.000       4.1689
2594.000       4.6671
2595.000       4.2444
2596.000       4.0507
2597.000       4.0546
2600.000       3.9177
2602.000       3.9296
2603.000       3.8004
2605.000       3.8621
2606.000       4.0050
2608.000       4.1098
2609.000       4.0396
2610.000       4.1781
2611.000       4.3793
2614.000       4.2120
2615.000       4.0845
2617.000       3.9155
2618.000       3.9012
2619.000       3.7535
2621.000       3.6582
2623.000       3.6374
2625.000       3.7617
2626.000       3.6827
2627.000       3.8361
2628.000       3.7311
2629.000       3.4527
2630.000       3.4553
2633.000       3.2806
2635.000       3.2267
2636.000       3.0575
2638.000       3.0136
2639.000       3.0216
2641.000       3.0130
2642.000       3.0027
2643.000       3.0444
2644.000       3.1097
2647.000       3.0797
2648.000       3.0678
2650.000       3.0329
2651.000       3.0020
2652.000       3.1412
2654.000       3.0047
2656.000       3.0275
2658.000       3.2160
2659.000       3.1787
2660.000       3.3794
2661.000       3.2744
2662.000       2.8973
2663.000       2.8526
2666.000       2.6904
2668.000       2.6834
2669.000       2.5759
2671.000       2.5958
2672.000       2.5918
2674.000       2.6677
2676.000       2.7283
2677.000       2.8390
2678.000       2.7420
2680.000       2.7054
2681.000       2.8446
2682.000       2.6149
2684.000       2.5393
2686.000       2.5033
2688.000       2.6274
2689.000       2.5608
2690.000       2.6709
2691.000       2.5334
2692.000       2.5796
2693.000       2.7191
2696.000       2.7164
2698.000       2.6637
2699.000       2.6128
2701.000       2.4480
2702.000       2.3338
2704.000       2.2165
2706.000       2.2041
2707.000       2.1468
2708.000       2.3317
2710.000       2.4555
2711.000       2.6067
2712.000       2.6306
2714.000       2.6446
2716.000       2.8490
2718.000       2.7601
2719.000       2.7293
2720.000       2.9398
2721.000       2.6012
2722.000       2.6864
2723.000       2.8266
2726.000       2.7993
2728.000       2.7140
2729.000       2.6291
2731.000       2.4402
2732.000       2.3399
2734.000       2.1907
2735.000       2.1896
2736.000       2.0936
2737.000       1.9821
2738.000       2.1856
2740.000       2.3480
2741.000       2.4585
2744.000       2.4389
2745.000       2.3518
2746.000       2.6980
2748.000       2.6697
2750.000       2.8554
2752.000       2.8312
2753.000       2.7836
2754.000       2.9973
2755.000       2.6562
2756.000       2.7147
2757.000       2.7958
2760.000       2.7474
2762.000       2.6582
2763.000       2.5551
2765.000       2.3482
2766.000       2.2801
2768.000       2.1085
2769.000       2.0623
2770.000       1.9246
2771.000       1.8065
2772.000       1.9786
2774.000       2.1425
2775.000       2.2071
2778.000       2.2661
2779.000       2.2175
2780.000       2.6430
2782.000       2.6010
2784.000       2.7831
2786.000       2.7742
2787.000       2.6927
2788.000       2.9262
2789.000       2.5617
2790.000       2.5777
2791.000       2.7245
2794.000       2.5967
2796.000       2.4886
2797.000       2.3048
2799.000       2.0988
2800.000       2.0831
2802.000       1.9018
2803.000       1.7864
2804.000       1.6106
2805.000       1.5202
2806.000       1.6042
2808.000       1.7422
2809.000       1.7549
2812.000       1.9009
2813.000       1.9160
2814.000       2.4182
2816.000       2.3095
2818.000       2.4645
2820.000       2.5180
2821.000       2.4437
2822.000       2.6226
2823.000       2.4481
2824.000       2.2348
2825.000       2.2464
2828.000       2.0368
2830.000       1.9465
2831.000       1.7509
2833.000       1.6586
2834.000       1.7844
2836.000       1.7232
2838.000       1.5250
2839.000       1.4977
2840.000       1.4263
2842.000       1.4860
2843.000       1.4457
2844.000       1.8885
2846.000       1.7413
2848.000       1.7809
2850.000       1.9216
2851.000       1.8749
2852.000       2.0063
2853.000       1.9430
2854.000       1.6844
2855.000       1.6935
2858.000       1.5421
2860.000       1.4388
2861.000       1.3292
2863.000       1.2920
2864.000       1.4032
2866.000       1.4083
2868.000       1.3044
2869.000       1.3537
2870.000       1.2275
2872.000       1.2178
2873.000       1.2240
2874.000       1.5220
2876.000       1.4208
2878.000       1.4357
2880.000       1.5871
2881.000       1.7229
2882.000       1.9235
2883.000       1.8233
2884.000       1.6939
2885.000       1.6714
2888.000       1.6553
2890.000       1.6419
2891.000       1.6501
2893.000       1.6770
2894.000       1.8507
2896.000       1.8601
2897.000       1.7079
2898.000       1.7295
2899.000       1.8515
2902.000       1.7305
2903.000       1.6749
2905.000       1.5911
2906.000       1.6167
2907.000       1.7126
2909.000       1.6506
2911.000       1.9426
2913.000       1.9575
2914.000       2.0636
2915.000       2.1373
2916.000       2.2209
2917.000       2.0559
2918.000       2.0590
2921.000       2.0333
2923.000       1.8855
2924.000       1.8939
2926.000       1.8701
2927.000       1.8928
2929.000       1.9041
2930.000       1.9308
2931.000       2.0654
2932.000       2.1593
2935.000       2.1946
2936.000       2.1504
2938.000       2.0034
2939.000       1.9095
2940.000       2.1399
2942.000       1.9586
2944.000       1.9072
2946.000       2.2848
2947.000       2.8987
2948.000       3.6492
2949.000       3.5749
2950.000       2.3235
2951.000       1.8628
2954.000       1.7428
2956.000       2.1691
2957.000       2.3124
2959.000       3.0119
2960.000       3.4010
2962.000       4.2625
2963.000       4.4480
2964.000       5.3421
2965.000       6.1833
2968.000       5.5197
2969.000       4.8845
2971.000       4.0027
2972.000       3.7575
2973.000       1.6932
2975.000       1.8866
2977.000       1.9678
2979.000       1.7317
2980.000       1.8201
2981.000       1.9884
2982.000       2.0440
2983.000       1.8654
2984.000       1.9892
2987.000       1.8190
2989.000       1.7460
2990.000       1.6522
2992.000       1.5245
2993.000       1.5538
2995.000       1.4977
2996.000       1.4193
2997.000       1.3987
2998.000       1.4446
3001.000       1.4165
3002.000       1.4500
3004.000       1.4742
3005.000       1.4474
3006.000       1.6738
3008.000       1.6805
3010.000       1.9077
3012.000       1.7791
3013.000       1.7771
3014.000       1.9590
3015.000       1.7610
3016.000       1.7307
3017.000       1.8033
3020.000       1.7822
3022.000       1.7146
3023.000       1.6871
3025.000       1.5868
3026.000       1.5506
3028.000       1.5106
3030.000       1.5076
3031.000       1.5274
3034.000       1.5468
3035.000       1.5867
3036.000       1.6714
3037.000       1.7827
3039.000       1.7812
3041.000       1.9264
3043.000       1.9150
3044.000       1.9826
3045.000       2.1717
3046.000       1.9454
3047.000       1.9543
3048.000       2.0550
3051.000       2.0153
3053.000       1.9314
3054.000       1.8932
3056.000       1.8080
3057.000       1.7740
3059.000       1.7192
3060.000       1.7140
3061.000       1.6851
3062.000       1.6632
3063.000       1.7143
3065.000       1.7657
3066.000       1.8091
3069.000       1.8005
3070.000       1.7692
3071.000       2.0197
3073.000       1.9782
3075.000       2.0716
3077.000       2.1368
3078.000       2.1860
3079.000       2.3508
3080.000       2.1797
3081.000       2.1178
3082.000       2.1719
3085.000       2.1043
3087.000       2.0088
3088.000       1.9522
3090.000       1.8889
3091.000       1.8913
3093.000       1.8477
3094.000       1.8139
3095.000       1.7886
3096.000       1.7929
3097.000       1.7953
3099.000       1.8202
3100.000       1.8421
3103.000       1.8497
3104.000       1.8429
3105.000       2.0975
3107.000       2.0199
3109.000       2.0714
3111.000       2.2039
3112.000       2.2420
3113.000       2.3909
3114.000       2.2497
3115.000       2.1638
3116.000       2.1881
3119.000       2.1517
3121.000       2.1074
3122.000       2.0918
3124.000       2.0436
3125.000       2.0568
3127.000       2.0532
3129.000       2.0377
3130.000       2.0722
3131.000       2.0290
3133.000       2.0324
3134.000       2.0601
3135.000       2.1404
3137.000       2.1405
3139.000       2.3168
3141.000       2.2284
3142.000       2.3144
3143.000       2.3954
3144.000       2.4850
3145.000       2.2618
3146.000       2.2268
3149.000       2.3093
3151.000       2.3669
3152.000       2.5143
3154.000       2.5548
3155.000       2.5454
3157.000       2.7227
3158.000       2.8456
3159.000       3.1301
3160.000       3.3325
3161.000       3.2609
3163.000       3.1593
3164.000       3.3904
3167.000       2.9151
3168.000       2.7467
3169.000       2.4168
3171.000       2.5619
3173.000       2.9063
3175.000       2.4328
3176.000       2.5636
3177.000       2.7504
3178.000       2.6748
3179.000       2.5096
3180.000       2.5587
3183.000       2.4802
3185.000       2.3778
3186.000       2.3282
3188.000       2.2706
3189.000       2.2775
3191.000       2.2700
3192.000       2.2508
3193.000       2.2762
3194.000       2.3219
3195.000       2.2945
3197.000       2.2944
3198.000       2.3575
3201.000       2.2801
3202.000       2.2536
3203.000       2.4857
3205.000       2.4194
3207.000       2.5065
3209.000       2.6204
3210.000       2.7022
3211.000       2.8791
3212.000       2.7092
3213.000       2.6597
3214.000       2.7181
3217.000       2.6973
3219.000       2.5935
3220.000       2.5955
3222.000       2.5244
3223.000       2.4774
3225.000       2.4492
3226.000       2.4825
3227.000       2.5096
3228.000       2.5085
3229.000       2.5839
3231.000       2.6263
3232.000       2.7309
3235.000       2.6055
3236.000       2.5315
3237.000       2.7462
3239.000       2.7199
3241.000       2.8229
3243.000       2.8926
3244.000       2.9817
3245.000       3.1613
3246.000       2.9413
3247.000       2.9775
3248.000       3.0527
3251.000       3.0662
3253.000       2.9586
3254.000       2.9703
3256.000       2.8547
3257.000       2.7633
3259.000       2.6883
3260.000       2.7384
3261.000       2.7250
3262.000       2.6640
3263.000       2.8234
3265.000       2.9265
3266.000       3.0372
3269.000       2.9438
3270.000       2.8422
3271.000       3.1142
3273.000       3.1085
3275.000       3.2479
3277.000       3.2777
3278.000       3.3602
3279.000       3.5641
3280.000       3.3006
3281.000       3.3365
3282.000       3.4466
3285.000       3.4243
3287.000       3.3018
3288.000       3.2729
3290.000       3.1322
3291.000       3.0792
3293.000       2.9891
3294.000       2.9775
3295.000       2.9309
3296.000       2.8869
3297.000       2.9877
3299.000       3.0808
3300.000       3.1645
3303.000       3.1274
3304.000       3.0698
3305.000       3.4365
3307.000       3.3961
3309.000       3.5484
3311.000       3.6001
3312.000       3.6557
3313.000       3.8830
3314.000       3.5344
3315.000       3.6521
3316.000       3.8203
3319.000       3.8356
3321.000       3.9164
3322.000       3.8830
3324.000       3.9383
3325.000       4.1653
3327.000       4.2330
3328.000       4.1992
3329.000       4.5960
3330.000       4.8032
3333.000       5.0678
3334.000       5.0186
3336.000       4.4805
3337.000       4.1043
3338.000       3.6489
3340.000       3.7977
3342.000       4.1918
3344.000       3.7983
3345.000       3.6713
3346.000       3.8714
3347.000       3.7714
3348.000       3.3945
3349.000       3.3543
3352.000       3.1402
3354.000       3.0623
3355.000       2.9188
3357.000       2.9461
3358.000       3.0986
3360.000       3.1633
3362.000       3.0722
3363.000       3.1714
3366.000       2.9360
3367.000       2.8674
3368.000       2.7833
3369.000       3.0329
3371.000       2.8836
3373.000       2.8648
3375.000       3.0638
3376.000       3.0443
3377.000       3.1181
3378.000       3.1339
3379.000       2.9197
3380.000       2.9391
3383.000       2.8747
3385.000       2.8982
3386.000       2.7894
3388.000       2.7366
3389.000       2.7986
3391.000       2.7682
3392.000       2.6742
3393.000       2.6353
3394.000       2.6753
3395.000       2.5824
3397.000       2.5704
3398.000       2.5510
3401.000       2.6090
3402.000       2.6580
3403.000       2.7803
3405.000       2.7365
3407.000       2.8101
3409.000       2.8348
3410.000       2.7416
3411.000       2.8522
3412.000       2.8040
3413.000       2.5913
3414.000       2.5751
3417.000       2.5115
3419.000       2.4929
3420.000       2.4763
3422.000       2.4868
3423.000       2.5197
3425.000       2.5517
3426.000       2.5341
3427.000       2.5828
3428.000       2.6531
3431.000       2.6027
3432.000       2.5778
3434.000       2.5302
3435.000       2.5042
3436.000       2.4966
3438.000       2.4936
3440.000       2.5438
3442.000       2.5262
3443.000       2.5731
3444.000       2.6262
3445.000       2.5628
3446.000       2.6770
3447.000       2.7743
3450.000       2.9529
3452.000       2.9514
3453.000       3.1524
3455.000       3.0287
3456.000       2.9084
3458.000       2.9227
3460.000       3.0438
3461.000       3.1230
3462.000       3.1305
3464.000       3.1363
3465.000       3.2880
3466.000       3.0516
3468.000       3.3182
3470.000       4.0024
3472.000       3.2813
3473.000       3.2182
3474.000       3.4760
3475.000       3.1485
3476.000       3.2017
3477.000       3.3253
3480.000       3.3309
3482.000       3.3011
3483.000       3.2387
3485.000       3.0796
3486.000       3.0323
3488.000       2.9111
3490.000       2.8364
3491.000       2.7427
3494.000       2.9027
3495.000       3.0244
3496.000       3.1171
3497.000       3.2594
3499.000       3.2728
3501.000       3.4402
3503.000       3.3617
3504.000       3.2967
3505.000       3.4634
3506.000       3.2027
3507.000       3.2261
3508.000       3.3429
3511.000       3.2808
3513.000       3.2268
3514.000       3.1087
3516.000       2.9501
3517.000       2.9314
3519.000       2.8139
3521.000       2.7098
3522.000       2.6205
3525.000       2.7315
3526.000       2.8504
3527.000       2.8971
3528.000       3.1616
3530.000       3.1214
3532.000       3.2603
3534.000       3.2403
3535.000       3.1612
3536.000       3.3171
3537.000       3.1122
3538.000       3.0325
3539.000       3.0899
3542.000       2.9756
3544.000       2.9405
3545.000       2.8690
3547.000       2.6937
3548.000       2.7375
3550.000       2.6506
3552.000       2.5098
3553.000       2.4653
3556.000       2.4573
3557.000       2.5438
3558.000       2.5263
3559.000       2.8535
3561.000       2.9679
3563.000       3.5136
3565.000       2.9217
3566.000       2.9092
3567.000       3.1189
3568.000       3.0287
3569.000       2.7215
3570.000       2.7475
3573.000       2.6340
3575.000       2.6045
3576.000       2.5445
3578.000       2.6012
3579.000       2.6991
3581.000       2.7896
3582.000       2.7506
3583.000       2.8750
3584.000       3.0383
3585.000       2.8671
3587.000       2.7521
3588.000       2.8233
3591.000       2.6350
3592.000       2.6379
3593.000       2.5499
3595.000       2.5249
3597.000       2.6036
3599.000       2.5944
3600.000       2.5746
3601.000       2.7617
3602.000       2.6256
3603.000       2.3995
3604.000       2.4034
3607.000       2.2761
3609.000       2.2409
3610.000       2.1743
3612.000       2.1815
3613.000       2.2208
3615.000       2.2823
3617.000       2.3328
3618.000       2.4634
3619.000       2.3224
3621.000       2.2469
3622.000       2.3233
3623.000       2.2138
3625.000       2.1573
3627.000       2.1935
3629.000       2.2823
3630.000       2.2959
3631.000       2.4923
3632.000       2.4767
3633.000       2.1148
3634.000       2.1347
3637.000       2.0635
3639.000       2.0866
3640.000       2.0286
3642.000       1.9763
3643.000       2.0272
3645.000       2.0663
3646.000       2.0254
3647.000       2.1018
3648.000       2.2196
3651.000       2.1375
3652.000       2.0991
3654.000       2.0230
3655.000       1.9789
3656.000       1.9603
3658.000       2.0102
3660.000       2.1318
3662.000       2.0032
3663.000       1.9934
3664.000       2.1580
3665.000       2.1367
3666.000       1.8473
3667.000       1.8281
3670.000       1.8758
3672.000       1.9001
3673.000       1.9664
3675.000       2.0322
3676.000       2.1824
3678.000       2.2043
3679.000       2.0689
3680.000       2.0529
3681.000       2.1406
3684.000       1.9872
3685.000       1.9231
3687.000       1.9097
3688.000       1.9836
3689.000       2.0014
3691.000       2.0383
3693.000       2.0707
3695.000       2.1096
3696.000       2.1655
3697.000       2.3145
3698.000       2.2004
3699.000       2.2416
3700.000       2.1365
3703.000       2.2335
3705.000       2.3199
3706.000       2.1332
3708.000       2.0460
3709.000       2.1595
3711.000       2.1549
3713.000       2.0454
3714.000       2.1242
3717.000       2.0695
3718.000       2.0574
3719.000       2.2235
3720.000       2.1592
3722.000       2.0753
3724.000       2.0995
3726.000       2.2641
3727.000       2.3724
3728.000       2.4853
3729.000       2.4642
3730.000       2.2965
3731.000       2.2624
3734.000       2.2392
3736.000       2.1674
3737.000       2.2271
3739.000       2.1897
3740.000       2.2345
3742.000       2.2038
3743.000       2.1291
3744.000       2.0918
3745.000       2.1128
3748.000       2.0668
3749.000       2.0756
3751.000       2.1039
3752.000       2.1274
3753.000       2.3578
3755.000       2.3647
3757.000       2.5005
3759.000       2.4099
3760.000       2.4401
3761.000       2.5182
3762.000       2.5452
3763.000       2.3216
3764.000       2.3302
3767.000       2.2545
3769.000       2.3570
3770.000       2.4384
3772.000       2.6703
3773.000       3.0161
3775.000       3.3020
3777.000       3.2849
3778.000       3.6054
3779.000       3.1221
3781.000       2.8329
3782.000       2.9943
3783.000       2.2102
3785.000       2.5272
3787.000       2.7345
3789.000       2.0052
3790.000       1.9796
3791.000       2.0812
3792.000       1.9496
3793.000       1.9553
3794.000       1.9743
3797.000       1.9405
3799.000       1.9385
3800.000       1.8884
3802.000       1.8372
3803.000       1.8426
3805.000       1.8204
3807.000       1.7873
3808.000       1.7892
3811.000       1.7985
3812.000       1.8237
3813.000       1.8699
3814.000       1.8945
3816.000       1.8829
3818.000       1.9511
3820.000       1.9292
3821.000       1.8896
3822.000       1.9790
3823.000       1.8726
3824.000       1.8541
3825.000       1.8839
3828.000       1.8634
3830.000       1.8575
3831.000       1.8248
3833.000       1.7704
3834.000       1.7634
3836.000       1.7278
3838.000       1.6975
3839.000       1.6857
3842.000       1.7107
3843.000       1.7480
3844.000       1.7858
3845.000       1.8289
3847.000       1.8259
3849.000       1.8931
3851.000       1.8845
3852.000       1.9012
3853.000       2.0191
3854.000       1.9302
3855.000       1.8458
3856.000       1.8817
3859.000       1.8511
3861.000       1.8272
3862.000       1.7752
3864.000       1.6943
3865.000       1.6807
3867.000       1.6163
3868.000       1.5835
3869.000       1.5359
3870.000       1.5095
3871.000       1.5622
3873.000       1.6218
3874.000       1.6689
3877.000       1.6647
3878.000       1.6396
3879.000       1.8038
3881.000       1.7897
3883.000       1.8898
3885.000       1.8656
3886.000       1.8567
3887.000       1.9892
3888.000       1.8457
3889.000       1.7863
3890.000       1.8028
3893.000       1.7378
3895.000       1.7005
3896.000       1.6216
3898.000       1.5358
3899.000       1.5177
3901.000       1.4628
3903.000       1.4189
3904.000       1.4098
3905.000       1.4446
3907.000       1.5014
3908.000       1.5544
3909.000       1.6677
3911.000       1.6276
3913.000       1.7197
3915.000       1.7265
3916.000       1.7270
3917.000       1.8313
3918.000       1.8019
3919.000       1.6297
3920.000       1.6334
3923.000       1.5910
3925.000       1.5733
3926.000       1.5304
3928.000       1.4696
3929.000       1.4907
3931.000       1.4760
3933.000       1.4330
3934.000       1.4572
3937.000       1.4123
3938.000       1.4357
3939.000       1.4582
3940.000       1.5645
3942.000       1.5448
3944.000       1.6236
3946.000       1.6149
3947.000       1.6265
3948.000       1.7419
3949.000       1.6423
3950.000       1.5705
3951.000       1.6334
3954.000       1.5965
3956.000       1.5434
3957.000       1.4897
3959.000       1.4015
3960.000       1.4240
3962.000       1.3996
3964.000       1.3762
3965.000       1.4127
3968.000       1.3740
3969.000       1.3697
3970.000       1.3979
3971.000       1.5683
3973.000       1.5383
3975.000       1.6847
3977.000       1.7120
3978.000       1.8180
3979.000       2.0630
3980.000       1.9704
3981.000       1.6716
3982.000       1.6696
3985.000       1.6245
3987.000       1.6491
3988.000       1.7752
3990.000       1.8964
3991.000       1.8959
3993.000       2.1294
3995.000       2.3810
3996.000       2.6752
3997.000       2.3872
3999.000       2.1694
4000.000       2.3327
4001.000       1.6609
4003.000       1.7808
4005.000       1.8921
4007.000       1.7163
4008.000       1.7878
4009.000       1.9744
4010.000       1.9144
4011.000       1.6799
4012.000       1.7306
4015.000       1.6658
4017.000       1.6601
4018.000       1.5881
4020.000       1.5129
4021.000       1.5758
4023.000       1.5461
4024.000       1.4380
4025.000       1.3955
4026.000       1.4367
4029.000       1.3722
4030.000       1.3981
4032.000       1.4303
4033.000       1.4376
4034.000       1.5780
4036.000       1.5716
4038.000       1.6861
4040.000       1.6371
4041.000       1.5924
4042.000       1.7300
4043.000       1.5612
4044.000       1.5437
4045.000       1.6308
4048.000       1.5826
4050.000       1.5503
4051.000       1.4875
4053.000       1.4092
4054.000       1.4009
4056.000       1.3833
4057.000       1.3772
4058.000       1.4213
4059.000       1.4760
4062.000       1.4720
4063.000       1.4861
4065.000       1.4590
4066.000       1.3965
4067.000       1.5037
4069.000       1.4884
4071.000       1.6044
4073.000       1.5670
4074.000       1.5991
4075.000       1.6948
4076.000       1.6928
4077.000       1.5454
4078.000       1.5630
4081.000       1.5708
4083.000       1.5559
4084.000       1.6230
4086.000       1.6801
4087.000       1.6627
4089.000       1.7936
4091.000       1.9330
4092.000       2.0932
4095.000       1.9606
4096.000       1.8402
4097.000       1.9382
4098.000       1.6103
4100.000       1.6464
4102.000       1.7396
4104.000       1.7181
4105.000       1.8454
4106.000       1.9150
4107.000       2.4459
4108.000       1.7513
4109.000       1.6171
4112.000       1.5766
4114.000       1.5839
4115.000       1.5214
4117.000       1.4741
4118.000       1.5241
4120.000       1.5004
4121.000       1.4232
4122.000       1.3923
4123.000       1.4305
4124.000       1.3589
4126.000       1.3606
4127.000       1.3641
4130.000       1.3966
4131.000       1.4180
4132.000       1.4944
4134.000       1.4997
4136.000       1.5895
4138.000       1.5384
4139.000       1.5504
4140.000       1.6416
4141.000       1.5717
4142.000       1.5086
4143.000       1.5459
4146.000       1.5098
4148.000       1.4756
4149.000       1.4446
4151.000       1.4063
4152.000       1.4344
4154.000       1.4145
4155.000       1.3739
4156.000       1.3763
4157.000       1.4148
4158.000       1.3819
4160.000       1.3804
4161.000       1.4311
4164.000       1.3790
4165.000       1.3724
4166.000       1.5015
4168.000       1.4783
4170.000       1.5578
4172.000       1.5763
4173.000       1.5480
4174.000       1.6416
4175.000       1.5421
4176.000       1.5210
4177.000       1.5789
4180.000       1.5507
4182.000       1.5074
4183.000       1.4684
4185.000       1.3958
4186.000       1.4138
4188.000       1.4226
4190.000       1.4324
4191.000       1.5403
4194.000       1.4397
4195.000       1.4124
4196.000       1.4932
4197.000       1.5242
4199.000       1.5172
4201.000       1.7024
4203.000       1.6556
4204.000       1.7270
4205.000       1.7911
4206.000       1.9314
4207.000       1.6904
4208.000       1.7697
4211.000       1.7778
4213.000       1.7509
4214.000       1.6754
4216.000       1.5523
4217.000       1.4924
4219.000       1.4846
4220.000       1.5008
4221.000       1.5598
4222.000       1.6262
4223.000       1.6481
4225.000       1.7199
4226.000       1.8924
4229.000       1.6979
4230.000       1.5616
4231.000       1.7921
4233.000       1.6938
4235.000       1.8066
4237.000       1.9428
4238.000       2.1045
4239.000       2.3587
4240.000       2.1133
4241.000       2.1477
4242.000       2.4121
4245.000       2.4191
4247.000       2.4542
4248.000       2.3531
4250.000       2.1600
4251.000       1.9550
4253.000       1.9600
4254.000       2.2832
4255.000       2.6939
4256.000       2.8128
4259.000       3.1099
4260.000       3.0781
4262.000       2.7416
4263.000       2.3677
4264.000       2.2073
4266.000       2.2723
4268.000       2.5528
4270.000       2.3712
4271.000       2.2692
4272.000       2.6177
4273.000       2.2321
4274.000       2.0902
4275.000       2.2138
4278.000       2.2067
4280.000       2.3279
4281.000       2.4860
4283.000       2.4440
4284.000       2.1327
4286.000       2.2410
4288.000       2.7340
4289.000       3.0072
4292.000       3.0971
4293.000       2.9368
4294.000       3.3624
4295.000       2.1673
4297.000       2.4409
4299.000       3.1304
4301.000       2.3670
4302.000       2.3548
4303.000       2.4184
4304.000       2.7553
4305.000       2.2737
4306.000       2.1015
4309.000       2.1275
4311.000       2.2564
4312.000       2.3728
4314.000       2.5691
4315.000       2.8958
4317.000       3.1408
4318.000       2.9815
4319.000       3.2270
4320.000       3.6444
4323.000       3.1648
4324.000       2.8458
4326.000       2.5606
4327.000       2.6403
4328.000       2.1202
4330.000       2.2605
4332.000       2.4826
4334.000       2.3385
4335.000       2.5801
4336.000       3.1245
4337.000       2.8340
4338.000       2.3346
4339.000       2.3486
4342.000       2.1172
4344.000       1.9924
4345.000       1.8586
4347.000       1.7828
4348.000       1.8188
4350.000       1.7627
4351.000       1.6891
4352.000       1.6549
4353.000       1.6707
4354.000       1.6532
4356.000       1.6721
4357.000       1.7058
4360.000       1.6973
4361.000       1.7048
4362.000       2.0200
4364.000       1.8788
4366.000       1.9703
4368.000       2.1739
4369.000       2.2673
4370.000       2.4033
4371.000       2.4111
4372.000       2.5393
4373.000       2.6792
4376.000       2.3911
4378.000       2.2456
4379.000       2.0343
4381.000       1.9120
4382.000       1.9556
4384.000       1.8694
4385.000       1.7465
4386.000       1.6595
4387.000       1.6655
4390.000       1.6267
4391.000       1.6801
4393.000       1.7604
4394.000       1.7831
4395.000       2.2095
4397.000       2.0205
4399.000       2.1315
4401.000       2.3259
4402.000       2.3312
4403.000       2.5069
4404.000       2.3406
4405.000       2.2155
4406.000       2.2410
4409.000       2.1355
4411.000       2.0476
4412.000       1.9546
4414.000       1.8616
4415.000       1.8889
4417.000       1.8340
4419.000       1.7449
4420.000       1.7216
4423.000       1.7301
4424.000       1.7886
4425.000       1.8191
4426.000       2.0754
4428.000       1.9946
4430.000       2.0838
4432.000       2.1725
4433.000       2.1825
4434.000       2.3301
4435.000       2.1934
4436.000       2.0864
4437.000       2.1270
4440.000       2.0417
4442.000       1.9857
4443.000       1.8981
4445.000       1.8305
4446.000       1.8565
4448.000       1.8315
4450.000       1.7709
4451.000       1.7825
4452.000       1.7514
4454.000       1.7819
4455.000       1.8040
4456.000       1.9739
4458.000       1.9196
4460.000       2.0040
4462.000       2.0469
4463.000       2.0045
4464.000       2.1645
4465.000       2.0396
4466.000       1.8297
4467.000       1.8270
4470.000       1.6593
4472.000       1.6370
4473.000       1.5097
4475.000       1.5158
4476.000       1.5872
4478.000       1.6008
4479.000       1.5322
4480.000       1.5423
4481.000       1.6084
4482.000       1.5116
4484.000       1.4834
4485.000       1.5104
4488.000       1.4747
4489.000       1.4906
4490.000       1.5448
4492.000       1.4610
4494.000       1.4808
4496.000       1.5525
4497.000       1.5315
4498.000       1.6407
4499.000       1.6306
4500.000       1.4273
4501.000       1.3992
4504.000       1.3581
4506.000       1.3463
4507.000       1.3335
4509.000       1.3364
4510.000       1.3578
4512.000       1.4341
4514.000       1.4767
4515.000       1.5787
4518.000       1.4646
4519.000       1.4001
4520.000       1.4669
4521.000       1.4110
4523.000       1.4173
4525.000       1.5375
4527.000       1.5322
4528.000       1.5779
4529.000       1.8920
4530.000       1.6395
4531.000       1.3787
4532.000       1.6185
4535.000       1.3509
4537.000       1.2172
4538.000       1.1175
4540.000       1.1601
4541.000       1.3633
4543.000       1.4818
4544.000       1.3095
4545.000       1.3695
4546.000       1.5848
4549.000       1.3052
4550.000       1.2241
4552.000       1.1467
4553.000       1.1510
4554.000       1.2806
4556.000       1.1910
4558.000       1.2495
4560.000       1.3484
4561.000       1.4469
4562.000       1.6693
4563.000       1.6064
4564.000       1.4424
4565.000       1.5784
4568.000       1.6040
4570.000       1.6256
4571.000       1.6023
4573.000       1.4845
4574.000       1.3764
4576.000       1.3195
4578.000       1.3820
4579.000       1.4246
4582.000       1.5126
4583.000       1.5590
4584.000       1.7335
4585.000       1.5365
4587.000       1.6252
4589.000       1.8251
4591.000       1.5906
4592.000       1.5709
4593.000       1.6794
4594.000       1.6079
4595.000       1.5193
4596.000       1.6086
4599.000       1.6173
4601.000       1.5643
4602.000       1.4814
4604.000       1.3444
4605.000       1.3511
4607.000       1.2419
4608.000       1.1657
4609.000       1.1311
4610.000       1.1742
4611.000       1.1474
4613.000       1.1856
4614.000       1.2505
4617.000       1.2444
4618.000       1.2304
4619.000       1.5669
4621.000       1.5474
4623.000       1.7091
4625.000       1.7219
4626.000       1.7277
4627.000       1.9616
4628.000       1.6697
4629.000       1.6140
4630.000       1.6912
4633.000       1.5857
4635.000       1.4418
4636.000       1.3518
4638.000       1.2618
4639.000       1.2510
4641.000       1.1906
4642.000       1.1734
4643.000       1.1877
4644.000       1.2240
4645.000       1.2335
4647.000       1.2457
4648.000       1.3193
4651.000       1.2459
4652.000       1.2113
4653.000       1.5750
4655.000       1.4746
4657.000       1.5695
4659.000       1.7359
4660.000       1.8034
4661.000       1.9999
4662.000       1.7890
4663.000       1.7342
4664.000       1.7863
4667.000       1.7331
4669.000       1.5838
4670.000       1.5662
4672.000       1.4646
4673.000       1.4293
4675.000       1.3625
4677.000       1.3492
4678.000       1.3406
4681.000       1.4099
4682.000       1.4614
4683.000       1.5561
4684.000       1.8009
4686.000       1.7364
4688.000       1.8389
4690.000       1.9948
4691.000       2.1140
4692.000       2.3443
4693.000       2.0741
4694.000       2.0865
4695.000       2.2017
4698.000       2.1914
4700.000       2.0433
4701.000       2.0473
4703.000       1.9135
4704.000       1.8207
4706.000       1.7165
4708.000       1.7103
4709.000       1.6535
4712.000       1.8192
4713.000       1.9198
4714.000       2.0555
4715.000       2.2465
4717.000       2.2187
4719.000       2.3811
4721.000       2.4419
4722.000       2.5330
4723.000       2.7759
4724.000       2.4515
4725.000       2.5093
4726.000       2.6534
4729.000       2.6334
4731.000       2.4633
4732.000       2.4417
4734.000       2.2744
4735.000       2.1762
4737.000       2.0383
4739.000       1.9972
4740.000       1.8996
4743.000       2.1071
4744.000       2.2472
4745.000       2.3856
4746.000       2.6746
4748.000       2.6241
4750.000       2.7971
4752.000       2.8920
4753.000       2.9892
4754.000       3.2568
4755.000       2.9307
4756.000       2.9058
4757.000       3.0267
4760.000       2.9366
4762.000       2.7352
4763.000       2.6373
4765.000       2.4568
4766.000       2.4405
4768.000       2.3121
4770.000       2.1828
4771.000       2.1119
4772.000       2.2067
4774.000       2.3443
4775.000       2.4024
4776.000       2.9353
4778.000       2.8030
4780.000       2.9417
4782.000       3.1505
4783.000       3.2075
4784.000       3.5044
4785.000       3.1566
4786.000       3.0632
4787.000       3.1150
4790.000       2.9995
4792.000       2.8138
4793.000       2.7276
4795.000       2.5951
4796.000       2.5743
4798.000       2.5183
4799.000       2.4950
4800.000       2.5256
4801.000       2.5817
4802.000       2.5923
4804.000       2.6310
4805.000       2.7602
4808.000       2.6182
4809.000       2.5437
4810.000       2.9879
4812.000       2.8812
4814.000       3.0471
4816.000       3.1962
4817.000       3.2904
4818.000       3.5342
4819.000       3.2787
4820.000       3.1776
4821.000       3.2405
4824.000       3.1448
4826.000       2.9469
4827.000       2.8802
4829.000       2.7715
4830.000       2.7821
4832.000       2.7118
4834.000       2.6410
4835.000       2.6244
4838.000       2.6410
4839.000       2.6963
4840.000       2.7262
4841.000       3.1929
4843.000       3.0536
4845.000       3.1284
4847.000       3.4075
4848.000       3.5791
4849.000       3.8339
4850.000       3.5915
4851.000       3.5031
4852.000       3.5478
4855.000       3.4850
4857.000       3.3179
4858.000       3.3018
4860.000       3.2137
4861.000       3.1975
4863.000       3.1388
4865.000       3.1076
4866.000       3.0873
4869.000       3.1480
4870.000       3.1956
4871.000       3.2699
4872.000       3.5667
4874.000       3.4783
4876.000       3.5509
4878.000       3.7613
4879.000       3.9438
4880.000       4.1022
4881.000       4.0464
4882.000       3.9088
4883.000       3.9067
4886.000       3.9397
4888.000       3.8257
4889.000       3.9543
4891.000       3.9611
4892.000       3.9250
4894.000       3.9912
4896.000       4.0928
4897.000       4.2029
4898.000       4.1298
4900.000       4.0791
4901.000       4.1936
4902.000       4.1303
4904.000       4.1565
4906.000       4.2614
4908.000       4.3011
4909.000       4.4730
4910.000       4.7336
4911.000       4.4269
4912.000       4.5270
4913.000       4.7334
4916.000       4.8878
4918.000       4.7114
4919.000       4.8758
4921.000       4.6898
4922.000       4.4458
4924.000       4.3982
4926.000       4.5971
4927.000       4.6655
4930.000       4.8445
4931.000       4.8943
4932.000       5.2203
4933.000       5.0740
4935.000       5.1418
4937.000       5.5599
4939.000       5.4283
4942.000       4.8056
4943.000       4.9357
4946.000       4.8044
4948.000       4.8426
4949.000       4.5788
4951.000       4.3448
4952.000       4.3952
4954.000       4.2507
4955.000       4.0688
4956.000       3.9308
4957.000       3.9529
4960.000       3.8782
4961.000       3.9664
4963.000       4.1086
4964.000       4.1384
4965.000       4.4305
4967.000       4.4257
4969.000       4.7087
4971.000       4.4652
4972.000       4.2204
4973.000       4.4534
4974.000       4.0475
4975.000       4.0795
4976.000       4.2216
4979.000       4.1167
4981.000       4.1147
4982.000       3.9135
4984.000       3.7207
4985.000       3.6903
4987.000       3.5236
4988.000       3.4382
4989.000       3.2967
4990.000       3.2143
4991.000       3.2969
4993.000       3.4179
4994.000       3.4309
4997.000       3.5552
4998.000       3.5582
4999.000       3.8472
5001.000       3.7960
5003.000       3.9733
5005.000       3.8842
5006.000       3.6830
5007.000       3.8458
5008.000       3.6152
5009.000       3.4666
5010.000       3.5075
5013.000       3.3274
5015.000       3.2744
5016.000       3.0926
5018.000       2.9466
5019.000       2.9852
5021.000       2.8767
5022.000       2.7649
5023.000       2.6745
5024.000       2.6512
5025.000       2.6655
5027.000       2.7193
5028.000       2.7465
5031.000       2.7817
5032.000       2.8104
5033.000       3.1645
5035.000       3.0603
5037.000       3.1335
5039.000       3.1533
5040.000       3.3445
5041.000       3.5328
5042.000       3.7328
5043.000       3.1982
5044.000       2.9642
5047.000       3.0176
5049.000       3.0837
5050.000       3.0440
5052.000       3.0981
5053.000       3.0524
5055.000       3.3556
5057.000       3.6858
5058.000       4.1035
5059.000       3.6816
5061.000       3.4380
5062.000       3.6884
5063.000       3.0052
5065.000       2.9173
5067.000       3.1257
5069.000       3.1225
5070.000       3.2089
5071.000       3.2114
5072.000       3.3716
5073.000       3.2894
5074.000       3.3890
5077.000       3.5196
5079.000       3.5348
5080.000       3.5711
5082.000       3.4165
5083.000       3.2772
5085.000       3.2075
5086.000       3.3068
5087.000       3.3382
5088.000       3.2873
5089.000       3.4917
5091.000       3.6114
5092.000       3.7835
5095.000       3.5961
5096.000       3.4374
5097.000       3.5366
5099.000       3.6429
5101.000       3.8693
5103.000       3.6757
5104.000       3.6584
5105.000       3.8759
5106.000       3.4943
5107.000       3.6620
5108.000       3.8803
5111.000       3.8769
5113.000       3.7827
5114.000       3.6820
5116.000       3.4650
5117.000       3.3335
5119.000       3.1716
5121.000       3.1367
5122.000       3.0361
5123.000       3.2845
5125.000       3.4449
5126.000       3.6005
5127.000       3.7686
5129.000       3.7332
5131.000       4.0635
5133.000       4.0080
5134.000       4.0126
5135.000       4.3685
5136.000       3.9242
5137.000       3.8366
5138.000       3.9957
5141.000       3.8631
5143.000       3.7033
5144.000       3.5362
5146.000       3.2886
5147.000       3.1681
5149.000       2.9747
5150.000       2.9749
5151.000       2.8585
5152.000       2.7219
5153.000       2.9616
5155.000       3.1483
5156.000       3.2520
5159.000       3.2597
5160.000       3.1672
5161.000       3.7450
5163.000       3.6088
5165.000       3.7136
5167.000       3.7899
5168.000       3.7460
5169.000       4.0005
5170.000       3.6502
5171.000       3.5889
5172.000       3.7174
5175.000       3.5580
5177.000       3.4575
5178.000       3.2513
5180.000       3.0256
5181.000       2.9932
5183.000       2.8038
5185.000       2.6350
5186.000       2.4935
5187.000       2.6973
5189.000       2.8830
5190.000       2.9526
5191.000       3.3476
5193.000       3.2195
5195.000       3.3678
5197.000       3.4572
5198.000       3.3264
5199.000       3.5451
5200.000       3.2296
5201.000       3.1400
5202.000       3.2203
5205.000       3.0872
5207.000       3.0691
5208.000       2.9119
5210.000       2.7562
5211.000       2.7173
5213.000       2.6097
5215.000       2.5384
5216.000       2.4792
5219.000       2.5995
5220.000       2.7049
5221.000       2.8155
5222.000       2.8732
5224.000       2.8316
5226.000       2.9720
5228.000       2.8892
5229.000       2.7285
5230.000       2.8390
5231.000       2.7455
5232.000       2.5218
5233.000       2.5203
5236.000       2.3851
5238.000       2.3536
5239.000       2.1934
5241.000       2.0757
5242.000       2.1420
5244.000       2.0694
5246.000       1.9002
5247.000       1.8533
5250.000       1.8402
5251.000       1.9403
5252.000       1.9558
5253.000       2.2150
5255.000       2.1462
5257.000       2.2539
5259.000       2.2544
5260.000       2.1565
5261.000       2.2873
5262.000       2.1533
5263.000       2.0186
5264.000       2.0260
5267.000       1.9400
5269.000       1.9009
5270.000       1.7802
5272.000       1.6728
5273.000       1.7241
5275.000       1.6454
5276.000       1.5235
5277.000       1.4350
5278.000       1.4443
5281.000       1.3992
5282.000       1.4487
5284.000       1.5280
5285.000       1.5534
5286.000       1.8090
5288.000       1.7783
5290.000       1.9121
5292.000       1.8856
5293.000       1.8329
5294.000       1.9863
5295.000       1.7862
5296.000       1.7769
5297.000       1.8565
5300.000       1.7950
5302.000       1.6862
5303.000       1.6043
5305.000       1.5129
5306.000       1.5208
5308.000       1.4798
5309.000       1.4300
5310.000       1.4166
5311.000       1.4428
5314.000       1.4313
5315.000       1.4638
5317.000       1.4833
5318.000       1.4569
5319.000       1.7807
5321.000       1.6986
5323.000       1.7856
5325.000       1.9745
5326.000       1.7200
5327.000       2.0845
5328.000       1.8016
5329.000       1.5430
5330.000       1.5364
5333.000       1.4944
5335.000       1.4926
5336.000       1.4347
5338.000       1.4073
5339.000       1.4495
5341.000       1.4365
5343.000       1.3796
5344.000       1.4025
5345.000       1.3727
5347.000       1.3897
5348.000       1.4647
5349.000       1.4989
5351.000       1.4423
5353.000       1.4972
5355.000       1.5818
5356.000       1.6577
5357.000       1.7453
5358.000       1.9099
5359.000       1.4860
5360.000       1.3894
5363.000       1.3333
5365.000       1.3468
5366.000       1.3993
5368.000       1.4784
5369.000       1.6031
5371.000       1.6734
5372.000       1.5762
5373.000       1.6092
5374.000       1.7137
5375.000       1.5656
5377.000       1.4992
5378.000       1.5452
5381.000       1.4504
5382.000       1.4832
5383.000       1.3741
5385.000       1.4421
5387.000       1.4951
5389.000       1.3711
5390.000       1.4127
5391.000       1.5168
5392.000       1.4990
5393.000       1.3593
5394.000       1.1898
5397.000       1.1925
5399.000       1.2051
5400.000       1.2144
5402.000       1.2274
5403.000       1.2667
5405.000       1.2903
5406.000       1.2689
5407.000       1.3057
5408.000       1.3750
5411.000       1.3113
5412.000       1.2772
5414.000       1.2384
5415.000       1.2330
5416.000       1.2345
5418.000       1.2386
5420.000       1.3398
5422.000       1.3386
5423.000       1.3989
5424.000       1.4893
5425.000       1.6189
5426.000       1.3922
5427.000       1.4939
5430.000       1.3732
5432.000       1.3863
5433.000       1.3406
5435.000       1.3910
5436.000       1.5733
5438.000       1.7926
5439.000       1.7314
5440.000       2.0117
5441.000       2.3463
5444.000       2.1177
5445.000       1.9907
5447.000       1.7127
5448.000       1.5376
5449.000       1.4418
5451.000       1.5017
5453.000       1.8256
5455.000       1.6880
5456.000       1.7715
5457.000       1.9830
5458.000       2.0714
5459.000       1.7894
5460.000       1.9946
5463.000       1.8453
5465.000       1.7372
5466.000       1.6764
5468.000       1.6112
5469.000       1.6495
5471.000       1.6262
5473.000       1.5580
5474.000       1.5730
5477.000       1.5334
5478.000       1.5608
5479.000       1.5870
5480.000       1.7694
5482.000       1.7273
5484.000       1.8647
5486.000       1.8638
5487.000       1.9025
5488.000       2.0730
5489.000       1.8969
5490.000       1.8426
5491.000       1.9156
5494.000       1.8722
5496.000       1.7927
5497.000       1.7541
5499.000       1.6638
5500.000       1.6716
5502.000       1.6316
5503.000       1.5908
5504.000       1.5896
5505.000       1.6238
5508.000       1.6229
5509.000       1.6482
5511.000       1.6482
5512.000       1.6156
5513.000       1.8522
5515.000       1.8232
5517.000       1.9606
5519.000       1.9830
5520.000       2.0340
5521.000       2.2205
5522.000       2.0242
5523.000       1.9752
5524.000       2.0761
5527.000       2.0230
5529.000       1.9189
5530.000       1.8595
5532.000       1.7317
5533.000       1.7086
5535.000       1.6395
5536.000       1.6101
5537.000       1.5882
5538.000       1.5934
5539.000       1.6241
5541.000       1.6801
5542.000       1.7462
5545.000       1.7102
5546.000       1.6682
5547.000       2.0069
5549.000       1.9526
5551.000       2.0932
5553.000       2.1507
5554.000       2.1985
5555.000       2.3996
5556.000       2.1931
5557.000       2.0987
5558.000       2.1604
5561.000       2.0634
5563.000       1.9481
5564.000       1.8599
5566.000       1.7519
5567.000       1.7783
5569.000       1.7259
5571.000       1.6443
5572.000       1.6460
5573.000       1.6288
5575.000       1.6767
5576.000       1.7076
5577.000       2.0380
5579.000       1.9424
5581.000       2.0381
5583.000       2.1742
5584.000       2.2171
5585.000       2.4018
5586.000       2.2249
5587.000       2.1052
5588.000       2.1479
5591.000       2.0494
5593.000       1.9464
5594.000       1.8632
5596.000       1.7773
5597.000       1.7797
5599.000       1.7300
5601.000       1.6738
5602.000       1.6654
5605.000       1.6812
5606.000       1.7312
5607.000       1.7794
5608.000       2.0169
5610.000       1.9260
5612.000       2.0044
5614.000       2.1301
5615.000       2.1620
5616.000       2.3329
5617.000       2.2114
5618.000       2.0327
5619.000       2.1143
5622.000       1.9588
5624.000       1.8799
5625.000       1.8047
5627.000       1.7963
5628.000       1.8387
5630.000       1.8679
5631.000       1.8425
5632.000       1.9136
5633.000       2.0118
5634.000       1.9334
5636.000       1.8902
5637.000       1.9756
5640.000       1.8253
5641.000       1.8002
5642.000       1.9210
5644.000       1.8398
5646.000       1.8788
5648.000       1.9843
5649.000       2.0319
5650.000       2.1544
5651.000       2.1172
5652.000       1.9353
5653.000       1.9226
5656.000       1.8639
5658.000       1.8153
5659.000       1.7912
5661.000       1.7718
5662.000       1.8040
5664.000       1.8092
5666.000       1.7817
5667.000       1.8198
5668.000       1.7634
5670.000       1.7582
5671.000       1.7871
5672.000       1.8761
5674.000       1.8505
5676.000       1.9073
5678.000       1.9490
5679.000       1.9965
5680.000       2.1322
5681.000       2.0524
5682.000       1.9133
5683.000       1.9289
5686.000       1.8780
5688.000       1.8294
5689.000       1.7932
5691.000       1.7586
5692.000       1.7838
5694.000       1.7836
5696.000       1.7552
5697.000       1.7893
5698.000       1.7512
5700.000       1.7553
5701.000       1.8067
5702.000       1.8731
5704.000       1.8478
5706.000       1.9313
5708.000       1.9525
5709.000       1.9953
5710.000       2.1351
5711.000       2.0393
5712.000       1.9213
5713.000       1.9387
5716.000       1.8889
5718.000       1.8334
5719.000       1.8016
5721.000       1.7641
5722.000       1.7801
5724.000       1.7840
5726.000       1.7720
5727.000       1.8149
5730.000       1.7677
5731.000       1.7636
5732.000       1.8046
5733.000       1.8987
5735.000       1.8703
5737.000       1.9531
5739.000       1.9853
5740.000       2.0303
5741.000       2.1633
5742.000       2.0705
5743.000       1.9557
5744.000       1.9631
5747.000       1.8978
5749.000       1.8496
5750.000       1.8227
5752.000       1.8240
5753.000       1.8519
5755.000       1.8718
5757.000       1.8713
5758.000       1.9215
5761.000       1.8584
5762.000       1.8314
5763.000       1.8455
5764.000       1.9086
5766.000       1.8590
5768.000       1.8775
5770.000       1.9795
5771.000       2.0502
5772.000       2.1449
5773.000       2.1194
5774.000       1.9848
5775.000       1.9561
5778.000       1.9288
5780.000       1.8881
5781.000       1.9083
5783.000       1.9350
5784.000       1.9715
5786.000       2.0116
5787.000       2.0135
5788.000       2.0913
5789.000       2.1710
5790.000       2.1129
5792.000       2.0577
5793.000       2.1176
5796.000       1.9808
5797.000       1.9646
5798.000       2.0072
5800.000       1.9855
5802.000       2.0031
5804.000       2.0988
5805.000       2.2410
5806.000       2.3547
5807.000       2.2802
5808.000       2.2814
5809.000       2.4396
5812.000       2.4744
5814.000       2.5013
5815.000       2.4408
5817.000       2.3227
5818.000       2.2701
5820.000       2.2297
5821.000       2.2552
5822.000       2.3078
5823.000       2.2977
5826.000       2.4465
5827.000       2.5304
5829.000       2.4814
5830.000       2.3318
5831.000       2.3723
5833.000       2.4185
5835.000       2.5845
5837.000       2.4436
5838.000       2.3800
5839.000       2.5278
5840.000       2.2691
5841.000       2.3566
5842.000       2.4859
5845.000       2.4812
5847.000       2.4416
5848.000       2.3757
5850.000       2.2428
5851.000       2.1673
5853.000       2.0838
5854.000       2.0975
5855.000       2.0676
5856.000       2.0082
5859.000       2.1394
5860.000       2.2353
5862.000       2.2781
5863.000       2.2001
5864.000       2.4039
5866.000       2.3979
5868.000       2.5497
5870.000       2.4955
5871.000       2.4602
5872.000       2.5804
5873.000       2.3518
5874.000       2.4794
5875.000       2.6147
5878.000       2.6386
5880.000       2.5905
5881.000       2.5308
5883.000       2.3771
5884.000       2.2936
5886.000       2.1838
5887.000       2.1981
5888.000       2.1544
5889.000       2.0651
5892.000       2.2360
5893.000       2.3536
5895.000       2.4064
5896.000       2.3209
5897.000       2.5863
5899.000       2.5834
5901.000       2.7459
5903.000       2.7116
5904.000       2.6820
5905.000       2.8791
5906.000       2.7069
5907.000       2.5448
5908.000       2.5551
5911.000       2.4171
5913.000       2.3427
5914.000       2.2150
5916.000       2.1741
5917.000       2.2444
5919.000       2.1924
5920.000       2.0782
5921.000       2.0011
5922.000       2.0145
5923.000       1.9325
5925.000       1.9340
5926.000       1.9019
5929.000       1.9987
5930.000       2.0703
5931.000       2.3479
5933.000       2.2320
5935.000       2.2535
5937.000       2.4227
5938.000       2.4129
5939.000       2.5620
5940.000       2.4679
5941.000       2.2360
5942.000       2.2082
5945.000       2.0928
5947.000       2.0256
5948.000       1.9582
5950.000       1.9156
5951.000       1.9687
5953.000       1.9436
5954.000       1.8604
5955.000       1.8232
5956.000       1.8506
5957.000       1.7889
5959.000       1.7901
5960.000       1.8013
5963.000       1.8225
5964.000       1.8507
5965.000       2.0633
5967.000       1.9856
5969.000       2.0371
5971.000       2.1501
5972.000       2.1926
5973.000       2.3355
5974.000       2.2325
5975.000       2.1045
5976.000       2.1336
5979.000       2.0881
5981.000       1.9953
5982.000       1.9578
5984.000       1.8764
5985.000       1.9036
5987.000       1.8765
5988.000       1.8187
5989.000       1.7985
5990.000       1.8315
5993.000       1.7871
5994.000       1.8008
5996.000       1.8263
5997.000       1.8216
5998.000       2.1153
6000.000       2.0614
6002.000       2.1810
6004.000       2.2817
6005.000       2.3798
6006.000       2.6306
6007.000       2.4372
6008.000       2.2340
6009.000       2.2626
6012.000       2.1447
6014.000       2.0272
6015.000       2.0115
6017.000       1.9125
6018.000       1.9499
6020.000       1.9110
6021.000       1.8332
6022.000       1.8049
6023.000       1.8465
6026.000       1.7934
6027.000       1.8093
6029.000       1.8358
6030.000       1.8394
6031.000       2.1794
6033.000       2.2162
6035.000       2.4918
6037.000       2.2902
6038.000       2.2550
6039.000       2.3705
6040.000       2.5824
6041.000       2.0404
6042.000       2.1286
6045.000       2.0591
6047.000       2.0103
6048.000       1.9433
6050.000       1.9624
6051.000       2.1907
6053.000       2.2804
6054.000       2.0912
6055.000       2.1988
6056.000       2.4428
6057.000       2.1617
6059.000       2.0720
6060.000       2.2693
6063.000       1.9392
6064.000       1.9286
6065.000       2.0306
6067.000       2.0424
6069.000       2.3156
6071.000       2.2626
