   2.000       2.8285
   3.000       2.8555
   6.000       2.6926
   8.000       2.6374
   9.000       2.4588
  11.000       2.2994
  12.000       2.3360
  14.000       2.2079
  15.000       2.0627
  16.000       1.9162
  17.000       1.8764
  18.000       1.8779
  20.000       1.9848
  21.000       2.0142
  24.000       2.1114
  25.000       2.1360
  26.000       2.5046
  28.000       2.4275
  30.000       2.5926
  32.000       2.5943
  33.000       2.5215
  34.000       2.7139
  35.000       2.4916
  36.000       2.3739
  37.000       2.4669
  40.000       2.3564
  42.000       2.2549
  43.000       2.1126
  45.000       1.9577
  46.000       1.9710
  48.000       1.8650
  49.000       1.7542
  50.000       1.6461
  51.000       1.6297
  52.000       1.6250
  54.000       1.7128
  55.000       1.7519
  58.000       1.8181
  59.000       1.8221
  60.000       2.2407
  62.000       2.1511
  64.000       2.3081
  66.000       2.3729
  67.000       2.3448
  68.000       2.5595
  69.000       2.3184
  70.000       2.1975
  71.000       2.2793
  74.000       2.1528
  76.000       2.0366
  77.000       1.8968
  79.000       1.7645
  80.000       1.7898
  82.000       1.7126
  83.000       1.6101
  84.000       1.5402
  85.000       1.5628
  88.000       1.5196
  89.000       1.5698
  91.000       1.6417
  92.000       1.6483
  93.000       2.0596
  95.000       1.9521
  97.000       2.0778
  99.000       2.1976
 100.000       2.1767
 101.000       2.4125
 102.000       2.1854
 103.000       2.0003
 104.000       2.0676
 107.000       1.9568
 109.000       1.8217
 110.000       1.7477
 112.000       1.6372
 113.000       1.6480
 115.000       1.6356
 117.000       1.6139
 118.000       1.6832
 119.000       1.6091
 121.000       1.6219
 122.000       1.7042
 123.000       1.9268
 125.000       1.8636
 127.000       2.0138
 129.000       2.0864
 130.000       2.1515
 131.000       2.3601
 132.000       2.1553
 133.000       2.0611
 134.000       2.1213
 137.000       2.0783
 139.000       1.9551
 140.000       1.9476
 142.000       1.8361
 143.000       1.8222
 145.000       1.7652
 147.000       1.7285
 148.000       1.7378
 151.000       1.7626
 152.000       1.8117
 153.000       1.8994
 154.000       2.1354
 156.000       2.0857
 158.000       2.1988
 160.000       2.2756
 161.000       2.4458
 162.000       2.5628
 163.000       2.6300
 164.000       2.3798
 165.000       2.5884
 168.000       2.5256
 170.000       2.4292
 171.000       2.4658
 173.000       2.4000
 174.000       2.4205
 176.000       2.6148
 177.000       2.7283
 178.000       3.1411
 179.000       3.4688
 182.000       3.4026
 183.000       3.2770
 185.000       2.9136
 186.000       2.6181
 187.000       2.4659
 189.000       2.5233
 191.000       2.8317
 193.000       2.6779
 194.000       2.7111
 195.000       2.9812
 196.000       2.6750
 197.000       2.6488
 198.000       2.8318
 201.000       2.8475
 203.000       2.7653
 204.000       2.7677
 206.000       2.5898
 207.000       2.5431
 209.000       2.4853
 211.000       2.4986
 212.000       2.5691
 215.000       2.5823
 216.000       2.6120
 217.000       2.7778
 218.000       2.7914
 220.000       2.8277
 222.000       3.1034
 224.000       3.0034
 225.000       3.0435
 226.000       3.3198
 227.000       3.0014
 228.000       2.9201
 229.000       3.0125
 232.000       2.9184
 234.000       2.8013
 235.000       2.6918
 237.000       2.5848
 238.000       2.6709
 240.000       2.5907
 241.000       2.4304
 242.000       2.3395
 243.000       2.3786
 244.000       2.2579
 246.000       2.2660
 247.000       2.2478
 250.000       2.3481
 251.000       2.4273
 252.000       2.8920
 254.000       2.7696
 256.000       2.8456
 258.000       3.0379
 259.000       3.0687
 260.000       3.3526
 261.000       3.0976
 262.000       2.8228
 263.000       2.8460
 266.000       2.7092
 268.000       2.6059
 269.000       2.5350
 271.000       2.4886
 272.000       2.6194
 274.000       2.5345
 275.000       2.3379
 276.000       2.2055
 277.000       2.2094
 280.000       2.1185
 281.000       2.1454
 283.000       2.2331
 284.000       2.3265
 285.000       2.6728
 287.000       2.5702
 289.000       2.6076
 291.000       2.7877
 292.000       3.0068
 293.000       3.4961
 294.000       3.1320
 295.000       2.7154
 296.000       2.6393
 299.000       2.5041
 301.000       2.2322
 302.000       2.1841
 304.000       1.9792
 305.000       1.9664
 307.000       1.8273
 308.000       1.7504
 309.000       1.6877
 310.000       1.6813
 311.000       1.7304
 313.000       1.7958
 314.000       1.8770
 317.000       1.8588
 318.000       1.8375
 319.000       2.6310
 321.000       2.4042
 323.000       2.4962
 325.000       2.7861
 326.000       2.9844
 327.000       3.3550
 328.000       3.1232
 329.000       2.8508
 330.000       2.8203
 333.000       2.5853
 335.000       2.3418
 336.000       2.2345
 338.000       2.1346
 339.000       2.1289
 341.000       2.0632
 342.000       2.0416
 343.000       2.0638
 344.000       2.0862
 345.000       2.1459
 347.000       2.1793
 348.000       2.3130
 351.000       2.1488
 352.000       2.0867
 353.000       2.6534
 355.000       2.4579
 357.000       2.5227
 359.000       2.9142
 360.000       3.1464
 361.000       3.4329
 362.000       3.2159
 363.000       3.0584
 364.000       3.1164
 367.000       3.0963
 369.000       2.8858
 370.000       2.9261
 372.000       2.7924
 373.000       2.7070
 375.000       2.6405
 376.000       2.6906
 377.000       2.7124
 378.000       2.6783
 379.000       2.8506
 381.000       2.9508
 382.000       3.1338
 385.000       2.9309
 386.000       2.7932
 387.000       3.2693
 389.000       3.2173
 391.000       3.3743
 393.000       3.5433
 394.000       3.7428
 395.000       4.0296
 396.000       3.6878
 397.000       3.7353
 398.000       4.0446
 401.000       4.0207
 403.000       3.7867
 404.000       3.7788
 406.000       3.5878
 407.000       3.4434
 409.000       3.3404
 410.000       3.4099
 411.000       3.3973
 412.000       3.3244
 413.000       3.5414
 415.000       3.6933
 416.000       3.8616
 419.000       3.7212
 420.000       3.5662
 421.000       4.0881
 423.000       4.0328
 425.000       4.2484
 427.000       4.3519
 428.000       4.5290
 429.000       4.8193
 430.000       4.4306
 431.000       4.5452
 432.000       4.7452
 435.000       4.7597
 437.000       4.4968
 438.000       4.4800
 440.000       4.2249
 441.000       4.1089
 443.000       3.9637
 444.000       3.9768
 445.000       3.9141
 446.000       3.8452
 447.000       3.9966
 449.000       4.1291
 450.000       4.2156
 453.000       4.2097
 454.000       4.1263
 455.000       4.8391
 457.000       4.7656
 459.000       5.0039
 461.000       5.1613
 462.000       5.3003
 463.000       5.6539
 464.000       5.1427
 465.000       5.2734
 466.000       5.3475
 469.000       5.4575
 471.000       5.7301
 472.000       5.7258
 474.000       5.7306
 475.000       5.6904
 477.000       5.7995
 478.000       5.9138
 479.000       6.1077
 480.000       6.2254
 483.000       6.2412
 484.000       6.1888
 486.000       6.0187
 487.000       5.8764
 488.000       5.2187
 490.000       5.4543
 492.000       5.6065
 494.000       5.0677
 495.000       4.7327
 496.000       4.7091
 497.000       4.5680
 498.000       4.7371
 499.000       4.8708
 502.000       4.9611
 504.000       5.1700
 505.000       5.1414
 507.000       5.0811
 508.000       4.9234
 510.000       4.9690
 511.000       5.1690
 512.000       5.3546
 513.000       5.3930
 514.000       5.5612
 516.000       5.5959
 517.000       5.8343
 520.000       5.4432
 521.000       5.2309
 522.000       4.7148
 524.000       4.9157
 526.000       5.1079
 528.000       4.6125
 529.000       4.3358
 530.000       4.3275
 531.000       4.1254
 532.000       4.4282
 533.000       4.5756
 536.000       4.7213
 538.000       4.9002
 539.000       4.9372
 541.000       4.8221
 542.000       4.5989
 544.000       4.5763
 545.000       4.8164
 546.000       4.9856
 547.000       4.9313
 550.000       5.2758
 551.000       5.3765
 553.000       5.2429
 554.000       4.9661
 555.000       4.5534
 557.000       4.7951
 559.000       5.0215
 561.000       4.5054
 562.000       4.3223
 563.000       4.6016
 564.000       4.2115
 565.000       4.2021
 566.000       4.3794
 569.000       4.2886
 571.000       4.2602
 572.000       4.0476
 574.000       3.8823
 575.000       3.8324
 577.000       3.6970
 579.000       3.5950
 580.000       3.4902
 583.000       3.6506
 584.000       3.8042
 585.000       3.9152
 586.000       4.0025
 588.000       3.9678
 590.000       4.1987
 592.000       4.2046
 593.000       4.0397
 594.000       4.3658
 595.000       3.7910
 596.000       3.9132
 597.000       4.1837
 600.000       4.0650
 602.000       3.9398
 603.000       3.7271
 605.000       3.4440
 606.000       3.3849
 608.000       3.1742
 610.000       3.0200
 611.000       2.8656
 614.000       3.0747
 615.000       3.2858
 616.000       3.3775
 617.000       3.8029
 619.000       3.6979
 621.000       3.9624
 623.000       3.9820
 624.000       3.8221
 625.000       4.1319
 626.000       3.6665
 627.000       3.5746
 628.000       3.7039
 631.000       3.4650
 633.000       3.3223
 634.000       3.0498
 636.000       2.8277
 637.000       2.8693
 639.000       2.7055
 641.000       2.4931
 642.000       2.3812
 645.000       2.4499
 646.000       2.6128
 647.000       2.6112
 648.000       3.2374
 650.000       3.0243
 652.000       3.1407
 654.000       3.3761
 655.000       3.2656
 656.000       3.5310
 657.000       3.2219
 658.000       2.9804
 659.000       2.9069
 662.000       2.6905
 664.000       2.5709
 665.000       2.3608
 667.000       2.2100
 668.000       2.2925
 670.000       2.1818
 672.000       1.9865
 673.000       1.9298
 676.000       1.9286
 677.000       2.0339
 678.000       2.0352
 679.000       2.5621
 681.000       2.3962
 683.000       2.4814
 685.000       2.6922
 686.000       2.7064
 687.000       2.9514
 688.000       2.7451
 689.000       2.5120
 690.000       2.5919
 693.000       2.5064
 695.000       2.3693
 696.000       2.2854
 698.000       2.1199
 699.000       2.1078
 701.000       1.9687
 702.000       1.9033
 703.000       1.8361
 704.000       1.7753
 705.000       1.9263
 707.000       2.0426
 708.000       2.1824
 711.000       2.0837
 712.000       2.0143
 713.000       2.4518
 715.000       2.3865
 717.000       2.5591
 719.000       2.6192
 720.000       2.6353
 721.000       2.8600
 722.000       2.5878
 723.000       2.5218
 724.000       2.6167
 727.000       2.5113
 729.000       2.3454
 730.000       2.2345
 732.000       2.0779
 733.000       2.0767
 735.000       1.9465
 736.000       1.8455
 737.000       1.7140
 738.000       1.6397
 739.000       1.7300
 741.000       1.8524
 742.000       1.9171
 745.000       1.9600
 746.000       1.9452
 747.000       2.4922
 749.000       2.3699
 751.000       2.4982
 753.000       2.6703
 754.000       2.7664
 755.000       2.9937
 756.000       2.7683
 757.000       2.6508
 758.000       2.7052
 761.000       2.5795
 763.000       2.4155
 764.000       2.3055
 766.000       2.1870
 767.000       2.2320
 769.000       2.1542
 771.000       2.0077
 772.000       1.9537
 775.000       1.9605
 776.000       2.0583
 777.000       2.0725
 778.000       2.5704
 780.000       2.4337
 782.000       2.5143
 784.000       2.7358
 785.000       2.7923
 786.000       3.0492
 787.000       2.8607
 788.000       2.5484
 789.000       2.5260
 792.000       2.3115
 794.000       2.1691
 795.000       2.0319
 797.000       2.0326
 798.000       2.1540
 800.000       2.1691
 801.000       2.0496
 802.000       2.0707
 803.000       2.2065
 806.000       2.0279
 807.000       1.9522
 809.000       1.9240
 810.000       1.9710
 811.000       2.2737
 813.000       2.0786
 815.000       2.0790
 817.000       2.3765
 818.000       2.4532
 819.000       2.6393
 820.000       2.5579
 821.000       2.3265
 822.000       2.3213
 825.000       2.2612
 827.000       2.1588
 828.000       2.1225
 830.000       1.9744
 831.000       1.8836
 833.000       1.8510
 834.000       1.9236
 835.000       2.0591
 836.000       2.1135
 839.000       2.2696
 840.000       2.3356
 842.000       2.2280
 843.000       2.0135
 844.000       2.3440
 846.000       2.2626
 848.000       2.3643
 850.000       2.4463
 851.000       2.3932
 852.000       2.4609
 853.000       2.9295
 854.000       2.3939
 855.000       2.3342
 858.000       2.2800
 860.000       2.3703
 861.000       2.3056
 863.000       2.2604
 864.000       2.3702
 866.000       2.3894
 868.000       2.2791
 869.000       2.3165
 872.000       2.1935
 873.000       2.1904
 874.000       2.1779
 875.000       2.2248
 877.000       2.2671
 879.000       2.3357
 881.000       2.2167
 882.000       2.1393
 883.000       2.2232
 884.000       2.1599
 885.000       2.0382
 886.000       2.0539
 889.000       1.9512
 891.000       1.9990
 892.000       1.8562
 894.000       1.8115
 895.000       1.9270
 897.000       1.9262
 899.000       1.7900
 900.000       1.8110
 903.000       1.6897
 904.000       1.7025
 905.000       1.6587
 906.000       1.8038
 908.000       1.7611
 910.000       1.8040
 912.000       1.7726
 913.000       1.6802
 914.000       1.7241
 915.000       1.7548
 916.000       1.5509
 917.000       1.5053
 920.000       1.3979
 922.000       1.4327
 923.000       1.3422
 925.000       1.3766
 926.000       1.4877
 928.000       1.5593
 930.000       1.5170
 931.000       1.6089
 932.000       1.4048
 934.000       1.3353
 935.000       1.2880
 936.000       1.3165
 938.000       1.2657
 940.000       1.2526
 942.000       1.2978
 943.000       1.2889
 944.000       1.3370
 945.000       1.3990
 946.000       1.2132
 947.000       1.1616
 950.000       1.1388
 952.000       1.1610
 953.000       1.1948
 955.000       1.2663
 956.000       1.3028
 958.000       1.4196
 959.000       1.4615
 960.000       1.6271
 961.000       1.7707
 962.000       1.6687
 964.000       1.5681
 965.000       1.6692
 968.000       1.4183
 969.000       1.3678
 970.000       1.1814
 972.000       1.2121
 974.000       1.2271
 976.000       1.2177
 977.000       1.3215
 978.000       1.4153
 979.000       1.3829
 980.000       1.3740
 981.000       1.4171
 984.000       1.5121
 986.000       1.5015
 987.000       1.6298
 989.000       1.6209
 990.000       1.5279
 992.000       1.6011
 993.000       1.7550
 994.000       1.9337
 995.000       1.9975
 996.000       2.0879
 998.000       2.0785
 999.000       2.2545
1002.000       1.9291
1003.000       1.7652
1004.000       1.6260
1006.000       1.7318
1008.000       1.8543
1010.000       1.7557
1011.000       1.8671
1012.000       2.1057
1013.000       1.8086
1014.000       1.9175
1015.000       2.0867
1018.000       2.1928
1020.000       2.1121
1021.000       2.2401
1023.000       2.1453
1024.000       1.9906
1026.000       1.9846
1027.000       2.1483
1028.000       2.2685
1029.000       2.2572
1030.000       2.4567
1032.000       2.5297
1033.000       2.7298
1036.000       2.4401
1037.000       2.2471
1038.000       2.2612
1040.000       2.3542
1042.000       2.6179
1044.000       2.4606
1045.000       2.5755
1046.000       2.5410
1047.000       2.9221
1048.000       2.6747
1049.000       2.8134
1052.000       3.0301
1054.000       3.2649
1055.000       3.3601
1057.000       3.2910
1058.000       3.2560
1060.000       3.3223
1061.000       3.3898
1062.000       3.5323
1063.000       3.6286
1066.000       3.6523
1067.000       3.6548
1069.000       3.5401
1070.000       3.3904
1071.000       2.9436
1073.000       3.2543
1075.000       3.5649
1077.000       3.0217
1078.000       2.9171
1079.000       3.2342
1080.000       2.7401
1081.000       2.9077
1082.000       3.1053
1085.000       3.1193
1087.000       3.1058
1088.000       3.0567
1090.000       2.9048
1091.000       2.7914
1093.000       2.7247
1095.000       2.7772
1096.000       2.7828
1099.000       2.8779
1100.000       2.9402
1101.000       3.0730
1102.000       3.0293
1104.000       3.0701
1106.000       3.2909
1108.000       3.1921
1109.000       3.1594
1110.000       3.4655
1111.000       3.0142
1112.000       3.0769
1113.000       3.2068
1116.000       3.1352
1118.000       3.0672
1119.000       2.9469
1121.000       2.8017
1122.000       2.7841
1124.000       2.6803
1125.000       2.6340
1126.000       2.5939
1127.000       2.5651
1128.000       2.6681
1130.000       2.7528
1131.000       2.8632
1134.000       2.7831
1135.000       2.7211
1136.000       3.0205
1138.000       2.9771
1140.000       3.1521
1142.000       3.1638
1143.000       3.1102
1144.000       3.3624
1145.000       3.0010
1146.000       2.9975
1147.000       3.1326
1150.000       3.0544
1152.000       2.9249
1153.000       2.8481
1155.000       2.6955
1156.000       2.6284
1158.000       2.5205
1159.000       2.5212
1160.000       2.4853
1161.000       2.4299
1162.000       2.5917
1164.000       2.7100
1165.000       2.8553
1168.000       2.7341
1169.000       2.6371
1170.000       3.0020
1172.000       2.9404
1174.000       3.1228
1176.000       3.1900
1177.000       3.2379
1178.000       3.5028
1179.000       3.1686
1180.000       3.1426
1181.000       3.1743
1184.000       3.1175
1186.000       2.9442
1187.000       2.8902
1189.000       2.7037
1190.000       2.6307
1192.000       2.4992
1193.000       2.4768
1194.000       2.4128
1195.000       2.3344
1198.000       2.5070
1199.000       2.6647
1201.000       2.7327
1202.000       2.6205
1203.000       3.1369
1205.000       3.0495
1207.000       3.2403
1209.000       3.3838
1210.000       3.4810
1211.000       3.7060
1212.000       3.3726
1213.000       3.5297
1214.000       3.7050
1217.000       3.7650
1219.000       3.7413
1220.000       3.7804
1222.000       3.6936
1223.000       3.5782
1225.000       3.6095
1227.000       3.7302
1228.000       3.8251
1231.000       3.8400
1232.000       3.8392
1233.000       4.0423
1234.000       3.7385
1236.000       3.7782
1238.000       4.0707
1240.000       3.9964
1241.000       3.9110
1242.000       4.3137
1243.000       3.5729
1244.000       3.9538
1245.000       4.3289
1248.000       4.4190
1250.000       4.4713
1251.000       4.3611
1253.000       4.0432
1254.000       3.7664
1256.000       3.5696
1257.000       3.7772
1258.000       3.9136
1259.000       3.7225
1262.000       4.4191
1263.000       4.7304
1265.000       4.5979
1266.000       4.1152
1267.000       4.1497
1269.000       4.2863
1271.000       4.6495
1273.000       4.2360
1274.000       4.0103
1275.000       4.1988
1276.000       3.9450
1277.000       3.8326
1278.000       3.7818
1281.000       3.6736
1283.000       3.5924
1284.000       3.4100
1286.000       3.1870
1287.000       3.2224
1289.000       3.0518
1291.000       2.8240
1292.000       2.6647
1295.000       2.8052
1296.000       2.9931
1297.000       3.0223
1298.000       3.5255
1300.000       3.4294
1302.000       3.5875
1304.000       3.6407
1305.000       3.5525
1306.000       3.7517
1307.000       3.4775
1308.000       3.3761
1309.000       3.4498
1312.000       3.2841
1314.000       3.1558
1315.000       2.9674
1317.000       2.8053
1318.000       2.8618
1320.000       2.7331
1322.000       2.5274
1323.000       2.4070
1326.000       2.4713
1327.000       2.6135
1328.000       2.5932
1329.000       3.1471
1331.000       2.9868
1333.000       3.0713
1335.000       3.2627
1336.000       3.2168
1337.000       3.3891
1338.000       3.2182
1339.000       3.0049
1340.000       2.9955
1343.000       2.7688
1345.000       2.6496
1346.000       2.4393
1348.000       2.3662
1349.000       2.5284
1351.000       2.4848
1353.000       2.2597
1354.000       2.2344
1357.000       2.0986
1358.000       2.1536
1359.000       2.0356
1360.000       2.6604
1362.000       2.4367
1364.000       2.4012
1366.000       2.7367
1367.000       2.7845
1368.000       2.8799
1369.000       2.9518
1370.000       2.5665
1371.000       2.3963
1374.000       2.2063
1376.000       2.1756
1377.000       2.2271
1379.000       2.3556
1380.000       2.5569
1382.000       2.6641
1383.000       2.5214
1384.000       2.5607
1385.000       2.7524
1388.000       2.4426
1389.000       2.2855
1391.000       2.2168
1392.000       2.3393
1393.000       2.2673
1395.000       2.3735
1397.000       2.4229
1399.000       2.1291
1400.000       2.0601
1401.000       2.1523
1402.000       2.1091
1403.000       1.9244
1404.000       1.9057
1407.000       1.7741
1409.000       1.7362
1410.000       1.6128
1412.000       1.6083
1413.000       1.7415
1415.000       1.7461
1416.000       1.5905
1417.000       1.5330
1418.000       1.6331
1421.000       1.4128
1422.000       1.3533
1424.000       1.3966
1425.000       1.5100
1426.000       1.6914
1428.000       1.5860
1430.000       1.5962
1432.000       1.7405
1433.000       1.7589
1434.000       1.8509
1435.000       1.8432
1436.000       1.6459
1437.000       1.6209
1440.000       1.5489
1442.000       1.5118
1443.000       1.4751
1445.000       1.4917
1446.000       1.5596
1448.000       1.5876
1449.000       1.5343
1450.000       1.5678
1451.000       1.6450
1452.000       1.5473
1454.000       1.4973
1455.000       1.5174
1458.000       1.4660
1459.000       1.4834
1460.000       1.5439
1462.000       1.5023
1464.000       1.5114
1466.000       1.5902
1467.000       1.6256
1468.000       1.7169
1469.000       1.6823
1470.000       1.5844
1471.000       1.5931
1474.000       1.6068
1476.000       1.6335
1477.000       1.6591
1479.000       1.6549
1480.000       1.6521
1482.000       1.6883
1483.000       1.7185
1484.000       1.7995
1485.000       1.8696
1486.000       1.8381
1488.000       1.8073
1489.000       1.8758
1492.000       1.7421
1493.000       1.6948
1494.000       1.5968
1496.000       1.7006
1498.000       1.8006
1500.000       1.5947
1501.000       1.5257
1502.000       1.6331
1503.000       1.6130
1504.000       1.4019
1505.000       1.3815
1508.000       1.3404
1510.000       1.3242
1511.000       1.3652
1513.000       1.4041
1514.000       1.3942
1516.000       1.4927
1518.000       1.6205
1519.000       1.7757
1520.000       1.6465
1522.000       1.5436
1523.000       1.6548
1524.000       1.3389
1526.000       1.4170
1528.000       1.5623
1530.000       1.3913
1531.000       1.4335
1532.000       1.5313
1533.000       1.5179
1534.000       1.4111
1535.000       1.4361
1538.000       1.4739
1540.000       1.5231
1541.000       1.5599
1543.000       1.5324
1544.000       1.5129
1546.000       1.5222
1547.000       1.5604
1548.000       1.6383
1549.000       1.6745
1550.000       1.7331
1552.000       1.7567
1553.000       1.8887
1556.000       1.6865
1557.000       1.5831
1558.000       1.4804
1560.000       1.5718
1562.000       1.7028
1564.000       1.5401
1565.000       1.5596
1566.000       1.7101
1567.000       1.5584
1568.000       1.5500
1569.000       1.6546
1572.000       1.7191
1574.000       1.7037
1575.000       1.7306
1577.000       1.6181
1578.000       1.5192
1580.000       1.4553
1582.000       1.4881
1583.000       1.4693
1586.000       1.5900
1587.000       1.6592
1588.000       1.7996
1589.000       1.7220
1591.000       1.7998
1593.000       1.9762
1595.000       1.8291
1596.000       1.8619
1597.000       2.0553
1598.000       1.7662
1599.000       1.8825
1600.000       2.0531
1603.000       2.0615
1605.000       1.9074
1606.000       1.8822
1608.000       1.7316
1609.000       1.6917
1611.000       1.6074
1613.000       1.5679
1614.000       1.5638
1615.000       1.6210
1617.000       1.6957
1618.000       1.7854
1619.000       2.0810
1621.000       2.0806
1623.000       2.3080
1625.000       2.3601
1626.000       2.4787
1627.000       2.3801
1628.000       2.9174
1629.000       2.5552
1630.000       2.7693
1633.000       2.9122
1635.000       3.1310
1636.000       3.1636
1638.000       3.2416
1639.000       3.1265
1641.000       3.3644
1643.000       3.7191
1644.000       4.0660
1647.000       3.8432
1648.000       3.6086
1649.000       3.8467
1650.000       2.6636
1652.000       2.8869
1654.000       3.0905
1656.000       2.6332
1657.000       2.4296
1658.000       2.5698
1659.000       2.2429
1660.000       2.4993
1661.000       2.6917
1664.000       2.7467
1666.000       2.9051
1667.000       2.8407
1669.000       2.8876
1670.000       2.7396
1672.000       3.0169
1673.000       3.3758
1674.000       3.9333
1675.000       4.2059
1678.000       4.3530
1679.000       4.2448
1681.000       3.7622
1682.000       3.3160
1683.000       2.5212
1685.000       2.6166
1687.000       2.7242
1689.000       2.4666
1690.000       2.5786
1691.000       2.7992
1692.000       2.7077
1693.000       2.7226
1694.000       2.6428
1697.000       2.5701
1699.000       2.4692
1700.000       2.4184
1702.000       2.2195
1703.000       2.1597
1705.000       2.0414
1707.000       1.9782
1708.000       1.9228
1711.000       2.0594
1712.000       2.1801
1713.000       2.3200
1714.000       2.5318
1716.000       2.5345
1718.000       2.7572
1720.000       2.6838
1721.000       2.7237
1722.000       2.9714
1723.000       2.6419
1724.000       2.7026
1725.000       2.9042
1728.000       2.9227
1730.000       2.7744
1731.000       2.7363
1733.000       2.4986
1734.000       2.3806
1736.000       2.2331
1737.000       2.2607
1738.000       2.2314
1739.000       2.1561
1742.000       2.3626
1743.000       2.5098
1745.000       2.5605
1746.000       2.4243
1747.000       2.9148
1749.000       2.9086
1751.000       3.1771
1753.000       3.1536
1754.000       3.2095
1755.000       3.5150
1756.000       3.0735
1757.000       3.1662
1758.000       3.4005
1761.000       3.3468
1763.000       3.1311
1764.000       3.0375
1766.000       2.7731
1767.000       2.6777
1769.000       2.5016
1771.000       2.4290
1772.000       2.3354
1775.000       2.5307
1776.000       2.6973
1777.000       2.8426
1778.000       3.3236
1780.000       3.2319
1782.000       3.4759
1784.000       3.5984
1785.000       3.6740
1786.000       4.0161
1787.000       3.5543
1788.000       3.5688
1789.000       3.7504
1792.000       3.6431
1794.000       3.4058
1795.000       3.3100
1797.000       3.0768
1798.000       2.9943
1800.000       2.8295
1802.000       2.7666
1803.000       2.6813
1806.000       2.8626
1807.000       3.0112
1808.000       3.1423
1809.000       3.6290
1811.000       3.5048
1813.000       3.7091
1815.000       3.8991
1816.000       4.0020
1817.000       4.3189
1818.000       3.9032
1819.000       3.9382
1820.000       4.1090
1823.000       4.0752
1825.000       3.8616
1826.000       3.8297
1828.000       3.6184
1829.000       3.5075
1831.000       3.3643
1832.000       3.3913
1833.000       3.3466
1834.000       3.2614
1835.000       3.4767
1837.000       3.6223
1838.000       3.7737
1841.000       3.6699
1842.000       3.5494
1843.000       4.1282
1845.000       4.0638
1847.000       4.2858
1849.000       4.4063
1850.000       4.5681
1851.000       4.9107
1852.000       4.5097
1853.000       4.4953
1854.000       4.6411
1857.000       4.6282
1859.000       4.3823
1860.000       4.3575
1862.000       4.1047
1863.000       4.0065
1865.000       3.8521
1866.000       3.8440
1867.000       3.7702
1868.000       3.6910
1869.000       3.8616
1871.000       4.0005
1872.000       4.1168
1875.000       4.0774
1876.000       3.9918
1877.000       4.6937
1879.000       4.6290
1881.000       4.8926
1883.000       5.0001
1884.000       5.1256
1885.000       5.4738
1886.000       4.9881
1887.000       5.0761
1888.000       5.1407
1891.000       5.2002
1893.000       5.4696
1894.000       5.4713
1896.000       5.5123
1897.000       5.5303
1899.000       5.6412
1900.000       5.7071
1901.000       5.8914
1902.000       6.0287
1905.000       6.0012
1906.000       5.9247
1908.000       5.7456
1909.000       5.6386
1910.000       4.9742
1912.000       5.2043
1914.000       5.3340
1916.000       4.8016
1917.000       4.5539
1918.000       4.4342
1919.000       4.5854
1920.000       4.6251
1921.000       4.7137
1924.000       4.8636
1926.000       5.0671
1927.000       5.0725
1929.000       4.9428
1930.000       4.7578
1932.000       4.7644
1933.000       4.9589
1934.000       5.1135
1935.000       5.1146
1936.000       5.3499
1938.000       5.4383
1939.000       5.7112
1942.000       5.3150
1943.000       5.0672
1944.000       4.6385
1946.000       4.9032
1948.000       5.2065
1950.000       4.5832
1951.000       4.3410
1952.000       4.3565
1953.000       4.0745
1954.000       4.5139
1955.000       4.7819
1958.000       4.9817
1960.000       5.0931
1961.000       5.1195
1963.000       4.9037
1964.000       4.6455
1966.000       4.5523
1967.000       4.7743
1968.000       4.8778
1969.000       4.7693
1972.000       5.1512
1973.000       5.3165
1975.000       5.2601
1976.000       4.9813
1977.000       4.8263
1979.000       5.0564
1981.000       5.3937
1983.000       4.8903
1984.000       4.6874
1985.000       4.9812
1986.000       4.5956
1987.000       4.4645
1988.000       4.6268
1991.000       4.4761
1993.000       4.4196
1994.000       4.1838
1996.000       3.9434
1997.000       3.9141
1999.000       3.7174
2001.000       3.5492
2002.000       3.4022
2005.000       3.5944
2006.000       3.7890
2007.000       3.8719
2008.000       4.1900
2010.000       4.1044
2012.000       4.3054
2014.000       4.2782
2015.000       4.0613
2016.000       4.2970
2017.000       3.8917
2018.000       3.8797
2019.000       3.9809
2022.000       3.8586
2024.000       3.8012
2025.000       3.6049
2027.000       3.3808
2028.000       3.3314
2030.000       3.1436
2031.000       3.0649
2032.000       2.9148
2033.000       2.8047
2034.000       2.9682
2036.000       3.1373
2037.000       3.2286
2040.000       3.2682
2041.000       3.2215
2042.000       3.6125
2044.000       3.5597
2046.000       3.7767
2048.000       3.7062
2049.000       3.5491
2050.000       3.7604
2051.000       3.4168
2052.000       3.4014
2053.000       3.5556
2056.000       3.4630
2058.000       3.3722
2059.000       3.2166
2061.000       2.9956
2062.000       2.9385
2064.000       2.7634
2065.000       2.6906
2066.000       2.5514
2067.000       2.4458
2068.000       2.6141
2070.000       2.7870
2071.000       2.8949
2074.000       2.9083
2075.000       2.8473
2076.000       3.3024
2078.000       3.2441
2080.000       3.4613
2082.000       3.4433
2083.000       3.3645
2084.000       3.6094
2085.000       3.2701
2086.000       3.2127
2087.000       3.3607
2090.000       3.2581
2092.000       3.1211
2093.000       2.9828
2095.000       2.7570
2096.000       2.7147
2098.000       2.5583
2100.000       2.4186
2101.000       2.3238
2102.000       2.4808
2104.000       2.6503
2105.000       2.7602
2106.000       3.1329
2108.000       3.0542
2110.000       3.2649
2112.000       3.3056
2113.000       3.2394
2114.000       3.5115
2115.000       3.1076
2116.000       3.1141
2117.000       3.2521
2120.000       3.1513
2122.000       3.0050
2123.000       2.8482
2125.000       2.6035
2126.000       2.5270
2128.000       2.3325
2129.000       2.2665
2130.000       2.1121
2131.000       1.9907
2132.000       2.1735
2134.000       2.3622
2135.000       2.4536
2138.000       2.5036
2139.000       2.4445
2140.000       3.0131
2142.000       2.9268
2144.000       3.1423
2146.000       3.1827
2147.000       3.1149
2148.000       3.3583
2149.000       3.0200
2150.000       2.9497
2151.000       3.0652
2154.000       2.9240
2156.000       2.7838
2157.000       2.6116
2159.000       2.4252
2160.000       2.4316
2162.000       2.2682
2163.000       2.1366
2164.000       1.9698
2165.000       1.8999
2166.000       1.9381
2168.000       2.0579
2169.000       2.0584
2172.000       2.2126
2173.000       2.2406
2174.000       2.7917
2176.000       2.6606
2178.000       2.7999
2180.000       2.9291
2181.000       2.8631
2182.000       3.0863
2183.000       2.8188
2184.000       2.6596
2185.000       2.7270
2188.000       2.5392
2190.000       2.4363
2191.000       2.2352
2193.000       2.1094
2194.000       2.1851
2196.000       2.0770
2197.000       1.9130
2198.000       1.7867
2199.000       1.7895
2202.000       1.7242
2203.000       1.7781
2205.000       1.8825
2206.000       1.9411
2207.000       2.3687
2209.000       2.2292
2211.000       2.3098
2213.000       2.4545
2214.000       2.3266
2215.000       2.5643
2216.000       2.3408
2217.000       2.0422
2218.000       2.0894
2221.000       1.9017
2223.000       1.8170
2224.000       1.6834
2226.000       1.5758
2227.000       1.6108
2229.000       1.5925
2231.000       1.5220
2232.000       1.5615
2233.000       1.5009
2235.000       1.5359
2236.000       1.6164
2237.000       1.7354
2239.000       1.6739
2241.000       1.8622
2243.000       1.8136
2244.000       1.7966
2245.000       1.9070
2246.000       1.8361
2247.000       1.7245
2248.000       1.7980
2251.000       1.7960
2253.000       1.7477
2254.000       1.7017
2256.000       1.5800
2257.000       1.5551
2259.000       1.5251
2261.000       1.5054
2262.000       1.5366
2265.000       1.5336
2266.000       1.5751
2267.000       1.6771
2268.000       1.7662
2270.000       1.7716
2272.000       1.9651
2274.000       1.9326
2275.000       1.9421
2276.000       2.2074
2277.000       1.8746
2278.000       1.8619
2279.000       1.9899
2282.000       1.9543
2284.000       1.8646
2285.000       1.8232
2287.000       1.6869
2288.000       1.6204
2290.000       1.5669
2292.000       1.5900
2293.000       1.6253
2296.000       1.6578
2297.000       1.7014
2298.000       1.8219
2299.000       1.9032
2301.000       1.8916
2303.000       2.0948
2305.000       2.0341
2306.000       2.0863
2307.000       2.1440
2308.000       2.3088
2309.000       1.9797
2310.000       1.9480
2313.000       1.8578
2315.000       1.8084
2316.000       1.7140
2318.000       1.6461
2319.000       1.6767
2321.000       1.6044
2322.000       1.5198
2323.000       1.4434
2324.000       1.4355
2325.000       1.4170
2327.000       1.4584
2328.000       1.4727
2331.000       1.5270
2332.000       1.5509
2333.000       1.8359
2335.000       1.7591
2337.000       1.8053
2339.000       1.9249
2340.000       1.9650
2341.000       2.0812
2342.000       1.9884
2343.000       1.8855
2344.000       1.8945
2347.000       1.7924
2349.000       1.6585
2350.000       1.5889
2352.000       1.5616
2353.000       1.6126
2355.000       1.5909
2356.000       1.5200
2357.000       1.5007
2358.000       1.5352
2359.000       1.4799
2361.000       1.4751
2362.000       1.5043
2365.000       1.4851
2366.000       1.5076
2367.000       1.8192
2369.000       1.6846
2371.000       1.6936
2373.000       1.9566
2374.000       2.1045
2375.000       2.2744
2376.000       2.1993
2377.000       2.0226
2378.000       1.9962
2381.000       1.9464
2383.000       1.8242
2384.000       1.8335
2386.000       1.8095
2387.000       1.8318
2389.000       1.8406
2391.000       1.8217
2392.000       1.8548
2395.000       1.8062
2396.000       1.8017
2397.000       1.8335
2398.000       2.0592
2400.000       1.9942
2402.000       2.0510
2404.000       2.2124
2405.000       2.4010
2406.000       2.5739
2407.000       2.4555
2408.000       2.3998
2409.000       2.4512
2412.000       2.4616
2414.000       2.3189
2415.000       2.3489
2417.000       2.2787
2418.000       2.2521
2420.000       2.2244
2422.000       2.2235
2423.000       2.2329
2426.000       2.2527
2427.000       2.2810
2428.000       2.3440
2429.000       2.5969
2431.000       2.5578
2433.000       2.6727
2435.000       2.8002
2436.000       2.9934
2437.000       3.2064
2438.000       2.9951
2439.000       2.9924
2440.000       3.0846
2443.000       3.0908
2445.000       2.9059
2446.000       2.9341
2448.000       2.8300
2449.000       2.7746
2451.000       2.7087
2453.000       2.7039
2454.000       2.6796
2457.000       2.7591
2458.000       2.8222
2459.000       2.9019
2460.000       3.2234
2462.000       3.1622
2464.000       3.2826
2466.000       3.4645
2467.000       3.6637
2468.000       3.9175
2469.000       3.6193
2470.000       3.6748
2471.000       3.8015
2474.000       3.8135
2476.000       3.5869
2477.000       3.6047
2479.000       3.4336
2480.000       3.3604
2482.000       3.2707
2483.000       3.2849
2484.000       3.2658
2485.000       3.2298
2486.000       3.3408
2488.000       3.4153
2489.000       3.4859
2492.000       3.4397
2493.000       3.3747
2494.000       3.9498
2496.000       3.8787
2498.000       4.0459
2500.000       4.2475
2501.000       4.4080
2502.000       4.7351
2503.000       4.2673
2504.000       4.4497
2505.000       4.6248
2508.000       4.6154
2510.000       4.8224
2511.000       4.8581
2513.000       4.9580
2514.000       5.2003
2516.000       5.3954
2517.000       5.2290
2518.000       5.3745
2519.000       5.6602
2522.000       5.3730
2523.000       5.2680
2525.000       5.0814
2526.000       5.0252
2527.000       4.4501
2529.000       4.6626
2531.000       4.8080
2533.000       4.3258
2534.000       4.0088
2535.000       4.0116
2536.000       3.8818
2537.000       4.0112
2538.000       4.1731
2541.000       4.2367
2543.000       4.3982
2544.000       4.3437
2546.000       4.2587
2547.000       4.1453
2549.000       4.1427
2550.000       4.2685
2551.000       4.3809
2552.000       4.3868
2553.000       4.5468
2555.000       4.5983
2556.000       4.7913
2559.000       4.5033
2560.000       4.3384
2561.000       4.0164
2563.000       4.1664
2565.000       4.3496
2567.000       3.9476
2568.000       3.7029
2569.000       3.7251
2570.000       3.4989
2571.000       3.7630
2572.000       3.9366
2575.000       4.0062
2577.000       4.1209
2578.000       4.0605
2580.000       3.9150
2581.000       3.7529
2583.000       3.6856
2584.000       3.8350
2585.000       3.9303
2586.000       3.8648
2589.000       4.1610
2590.000       4.2679
2592.000       4.1847
2593.000       3.9742
2594.000       3.7957
2596.000       3.9207
2598.000       4.1325
2600.000       3.7918
2601.000       3.5711
2602.000       3.7437
2603.000       3.5960
2604.000       3.3542
2605.000       3.3723
2608.000       3.2832
2610.000       3.3438
2611.000       3.2017
2613.000       3.1004
2614.000       3.0946
2616.000       2.9990
2617.000       2.9372
2618.000       2.8489
2619.000       2.7946
2620.000       2.8614
2622.000       2.9450
2623.000       2.9840
2626.000       3.0185
2627.000       3.0098
2628.000       3.0576
2630.000       3.0548
2632.000       3.1737
2634.000       3.0224
2635.000       2.8473
2636.000       2.9154
2637.000       2.8029
2638.000       2.7306
2639.000       2.7852
2642.000       2.7188
2644.000       2.7631
2645.000       2.6529
2647.000       2.5589
2648.000       2.5526
2650.000       2.4807
2651.000       2.4260
2652.000       2.3550
2653.000       2.3238
2654.000       2.3541
2656.000       2.4255
2657.000       2.4540
2660.000       2.4912
2661.000       2.4825
2662.000       2.5440
2664.000       2.5482
2666.000       2.6610
2668.000       2.5325
2669.000       2.3983
2670.000       2.4911
2671.000       2.3623
2672.000       2.2980
2673.000       2.3617
2676.000       2.2972
2678.000       2.3117
2679.000       2.2015
2681.000       2.1087
2682.000       2.1226
2684.000       2.0569
2685.000       1.9856
2686.000       1.9170
2687.000       1.9101
2688.000       1.8893
2690.000       1.9356
2691.000       1.9381
2694.000       2.0063
2695.000       2.0204
2696.000       2.1485
2698.000       2.1320
2700.000       2.2473
2702.000       2.1740
2703.000       2.0786
2704.000       2.2085
2705.000       2.0685
2706.000       1.9553
2707.000       1.9955
2710.000       1.8973
2712.000       1.8590
2713.000       1.7515
2715.000       1.6680
2716.000       1.7045
2718.000       1.6774
2720.000       1.6010
2721.000       1.6153
2724.000       1.5627
2725.000       1.5980
2726.000       1.6118
2727.000       1.8011
2729.000       1.7434
2731.000       1.8325
2733.000       1.8715
2734.000       1.8540
2735.000       2.0374
2736.000       1.8448
2737.000       1.7521
2738.000       1.8202
2741.000       1.7328
2743.000       1.6678
2744.000       1.5651
2746.000       1.4752
2747.000       1.4930
2749.000       1.4346
2750.000       1.3727
2751.000       1.3481
2752.000       1.3693
2755.000       1.3611
2756.000       1.3860
2758.000       1.4076
2759.000       1.4002
2760.000       1.6613
2762.000       1.5892
2764.000       1.6870
2766.000       1.7736
2767.000       1.7743
2768.000       1.9852
2769.000       1.8070
2770.000       1.6061
2771.000       1.6238
2774.000       1.4830
2776.000       1.3925
2777.000       1.3327
2779.000       1.2674
2780.000       1.2816
2782.000       1.2337
2783.000       1.1854
2784.000       1.1768
2785.000       1.2061
2788.000       1.2057
2789.000       1.2302
2791.000       1.2450
2792.000       1.2149
2793.000       1.5005
2795.000       1.4085
2797.000       1.5024
2799.000       1.6661
2800.000       1.8193
2801.000       2.0626
2802.000       1.9989
2803.000       1.8085
2804.000       1.8923
2807.000       1.9184
2809.000       1.8950
2810.000       1.9625
2812.000       1.9018
2813.000       1.8315
2815.000       1.8405
2817.000       1.9192
2818.000       1.9716
2821.000       1.9876
2822.000       1.9784
2823.000       2.0796
2824.000       1.9680
2826.000       2.0293
2828.000       2.2751
2830.000       2.1141
2831.000       2.5221
2832.000       2.7952
2833.000       2.7991
2834.000       2.7359
2835.000       2.6599
2838.000       2.9850
2840.000       3.3253
2841.000       3.7901
2843.000       3.9794
2844.000       4.1994
2846.000       4.4573
2847.000       4.5179
2848.000       5.0529
2849.000       5.3857
2850.000       5.4429
2852.000       5.3043
2853.000       5.9820
2856.000       4.6861
2857.000       4.3043
2858.000       3.1902
2860.000       3.7615
2862.000       4.5000
2864.000       3.1860
2865.000       3.1011
2866.000       3.5456
2867.000       3.1971
2868.000       2.9278
2869.000       2.9379
2872.000       2.8380
2874.000       2.6617
2875.000       2.5548
2877.000       2.4361
2878.000       2.4812
2880.000       2.3536
2881.000       2.1969
2882.000       2.0269
2883.000       1.9763
2886.000       1.9502
2887.000       2.0482
2889.000       2.2017
2890.000       2.2621
2891.000       2.9042
2893.000       2.7399
2895.000       2.8043
2897.000       3.1188
2898.000       3.2894
2899.000       3.5352
2900.000       3.3165
2901.000       3.1823
2902.000       3.2159
2905.000       3.0709
2907.000       2.8249
2908.000       2.7202
2910.000       2.6227
2911.000       2.7208
2913.000       2.6257
2914.000       2.4406
2915.000       2.2917
2916.000       2.3126
2919.000       2.1588
2920.000       2.1819
2922.000       2.3226
2923.000       2.4391
2924.000       3.1292
2926.000       2.9057
2928.000       2.9178
2930.000       3.3585
2931.000       3.5327
2932.000       3.7813
2933.000       3.6020
2934.000       3.3784
2935.000       3.3264
2938.000       3.1790
2940.000       2.9717
2941.000       2.9733
2943.000       2.8750
2944.000       2.7566
2946.000       2.7521
2947.000       2.8653
2948.000       2.9550
2949.000       2.9592
2950.000       3.0968
2952.000       3.1563
2953.000       3.3250
2956.000       3.0920
2957.000       2.9391
2958.000       3.3166
2960.000       3.2274
2962.000       3.3099
2964.000       3.3221
2965.000       3.4718
2966.000       3.7125
2967.000       3.5572
2968.000       3.3366
2969.000       3.4358
2972.000       3.3497
2974.000       3.1657
2975.000       3.0730
2977.000       2.8689
2978.000       2.8150
2980.000       2.6534
2982.000       2.5247
2983.000       2.4165
2984.000       2.5972
2986.000       2.7690
2987.000       2.8731
2988.000       3.3448
2990.000       3.2323
2992.000       3.3941
2994.000       3.5727
2995.000       3.6671
2996.000       3.9389
2997.000       3.5940
2998.000       3.5826
2999.000       3.7042
3002.000       3.5967
3004.000       3.3953
3005.000       3.2698
3007.000       3.0576
3008.000       3.0532
3010.000       2.8961
3012.000       2.7356
3013.000       2.6232
3016.000       2.7503
3017.000       2.9115
3018.000       2.9724
3019.000       3.5740
3021.000       3.4288
3023.000       3.5783
3025.000       3.7917
3026.000       3.8526
3027.000       4.1270
3028.000       3.8113
3029.000       3.6964
3030.000       3.7883
3033.000       3.6415
3035.000       3.4343
3036.000       3.2864
3038.000       3.1029
3039.000       3.1427
3041.000       3.0206
3043.000       2.8446
3044.000       2.7623
3047.000       2.8087
3048.000       2.9406
3049.000       2.9571
3050.000       3.5999
3052.000       3.4289
3054.000       3.5494
3056.000       3.8039
3057.000       3.8770
3058.000       4.1241
3059.000       3.9045
3060.000       3.6975
3061.000       3.7189
3064.000       3.5629
3066.000       3.3673
3067.000       3.2616
3069.000       3.1730
3070.000       3.2431
3072.000       3.1871
3073.000       3.0620
3074.000       3.0030
3075.000       3.0452
3076.000       2.9571
3078.000       2.9727
3079.000       2.9931
3082.000       3.0216
3083.000       3.0609
3084.000       3.5927
3086.000       3.4210
3088.000       3.4856
3090.000       3.7937
3091.000       3.9402
3092.000       4.2046
3093.000       3.9944
3094.000       3.8510
3095.000       3.9472
3098.000       3.9586
3100.000       3.7779
3101.000       3.8613
3103.000       3.7505
3104.000       3.6913
3106.000       3.7354
3108.000       3.8354
3109.000       3.9815
3110.000       3.8865
3112.000       3.8591
3113.000       4.0388
3114.000       4.1049
3116.000       4.0989
3118.000       4.3645
3120.000       4.3665
