   2.000       3.9103
   3.000       4.0361
   6.000       3.9778
   8.000       4.0088
   9.000       3.8465
  11.000       3.6179
  12.000       3.5588
  14.000       3.4046
  15.000       3.3495
  16.000       3.2508
  17.000       3.1860
  18.000       3.3153
  20.000       3.4622
  21.000       3.5743
  24.000       3.5607
  25.000       3.4915
  26.000       3.7145
  28.000       3.7546
  30.000       4.0305
  32.000       3.8000
  33.000       3.5930
  34.000       3.8489
  35.000       3.4085
  36.000       3.4513
  37.000       3.6676
  40.000       3.5795
  42.000       3.4994
  43.000       3.3299
  45.000       3.0878
  46.000       3.0069
  48.000       2.8572
  49.000       2.8317
  50.000       2.7737
  51.000       2.7325
  52.000       2.8775
  54.000       3.0171
  55.000       3.1779
  58.000       3.0761
  59.000       2.9752
  60.000       3.3574
  62.000       3.3229
  64.000       3.5941
  66.000       3.5081
  67.000       3.3656
  68.000       3.6635
  69.000       3.2172
  70.000       3.1704
  71.000       3.3483
  74.000       3.2162
  76.000       3.0908
  77.000       2.9169
  79.000       2.6697
  80.000       2.6105
  82.000       2.4468
  84.000       2.3385
  85.000       2.2612
  88.000       2.4077
  89.000       2.5724
  90.000       2.7069
  91.000       3.0286
  93.000       2.9504
  95.000       3.1943
  97.000       3.1989
  98.000       3.1055
  99.000       3.3786
 100.000       2.9708
 101.000       2.9364
 102.000       3.0890
 105.000       2.9538
 107.000       2.8043
 108.000       2.6295
 110.000       2.3845
 111.000       2.3444
 113.000       2.1564
 115.000       1.9839
 116.000       1.8584
 117.000       2.0515
 119.000       2.2453
 120.000       2.3449
 121.000       2.8094
 123.000       2.6950
 125.000       2.8971
 127.000       2.9905
 128.000       2.9413
 129.000       3.2190
 130.000       2.8825
 131.000       2.7173
 132.000       2.8083
 135.000       2.6250
 137.000       2.4543
 138.000       2.2700
 140.000       2.0724
 141.000       2.1040
 143.000       1.9834
 145.000       1.8091
 146.000       1.7670
 147.000       1.7895
 149.000       1.9202
 150.000       1.9731
 151.000       2.5056
 153.000       2.3360
 155.000       2.4724
 157.000       2.6735
 158.000       2.6515
 159.000       2.9074
 160.000       2.5877
 161.000       2.4859
 162.000       2.5897
 165.000       2.4540
 167.000       2.3050
 168.000       2.1559
 170.000       1.9528
 171.000       1.9506
 173.000       1.7983
 175.000       1.6288
 176.000       1.5113
 179.000       1.6475
 180.000       1.8136
 181.000       1.8926
 182.000       2.3533
 184.000       2.2361
 186.000       2.3964
 188.000       2.5182
 189.000       2.4945
 190.000       2.7352
 191.000       2.4373
 192.000       2.3393
 193.000       2.4251
 196.000       2.2981
 198.000       2.1509
 199.000       2.0192
 201.000       1.8361
 202.000       1.8296
 204.000       1.6777
 205.000       1.5705
 206.000       1.4370
 207.000       1.3634
 210.000       1.4509
 211.000       1.5843
 213.000       1.7010
 214.000       1.6826
 215.000       2.2041
 217.000       2.0970
 219.000       2.2542
 221.000       2.3560
 222.000       2.3526
 223.000       2.5640
 224.000       2.3269
 225.000       2.2053
 226.000       2.2817
 229.000       2.1358
 231.000       2.0389
 232.000       1.8726
 234.000       1.7183
 235.000       1.7490
 237.000       1.6479
 239.000       1.4910
 240.000       1.4375
 241.000       1.4821
 243.000       1.5961
 244.000       1.6456
 245.000       1.9879
 247.000       1.8704
 249.000       1.9989
 251.000       2.0718
 252.000       1.9428
 253.000       2.1115
 254.000       1.9566
 255.000       1.7038
 256.000       1.7101
 259.000       1.5217
 261.000       1.5334
 262.000       1.3728
 264.000       1.3084
 265.000       1.3736
 267.000       1.3585
 268.000       1.2545
 269.000       1.2212
 270.000       1.2814
 273.000       1.1991
 274.000       1.2244
 276.000       1.2493
 277.000       1.2443
 278.000       1.3179
 280.000       1.2794
 282.000       1.4872
 284.000       1.3540
 285.000       1.5221
 286.000       1.9564
 287.000       2.0362
 288.000       1.3700
 289.000       1.2850
 292.000       1.2124
 294.000       1.1609
 295.000       1.1393
 297.000       1.1095
 298.000       1.1287
 300.000       1.1365
 302.000       1.1215
 303.000       1.1825
 304.000       1.1153
 306.000       1.1134
 307.000       1.1793
 308.000       1.2148
 310.000       1.1720
 312.000       1.2266
 314.000       1.2749
 315.000       1.3692
 316.000       1.4246
 317.000       1.4997
 318.000       1.3395
 319.000       1.3306
 322.000       1.2864
 324.000       1.2912
 325.000       1.2693
 327.000       1.2387
 328.000       1.3025
 330.000       1.2829
 331.000       1.1918
 332.000       1.1564
 333.000       1.1971
 336.000       1.1316
 337.000       1.1468
 339.000       1.1713
 340.000       1.1822
 341.000       1.2786
 343.000       1.2874
 345.000       1.3753
 347.000       1.3447
 348.000       1.3673
 349.000       1.5863
 350.000       1.5612
 351.000       1.3470
 352.000       1.4261
 355.000       1.2325
 357.000       1.2941
 358.000       1.3452
 360.000       1.4779
 361.000       1.5691
 363.000       1.7655
 364.000       1.8056
 365.000       2.0394
 366.000       2.2508
 369.000       2.1213
 370.000       1.9868
 372.000       1.7511
 373.000       1.6536
 374.000       1.2196
 376.000       1.3217
 378.000       1.3888
 380.000       1.2004
 381.000       1.2300
 382.000       1.3223
 383.000       1.3615
 384.000       1.2032
 385.000       1.2659
 388.000       1.2446
 390.000       1.2374
 391.000       1.1886
 393.000       1.1056
 394.000       1.1097
 396.000       1.0808
 398.000       1.0395
 399.000       1.0550
 400.000       1.0629
 402.000       1.0974
 403.000       1.1751
 404.000       1.1939
 406.000       1.2060
 408.000       1.3374
 410.000       1.2777
 411.000       1.2932
 412.000       1.4518
 413.000       1.2937
 414.000       1.2520
 415.000       1.3252
 418.000       1.2934
 420.000       1.2542
 421.000       1.2058
 423.000       1.1214
 424.000       1.1046
 426.000       1.0625
 428.000       1.0352
 429.000       1.0341
 432.000       1.0679
 433.000       1.1101
 434.000       1.1789
 435.000       1.2595
 437.000       1.2497
 439.000       1.3736
 441.000       1.3543
 442.000       1.3868
 443.000       1.5416
 444.000       1.4116
 445.000       1.3254
 446.000       1.3755
 449.000       1.3389
 451.000       1.2952
 452.000       1.2624
 454.000       1.1901
 455.000       1.1754
 457.000       1.1387
 459.000       1.1098
 460.000       1.1114
 463.000       1.1324
 464.000       1.1734
 465.000       1.2354
 466.000       1.3255
 468.000       1.3210
 470.000       1.4389
 472.000       1.4287
 473.000       1.4832
 474.000       1.6452
 475.000       1.5050
 476.000       1.4493
 477.000       1.5147
 480.000       1.4839
 482.000       1.4190
 483.000       1.3809
 485.000       1.2913
 486.000       1.2755
 488.000       1.2085
 489.000       1.1840
 490.000       1.1557
 491.000       1.1476
 492.000       1.1900
 494.000       1.2455
 495.000       1.3135
 498.000       1.2752
 499.000       1.2411
 500.000       1.4870
 502.000       1.4592
 504.000       1.5638
 506.000       1.6021
 507.000       1.6448
 508.000       1.8229
 509.000       1.6458
 510.000       1.5781
 511.000       1.6446
 514.000       1.5908
 516.000       1.5105
 517.000       1.4625
 519.000       1.3725
 520.000       1.3597
 522.000       1.2993
 523.000       1.2715
 524.000       1.2516
 525.000       1.2360
 528.000       1.2974
 529.000       1.3523
 531.000       1.3697
 532.000       1.3242
 533.000       1.5715
 535.000       1.5285
 537.000       1.6355
 539.000       1.6854
 540.000       1.7169
 541.000       1.8989
 542.000       1.7043
 543.000       1.6509
 544.000       1.7137
 547.000       1.6411
 549.000       1.5568
 550.000       1.4957
 552.000       1.4023
 553.000       1.3939
 555.000       1.3309
 556.000       1.2930
 557.000       1.2607
 558.000       1.2456
 561.000       1.2904
 562.000       1.3504
 564.000       1.3825
 565.000       1.3464
 566.000       1.6101
 568.000       1.5578
 570.000       1.6652
 572.000       1.7154
 573.000       1.7638
 574.000       1.9253
 575.000       1.8063
 576.000       1.6766
 577.000       1.7145
 580.000       1.6425
 582.000       1.5419
 583.000       1.4793
 585.000       1.4052
 586.000       1.4377
 588.000       1.4170
 590.000       1.3558
 591.000       1.3856
 592.000       1.3265
 594.000       1.3549
 595.000       1.3852
 596.000       1.6431
 598.000       1.5726
 600.000       1.6570
 602.000       1.7739
 603.000       1.8260
 604.000       2.0394
 605.000       1.8711
 606.000       1.6873
 607.000       1.7102
 610.000       1.6091
 612.000       1.5274
 613.000       1.4533
 615.000       1.3893
 616.000       1.4277
 618.000       1.4110
 619.000       1.3509
 620.000       1.3650
 621.000       1.4396
 622.000       1.3633
 624.000       1.3566
 625.000       1.4190
 628.000       1.3539
 629.000       1.3422
 630.000       1.5837
 632.000       1.5280
 634.000       1.6327
 636.000       1.6866
 637.000       1.7023
 638.000       1.8903
 639.000       1.7009
 640.000       1.5859
 641.000       1.6704
 644.000       1.5587
 646.000       1.4637
 647.000       1.3494
 649.000       1.2675
 650.000       1.3061
 652.000       1.2605
 653.000       1.1766
 654.000       1.1384
 655.000       1.1833
 658.000       1.1087
 659.000       1.1214
 661.000       1.1653
 662.000       1.1823
 663.000       1.5133
 665.000       1.4045
 667.000       1.4739
 669.000       1.6296
 670.000       1.6755
 671.000       1.8521
 672.000       1.7095
 673.000       1.5663
 674.000       1.5788
 677.000       1.4889
 679.000       1.3658
 680.000       1.3322
 682.000       1.2856
 683.000       1.3540
 685.000       1.3714
 687.000       1.3300
 688.000       1.4019
 689.000       1.2674
 691.000       1.2356
 692.000       1.2172
 693.000       1.5560
 695.000       1.4704
 697.000       1.5280
 699.000       1.6086
 700.000       1.7340
 701.000       1.8488
 702.000       1.8260
 703.000       1.7274
 704.000       1.7891
 707.000       1.8061
 709.000       1.6727
 710.000       1.6706
 712.000       1.5480
 713.000       1.4853
 715.000       1.4512
 716.000       1.4854
 717.000       1.5310
 718.000       1.5478
 721.000       1.6243
 722.000       1.6658
 724.000       1.6394
 725.000       1.5441
 726.000       1.9223
 728.000       1.8740
 730.000       2.1904
 732.000       2.1670
 733.000       2.4835
 734.000       2.6571
 735.000       2.8712
 736.000       2.3810
 737.000       2.3736
 740.000       2.3475
 742.000       2.5549
 743.000       2.5380
 745.000       2.7705
 746.000       2.8634
 748.000       3.1298
 750.000       3.3390
 751.000       3.6331
 752.000       3.2686
 754.000       2.9967
 755.000       3.0466
 756.000       2.1619
 758.000       2.3105
 760.000       2.3107
 762.000       2.1293
 763.000       2.0004
 764.000       2.1049
 765.000       2.0851
 766.000       1.7786
 767.000       1.7402
 770.000       1.5475
 772.000       1.4946
 773.000       1.3390
 775.000       1.3129
 776.000       1.4007
 778.000       1.3727
 779.000       1.2621
 780.000       1.2345
 781.000       1.3040
 782.000       1.1827
 784.000       1.1538
 785.000       1.1655
 788.000       1.1708
 789.000       1.2278
 790.000       1.4465
 792.000       1.3059
 794.000       1.3083
 796.000       1.5111
 797.000       1.5309
 798.000       1.6690
 799.000       1.6296
 800.000       1.3750
 801.000       1.3319
 804.000       1.2368
 806.000       1.1867
 807.000       1.1366
 809.000       1.1213
 810.000       1.2086
 812.000       1.2232
 813.000       1.1356
 814.000       1.1540
 815.000       1.2471
 816.000       1.1233
 818.000       1.0686
 819.000       1.0956
 822.000       1.0420
 823.000       1.0742
 824.000       1.2439
 826.000       1.1994
 828.000       1.2918
 830.000       1.3449
 831.000       1.4150
 832.000       1.5410
 833.000       1.5747
 834.000       1.4061
 835.000       1.4576
 838.000       1.4661
 840.000       1.4472
 841.000       1.4377
 843.000       1.3519
 844.000       1.3198
 846.000       1.2704
 848.000       1.2568
 849.000       1.2574
 850.000       1.3045
 852.000       1.3548
 853.000       1.4434
 854.000       1.4502
 856.000       1.4836
 858.000       1.6245
 860.000       1.5408
 861.000       1.5670
 862.000       1.7275
 863.000       1.5491
 864.000       1.5277
 865.000       1.6229
 868.000       1.5922
 870.000       1.5213
 871.000       1.4783
 873.000       1.3758
 874.000       1.3573
 876.000       1.2912
 878.000       1.2412
 879.000       1.2270
 880.000       1.2921
 882.000       1.3588
 883.000       1.4559
 884.000       1.5670
 886.000       1.5386
 888.000       1.6655
 890.000       1.6811
 891.000       1.7062
 892.000       1.8753
 893.000       1.7130
 894.000       1.6251
 895.000       1.6800
 898.000       1.6163
 900.000       1.5610
 901.000       1.5041
 903.000       1.4160
 904.000       1.4150
 906.000       1.3539
 908.000       1.2962
 909.000       1.2827
 910.000       1.3240
 912.000       1.3796
 913.000       1.4446
 914.000       1.5789
 916.000       1.5469
 918.000       1.6460
 920.000       1.6548
 921.000       1.6583
 922.000       1.8079
 923.000       1.6808
 924.000       1.5625
 925.000       1.6020
 928.000       1.5299
 930.000       1.4777
 931.000       1.4128
 933.000       1.3294
 934.000       1.3451
 936.000       1.2930
 938.000       1.2159
 939.000       1.1939
 942.000       1.2199
 943.000       1.2764
 944.000       1.3271
 945.000       1.4855
 947.000       1.4519
 949.000       1.5544
 951.000       1.5618
 952.000       1.5714
 953.000       1.7256
 954.000       1.6013
 955.000       1.4850
 956.000       1.5282
 959.000       1.4655
 961.000       1.4262
 962.000       1.3629
 964.000       1.2849
 965.000       1.2903
 967.000       1.2294
 968.000       1.1807
 969.000       1.1365
 970.000       1.1305
 971.000       1.1504
 973.000       1.1962
 974.000       1.2368
 977.000       1.2375
 978.000       1.2237
 979.000       1.4128
 981.000       1.3825
 983.000       1.4831
 985.000       1.4895
 986.000       1.4863
 987.000       1.6397
 988.000       1.5096
 989.000       1.3831
 990.000       1.4179
 993.000       1.3401
 995.000       1.3037
 996.000       1.2310
 998.000       1.1625
 999.000       1.1681
1001.000       1.1187
1002.000       1.0763
1003.000       1.0461
1004.000       1.0459
1005.000       1.0678
1007.000       1.1075
1008.000       1.1564
1011.000       1.1332
1012.000       1.1123
1013.000       1.2773
1015.000       1.2387
1017.000       1.3251
1019.000       1.3438
1020.000       1.3483
1021.000       1.4743
1022.000       1.3829
1023.000       1.2660
1024.000       1.2860
1027.000       1.2316
1029.000       1.2221
1030.000       1.1825
1032.000       1.1386
1033.000       1.1440
1035.000       1.1143
1036.000       1.0864
1037.000       1.0753
1038.000       1.0829
1041.000       1.1001
1042.000       1.1347
1044.000       1.1434
1045.000       1.1116
1046.000       1.2037
1048.000       1.1980
1050.000       1.2834
1052.000       1.2674
1053.000       1.3309
1054.000       1.4907
1055.000       1.3859
1056.000       1.2911
1057.000       1.3310
1060.000       1.3072
1062.000       1.2221
1063.000       1.2031
1065.000       1.1489
1066.000       1.1836
1068.000       1.1696
1069.000       1.1100
1070.000       1.0958
1071.000       1.1451
1072.000       1.0685
1074.000       1.0609
1075.000       1.0702
1078.000       1.0817
1079.000       1.0997
1080.000       1.3551
1082.000       1.3104
1084.000       1.4008
1086.000       1.5010
1087.000       1.6328
1088.000       1.9283
1089.000       1.6901
1090.000       1.7553
1091.000       1.9578
1094.000       2.0755
1096.000       2.0473
1097.000       2.1460
1099.000       2.0436
1100.000       1.9391
1102.000       2.1383
1104.000       2.3146
1105.000       2.5976
1108.000       2.4361
1109.000       2.3583
1110.000       2.7532
1111.000       2.1074
1113.000       2.1978
1115.000       2.7034
1117.000       2.4050
1118.000       2.5692
1119.000       2.9680
1120.000       3.1041
1121.000       2.1539
1122.000       1.8895
1125.000       1.7313
1127.000       1.9640
1128.000       2.0770
1130.000       2.4304
1131.000       2.6469
1133.000       3.0263
1135.000       3.3047
1136.000       3.7385
1137.000       3.3074
1139.000       2.8876
1140.000       3.1664
1141.000       1.7522
1143.000       1.9316
1145.000       2.0861
1147.000       1.8498
1148.000       1.9882
1149.000       2.3986
1150.000       2.0737
1151.000       1.8318
1152.000       1.8319
1155.000       1.6852
1157.000       1.5441
1158.000       1.4991
1160.000       1.4312
1161.000       1.4745
1163.000       1.5180
1165.000       1.4814
1166.000       1.5763
1167.000       1.4546
1169.000       1.4490
1170.000       1.5552
1171.000       1.7400
1173.000       1.6314
1175.000       1.7235
1177.000       1.7708
1178.000       1.7511
1179.000       1.9138
1180.000       2.0451
1181.000       1.7869
1182.000       1.6273
1185.000       1.5706
1187.000       1.6475
1188.000       1.5821
1190.000       1.4496
1191.000       1.4210
1193.000       1.3541
1195.000       1.2981
1196.000       1.2667
1199.000       1.3795
1200.000       1.4638
1201.000       1.6234
1202.000       1.4945
1204.000       1.5488
1206.000       1.7216
1208.000       1.5669
1209.000       1.5811
1210.000       1.7895
1211.000       1.6106
1212.000       1.5020
1213.000       1.6036
1216.000       1.5636
1218.000       1.5068
1219.000       1.4571
1221.000       1.3659
1222.000       1.3392
1224.000       1.3397
1226.000       1.3628
1227.000       1.4412
1230.000       1.3813
1231.000       1.3836
1232.000       1.4753
1233.000       1.5086
1235.000       1.4961
1237.000       1.6554
1239.000       1.6300
1240.000       1.6322
1241.000       1.8359
1242.000       1.6470
1243.000       1.4904
1244.000       1.5047
1247.000       1.3632
1249.000       1.2702
1250.000       1.1895
1252.000       1.1413
1253.000       1.2048
1255.000       1.1728
1256.000       1.0984
1257.000       1.1059
1258.000       1.1510
1261.000       1.1401
1262.000       1.1403
1264.000       1.1069
1265.000       1.0904
1266.000       1.3357
1268.000       1.2587
1270.000       1.3326
1272.000       1.4227
1273.000       1.4790
1274.000       1.6085
1275.000       1.5653
1276.000       1.3736
1277.000       1.3672
1280.000       1.3094
1282.000       1.2217
1283.000       1.3522
1285.000       1.2544
1286.000       1.3386
1288.000       1.3228
1290.000       1.1861
1291.000       1.1925
1294.000       1.1502
1295.000       1.1916
1296.000       1.2589
1297.000       1.4341
1299.000       1.7211
1301.000       2.1699
1303.000       1.4121
1304.000       1.3866
1305.000       1.4954
1306.000       1.6356
1307.000       1.3747
1308.000       1.4440
1311.000       1.3950
1313.000       1.4028
1314.000       1.3978
1316.000       1.3593
1317.000       1.3318
1319.000       1.3188
1321.000       1.3301
1322.000       1.3409
1325.000       1.3696
1326.000       1.3865
1327.000       1.4550
1328.000       1.3580
1330.000       1.3999
1332.000       1.5034
1334.000       1.3930
1335.000       1.3956
1336.000       1.5029
1337.000       1.4186
1338.000       1.3773
1339.000       1.4435
1342.000       1.4511
1344.000       1.4429
1345.000       1.4498
1347.000       1.3892
1348.000       1.3435
1350.000       1.3192
1351.000       1.3566
1352.000       1.3944
1353.000       1.3881
1356.000       1.4779
1357.000       1.5190
1359.000       1.4905
1360.000       1.4042
1361.000       1.4387
1363.000       1.4789
1365.000       1.5973
1367.000       1.5126
1368.000       1.5357
1369.000       1.6878
1370.000       1.5080
1371.000       1.5213
1372.000       1.6175
1375.000       1.6182
1377.000       1.5818
1378.000       1.5664
1380.000       1.4683
1381.000       1.4101
1383.000       1.3573
1384.000       1.3833
1385.000       1.3898
1386.000       1.3552
1389.000       1.4713
1390.000       1.5433
1392.000       1.5445
1393.000       1.4592
1394.000       1.5856
1396.000       1.6092
1398.000       1.7536
1400.000       1.6723
1401.000       1.6687
1402.000       1.8221
1403.000       1.6256
1404.000       1.6480
1405.000       1.7615
1408.000       1.7610
1410.000       1.7097
1411.000       1.6773
1413.000       1.5553
1414.000       1.4903
1416.000       1.3977
1417.000       1.4082
1418.000       1.3735
1419.000       1.3207
1420.000       1.4527
1422.000       1.5485
1423.000       1.6377
1426.000       1.5842
1427.000       1.5087
1428.000       1.7200
1430.000       1.7293
1432.000       1.8748
1434.000       1.8178
1435.000       1.8019
1436.000       1.9752
1437.000       1.7307
1438.000       1.7645
1439.000       1.8910
1442.000       1.8313
1444.000       1.7657
1445.000       1.6758
1447.000       1.5574
1448.000       1.5181
1450.000       1.4312
1451.000       1.4105
1452.000       1.3676
1453.000       1.3244
1456.000       1.4168
1457.000       1.5024
1459.000       1.5467
1460.000       1.4953
1461.000       1.7347
1463.000       1.6962
1465.000       1.8340
1467.000       1.8272
1468.000       1.7925
1469.000       1.9638
1470.000       1.7635
1471.000       1.7241
1472.000       1.7658
1475.000       1.7176
1477.000       1.6659
1478.000       1.6292
1480.000       1.5232
1481.000       1.4723
1483.000       1.4235
1484.000       1.4404
1485.000       1.4557
1486.000       1.4565
1487.000       1.5442
1489.000       1.6176
1490.000       1.7507
1493.000       1.6094
1494.000       1.5110
1495.000       1.6834
1497.000       1.6862
1499.000       1.8304
1501.000       1.7844
1502.000       1.8067
1503.000       2.0000
1504.000       1.8441
1505.000       1.6909
1506.000       1.7255
1509.000       1.6304
1511.000       1.5303
1512.000       1.4363
1514.000       1.3618
1515.000       1.4202
1517.000       1.3890
1519.000       1.2889
1520.000       1.3075
1523.000       1.2391
1524.000       1.2757
1525.000       1.2893
1526.000       1.6117
1528.000       1.5132
1530.000       1.5921
1532.000       1.7456
1533.000       1.8259
1534.000       2.0291
1535.000       1.8502
1536.000       1.7241
1537.000       1.7613
1540.000       1.6548
1542.000       1.5074
1543.000       1.4299
1545.000       1.3594
1546.000       1.4240
1548.000       1.4086
1550.000       1.3151
1551.000       1.3444
1554.000       1.2506
1555.000       1.2701
1556.000       1.2636
1557.000       1.6816
1559.000       1.5505
1561.000       1.6068
1563.000       1.8471
1564.000       2.0153
1565.000       2.1986
1566.000       2.0870
1567.000       1.9510
1568.000       1.9247
1571.000       1.9045
1573.000       1.8167
1574.000       1.9294
1576.000       1.9278
1577.000       1.9202
1579.000       1.9629
1581.000       2.0307
1582.000       2.1250
1583.000       2.0486
1585.000       1.9993
1586.000       2.0765
1587.000       2.0795
1589.000       2.0943
1591.000       2.2521
1593.000       2.1300
1594.000       2.2067
1595.000       2.3108
1596.000       2.3863
1597.000       2.0418
1598.000       1.9884
1601.000       1.8642
1603.000       1.7358
1604.000       1.7364
1606.000       1.7092
1607.000       1.7561
1609.000       1.7875
1611.000       1.7751
1612.000       1.8546
1613.000       1.7374
1615.000       1.7067
1616.000       1.7391
1617.000       1.9448
1619.000       1.8875
1621.000       1.9599
1623.000       1.9672
1624.000       2.1241
1625.000       2.2882
1626.000       2.2162
1627.000       2.0773
1628.000       2.0176
1631.000       1.9847
1633.000       1.8801
1634.000       1.7468
1636.000       1.6116
1637.000       1.5852
1639.000       1.5059
1640.000       1.4636
1641.000       1.4228
1642.000       1.4095
1645.000       1.4590
1646.000       1.5371
1648.000       1.5851
1649.000       1.5351
1650.000       1.9309
1652.000       1.8167
1654.000       1.9361
1656.000       2.1109
1657.000       2.1552
1658.000       2.4161
1659.000       2.1081
1660.000       2.0366
1661.000       2.1475
1664.000       2.0260
1666.000       1.8580
1667.000       1.6979
1669.000       1.5469
1670.000       1.4732
1672.000       1.3778
1673.000       1.3767
1674.000       1.3376
1675.000       1.2777
1678.000       1.4246
1679.000       1.5442
1681.000       1.5886
1682.000       1.4913
1683.000       1.9749
1685.000       1.7764
1687.000       1.7174
1689.000       2.0045
1690.000       2.0771
1691.000       2.3697
1692.000       2.2416
1693.000       2.1051
1694.000       2.0161
1697.000       1.8266
1699.000       1.7084
1700.000       1.5740
1702.000       1.4174
1703.000       1.3754
1705.000       1.2576
1706.000       1.2103
1707.000       1.1425
1708.000       1.1016
1711.000       1.1926
1712.000       1.3046
1714.000       1.3754
1715.000       1.3193
1716.000       1.7339
1718.000       1.6215
1720.000       1.7629
1722.000       1.8794
1723.000       1.8986
1724.000       2.1669
1725.000       1.9159
1726.000       1.7442
1727.000       1.8730
1730.000       1.8095
1732.000       1.7352
1733.000       1.7175
1735.000       1.6473
1736.000       1.5815
1738.000       1.6446
1740.000       1.7632
1741.000       1.9215
1744.000       1.8375
1745.000       1.7855
1746.000       1.9604
1747.000       1.7644
1749.000       1.7886
1751.000       1.9941
1753.000       1.9061
1754.000       1.9182
1755.000       2.1168
1756.000       1.8694
1757.000       1.8997
1758.000       2.0360
1761.000       1.9814
1763.000       1.8741
1764.000       1.7992
1766.000       1.6477
1767.000       1.6111
1769.000       1.4963
1771.000       1.4130
1772.000       1.3574
1773.000       1.4755
1775.000       1.5905
1776.000       1.6815
1777.000       1.9326
1779.000       1.8808
1781.000       2.0306
1783.000       2.0739
1784.000       2.0742
1785.000       2.2766
1786.000       2.0146
1787.000       1.9922
1788.000       2.0774
1791.000       1.9975
1793.000       1.8842
1794.000       1.8018
1796.000       1.6683
1797.000       1.6595
1799.000       1.5584
1801.000       1.4576
1802.000       1.3920
1805.000       1.4866
1806.000       1.5901
1807.000       1.6527
1808.000       1.9501
1810.000       1.8777
1812.000       1.9945
1814.000       2.0736
1815.000       2.0954
1816.000       2.2853
1817.000       2.0779
1818.000       1.9965
1819.000       2.0722
1822.000       1.9998
1824.000       1.8848
1825.000       1.8193
1827.000       1.7004
1828.000       1.6841
1830.000       1.5971
1832.000       1.5186
1833.000       1.4731
1834.000       1.5514
1836.000       1.6420
1837.000       1.7083
1838.000       1.9679
1840.000       1.9058
1842.000       2.0361
1844.000       2.1031
1845.000       2.1320
1846.000       2.3219
1847.000       2.1238
1848.000       2.0337
1849.000       2.1040
1852.000       2.0412
1854.000       1.9387
1855.000       1.8704
1857.000       1.7531
1858.000       1.7459
1860.000       1.6628
1862.000       1.5782
1863.000       1.5387
1864.000       1.6010
1866.000       1.6881
1867.000       1.7489
1868.000       2.0122
1870.000       1.9519
1872.000       2.0685
1874.000       2.1334
1875.000       2.1559
1876.000       2.3256
1877.000       2.1564
1878.000       2.0631
1879.000       2.0999
1882.000       2.0068
1884.000       1.9354
1885.000       1.8724
1887.000       1.7782
1888.000       1.7956
1890.000       1.7179
1891.000       1.6367
1892.000       1.5479
1893.000       1.5224
1894.000       1.5198
1896.000       1.5759
1897.000       1.5634
1900.000       1.6598
1901.000       1.6811
1902.000       1.9742
1904.000       1.9506
1906.000       2.0865
1908.000       2.0386
1909.000       2.0009
1910.000       2.1923
1911.000       1.9750
1912.000       1.9082
1913.000       1.8737
1916.000       1.7737
1918.000       1.7349
1919.000       1.6459
1921.000       1.5529
1922.000       1.5857
1924.000       1.5507
1925.000       1.4867
1926.000       1.4829
1927.000       1.5286
1930.000       1.4961
1931.000       1.5167
1933.000       1.5211
1934.000       1.4983
1935.000       1.6546
1937.000       1.6367
1939.000       1.8032
1941.000       1.7492
1942.000       1.7532
1943.000       1.9504
1944.000       1.8108
1945.000       1.6286
1946.000       1.6767
1949.000       1.5962
1951.000       1.5353
1952.000       1.4917
1954.000       1.4509
1955.000       1.4519
1957.000       1.4960
1959.000       1.5271
1960.000       1.6381
1963.000       1.5401
1964.000       1.5078
1965.000       1.6170
1966.000       1.5653
1968.000       1.5373
1970.000       1.6373
1972.000       1.6551
1973.000       1.6745
1974.000       1.8491
1975.000       1.6675
1976.000       1.5933
1977.000       1.6529
1980.000       1.5481
1982.000       1.4298
1983.000       1.3329
1985.000       1.2425
1986.000       1.2795
1988.000       1.2240
1990.000       1.1467
1991.000       1.1614
1992.000       1.1457
1994.000       1.1836
1995.000       1.2539
1996.000       1.5135
1998.000       1.4072
2000.000       1.4727
2002.000       1.6443
2003.000       1.6814
2004.000       1.8882
2005.000       1.6730
2006.000       1.5753
2007.000       1.6437
2010.000       1.5986
2012.000       1.5259
2013.000       1.4657
2015.000       1.3389
2016.000       1.2972
2018.000       1.2256
2019.000       1.2232
2020.000       1.2343
2021.000       1.2446
2024.000       1.3153
2025.000       1.3710
2027.000       1.3731
2028.000       1.2943
2029.000       1.5567
2031.000       1.5417
2033.000       1.7126
2035.000       1.6961
2036.000       1.7147
2037.000       1.9144
2038.000       1.6705
2039.000       1.6678
2040.000       1.7901
2043.000       1.7637
2045.000       1.6404
2046.000       1.5972
2048.000       1.4369
2049.000       1.3760
2051.000       1.2790
2053.000       1.2470
2054.000       1.2305
2055.000       1.3316
2057.000       1.4235
2058.000       1.5538
2059.000       1.7519
2061.000       1.7252
2063.000       1.9179
2065.000       1.9378
2066.000       1.9647
2067.000       2.2365
2068.000       1.8439
2069.000       1.9186
2070.000       2.1217
2073.000       2.0799
2075.000       1.9345
2076.000       1.8570
2078.000       1.6333
2079.000       1.5228
2081.000       1.3791
2082.000       1.3978
2083.000       1.3632
2084.000       1.3036
2085.000       1.4918
2087.000       1.6259
2088.000       1.7719
2091.000       1.6729
2092.000       1.5547
2093.000       2.0197
2095.000       1.9837
2097.000       2.2186
2099.000       2.2248
2100.000       2.2296
2101.000       2.5127
2102.000       2.0911
2103.000       2.1801
2104.000       2.3885
2107.000       2.3566
2109.000       2.2017
2110.000       2.1386
2112.000       1.9115
2113.000       1.7746
2115.000       1.6384
2116.000       1.6987
2117.000       1.6995
2118.000       1.6455
2119.000       1.8675
2121.000       2.0063
2122.000       2.1980
2125.000       2.0219
2126.000       1.8641
2127.000       2.3079
2129.000       2.2838
2131.000       2.5362
2133.000       2.5297
2134.000       2.5530
2135.000       2.8424
2136.000       2.4392
2137.000       2.4719
2138.000       2.6503
2141.000       2.5875
2143.000       2.3962
2144.000       2.3115
2146.000       2.0975
2147.000       2.0100
2149.000       1.8675
2150.000       1.8601
2151.000       1.8084
2152.000       1.7320
2155.000       1.9128
2156.000       2.0510
2158.000       2.1102
2159.000       2.0072
2160.000       2.5640
2162.000       2.4861
2164.000       2.7030
2166.000       2.8046
2167.000       2.8820
2168.000       3.1707
2169.000       2.7923
2170.000       2.8203
2171.000       2.9611
2174.000       2.9080
2176.000       2.7036
2177.000       2.6505
2179.000       2.4608
2180.000       2.3758
2182.000       2.2540
2183.000       2.2604
2184.000       2.2230
2185.000       2.1695
2186.000       2.3330
2188.000       2.4609
2189.000       2.6061
2192.000       2.5028
2193.000       2.3937
2194.000       2.9447
2196.000       2.8559
2198.000       3.0422
2200.000       3.2009
2201.000       3.3253
2202.000       3.6151
2203.000       3.3002
2204.000       3.2266
2205.000       3.3314
2208.000       3.2560
2210.000       3.0203
2211.000       2.9837
2213.000       2.8206
2214.000       2.7980
2216.000       2.7234
2218.000       2.6638
2219.000       2.6689
2220.000       2.6914
2222.000       2.7727
2223.000       2.8670
2224.000       3.3342
2226.000       3.2217
2228.000       3.3834
2230.000       3.5919
2231.000       3.7713
2232.000       4.0579
2233.000       3.7420
2234.000       3.7230
2235.000       3.8632
2238.000       3.8436
2240.000       3.6064
2241.000       3.6184
2243.000       3.4211
2244.000       3.3669
2246.000       3.2435
2248.000       3.1745
2249.000       3.1142
2252.000       3.2386
2253.000       3.3582
2254.000       3.4713
2255.000       3.9637
2257.000       3.8994
2259.000       4.1494
2261.000       4.2495
