   2.000       3.2827
   3.000       3.3292
   6.000       3.1431
   8.000       3.2030
   9.000       2.9678
  11.000       2.7939
  12.000       2.8569
  14.000       2.7182
  15.000       2.5400
  16.000       2.3782
  17.000       2.3325
  18.000       2.3359
  20.000       2.4418
  21.000       2.4731
  24.000       2.5732
  25.000       2.6083
  26.000       2.7937
  28.000       2.7758
  30.000       2.9612
  32.000       2.7729
  33.000       2.5413
  34.000       2.6952
  35.000       2.5122
  36.000       2.3195
  37.000       2.3924
  40.000       2.2518
  42.000       2.2443
  43.000       2.0598
  45.000       1.9018
  46.000       1.9405
  48.000       1.8831
  50.000       1.7411
  51.000       1.7345
  54.000       1.7050
  55.000       1.8009
  56.000       1.8692
  57.000       2.0175
  59.000       1.9744
  61.000       2.1678
  63.000       2.0725
  64.000       1.9503
  65.000       2.1548
  66.000       1.8834
  67.000       1.8207
  68.000       1.9258
  71.000       1.8242
  73.000       1.7444
  74.000       1.5967
  76.000       1.4337
  77.000       1.4174
  79.000       1.3198
  80.000       1.2514
  81.000       1.1895
  82.000       1.1961
  83.000       1.2009
  85.000       1.2702
  86.000       1.3322
  89.000       1.3449
  90.000       1.3241
  91.000       1.6878
  93.000       1.6139
  95.000       1.7860
  97.000       1.8237
  98.000       1.7802
  99.000       2.0233
 100.000       1.7456
 101.000       1.6087
 102.000       1.6816
 105.000       1.5304
 107.000       1.4070
 108.000       1.2741
 110.000       1.1458
 111.000       1.1621
 113.000       1.0819
 115.000       1.0052
 116.000       1.0078
 119.000       1.0087
 120.000       1.0682
 121.000       1.1210
 122.000       1.4595
 124.000       1.3371
 126.000       1.4436
 128.000       1.6120
 129.000       1.6649
 130.000       1.8490
 131.000       1.7659
 132.000       1.4862
 133.000       1.4327
 136.000       1.2965
 138.000       1.1778
 139.000       1.1663
 141.000       1.1503
 142.000       1.2810
 144.000       1.2868
 145.000       1.1370
 146.000       1.1141
 147.000       1.2360
 150.000       1.0445
 151.000       1.0031
 153.000       1.0045
 154.000       1.0627
 155.000       1.3642
 157.000       1.3170
 159.000       1.3527
 161.000       1.3627
 162.000       1.4454
 163.000       1.5606
 164.000       1.5242
 165.000       1.3953
 166.000       1.5832
 169.000       1.4758
 171.000       1.3567
 172.000       1.3280
 174.000       1.2024
 175.000       1.1344
 177.000       1.0477
 179.000       1.0304
 180.000       1.0011
 183.000       1.1188
 184.000       1.2046
 185.000       1.3404
 186.000       1.5381
 188.000       1.5009
 190.000       1.6495
 192.000       1.7089
 193.000       2.0319
 194.000       2.3561
 195.000       2.2942
 196.000       1.9484
 197.000       1.7971
 200.000       1.7188
 202.000       1.5243
 203.000       1.4873
 205.000       1.3245
 206.000       1.3642
 208.000       1.3187
 210.000       1.2134
 211.000       1.2423
 212.000       1.1580
 214.000       1.2209
 215.000       1.2515
 216.000       1.8231
 218.000       1.7115
 220.000       1.9942
 222.000       2.0414
 223.000       2.4732
 224.000       2.7926
 225.000       2.8322
 226.000       2.3348
 227.000       2.1915
 230.000       2.1818
 232.000       2.1056
 233.000       2.4480
 235.000       2.3763
 236.000       2.5253
 238.000       2.4733
 239.000       2.2792
 240.000       2.2372
 241.000       2.3438
 242.000       2.1675
 244.000       2.1349
 245.000       2.1998
 248.000       2.1589
 249.000       2.2286
 250.000       2.5800
 252.000       2.8935
 254.000       3.3744
 256.000       2.5764
 257.000       2.5699
 258.000       2.8672
 259.000       2.7146
 260.000       2.2503
 261.000       2.3693
 264.000       2.2034
 266.000       2.0500
 267.000       1.9512
 269.000       1.7962
 270.000       1.8852
 272.000       1.8884
 273.000       1.7807
 274.000       1.9202
 275.000       2.0449
 276.000       2.1605
 278.000       2.2774
 279.000       2.7361
 282.000       2.0902
 283.000       1.8083
 284.000       2.0832
 286.000       2.0434
 288.000       2.3199
 290.000       2.2795
 291.000       2.2860
 292.000       2.4787
 293.000       2.3461
 294.000       2.1163
 295.000       2.1004
 298.000       1.9875
 300.000       1.9057
 301.000       1.8112
 303.000       1.7021
 304.000       1.7412
 306.000       1.6825
 308.000       1.5623
 309.000       1.5403
 312.000       1.5352
 313.000       1.6150
 314.000       1.6632
 315.000       1.9541
 317.000       1.8929
 319.000       1.9986
 321.000       2.0580
 322.000       2.0780
 323.000       2.2739
 324.000       2.0897
 325.000       1.9546
 326.000       2.0146
 329.000       1.9101
 331.000       1.8127
 332.000       1.7164
 334.000       1.6179
 335.000       1.6523
 337.000       1.5633
 338.000       1.4601
 339.000       1.3634
 340.000       1.3480
 341.000       1.3325
 343.000       1.3888
 344.000       1.3911
 347.000       1.4776
 348.000       1.5048
 349.000       1.8618
 351.000       1.7750
 353.000       1.8683
 355.000       1.9684
 356.000       1.9874
 357.000       2.1439
 358.000       2.0202
 359.000       1.8603
 360.000       1.8753
 363.000       1.7623
 365.000       1.6743
 366.000       1.5802
 368.000       1.5188
 369.000       1.5778
 371.000       1.5480
 373.000       1.4523
 374.000       1.4554
 377.000       1.4050
 378.000       1.4390
 379.000       1.4407
 380.000       1.7265
 382.000       1.6261
 384.000       1.6780
 386.000       1.8170
 387.000       1.8125
 388.000       1.9746
 389.000       1.8865
 390.000       1.6352
 391.000       1.8038
 394.000       1.6032
 396.000       1.5326
 397.000       1.4208
 399.000       1.4227
 400.000       1.5200
 402.000       1.5823
 404.000       1.5593
 405.000       1.6747
 406.000       1.4728
 408.000       1.3995
 409.000       1.3913
 410.000       1.5113
 412.000       1.4136
 414.000       1.4732
 416.000       1.5621
 417.000       1.5552
 418.000       1.6973
 419.000       1.6244
 420.000       1.4311
 421.000       1.4830
 424.000       1.4091
 426.000       1.4199
 427.000       1.3671
 429.000       1.3056
 430.000       1.3323
 432.000       1.3047
 433.000       1.2442
 434.000       1.2175
 435.000       1.2459
 436.000       1.1978
 438.000       1.2192
 439.000       1.2386
 442.000       1.2584
 443.000       1.2551
 444.000       1.3306
 446.000       1.3484
 448.000       1.4768
 450.000       1.3781
 451.000       1.3569
 452.000       1.5159
 453.000       1.3824
 454.000       1.2937
 455.000       1.3697
 458.000       1.3183
 460.000       1.2752
 461.000       1.2104
 463.000       1.1189
 464.000       1.1319
 466.000       1.1148
 468.000       1.0826
 469.000       1.1292
 472.000       1.0698
 473.000       1.0880
 474.000       1.1390
 475.000       1.2695
 477.000       1.2543
 479.000       1.4043
 481.000       1.3846
 482.000       1.4324
 483.000       1.6326
 484.000       1.5119
 485.000       1.4033
 486.000       1.5586
 489.000       1.4491
 491.000       1.3876
 492.000       1.2827
 494.000       1.1876
 495.000       1.2099
 497.000       1.1553
 498.000       1.0971
 499.000       1.0981
 500.000       1.1457
 501.000       1.1200
 503.000       1.1293
 504.000       1.2036
 507.000       1.1333
 508.000       1.1163
 509.000       1.3870
 511.000       1.3237
 513.000       1.4518
 515.000       1.5261
 516.000       1.5993
 517.000       1.8217
 518.000       1.6283
 519.000       1.5158
 520.000       1.5764
 523.000       1.5211
 525.000       1.3890
 526.000       1.3698
 528.000       1.2747
 529.000       1.2586
 531.000       1.2324
 533.000       1.2290
 534.000       1.2681
 537.000       1.2629
 538.000       1.2823
 539.000       1.3769
 540.000       1.5897
 542.000       1.5429
 544.000       1.6872
 546.000       1.8044
 547.000       1.9903
 548.000       2.2515
 549.000       1.9849
 550.000       1.9777
 551.000       2.0940
 554.000       2.0925
 556.000       1.9187
 557.000       1.9387
 559.000       1.8041
 560.000       1.7291
 562.000       1.6562
 564.000       1.6663
 565.000       1.6594
 568.000       1.7498
 569.000       1.8154
 570.000       1.9351
 571.000       2.1888
 573.000       2.1467
 575.000       2.3271
 577.000       2.4411
 578.000       2.5996
 579.000       2.8992
 580.000       2.5700
 581.000       2.5328
 582.000       2.6586
 585.000       2.6017
 587.000       2.3759
 588.000       2.3491
 590.000       2.1955
 591.000       2.1731
 593.000       2.1125
 595.000       2.0853
 596.000       2.1218
 597.000       2.1232
 599.000       2.1749
 600.000       2.2828
 601.000       2.6798
 603.000       2.5717
 605.000       2.7407
 607.000       2.9476
 608.000       3.1167
 609.000       3.4238
 610.000       3.0441
 611.000       3.1298
 612.000       3.4004
 615.000       3.4560
 617.000       3.7058
 618.000       3.6984
 620.000       3.9679
 621.000       4.1122
 623.000       4.5714
 625.000       4.9499
 626.000       5.5088
 627.000       4.8805
 629.000       4.4231
 630.000       4.6717
 631.000       3.2263
 633.000       3.4430
 635.000       3.7854
 637.000       3.3552
 638.000       3.4434
 639.000       3.9243
 640.000       3.6783
 641.000       3.2575
 642.000       3.4730
 645.000       3.4216
 647.000       3.6029
 648.000       3.8725
 650.000       4.3034
 651.000       4.1611
 653.000       4.7962
 655.000       5.6257
 656.000       6.4073
 659.000       5.8076
 660.000       5.1408
 661.000       5.4623
 662.000       3.4776
 664.000       3.7941
 666.000       4.2536
 668.000       3.7690
 669.000       4.0359
 670.000       4.7418
 671.000       4.6341
 672.000       3.4425
 673.000       3.5092
 676.000       3.2555
 678.000       3.5527
 679.000       3.6881
 681.000       4.1105
 682.000       4.5514
 684.000       5.0962
 685.000       5.0587
 686.000       5.7350
 687.000       6.3786
 688.000       5.8431
 690.000       5.3940
 691.000       5.8780
 694.000       4.6913
 695.000       4.5137
 696.000       3.0564
 698.000       3.4780
 700.000       3.9529
 702.000       3.1414
 703.000       2.9258
 704.000       3.1394
 705.000       2.9306
 706.000       2.7900
 707.000       2.9231
 710.000       2.8286
 712.000       2.8095
 713.000       2.6184
 715.000       2.4320
 716.000       2.4266
 718.000       2.2650
 719.000       2.1423
 720.000       1.9748
 721.000       1.8970
 722.000       1.9592
 724.000       2.0950
 725.000       2.1199
 728.000       2.2463
 729.000       2.2578
 730.000       2.6036
 732.000       2.5454
 734.000       2.7279
 736.000       2.6879
 737.000       2.5592
 738.000       2.7704
 739.000       2.4997
 740.000       2.3512
 741.000       2.4246
 744.000       2.2655
 746.000       2.1975
 747.000       2.0037
 749.000       1.8636
 750.000       1.8989
 752.000       1.7702
 753.000       1.6331
 754.000       1.4889
 755.000       1.4554
 756.000       1.4397
 758.000       1.5234
 759.000       1.5196
 762.000       1.6564
 763.000       1.7003
 764.000       2.0846
 766.000       1.9657
 768.000       2.0808
 770.000       2.1710
 771.000       2.1200
 772.000       2.3070
 773.000       2.1479
 774.000       1.9230
 775.000       1.9396
 778.000       1.7907
 780.000       1.7001
 781.000       1.5678
 783.000       1.4679
 784.000       1.5377
 786.000       1.4903
 788.000       1.3583
 789.000       1.3562
 792.000       1.2938
 793.000       1.3534
 794.000       1.3623
 795.000       1.7201
 797.000       1.6128
 799.000       1.7008
 801.000       1.8252
 802.000       1.8474
 803.000       2.0432
 804.000       1.9070
 805.000       1.6715
 806.000       1.6778
 809.000       1.5349
 811.000       1.4442
 812.000       1.3251
 814.000       1.2648
 815.000       1.3520
 817.000       1.2910
 818.000       1.1530
 819.000       1.0806
 820.000       1.1129
 821.000       1.0334
 823.000       1.0421
 824.000       1.0582
 827.000       1.0938
 828.000       1.1471
 829.000       1.4845
 831.000       1.3692
 833.000       1.4254
 835.000       1.5770
 836.000       1.6204
 837.000       1.7652
 838.000       1.7561
 839.000       1.4487
 840.000       1.3919
 843.000       1.2773
 845.000       1.2002
 846.000       1.1967
 848.000       1.1799
 849.000       1.2340
 851.000       1.2486
 853.000       1.2000
 854.000       1.2390
 857.000       1.1753
 858.000       1.1656
 859.000       1.1997
 860.000       1.3692
 862.000       1.3433
 864.000       1.4349
 866.000       1.4833
 867.000       1.5934
 868.000       1.9719
 869.000       1.6490
 870.000       1.7375
 871.000       2.1050
 874.000       2.3794
 876.000       2.5530
 877.000       2.6035
 879.000       2.7677
 880.000       2.6812
 882.000       3.0274
 884.000       3.4641
 885.000       3.9260
 888.000       3.5655
 889.000       3.2273
 890.000       3.4814
 891.000       2.2954
 893.000       2.2995
 895.000       2.6056
 897.000       2.7263
 898.000       3.0255
 899.000       3.5841
 900.000       3.2330
 901.000       2.6535
 902.000       2.5816
 905.000       2.3104
 907.000       2.1479
 908.000       2.1491
 910.000       2.2664
 911.000       2.4540
 913.000       2.6524
 914.000       2.6711
 915.000       3.0622
 916.000       3.3693
 919.000       3.3295
 920.000       3.1770
 922.000       2.7374
 923.000       2.4852
 924.000       2.4404
 926.000       2.3051
 928.000       2.5438
 930.000       2.7770
 931.000       3.0080
 932.000       3.5772
 933.000       3.2036
 934.000       2.6210
 935.000       2.4915
 938.000       2.2536
 940.000       2.3806
 941.000       2.3920
 943.000       2.5132
 944.000       2.7668
 946.000       2.9813
 947.000       2.8772
 948.000       3.1595
 949.000       3.4677
 952.000       3.3144
 953.000       3.1981
 955.000       2.8519
 956.000       2.6662
 957.000       2.1627
 959.000       2.3714
 961.000       2.7054
 963.000       1.9862
 964.000       2.1322
 965.000       2.5486
 966.000       2.5263
 967.000       1.8087
 968.000       1.9377
 971.000       1.9262
 973.000       1.9819
 974.000       2.0170
 976.000       2.1463
 977.000       2.1562
 979.000       2.5862
 981.000       2.9510
 982.000       3.4311
 983.000       2.9472
 985.000       2.6307
 986.000       2.9925
 987.000       1.7765
 989.000       1.8912
 991.000       2.3788
 993.000       2.3259
 994.000       2.6762
 995.000       3.6263
 996.000       2.8107
 997.000       2.2602
 998.000       2.1568
1001.000       1.8705
1003.000       1.8190
1004.000       1.7658
1006.000       1.9113
1007.000       2.0442
1009.000       2.2345
1011.000       2.2771
1012.000       2.5115
1015.000       2.1707
1016.000       1.9944
1017.000       2.0039
1018.000       1.8474
1020.000       1.9433
1022.000       2.1108
1024.000       1.8710
1025.000       1.9193
1026.000       2.1083
1027.000       2.0582
1028.000       1.7817
1029.000       1.7862
1032.000       1.7142
1034.000       1.6806
1035.000       1.6439
1037.000       1.5852
1038.000       1.6601
1040.000       1.8313
1041.000       1.8744
1042.000       2.2280
1043.000       2.5223
1044.000       2.3881
1046.000       2.2620
1047.000       2.6126
1050.000       1.9482
1051.000       1.7356
1052.000       1.7122
1054.000       1.7696
1056.000       2.1804
1058.000       1.7492
1059.000       1.8269
1060.000       2.0507
1061.000       1.9533
1062.000       1.6464
1063.000       1.6575
1066.000       1.5341
1068.000       1.4854
1069.000       1.4238
1071.000       1.4026
1072.000       1.3887
1074.000       1.4188
1076.000       1.5283
1077.000       1.6618
1078.000       1.6123
1080.000       1.5332
1081.000       1.6870
1082.000       1.4780
1084.000       1.4401
1086.000       1.5114
1088.000       1.5239
1089.000       1.5343
1090.000       1.6757
1091.000       1.6661
1092.000       1.3479
1093.000       1.3502
1096.000       1.2403
1098.000       1.1887
1099.000       1.1551
1101.000       1.2001
1102.000       1.2901
1104.000       1.4013
1105.000       1.3784
1106.000       1.5205
1107.000       1.6994
1110.000       1.5501
1111.000       1.4475
1113.000       1.3073
1114.000       1.2653
1115.000       1.2032
1117.000       1.1577
1119.000       1.2702
1121.000       1.3356
1122.000       1.4318
1123.000       1.6109
1124.000       1.7710
1125.000       1.5681
1126.000       1.6209
1129.000       1.4204
1131.000       1.3739
1132.000       1.2988
1134.000       1.2528
1135.000       1.2719
1137.000       1.2717
1138.000       1.2440
1139.000       1.2698
1140.000       1.3243
1141.000       1.2816
1143.000       1.2758
1144.000       1.3230
1147.000       1.2586
1148.000       1.2372
1149.000       1.2876
1151.000       1.2798
1153.000       1.4457
1155.000       1.3476
1156.000       1.3321
1157.000       1.4681
1158.000       1.3822
1159.000       1.2478
1160.000       1.2930
1163.000       1.2650
1165.000       1.2640
1166.000       1.2446
1168.000       1.1991
1169.000       1.1762
1171.000       1.1760
1173.000       1.1963
1174.000       1.2391
1177.000       1.2236
1178.000       1.2286
1179.000       1.3020
1180.000       1.2159
1182.000       1.2532
1184.000       1.3796
1186.000       1.2746
1187.000       1.2845
1188.000       1.4406
1189.000       1.3000
1190.000       1.2497
1191.000       1.3345
1194.000       1.3325
1196.000       1.3268
1197.000       1.3169
1199.000       1.2433
1200.000       1.1960
1202.000       1.1829
1203.000       1.2197
1204.000       1.2731
1205.000       1.3047
1206.000       1.3517
1208.000       1.3822
1209.000       1.4944
1212.000       1.3454
1213.000       1.2593
1214.000       1.2894
1216.000       1.3311
1218.000       1.4822
1220.000       1.3730
1221.000       1.3733
1222.000       1.5488
1223.000       1.3662
1224.000       1.3207
1225.000       1.4216
1228.000       1.4119
1230.000       1.3807
1231.000       1.3785
1233.000       1.2912
1234.000       1.2277
1236.000       1.2428
1238.000       1.3296
1239.000       1.4418
1240.000       1.3908
1242.000       1.3826
1243.000       1.5370
1244.000       1.3711
1246.000       1.4025
1248.000       1.5912
1250.000       1.5027
1251.000       1.4844
1252.000       1.7414
1253.000       1.4840
1254.000       1.3815
1255.000       1.6042
1258.000       1.3629
1260.000       1.3070
1261.000       1.2306
1263.000       1.2798
1264.000       1.4558
1266.000       1.5242
1267.000       1.3690
1268.000       1.4050
1269.000       1.5777
1270.000       1.2970
1272.000       1.1854
1273.000       1.2052
1276.000       1.1475
1277.000       1.2299
1278.000       1.2924
1280.000       1.2938
1282.000       1.3776
1284.000       1.3300
1285.000       1.5078
1286.000       1.7234
1287.000       1.9518
1288.000       1.4578
1289.000       1.5322
1292.000       1.5397
1294.000       1.4171
1295.000       1.3349
1297.000       1.1701
1298.000       1.1375
1300.000       1.0946
1302.000       1.1067
1303.000       1.1890
1304.000       1.1551
1306.000       1.1767
1307.000       1.3182
1308.000       1.5909
1310.000       1.4288
1312.000       1.5761
1314.000       1.8023
1315.000       1.9826
1316.000       2.3832
1317.000       2.0282
1318.000       1.9336
1319.000       2.1048
1322.000       2.2019
1324.000       2.3167
1325.000       2.3294
1327.000       2.1724
1328.000       1.9831
1330.000       1.8708
1332.000       1.9840
1333.000       1.9526
1336.000       2.2152
1337.000       2.3035
1338.000       2.5603
1339.000       2.0658
1341.000       2.2689
1343.000       2.5292
1345.000       2.1059
1346.000       2.0023
1347.000       2.2091
1348.000       1.9388
1349.000       1.9216
1350.000       2.0965
1353.000       2.0605
1355.000       1.9986
1356.000       1.8867
1358.000       1.6544
1359.000       1.5759
1361.000       1.4129
1362.000       1.3635
1363.000       1.2414
1364.000       1.1524
1365.000       1.3037
1367.000       1.4709
1368.000       1.5698
1371.000       1.5917
1372.000       1.5239
1373.000       1.9097
1375.000       1.9044
1377.000       2.1588
1379.000       2.0610
1380.000       1.9999
1381.000       2.2575
1382.000       1.9355
1383.000       1.8483
1384.000       1.9554
1387.000       1.8245
1389.000       1.7215
1390.000       1.5534
1392.000       1.3852
1393.000       1.3973
1395.000       1.2696
1396.000       1.1599
1397.000       1.0505
1398.000       1.0323
1399.000       1.0405
1401.000       1.1190
1402.000       1.1474
1405.000       1.2200
1406.000       1.2358
1407.000       1.7279
1409.000       1.6130
1411.000       1.7520
1413.000       1.8882
1414.000       1.9138
1415.000       2.1360
1416.000       1.9282
1417.000       1.7599
1418.000       1.7985
1421.000       1.6736
1423.000       1.5479
1424.000       1.4455
1426.000       1.3446
1427.000       1.3892
1429.000       1.3484
1431.000       1.2530
1432.000       1.2615
1435.000       1.2234
1436.000       1.2694
1437.000       1.3066
1438.000       1.6630
1440.000       1.5612
1442.000       1.6719
1444.000       1.8278
1445.000       1.9370
1446.000       2.1510
1447.000       1.9782
1448.000       1.8618
1449.000       1.9312
1452.000       1.9018
1454.000       1.7383
1455.000       1.7261
1457.000       1.6195
1458.000       1.6014
1460.000       1.5621
1461.000       1.5398
1462.000       1.5441
1463.000       1.5676
1464.000       1.5911
1466.000       1.6443
1467.000       1.7513
1470.000       1.6515
1471.000       1.5858
1472.000       1.9891
1474.000       1.9298
1476.000       2.0837
1478.000       2.2139
1479.000       2.3984
1480.000       2.6494
1481.000       2.3973
1482.000       2.3995
1483.000       2.5224
1486.000       2.5317
1488.000       2.3166
1489.000       2.3479
1491.000       2.2213
1492.000       2.1610
1494.000       2.1228
1496.000       2.1432
1497.000       2.1705
1500.000       2.1942
1501.000       2.2339
1502.000       2.3344
1503.000       2.6776
1505.000       2.6069
1507.000       2.7980
1509.000       2.9618
1510.000       3.1929
1511.000       3.5321
1512.000       3.1722
1513.000       3.2154
1514.000       3.4309
1517.000       3.5249
1519.000       3.2953
1520.000       3.4437
1522.000       3.2610
1523.000       3.0621
1525.000       3.0483
1527.000       3.2484
1528.000       3.3837
1531.000       3.4349
1532.000       3.4373
1533.000       3.7038
1534.000       3.7072
1536.000       3.7550
1538.000       4.1356
1540.000       4.0585
