   2.000       7.7260
   3.000       7.8555
   6.000       7.5291
   8.000       7.6406
   9.000       7.2177
  11.000       6.9734
  12.000       7.1226
  14.000       7.0996
  15.000       6.9317
  16.000       7.0774
  17.000       7.3606
  18.000       7.1188
  20.000       7.0259
  21.000       7.2790
  24.000       6.8993
  25.000       6.8511
  26.000       6.7996
  28.000       6.7981
  30.000       7.2316
  32.000       6.8268
  33.000       6.3029
  34.000       6.2266
  35.000       6.6442
  36.000       5.8009
  37.000       5.9780
  40.000       5.7847
  42.000       5.8862
  43.000       5.7399
  45.000       5.6085
  46.000       5.5173
  48.000       5.6490
  50.000       5.8555
  51.000       6.1568
  54.000       5.9729
  55.000       5.8598
  56.000       6.1810
  57.000       5.3539
  59.000       5.5079
  61.000       5.9651
  63.000       5.4421
  64.000       5.2247
  65.000       5.5464
  66.000       5.0922
  67.000       5.1287
  68.000       5.4754
  71.000       5.5700
  73.000       5.5198
  74.000       5.4757
  76.000       5.1273
  77.000       4.9051
  79.000       4.8679
  80.000       5.0295
  81.000       5.2395
  82.000       5.3531
  83.000       5.5227
  85.000       5.6496
  86.000       6.0678
  89.000       5.5285
  90.000       5.1867
  91.000       5.4144
  93.000       5.5976
  95.000       6.2375
  97.000       5.7839
  98.000       5.7894
  99.000       6.3019
 100.000       5.4045
 101.000       5.9526
 102.000       5.6474
 105.000       6.0942
 107.000       6.5735
 108.000       7.2072
 110.000       7.7379
 111.000       7.6616
 113.000       8.2414
 115.000       8.9483
 116.000       9.5474
 117.000       9.0141
 119.000       8.4554
 120.000       8.7033
 121.000       6.5492
 123.000       7.1918
 125.000       7.8392
 127.000       6.7295
 128.000       6.4466
 129.000       6.5115
 130.000       7.0246
 131.000       5.6245
 132.000       5.4284
 135.000       4.7595
 137.000       4.7897
 138.000       4.2944
 140.000       4.4338
 141.000       4.7325
 143.000       5.0516
 145.000       4.9995
 146.000       5.3646
 149.000       4.7638
 150.000       4.5086
 151.000       4.5302
 152.000       4.1972
 154.000       3.8594
 156.000       3.6938
 158.000       4.0302
 159.000       3.7220
 160.000       3.9249
 161.000       3.9678
 162.000       3.2027
 163.000       3.1425
 166.000       2.9210
 168.000       2.9144
 169.000       2.7243
 171.000       2.7592
 172.000       3.0126
 174.000       3.1463
 175.000       2.9264
 176.000       3.0311
 177.000       3.2922
 180.000       3.0611
 181.000       3.0242
 183.000       2.8632
 184.000       2.7673
 185.000       2.8106
 187.000       2.6987
 189.000       2.9515
 191.000       3.2289
 192.000       3.5329
 193.000       4.3492
 194.000       3.5486
 195.000       3.2841
 196.000       3.2647
 199.000       3.1695
 201.000       3.2432
 202.000       3.1859
 204.000       3.2760
 205.000       3.3857
 207.000       3.6553
 209.000       3.8012
 210.000       4.1799
 213.000       3.7306
 214.000       3.4725
 215.000       3.5819
 216.000       3.0377
 218.000       3.1077
 220.000       3.2893
 222.000       3.1161
 223.000       3.0576
 224.000       3.3936
 225.000       2.9064
 226.000       3.1060
 227.000       3.4644
 230.000       3.6190
 232.000       3.4660
 233.000       3.6247
 235.000       3.4190
 236.000       3.1765
 238.000       3.2814
 239.000       3.6008
 240.000       4.0303
 241.000       4.2174
 244.000       4.4440
 245.000       4.4644
 247.000       4.1439
 248.000       3.6886
 249.000       3.6940
 251.000       3.8969
 253.000       4.3764
 255.000       4.0883
 256.000       4.2156
 257.000       4.8536
 258.000       3.9309
 259.000       4.2152
 260.000       4.7656
 263.000       4.8625
 265.000       4.5740
 266.000       4.6098
 268.000       4.1494
 269.000       3.7169
 271.000       3.4827
 273.000       3.7500
 274.000       3.8003
 277.000       4.1791
 278.000       4.3602
 279.000       4.8725
 280.000       4.7800
 282.000       4.8760
 284.000       5.5455
 286.000       5.2834
 287.000       5.2826
 288.000       5.9150
 289.000       5.0118
 290.000       5.0066
 291.000       5.3862
 294.000       5.1627
 296.000       4.8648
 297.000       4.5909
 299.000       4.1385
 300.000       3.9854
 302.000       3.6928
 304.000       3.5598
 305.000       3.4463
 308.000       3.7262
 309.000       4.0074
 310.000       4.2777
 311.000       4.8475
 313.000       4.6698
 315.000       5.0917
 317.000       5.1565
 318.000       5.0604
 319.000       5.5042
 320.000       5.1266
 321.000       4.4883
 322.000       4.4867
 325.000       4.0117
 327.000       3.7673
 328.000       3.3349
 330.000       3.2005
 331.000       3.4731
 333.000       3.4548
 334.000       3.1127
 335.000       3.0954
 336.000       3.3693
 337.000       2.9208
 339.000       2.7950
 340.000       2.8884
 343.000       2.8120
 344.000       2.9558
 345.000       3.7148
 347.000       3.3295
 349.000       3.4171
 351.000       3.8621
 352.000       3.8258
 353.000       4.0537
 354.000       4.0274
 355.000       3.4111
 356.000       3.2867
 359.000       2.9704
 361.000       2.8135
 362.000       2.6776
 364.000       2.7947
 365.000       3.0754
 367.000       3.2507
 368.000       3.0746
 369.000       3.2588
 370.000       3.5940
 371.000       3.1472
 373.000       2.8984
 374.000       2.9762
 377.000       2.7109
 378.000       2.8005
 379.000       2.9576
 381.000       2.7649
 383.000       2.7378
 385.000       3.0631
 386.000       3.1831
 387.000       3.3892
 388.000       3.3576
 389.000       2.9799
 390.000       2.9274
 393.000       2.8253
 395.000       2.7032
 396.000       2.7614
 398.000       2.8147
 399.000       2.9187
 401.000       3.0637
 403.000       3.1342
 404.000       3.3527
 405.000       3.0493
 407.000       2.8938
 408.000       2.9429
 409.000       2.9498
 411.000       2.9129
 413.000       2.9645
 415.000       3.0929
 416.000       3.2997
 417.000       3.5022
 418.000       3.3872
 419.000       3.2883
 420.000       3.3550
 423.000       3.4172
 425.000       3.3010
 426.000       3.4372
 428.000       3.4170
 429.000       3.4728
 431.000       3.5198
 432.000       3.4826
 433.000       3.5776
 434.000       3.7009
 435.000       3.6098
 437.000       3.5732
 438.000       3.7099
 441.000       3.4843
 442.000       3.4315
 443.000       3.6076
 445.000       3.6493
 447.000       3.7814
 449.000       3.8025
 450.000       4.0739
 451.000       4.2746
 452.000       4.1414
 453.000       4.1560
 454.000       4.2424
 457.000       4.3517
 459.000       4.2193
 460.000       4.3795
 462.000       4.3121
 463.000       4.3630
 465.000       4.3486
 466.000       4.2803
 467.000       4.3105
 468.000       4.3998
 471.000       4.3405
 472.000       4.3374
 474.000       4.3045
 475.000       4.2684
 476.000       4.5316
 478.000       4.5990
 480.000       4.8222
 482.000       4.7715
 483.000       5.0312
 484.000       5.2595
 485.000       5.0078
 486.000       5.1663
 487.000       5.3192
 490.000       5.5014
 492.000       5.3760
 493.000       5.5773
 495.000       5.4046
 496.000       5.4340
 498.000       5.3588
 499.000       5.2639
 500.000       5.2390
 501.000       5.2813
 504.000       5.2701
 505.000       5.3188
 507.000       5.3391
 508.000       5.3010
 509.000       5.7369
 511.000       5.8710
 513.000       6.2230
 515.000       6.0200
 516.000       5.9629
 517.000       6.8947
 518.000       5.9284
 519.000       5.2323
 520.000       5.7322
 523.000       5.3628
 525.000       4.9855
 526.000       4.5533
 528.000       4.1368
 529.000       4.0320
 531.000       4.1609
 532.000       4.3069
 533.000       4.8791
 534.000       5.3034
 535.000       5.3496
 537.000       5.3804
 538.000       6.1959
 541.000       4.9321
 542.000       4.3344
 543.000       4.8785
 545.000       4.5532
 547.000       5.2541
 549.000       5.6407
 550.000       5.6297
 551.000       6.7274
 552.000       5.3871
 553.000       5.0060
 554.000       5.5608
 557.000       5.2577
 559.000       4.8254
 560.000       4.4858
 562.000       3.8248
 563.000       3.3153
 565.000       3.1667
 567.000       3.5336
 568.000       3.8606
 569.000       4.0181
 571.000       4.2034
 572.000       5.0019
 573.000       4.7870
 575.000       4.5700
 577.000       5.3291
 579.000       5.4612
 580.000       5.3264
 581.000       6.3752
 582.000       4.8689
 583.000       4.9628
 584.000       5.7945
 587.000       5.7669
 589.000       5.3713
 590.000       5.2705
 592.000       4.4299
 593.000       3.6931
 595.000       3.2726
 597.000       3.6546
 598.000       3.7453
 601.000       4.3686
 602.000       4.7449
 603.000       5.6409
 604.000       5.4246
 606.000       5.5401
 608.000       6.5820
 610.000       6.1267
 611.000       6.0944
 612.000       6.8787
 613.000       5.4367
 614.000       6.3681
 615.000       7.2789
 618.000       7.6889
 620.000       7.4049
 621.000       7.5532
 623.000       6.7999
 624.000       6.5381
 626.000       6.0965
 627.000       6.0366
 628.000       5.9094
 629.000       5.7512
 630.000       6.3686
 632.000       6.9013
 633.000       7.5922
 636.000       7.0018
 637.000       6.5318
 638.000       7.6888
 640.000       7.9744
 642.000       8.9875
 644.000       8.3825
 645.000       8.6354
 646.000       9.2397
 647.000       8.5999
 648.000       8.6179
 649.000       9.0593
 652.000       9.2819
 654.000       9.0231
 655.000       9.1764
 657.000       8.8255
 658.000       8.5338
 660.000       8.4984
 662.000       8.7302
 663.000       8.9255
 666.000       9.0102
 667.000       9.0740
 668.000       9.5668
 669.000       9.4811
 671.000       9.5012
 673.000      10.1563
 675.000      10.1328
