   2.000       7.4413
   3.000       7.4797
   6.000       6.9196
   8.000       6.7353
   9.000       6.0829
  11.000       5.7524
  12.000       6.0802
  14.000       5.9135
  15.000       5.4100
  16.000       5.2592
  17.000       5.5424
  18.000       5.0072
  20.000       4.9145
  21.000       4.9330
  24.000       5.0694
  25.000       5.3046
  26.000       6.2575
  28.000       5.8606
  30.000       6.1963
  32.000       6.5145
  33.000       6.2282
  34.000       6.7821
  35.000       6.2907
  36.000       5.4124
  37.000       5.4098
  40.000       4.7859
  42.000       4.5446
  43.000       4.0543
  45.000       3.9940
  46.000       4.3806
  48.000       4.5311
  49.000       4.2159
  50.000       4.4787
  51.000       4.9782
  52.000       4.3980
  54.000       4.1137
  55.000       4.4003
  58.000       3.8436
  59.000       3.8898
  60.000       4.3536
  62.000       3.9238
  64.000       4.1436
  66.000       4.6181
  67.000       4.5049
  68.000       5.0698
  69.000       4.6463
  70.000       3.8071
  71.000       3.8615
  74.000       3.4040
  76.000       3.1441
  77.000       2.8660
  79.000       2.7511
  80.000       2.9040
  82.000       3.1974
  84.000       3.3595
  85.000       3.8698
  86.000       3.2120
  88.000       2.9395
  89.000       3.2078
  90.000       3.0917
  92.000       2.8361
  94.000       3.2435
  96.000       3.4406
  97.000       3.3944
  98.000       3.9630
  99.000       3.3507
 100.000       2.9801
 101.000       3.2362
 104.000       3.0090
 106.000       2.7938
 107.000       2.5605
 109.000       2.2655
 110.000       2.1976
 112.000       2.2801
 113.000       2.3880
 114.000       2.8059
 115.000       3.1109
 116.000       3.1282
 118.000       3.1228
 119.000       3.6675
 122.000       2.8001
 123.000       2.3968
 124.000       2.7356
 126.000       2.5955
 128.000       3.0797
 130.000       3.1096
 131.000       3.0846
 132.000       3.6003
 133.000       2.9437
 134.000       2.8438
 135.000       3.1385
 138.000       3.0102
 140.000       2.8353
 141.000       2.6210
 143.000       2.2883
 144.000       2.1823
 146.000       2.1013
 147.000       2.1557
 148.000       2.3739
 149.000       2.5137
 150.000       2.6824
 152.000       2.7874
 153.000       3.2526
 156.000       2.6191
 157.000       2.2872
 158.000       2.7980
 160.000       2.6841
 162.000       3.0807
 164.000       3.1062
 165.000       3.1102
 166.000       3.5075
 167.000       3.0009
 168.000       2.9651
 169.000       3.1489
 172.000       3.0787
 174.000       3.0039
 175.000       2.9353
 177.000       2.8060
 178.000       2.7132
 180.000       2.7149
 182.000       2.8286
 183.000       2.9621
 184.000       2.9414
 186.000       2.9357
 187.000       3.1668
 188.000       2.9449
 190.000       2.9217
 192.000       3.1381
 194.000       3.1088
 195.000       3.1383
 196.000       3.3965
 197.000       3.0729
 198.000       3.1358
 199.000       3.3090
 202.000       3.3766
 204.000       3.3468
 205.000       3.3889
 207.000       3.2921
 208.000       3.2390
 210.000       3.2658
 211.000       3.3297
 212.000       3.4782
 213.000       3.5579
 214.000       3.6596
 216.000       3.7083
 217.000       4.0030
 220.000       3.5668
 221.000       3.3658
 222.000       3.3930
 224.000       3.4655
 226.000       3.6817
 228.000       3.5625
 229.000       3.7230
 230.000       3.9276
 231.000       3.7348
 232.000       3.8171
 233.000       3.9589
 236.000       4.1169
 238.000       4.0584
 239.000       4.1598
 241.000       3.9287
 242.000       3.8298
 244.000       3.7827
 245.000       3.8435
 246.000       3.9880
 247.000       4.0564
 250.000       4.2284
 251.000       4.3202
 253.000       4.2038
 254.000       3.9506
 255.000       4.2827
 257.000       4.3961
 259.000       4.7459
 261.000       4.4371
 262.000       4.3705
 263.000       4.8451
 264.000       4.4462
 265.000       3.9882
 266.000       3.6731
 269.000       3.4701
 271.000       3.5873
 272.000       3.6476
 274.000       4.0546
 275.000       4.3364
 277.000       4.8493
 278.000       4.9074
 279.000       5.4718
 280.000       6.0601
 283.000       5.5750
 284.000       5.1433
 286.000       4.5740
 287.000       4.4525
 288.000       3.5029
 290.000       3.7080
 292.000       3.8851
 294.000       3.5932
 295.000       3.5980
 296.000       3.8809
 297.000       3.9672
 298.000       3.3337
 299.000       3.8144
 302.000       4.1293
 304.000       4.5730
 305.000       4.3113
 307.000       3.9901
 308.000       3.7338
 310.000       4.1723
 311.000       4.4864
 312.000       5.1626
 313.000       5.6819
 314.000       5.5346
 316.000       5.5282
 317.000       6.2627
 320.000       5.0964
 321.000       4.4396
 322.000       3.5044
 324.000       3.8590
 326.000       4.8727
 328.000       4.0062
 329.000       4.1879
 330.000       5.0794
 331.000       3.5087
 332.000       4.7516
 333.000       5.7186
 336.000       6.2262
 338.000       6.4095
 339.000       6.5857
 341.000       6.3015
 342.000       5.5237
 344.000       5.5719
 346.000       6.3858
 347.000       6.6881
 348.000       7.0178
 350.000       7.0430
 351.000       7.8318
 352.000       5.7392
 354.000       6.2452
 356.000       7.1417
 358.000       6.0640
 359.000       5.6975
 360.000       6.3223
 361.000       4.8898
 362.000       5.8919
 363.000       6.6662
 366.000       6.7778
 368.000       6.7850
 369.000       6.5977
 371.000       6.1283
 372.000       5.5241
 374.000       5.3175
 376.000       5.7919
 377.000       5.8769
 380.000       6.3479
 381.000       6.5006
 382.000       7.1263
 383.000       6.2165
 385.000       6.3350
 387.000       7.0275
 389.000       6.5884
 390.000       6.1608
 391.000       6.9042
 392.000       5.4273
 393.000       6.0030
 394.000       6.5854
 397.000       6.4172
 399.000       6.4659
 400.000       6.1380
 402.000       5.9254
 403.000       5.8546
 405.000       5.8710
 406.000       6.0169
 407.000       6.3614
 408.000       6.5842
 409.000       6.6408
 411.000       6.5578
 412.000       6.9448
 415.000       6.2645
 416.000       6.0177
 417.000       5.7519
 419.000       5.7414
 421.000       6.2272
 423.000       6.0508
 424.000       5.6453
 425.000       6.3892
 426.000       5.4720
 427.000       4.9019
 428.000       5.1357
 431.000       4.7511
 433.000       4.7249
 434.000       4.4451
 436.000       4.0843
 437.000       3.8424
 439.000       3.7160
 441.000       3.8816
 442.000       3.9925
 445.000       4.2340
 446.000       4.3161
 447.000       4.8303
 448.000       4.3083
 450.000       4.2940
 452.000       4.8383
 454.000       4.6238
 455.000       4.6600
 456.000       5.2905
 457.000       4.7072
 458.000       4.3060
 459.000       4.6721
 462.000       4.6383
 464.000       4.2694
 465.000       4.1975
 467.000       3.6053
 468.000       3.2701
 470.000       3.0309
 472.000       3.0632
 473.000       3.1451
 474.000       3.3924
 476.000       3.7051
 477.000       4.2863
 478.000       4.6675
 480.000       4.5611
 482.000       5.2948
 484.000       5.4088
 485.000       5.9009
 486.000       6.8694
 487.000       6.0527
 488.000       5.3681
 489.000       5.6938
 492.000       5.2244
 494.000       4.4932
 495.000       4.0878
 497.000       3.5605
 498.000       3.7753
 500.000       3.7323
 502.000       3.4893
 503.000       3.8797
 506.000       3.3106
 507.000       3.3124
 508.000       3.5432
 509.000       5.2083
 511.000       4.5863
 513.000       4.9713
 515.000       6.0112
 516.000       6.4593
 517.000       7.4160
 518.000       6.4369
 519.000       6.0324
 520.000       6.3338
 523.000       5.9420
 525.000       5.1842
 526.000       4.9074
 528.000       4.5023
 529.000       4.7701
 531.000       4.6001
 532.000       4.1575
 533.000       4.1521
 534.000       4.4797
 535.000       4.1399
 537.000       4.1467
 538.000       4.5451
 541.000       4.1343
 542.000       4.1199
 543.000       6.1220
 545.000       5.5717
 547.000       5.8583
 549.000       6.9000
 550.000       7.4842
 551.000       8.3352
 552.000       7.5111
 553.000       7.2443
 554.000       7.5213
 557.000       7.4092
 559.000       6.7274
 560.000       6.7819
 562.000       6.3695
 563.000       6.5613
 565.000       6.2801
 566.000       5.8442
 567.000       5.5953
 568.000       5.6548
 569.000       5.5353
 571.000       5.7105
 572.000       5.9528
 575.000       5.8959
 576.000       5.9354
 577.000       7.8822
 579.000       7.5797
 581.000       7.9624
 583.000       8.5506
