   2.000       2.7010
   3.000       2.6498
   6.000       2.4586
   8.000       2.4560
   9.000       2.2514
  11.000       2.1131
  12.000       2.1689
  14.000       2.0437
  15.000       1.8837
  16.000       1.7327
  17.000       1.7047
  18.000       1.6704
  20.000       1.7510
  21.000       1.7450
  24.000       1.8842
  25.000       1.9394
  26.000       2.1971
  28.000       2.1252
  30.000       2.2686
  32.000       2.2231
  33.000       2.0944
  34.000       2.2552
  35.000       2.1203
  36.000       1.8817
  37.000       1.9119
  40.000       1.7633
  42.000       1.7308
  43.000       1.5656
  45.000       1.4721
  46.000       1.5416
  48.000       1.4650
  49.000       1.3144
  50.000       1.2043
  51.000       1.2211
  52.000       1.1313
  54.000       1.1749
  55.000       1.1703
  58.000       1.2738
  59.000       1.3312
  60.000       1.6127
  62.000       1.5212
  64.000       1.6199
  66.000       1.6789
  67.000       1.6411
  68.000       1.8233
  69.000       1.7116
  70.000       1.4460
  71.000       1.4544
  74.000       1.3183
  76.000       1.2435
  77.000       1.1356
  79.000       1.0660
  80.000       1.1396
  82.000       1.1268
  84.000       1.0289
  85.000       1.0638
  86.000       0.9691
  88.000       0.9915
  89.000       1.0166
  90.000       1.2647
  92.000       1.1813
  94.000       1.2734
  96.000       1.3700
  97.000       1.4005
  98.000       1.5953
  99.000       1.4540
 100.000       1.2516
 101.000       1.2742
 104.000       1.1386
 106.000       1.0593
 107.000       0.9580
 109.000       0.9043
 110.000       0.9624
 112.000       0.9120
 113.000       0.8072
 114.000       0.7511
 115.000       0.7765
 116.000       0.7180
 118.000       0.7318
 119.000       0.7492
 122.000       0.7798
 123.000       0.8124
 124.000       1.0829
 126.000       0.9880
 128.000       1.0466
 130.000       1.1605
 131.000       1.1950
 132.000       1.3393
 133.000       1.2700
 134.000       1.0765
 135.000       1.0707
 138.000       0.9784
 140.000       0.9305
 141.000       0.8722
 143.000       0.8484
 144.000       0.8933
 146.000       0.8906
 148.000       0.8455
 149.000       0.8710
 152.000       0.8226
 153.000       0.8213
 154.000       0.8420
 155.000       0.9491
 157.000       0.8927
 159.000       0.9446
 161.000       1.0080
 162.000       1.0449
 163.000       1.1848
 164.000       1.1590
 165.000       0.9322
 166.000       0.9141
 169.000       0.8626
 171.000       0.8715
 172.000       0.8796
 174.000       0.9049
 175.000       0.9304
 177.000       0.9997
 179.000       1.0509
 180.000       1.1616
 181.000       1.0378
 183.000       0.9705
 184.000       1.0273
 185.000       0.8425
 187.000       0.8865
 189.000       0.9707
 191.000       0.8576
 192.000       0.8481
 193.000       0.9405
 194.000       0.8817
 195.000       0.8258
 196.000       0.8551
 199.000       0.8391
 201.000       0.8434
 202.000       0.8474
 204.000       0.8326
 205.000       0.8429
 207.000       0.8719
 209.000       0.8960
 210.000       0.9823
 213.000       0.9181
 214.000       0.8853
 215.000       0.9755
 216.000       0.8246
 218.000       0.8546
 220.000       0.9425
 222.000       0.9059
 223.000       0.9817
 224.000       1.3712
 225.000       1.4454
 226.000       0.9226
 227.000       0.8304
 230.000       0.7963
 232.000       0.7999
 233.000       0.7997
 235.000       0.8148
 236.000       0.8350
 238.000       0.8641
 239.000       0.8589
 240.000       0.9121
 241.000       0.9638
 244.000       0.9499
 245.000       0.9408
 247.000       0.8900
 248.000       0.8420
 249.000       0.8134
 251.000       0.8124
 253.000       0.8682
 255.000       0.8493
 256.000       0.8859
 257.000       0.9522
 258.000       1.0356
 259.000       0.9604
 260.000       0.9988
 263.000       0.9140
 265.000       0.9903
 266.000       0.9225
 268.000       0.9614
 269.000       1.0831
 271.000       1.1467
 272.000       1.0471
 273.000       1.0913
 274.000       1.2301
 275.000       1.0136
 277.000       0.9261
 278.000       0.9312
 281.000       0.8885
 282.000       0.9408
 283.000       0.8948
 285.000       0.9354
 287.000       1.1457
 289.000       1.1123
 290.000       1.2690
 291.000       1.4470
 292.000       1.8072
 293.000       1.1584
 294.000       1.0700
 297.000       0.9402
 299.000       0.8915
 300.000       0.8429
 302.000       0.8063
 303.000       0.8110
 305.000       0.8215
 307.000       0.8346
 308.000       0.9048
 309.000       0.8516
 311.000       0.8365
 312.000       0.9121
 313.000       0.8993
 315.000       0.8583
 317.000       0.9381
 319.000       0.9763
 320.000       1.0237
 321.000       1.1951
 322.000       1.0688
 323.000       0.9589
 324.000       1.0133
 327.000       0.9770
 329.000       0.9570
 330.000       0.9228
 332.000       0.8465
 333.000       0.8183
 335.000       0.7895
 336.000       0.7968
 337.000       0.8259
 338.000       0.8424
 341.000       0.8925
 342.000       0.9263
 344.000       0.9104
 345.000       0.8379
 346.000       0.9350
 348.000       0.9442
 350.000       1.0763
 352.000       1.0278
 353.000       1.0606
 354.000       1.2250
 355.000       1.1399
 356.000       0.9796
 357.000       1.0113
 360.000       0.9728
 362.000       0.9489
 363.000       0.9084
 365.000       0.8460
 366.000       0.8560
 368.000       0.8490
 370.000       0.8246
 371.000       0.8745
 372.000       0.8395
 374.000       0.8519
 375.000       0.9438
 376.000       0.9531
 378.000       0.9522
 380.000       1.0815
 382.000       1.0544
 383.000       1.0812
 384.000       1.2500
 385.000       1.1673
 386.000       0.9662
 387.000       1.0048
 390.000       0.9717
 392.000       0.9053
 393.000       0.8766
 395.000       0.8032
 396.000       0.8492
 398.000       0.8921
 399.000       0.8517
 400.000       0.9457
 401.000       1.0907
 402.000       0.9411
 404.000       0.8755
 405.000       0.9452
 408.000       0.8119
 409.000       0.7893
 410.000       1.0060
 412.000       1.0049
 414.000       1.1667
 416.000       1.1733
 417.000       1.3034
 418.000       1.5095
 419.000       1.3388
 420.000       1.3459
 421.000       1.5229
 424.000       1.6039
 426.000       1.7101
 427.000       1.7106
 429.000       1.6489
 430.000       1.6189
 432.000       1.6889
 433.000       1.7625
 434.000       1.9436
 435.000       2.0626
 438.000       2.0952
 439.000       2.0847
 441.000       1.9320
 442.000       1.7558
 443.000       1.4814
 445.000       1.6286
 447.000       1.8502
 449.000       1.5334
 450.000       1.4146
 451.000       1.6095
 452.000       1.2730
 453.000       1.4059
 454.000       1.5922
 457.000       1.5913
 459.000       1.5987
 460.000       1.5205
 462.000       1.3662
 463.000       1.2333
 465.000       1.1889
 466.000       1.3205
 467.000       1.4618
 468.000       1.5021
 469.000       1.6594
 471.000       1.7107
 472.000       1.9442
 475.000       1.6088
 476.000       1.4164
 477.000       1.4213
 479.000       1.4750
 481.000       1.7074
 483.000       1.5005
 484.000       1.3802
 485.000       1.5444
 486.000       1.2349
 487.000       1.3521
 488.000       1.5211
 491.000       1.5251
 493.000       1.5562
 494.000       1.5075
 496.000       1.3523
 497.000       1.1904
 499.000       1.1025
 500.000       1.2644
 501.000       1.4118
 502.000       1.3764
 505.000       1.6909
 506.000       1.7935
 508.000       1.6762
 509.000       1.4195
 510.000       1.3767
 512.000       1.4608
 514.000       1.6915
 516.000       1.4703
 517.000       1.4246
 518.000       1.7308
 519.000       1.8296
 520.000       1.3013
 521.000       1.4584
 524.000       1.2864
 526.000       1.2220
 527.000       1.1063
 529.000       1.0362
 530.000       1.0791
 532.000       1.0350
 533.000       0.9428
 534.000       0.8947
 535.000       0.9200
 538.000       0.8812
 539.000       0.9108
 541.000       0.9506
 542.000       0.9558
 543.000       1.1543
 545.000       1.0910
 547.000       1.1907
 549.000       1.2133
 550.000       1.2139
 551.000       1.3718
 552.000       1.2968
 553.000       1.0856
 554.000       1.0818
 557.000       0.9661
 559.000       0.8890
 560.000       0.8161
 562.000       0.8094
 563.000       0.8917
 565.000       0.9015
 566.000       0.8162
 567.000       0.8344
 568.000       0.9333
 569.000       0.7947
 571.000       0.7505
 572.000       0.7693
 575.000       0.7405
 576.000       0.7661
 577.000       0.9508
 579.000       0.8600
 581.000       0.8791
 583.000       1.0323
 584.000       1.0670
 585.000       1.1980
 586.000       1.1006
 587.000       1.0279
 588.000       1.0490
 591.000       1.0466
 593.000       1.0242
 594.000       1.0224
 596.000       0.9633
 597.000       0.9415
 599.000       0.9311
 600.000       0.9416
 601.000       0.9784
 602.000       0.9933
 605.000       1.0554
 606.000       1.0907
 608.000       1.0579
 609.000       0.9756
 610.000       1.0667
 612.000       1.0863
 614.000       1.2065
 616.000       1.1794
 617.000       1.2215
 618.000       1.3988
 619.000       1.2077
 620.000       1.1901
 621.000       1.2669
 624.000       1.2405
 626.000       1.1642
 627.000       1.1259
 629.000       1.0240
 630.000       1.0119
 632.000       0.9609
 633.000       0.9303
 634.000       0.9184
 635.000       0.9133
 638.000       0.9798
 639.000       1.0411
 641.000       1.0484
 642.000       0.9845
 643.000       1.2443
 645.000       1.2166
 647.000       1.3507
 649.000       1.3739
 650.000       1.4122
 651.000       1.6287
 652.000       1.3826
 653.000       1.3433
 654.000       1.4448
 657.000       1.3886
 659.000       1.3140
 660.000       1.2431
 662.000       1.1141
 663.000       1.0671
 665.000       0.9911
 667.000       0.9678
 668.000       0.9749
 671.000       1.0339
 672.000       1.1040
 673.000       1.2343
 674.000       1.3148
 676.000       1.2787
 678.000       1.4309
 680.000       1.4148
 681.000       1.3876
 682.000       1.5642
 683.000       1.4236
 684.000       1.2460
 685.000       1.2970
 688.000       1.2135
 690.000       1.1846
 691.000       1.1235
 693.000       1.0499
 694.000       1.0248
 696.000       1.0292
 698.000       1.0555
 699.000       1.1494
 702.000       1.1016
 703.000       1.1042
 704.000       1.2427
 705.000       1.1059
 707.000       1.0944
 709.000       1.2480
 711.000       1.1763
 712.000       1.1743
 713.000       1.3886
 714.000       1.4196
 715.000       1.0389
 716.000       1.0951
 719.000       1.0094
 721.000       1.0241
 722.000       0.9555
 724.000       0.8910
 725.000       0.9255
 727.000       0.9039
 728.000       0.8400
 729.000       0.8245
 730.000       0.8783
 731.000       0.8022
 733.000       0.8036
 734.000       0.8237
 737.000       0.8319
 738.000       0.8392
 739.000       0.9156
 741.000       0.9311
 743.000       1.0679
 745.000       0.9748
 746.000       0.9787
 747.000       1.1596
 748.000       1.0327
 749.000       0.8956
 750.000       0.9554
 753.000       0.9010
 755.000       0.8756
 756.000       0.8196
 758.000       0.7469
 759.000       0.7669
 761.000       0.7701
 763.000       0.7445
 764.000       0.8055
 767.000       0.7346
 768.000       0.7372
 769.000       0.7990
 770.000       0.8624
 772.000       0.8609
 774.000       1.0071
 776.000       0.9741
 777.000       1.0301
 778.000       1.2361
 779.000       1.0869
 780.000       0.9397
 781.000       0.9986
 784.000       0.9463
 786.000       0.8992
 787.000       0.8662
 789.000       0.7949
 790.000       0.8060
 792.000       0.7841
 793.000       0.7608
 794.000       0.8021
 795.000       0.8648
 798.000       0.8449
 799.000       0.8429
 801.000       0.8148
 802.000       0.7698
 803.000       0.9458
 805.000       0.9334
 807.000       1.0812
 809.000       1.0881
 810.000       1.2041
 811.000       1.4162
 812.000       1.2635
 813.000       1.1675
 814.000       1.2479
 817.000       1.2292
 819.000       1.1077
 820.000       1.1046
 822.000       1.0152
 823.000       1.0184
 825.000       1.0168
 827.000       1.0139
 828.000       1.0877
 831.000       1.0260
 832.000       1.0212
 833.000       1.1013
 834.000       1.3108
 836.000       1.2893
 838.000       1.4598
 840.000       1.5051
 841.000       1.6848
 842.000       1.9182
 843.000       1.7203
 844.000       1.6583
 845.000       1.7593
 848.000       1.7528
 850.000       1.5783
 851.000       1.6017
 853.000       1.4798
 854.000       1.4487
 856.000       1.4121
 858.000       1.4226
 859.000       1.4662
 862.000       1.4643
 863.000       1.4838
 864.000       1.5761
 865.000       1.8979
 867.000       1.8444
 869.000       2.0915
 871.000       2.1972
