   2.000       3.5160
   3.000       3.5529
   6.000       3.4642
   8.000       3.3556
   9.000       3.2573
  11.000       3.0694
  12.000       3.0195
  14.000       2.8993
  15.000       2.8641
  16.000       2.8110
  17.000       2.7476
  20.000       2.8981
  21.000       3.0266
  23.000       3.0799
  24.000       2.9853
  25.000       3.3589
  27.000       3.3299
  29.000       3.5706
  31.000       3.5346
  32.000       3.5600
  33.000       3.8060
  34.000       3.4595
  35.000       3.5227
  36.000       3.6848
  39.000       3.6520
  41.000       3.5038
  42.000       3.4367
  44.000       3.2475
  45.000       3.1520
  47.000       3.0085
  48.000       3.0091
  49.000       2.9220
  50.000       2.8164
  51.000       3.0103
  53.000       3.1659
  54.000       3.2747
  57.000       3.2506
  58.000       3.1625
  59.000       3.6184
  61.000       3.5561
  63.000       3.7480
  65.000       3.8180
  66.000       3.8588
  67.000       4.1072
  68.000       3.7651
  69.000       3.7810
  70.000       3.8984
  73.000       3.8155
  75.000       3.6475
  76.000       3.5555
  78.000       3.3773
  79.000       3.3348
  81.000       3.1937
  83.000       3.0943
  84.000       2.9868
  87.000       3.1396
  88.000       3.2826
  89.000       3.3529
  90.000       3.7971
  92.000       3.6884
  94.000       3.8155
  96.000       3.9775
  97.000       4.0232
  98.000       4.2634
  99.000       3.9471
 100.000       3.9305
 101.000       4.0439
 104.000       3.9332
 106.000       3.7764
 107.000       3.6536
 109.000       3.5101
 110.000       3.4923
 112.000       3.3643
 113.000       3.2915
 114.000       3.1776
 115.000       3.0985
 118.000       3.1775
 119.000       3.2889
 121.000       3.3947
 122.000       3.3860
 123.000       3.8857
 125.000       3.7561
 127.000       3.8540
 129.000       4.0506
 130.000       4.1381
 131.000       4.3250
 132.000       4.3628
 133.000       3.9976
 134.000       3.9220
 137.000       3.8748
 139.000       3.7551
 140.000       3.6932
 142.000       3.5490
 143.000       3.5451
 145.000       3.4504
 146.000       3.3850
 147.000       3.3253
 148.000       3.3012
 151.000       3.3524
 152.000       3.4317
 154.000       3.4864
 155.000       3.4552
 156.000       3.8379
 158.000       3.7877
 160.000       3.9389
 162.000       3.9821
 163.000       4.0024
 164.000       4.1892
 165.000       3.9803
 166.000       3.8891
 167.000       3.9388
 170.000       3.8301
 172.000       3.6969
 173.000       3.6045
 175.000       3.5130
 176.000       3.5530
 178.000       3.5002
 180.000       3.4002
 181.000       3.3785
 184.000       3.3633
 185.000       3.4187
 186.000       3.4184
 187.000       3.8173
 189.000       3.6903
 191.000       3.7356
 193.000       3.9403
 194.000       3.9737
 195.000       4.1559
 196.000       3.9295
 197.000       3.8754
 198.000       3.9331
 201.000       3.8390
 203.000       3.7068
 204.000       3.6058
 206.000       3.4786
 207.000       3.4982
 209.000       3.4076
 211.000       3.2865
 212.000       3.2228
 213.000       3.2737
 215.000       3.3667
 216.000       3.3774
 217.000       3.8208
 219.000       3.7066
 221.000       3.7842
 223.000       3.9579
 224.000       4.0130
 225.000       4.1843
 226.000       4.0089
 227.000       3.8954
 228.000       3.9160
 231.000       3.7864
 233.000       3.6485
 234.000       3.5375
 236.000       3.4672
 237.000       3.5696
 239.000       3.5232
 241.000       3.3710
 242.000       3.3480
 243.000       3.2849
 245.000       3.3249
 246.000       3.2673
 247.000       3.7810
 249.000       3.6323
 251.000       3.6397
 253.000       3.8882
 254.000       4.0151
 255.000       4.1613
 256.000       4.1653
 257.000       4.0290
 258.000       4.1611
 261.000       4.1698
 263.000       4.0990
 264.000       3.9819
 266.000       3.8443
 267.000       3.8660
 269.000       3.7373
 270.000       3.6074
 271.000       3.4608
 272.000       3.3792
 275.000       3.4563
 276.000       3.5833
 278.000       3.6988
 279.000       3.6971
 280.000       4.1312
 282.000       3.9838
 284.000       3.9694
 286.000       4.2341
 287.000       4.3818
 288.000       4.4181
 289.000       4.4401
 290.000       4.4827
 291.000       4.6392
 294.000       4.7547
 296.000       4.7914
 297.000       4.7971
 299.000       4.6629
 300.000       4.5420
 302.000       4.4521
 303.000       4.5193
 304.000       4.4956
 305.000       4.4095
 306.000       4.6088
 308.000       4.7344
 309.000       4.8456
 312.000       4.7640
 313.000       4.6499
 314.000       4.7038
 316.000       4.8095
 318.000       4.9937
 320.000       4.7625
 321.000       4.6826
 322.000       4.7838
 323.000       4.5277
 324.000       4.7271
 325.000       4.8859
 328.000       4.9072
 330.000       4.8898
 331.000       4.8353
 333.000       4.6782
 334.000       4.5758
 336.000       4.4530
 337.000       4.4797
 338.000       4.4059
 339.000       4.2988
 340.000       4.4893
 342.000       4.6261
 343.000       4.7042
 346.000       4.6964
 347.000       4.6170
 348.000       4.8041
 350.000       4.8363
 352.000       5.0012
 354.000       4.8658
 355.000       4.7697
 356.000       4.8988
 357.000       4.6738
 358.000       4.6938
 359.000       4.8009
 362.000       4.7317
 364.000       4.6847
 365.000       4.5616
 367.000       4.4189
 368.000       4.3990
 370.000       4.2754
 371.000       4.2061
 372.000       4.0857
 373.000       3.9991
 376.000       4.0710
 377.000       4.1727
 379.000       4.2884
 380.000       4.2982
 381.000       4.5960
 383.000       4.5439
 385.000       4.6549
 387.000       4.6548
 388.000       4.5443
 389.000       4.6828
 390.000       4.4935
 391.000       4.3818
 392.000       4.4181
 395.000       4.2613
 397.000       4.2077
 398.000       4.0381
 400.000       3.9506
 401.000       4.0110
 403.000       3.9443
 405.000       3.8070
 406.000       3.7579
 407.000       3.7567
 409.000       3.8216
 410.000       3.7864
 411.000       4.1021
 413.000       3.9750
 415.000       4.0037
 417.000       4.1309
 418.000       4.0418
 419.000       4.1361
 420.000       4.0776
 421.000       3.8448
 422.000       3.7961
 425.000       3.6293
 427.000       3.6113
 428.000       3.4687
 430.000       3.4654
 431.000       3.5804
 433.000       3.5912
 435.000       3.4838
 436.000       3.5107
 437.000       3.3722
 439.000       3.3598
 440.000       3.2865
 441.000       3.5132
 443.000       3.4012
 445.000       3.3578
 447.000       3.4986
 448.000       3.4363
 449.000       3.4964
 450.000       3.5223
 451.000       3.2556
 452.000       3.1733
 455.000       3.0219
 457.000       3.0260
 458.000       2.9320
 460.000       2.9857
 461.000       3.1208
 463.000       3.1800
 465.000       3.1030
 466.000       3.1653
 467.000       2.9744
 469.000       2.9096
 470.000       2.8176
 471.000       2.9656
 473.000       2.8764
 475.000       2.7908
 477.000       2.9245
 478.000       2.9429
 479.000       2.9353
 480.000       3.1034
 481.000       2.8439
 482.000       2.7353
 485.000       2.6638
 487.000       2.6818
 488.000       2.6729
 490.000       2.7578
 491.000       2.8853
 493.000       2.9729
 495.000       2.9425
 496.000       3.0358
 497.000       2.8374
 499.000       2.7437
 500.000       2.6901
 501.000       2.6854
 503.000       2.6488
 505.000       2.5849
 507.000       2.6709
 508.000       2.7343
 509.000       2.7426
 510.000       2.8382
 511.000       2.7191
 512.000       2.6820
 515.000       2.7000
 517.000       2.7109
 518.000       2.7570
 520.000       2.7988
 521.000       2.8459
 523.000       2.9185
 524.000       2.9153
 525.000       2.9972
 526.000       3.0994
 529.000       3.0021
 530.000       2.9239
 532.000       2.8442
 533.000       2.8416
 534.000       2.7470
 536.000       2.7896
 538.000       2.8373
 540.000       2.7772
 541.000       2.7685
 542.000       2.8072
 543.000       2.7638
 544.000       2.8450
 545.000       2.9394
 548.000       3.0396
 550.000       3.1053
 551.000       3.1008
 553.000       2.9985
 554.000       2.9188
 556.000       2.8755
 557.000       2.9227
 558.000       2.9420
 559.000       2.9184
 560.000       3.0321
 562.000       3.1044
 563.000       3.2236
 566.000       3.1000
 567.000       3.0022
 568.000       2.9859
 570.000       3.0877
 572.000       3.2548
 574.000       3.0346
 575.000       2.9758
 576.000       3.0999
 577.000       2.8672
 578.000       3.0117
 579.000       3.1532
 582.000       3.1908
 584.000       3.1509
 585.000       3.1382
 587.000       3.0041
 588.000       2.8978
 590.000       2.8170
 591.000       2.8785
 592.000       2.8816
 593.000       2.8270
 594.000       3.0021
 596.000       3.1013
 597.000       3.2304
 600.000       3.1094
 601.000       2.9932
 602.000       3.1600
 604.000       3.1989
 606.000       3.3792
 608.000       3.2891
 609.000       3.3135
 610.000       3.5162
 611.000       3.2039
 612.000       3.3267
 613.000       3.4893
 616.000       3.5051
 618.000       3.3892
 619.000       3.3486
 621.000       3.1407
 622.000       3.0344
 624.000       2.8774
 626.000       2.8331
 627.000       2.7187
 630.000       2.9486
 631.000       3.0999
 632.000       3.2343
 633.000       3.4795
 635.000       3.4710
 637.000       3.6971
 639.000       3.6814
 640.000       3.7065
 641.000       3.9858
 642.000       3.5633
 643.000       3.6535
 644.000       3.8752
 647.000       3.7855
 649.000       3.5985
 650.000       3.4623
 652.000       3.2174
 653.000       3.1518
 655.000       2.9772
 657.000       2.8488
 658.000       2.7319
 659.000       2.9230
 661.000       3.1039
 662.000       3.1980
 663.000       3.7007
 665.000       3.5778
 667.000       3.7815
 669.000       3.9456
 670.000       3.9715
 671.000       4.2776
 672.000       3.8389
 673.000       3.9031
 674.000       4.0130
 677.000       3.9736
 679.000       3.8078
 680.000       3.7609
 682.000       3.5632
 683.000       3.4325
 685.000       3.3133
 687.000       3.3323
 688.000       3.2939
 691.000       3.4626
 692.000       3.5756
 693.000       3.7477
 694.000       3.9394
 696.000       3.9020
 698.000       4.1289
 700.000       4.1585
 701.000       4.1676
 702.000       4.4453
 703.000       4.0370
 704.000       4.0877
 705.000       4.2565
 708.000       4.2125
 710.000       4.0376
 711.000       3.9784
 713.000       3.7438
 714.000       3.6081
 716.000       3.4228
 718.000       3.3808
 719.000       3.2558
 722.000       3.5250
 723.000       3.7035
 724.000       3.8727
 725.000       4.1747
 727.000       4.1216
 729.000       4.3364
 731.000       4.3852
 732.000       4.3441
 733.000       4.6315
 734.000       4.1211
 735.000       4.3160
 736.000       4.5720
 739.000       4.5698
 741.000       4.4309
 742.000       4.3372
 744.000       4.0124
 745.000       3.8070
 747.000       3.5486
 749.000       3.5057
 750.000       3.3073
 753.000       3.7172
 754.000       3.9686
 755.000       4.2008
 756.000       4.4368
 758.000       4.4412
 760.000       4.7591
 762.000       4.6369
 763.000       4.5058
 764.000       4.8014
 765.000       4.2349
 766.000       4.4359
 767.000       4.7161
 770.000       4.6645
 772.000       4.5336
 773.000       4.3914
 775.000       4.0522
 776.000       3.8894
 778.000       3.6176
 780.000       3.5118
 781.000       3.2937
 784.000       3.6800
 785.000       3.9491
 786.000       4.1397
 787.000       4.4559
 789.000       4.4388
 791.000       4.7611
 793.000       4.6288
 794.000       4.4458
 795.000       4.7249
 796.000       4.1618
 797.000       4.3636
 798.000       4.6265
 801.000       4.5713
 803.000       4.4466
 804.000       4.2560
 806.000       3.8788
 807.000       3.7115
 809.000       3.4105
 810.000       3.3735
 811.000       3.1534
 812.000       2.9216
 813.000       3.2934
 815.000       3.5985
 816.000       3.7517
 819.000       3.7967
 820.000       3.6714
 821.000       4.3245
 823.000       4.3065
 825.000       4.6683
 827.000       4.5131
 828.000       4.3196
 829.000       4.6252
 830.000       4.0244
 831.000       4.2171
 832.000       4.5253
 835.000       4.4337
 837.000       4.2411
 838.000       4.0227
 840.000       3.6402
 841.000       3.4992
 843.000       3.1962
 844.000       3.1276
 845.000       2.8997
 846.000       2.7006
 847.000       3.0081
 849.000       3.2955
 850.000       3.4320
 853.000       3.5073
 854.000       3.4090
 855.000       4.2255
 857.000       4.1285
 859.000       4.4766
 861.000       4.4928
 862.000       4.3903
 863.000       4.7727
 864.000       4.1459
 865.000       4.2257
 866.000       4.4874
 869.000       4.3311
 871.000       4.0596
 872.000       3.8287
 874.000       3.4590
 875.000       3.3833
 877.000       3.1040
 879.000       2.8940
 880.000       2.6949
 883.000       2.9748
 884.000       3.2532
 885.000       3.3941
 886.000       4.1943
 888.000       4.0115
 890.000       4.2907
 892.000       4.5198
 893.000       4.4741
 894.000       4.9215
 895.000       4.2313
 896.000       4.3097
 897.000       4.5353
 900.000       4.3780
 902.000       4.0747
 903.000       3.8673
 905.000       3.4864
 906.000       3.3557
 908.000       3.1092
 909.000       3.0706
 910.000       2.9852
 911.000       2.9099
 912.000       3.1671
 914.000       3.3856
 915.000       3.6439
 918.000       3.4756
 919.000       3.3101
 920.000       4.2217
 922.000       4.0939
 924.000       4.4764
 926.000       4.5837
 927.000       4.6269
 928.000       5.0652
 929.000       4.4623
 930.000       4.4635
 931.000       4.6878
 934.000       4.5604
 936.000       4.2048
 937.000       4.0996
 939.000       3.8030
 940.000       3.7200
 942.000       3.5270
 944.000       3.4033
 945.000       3.3154
 946.000       3.5028
 948.000       3.7030
 949.000       3.8646
 950.000       4.5983
 952.000       4.4375
 954.000       4.7307
 956.000       5.0052
 957.000       5.2307
 958.000       5.6425
 959.000       5.1267
 960.000       5.1833
 961.000       5.4165
 964.000       5.3877
 966.000       5.0271
 967.000       4.9878
 969.000       4.6826
 970.000       4.5418
 972.000       4.3358
 973.000       4.3410
 974.000       4.2475
 975.000       4.1347
 976.000       4.3941
 978.000       4.6030
 979.000       4.7907
 982.000       4.7008
 983.000       4.5572
 984.000       5.5271
 986.000       5.3915
 988.000       5.6886
 990.000       5.9797
 991.000       6.1557
 992.000       6.7319
 993.000       5.9929
 994.000       5.9732
 995.000       6.2610
 998.000       6.1519
1000.000       5.7098
1001.000       5.6119
1003.000       5.1980
1004.000       5.0826
1006.000       4.8435
1008.000       4.7095
1009.000       4.6281
1010.000       4.8403
1012.000       5.0824
1013.000       5.3059
1014.000       6.2308
1016.000       5.9970
1018.000       6.3419
1020.000       6.6657
1023.000       9.2843
1024.000       9.3486
1027.000       8.8352
1029.000       8.7235
1030.000       8.2142
1032.000       8.0279
1033.000       8.0847
1035.000       8.1311
1037.000       8.1106
1038.000       8.3332
1041.000       8.0815
1042.000       8.0358
1043.000       8.1919
1044.000       8.2740
1046.000       7.9172
1048.000       8.0155
1050.000       8.4343
1051.000       8.3012
1052.000       8.8481
1053.000       8.2267
1054.000       7.8877
1055.000       7.6629
1058.000       7.4518
1060.000       7.9558
1061.000       8.0417
1063.000       8.6339
1064.000       9.2043
1066.000       9.8131
1067.000       9.6811
1068.000      10.3233
1069.000      11.0877
1070.000      10.1760
1072.000       9.4767
1073.000       9.6129
1076.000       8.8297
1077.000       8.9672
1078.000       7.1684
1080.000       7.6901
1082.000       7.7796
1084.000       6.7338
1085.000       6.5621
1086.000       7.0776
1087.000       6.3963
1088.000       6.3475
1089.000       6.5356
1092.000       6.4477
1094.000       6.6251
1095.000       6.4634
1097.000       6.3741
1098.000       6.4465
1100.000       6.5212
1101.000       6.4987
1102.000       6.7033
1103.000       6.9535
1106.000       6.8096
1107.000       6.7001
1109.000       6.5158
1110.000       6.4140
1111.000       6.0342
1113.000       6.1849
1115.000       6.4885
1117.000       6.0043
1118.000       5.6837
1119.000       5.9472
1120.000       5.5931
1121.000       5.4631
1122.000       5.6204
1125.000       5.7241
1127.000       5.8389
1128.000       5.8860
1130.000       5.7281
1131.000       5.5382
1133.000       5.6241
1134.000       5.8823
1135.000       6.2333
1136.000       6.3748
1139.000       6.5974
1140.000       6.6194
1142.000       6.3342
1143.000       5.9527
1144.000       5.4919
1146.000       5.7906
1148.000       6.2492
1150.000       5.5808
1151.000       5.3151
1152.000       5.5986
1153.000       5.0257
1154.000       5.2999
1155.000       5.6541
1158.000       5.7766
1160.000       5.8180
1161.000       5.8400
1163.000       5.5882
1164.000       5.2580
1166.000       5.1842
1168.000       5.4645
1169.000       5.5580
1172.000       5.7812
1173.000       5.8414
1174.000       6.2348
1175.000       5.5322
1177.000       5.7823
1179.000       6.2763
1181.000       5.6779
1182.000       5.3872
1183.000       5.7262
1184.000       5.0763
1185.000       5.2122
1186.000       5.5315
1189.000       5.4404
1191.000       5.3959
1192.000       5.1560
1194.000       4.7926
1195.000       4.6246
1197.000       4.3534
1199.000       4.2467
1200.000       4.0601
1203.000       4.4201
1204.000       4.6889
1205.000       4.9055
1206.000       5.0567
1208.000       5.0568
1210.000       5.4321
1212.000       5.1694
1213.000       4.8704
1214.000       5.1290
1215.000       4.6402
1216.000       4.6654
1217.000       4.8596
1220.000       4.7119
1222.000       4.6381
1223.000       4.3754
1225.000       4.0772
1226.000       4.0108
1228.000       3.8090
1229.000       3.7180
1230.000       3.5802
1231.000       3.4846
1234.000       3.6322
1235.000       3.8134
1237.000       3.9500
1238.000       3.8876
1239.000       4.3871
1241.000       4.3073
1243.000       4.5964
1245.000       4.5187
1246.000       4.3108
1247.000       4.5880
1248.000       4.2079
1249.000       4.0289
1250.000       4.1510
1253.000       3.9373
1255.000       3.8033
1256.000       3.5583
1258.000       3.3517
1259.000       3.3912
1261.000       3.2957
1263.000       3.1452
1264.000       3.1524
1265.000       3.1034
1267.000       3.2088
1268.000       3.2688
1269.000       3.7089
1271.000       3.5468
1273.000       3.7348
1275.000       3.8726
1276.000       3.7516
1277.000       4.0704
1278.000       3.5721
1279.000       3.6010
1280.000       3.7698
1283.000       3.6878
1285.000       3.5491
1286.000       3.4036
1288.000       3.1074
1289.000       2.9815
1291.000       2.7714
1292.000       2.7590
1293.000       2.6618
1294.000       2.5462
1295.000       2.8259
1297.000       3.0448
1298.000       3.2642
1301.000       3.1314
1302.000       2.9805
1303.000       3.5161
1305.000       3.4802
1307.000       3.7906
1309.000       3.7159
1310.000       3.6307
1311.000       3.9264
1312.000       3.4666
1313.000       3.5221
1314.000       3.7508
1317.000       3.6918
1319.000       3.5156
1320.000       3.4167
1322.000       3.1169
1323.000       2.9809
1325.000       2.7695
1327.000       2.6917
1328.000       2.5629
1331.000       2.8444
1332.000       3.0557
1333.000       3.2642
1334.000       3.5896
1336.000       3.5584
1338.000       3.8653
1340.000       3.8207
1341.000       3.7860
1342.000       4.0957
1343.000       3.5973
1344.000       3.7170
1345.000       3.9749
1348.000       3.9395
1350.000       3.7487
1351.000       3.6732
1353.000       3.3642
1354.000       3.1872
1356.000       2.9603
1358.000       2.9184
1359.000       2.7764
1362.000       3.1092
1363.000       3.3325
1364.000       3.5699
1365.000       3.8482
1367.000       3.8331
1369.000       4.1548
1371.000       4.0903
1372.000       4.0591
1373.000       4.3642
1374.000       3.8422
1375.000       4.0396
1376.000       4.3520
1379.000       4.3458
1381.000       4.1765
1382.000       4.1065
1384.000       3.8035
1385.000       3.5830
1387.000       3.3634
1388.000       3.4552
1389.000       3.3773
1390.000       3.1950
1391.000       3.6012
1393.000       3.8598
1394.000       4.0884
1397.000       3.9365
1398.000       3.7297
1399.000       4.2711
1401.000       4.2696
1403.000       4.5650
1405.000       4.4860
1406.000       4.4259
1407.000       4.7176
1408.000       4.1797
1409.000       4.3920
1410.000       4.6625
1413.000       4.6611
1415.000       4.5052
1416.000       4.4169
1418.000       4.0953
1419.000       3.8903
1421.000       3.6402
1422.000       3.6910
1423.000       3.5591
1424.000       3.3498
1425.000       3.7600
1427.000       4.0410
1428.000       4.2453
1431.000       4.1625
1432.000       3.9785
1433.000       4.5583
1435.000       4.5621
1437.000       4.8933
1439.000       4.7768
1440.000       4.6377
1441.000       4.9454
1442.000       4.3701
1443.000       4.5476
1444.000       4.8379
1447.000       4.7880
1449.000       4.5880
1450.000       4.4590
1452.000       4.1175
1453.000       3.9571
1455.000       3.7161
1456.000       3.7102
1457.000       3.5476
1458.000       3.3664
1459.000       3.6725
1461.000       3.9198
1462.000       4.0528
1465.000       4.0748
1466.000       3.9582
1467.000       4.6505
1469.000       4.5589
1471.000       5.0585
1473.000       4.9982
1474.000       4.9847
1475.000       5.7534
1476.000       5.0585
1477.000       4.3383
1478.000       4.7368
1481.000       4.3746
1483.000       4.0840
1484.000       3.6354
1486.000       2.9812
1487.000       2.8481
1489.000       2.6148
1491.000       2.4946
1492.000       2.7052
1495.000       2.6682
1496.000       2.9071
1497.000       3.4080
1498.000       3.8022
1500.000       3.6263
1502.000       4.3554
1504.000       4.2097
1505.000       3.9392
1506.000       4.5189
1507.000       4.1819
1508.000       3.1010
1509.000       3.1257
1512.000       2.7161
1514.000       2.6093
1515.000       2.5146
1517.000       2.4423
1518.000       2.5147
1520.000       2.9811
1522.000       3.2757
1523.000       3.9312
1526.000       3.2421
1527.000       2.8732
1528.000       3.2886
1529.000       2.3963
1531.000       2.5304
1533.000       3.1361
1535.000       2.4604
1536.000       2.4739
1537.000       2.5884
1538.000       2.5239
1539.000       2.4297
1540.000       2.4586
1543.000       2.4650
1545.000       2.4797
1546.000       2.4860
1548.000       2.4261
1549.000       2.3579
1551.000       2.3503
1552.000       2.4157
1553.000       2.4804
1554.000       2.4889
1557.000       2.5792
1558.000       2.6184
1560.000       2.5743
1561.000       2.4655
1562.000       2.4418
1564.000       2.4907
1566.000       2.5950
1568.000       2.4786
1569.000       2.4532
1570.000       2.5488
1571.000       2.3958
1572.000       2.4682
1573.000       2.5756
1576.000       2.6094
1578.000       2.6087
1579.000       2.5961
1581.000       2.5084
1582.000       2.4434
1584.000       2.4111
1585.000       2.4556
1586.000       2.4854
1587.000       2.4716
1590.000       2.5679
1591.000       2.6201
1593.000       2.6027
1594.000       2.5167
1595.000       2.5474
1597.000       2.5957
1599.000       2.7287
1601.000       2.6235
1602.000       2.5681
1603.000       2.7594
1604.000       2.4795
1605.000       2.5201
1606.000       2.6434
1609.000       2.6362
1611.000       2.5683
1612.000       2.5525
1614.000       2.4339
1615.000       2.3453
1617.000       2.3076
1618.000       2.3722
1619.000       2.4308
1620.000       2.4313
1623.000       2.5517
1624.000       2.6142
1626.000       2.5809
1627.000       2.4518
1628.000       2.6021
1630.000       2.6224
1632.000       2.7811
1634.000       2.7209
1635.000       2.7250
1636.000       2.9123
1637.000       2.6215
1638.000       2.7291
1639.000       2.8914
1642.000       2.9182
1644.000       2.8415
1645.000       2.8535
1647.000       2.7259
1648.000       2.6011
1650.000       2.5299
1652.000       2.5879
1653.000       2.5707
1656.000       2.7145
1657.000       2.7842
1658.000       2.9419
1659.000       2.9033
1661.000       2.9471
1663.000       3.1415
1665.000       3.0292
1666.000       3.0468
1667.000       3.2041
1668.000       2.9574
1669.000       3.0734
1670.000       3.2119
1673.000       3.2490
1675.000       3.1745
1676.000       3.1897
1678.000       3.0564
1679.000       2.9210
1681.000       2.8218
1683.000       2.8675
1684.000       2.8094
1687.000       3.0070
1688.000       3.1014
1689.000       3.2538
1690.000       3.2480
1692.000       3.2826
1694.000       3.4561
1696.000       3.3773
1697.000       3.3961
1698.000       3.5651
1699.000       3.2820
1700.000       3.4281
1701.000       3.5838
1704.000       3.6342
1706.000       3.5444
1707.000       3.5618
1709.000       3.3857
1710.000       3.2330
1712.000       3.0923
1714.000       3.1118
1715.000       3.0113
1718.000       3.2659
1719.000       3.4034
1720.000       3.5691
1721.000       3.6269
1723.000       3.6801
1725.000       3.9012
1727.000       3.7687
1728.000       3.7525
1729.000       3.9373
1730.000       3.5965
1731.000       3.7813
1732.000       3.9779
1735.000       3.9995
1737.000       3.8833
1738.000       3.8271
1740.000       3.5958
1741.000       3.4636
1743.000       3.2877
1744.000       3.3101
1745.000       3.2193
1746.000       3.0723
1749.000       3.3217
1750.000       3.5063
1752.000       3.6121
1753.000       3.5010
1754.000       3.9405
1756.000       3.9370
1758.000       4.1784
1760.000       4.1187
1761.000       4.0778
1762.000       4.3194
1763.000       3.9394
1764.000       3.9907
1765.000       4.1491
1768.000       4.0417
1770.000       3.8798
1771.000       3.7355
1773.000       3.5234
1774.000       3.5062
1776.000       3.3607
1778.000       3.2208
1779.000       3.1356
1780.000       3.2460
1782.000       3.3940
1783.000       3.4491
1784.000       3.9396
1786.000       3.8127
1788.000       3.9871
1790.000       4.1310
1791.000       4.0944
1792.000       4.3919
1793.000       3.8874
1794.000       4.0291
1795.000       4.2910
1798.000       4.2295
1800.000       4.0426
1801.000       3.8914
1803.000       3.5920
1804.000       3.4781
1806.000       3.2476
1807.000       3.2137
1808.000       3.0827
1809.000       2.9399
1812.000       3.1728
1813.000       3.3707
1815.000       3.5115
1816.000       3.4249
1817.000       4.1110
1819.000       4.0322
1821.000       4.3007
1823.000       4.3565
1824.000       4.3035
1825.000       4.6644
1826.000       4.0497
1827.000       4.2187
1828.000       4.4967
1831.000       4.4201
1833.000       4.1701
1834.000       4.0136
1836.000       3.6860
1837.000       3.5441
1839.000       3.3046
1840.000       3.2941
1841.000       3.1722
1842.000       3.0333
1843.000       3.3144
1845.000       3.5290
1846.000       3.6929
1849.000       3.6481
1850.000       3.5271
1851.000       4.3360
1853.000       4.2324
1855.000       4.5294
1857.000       4.6500
1858.000       4.6718
1859.000       5.0639
1860.000       4.4500
1861.000       4.5756
1862.000       4.8263
1865.000       4.7383
1867.000       4.4238
1868.000       4.3117
1870.000       4.0070
1871.000       3.8676
1873.000       3.6384
1874.000       3.6363
1875.000       3.5173
1876.000       3.3682
1877.000       3.6619
1879.000       3.8789
1880.000       4.0448
1883.000       3.9897
1884.000       3.8628
1885.000       4.7515
1887.000       4.6159
1889.000       4.8785
1891.000       5.1235
1892.000       5.2357
1893.000       5.6775
1894.000       5.0152
1895.000       5.1700
1896.000       5.4131
1899.000       5.3306
1901.000       4.9774
1902.000       4.8758
1904.000       4.5509
1905.000       4.4055
1907.000       4.1587
1908.000       4.1501
1909.000       4.0108
1910.000       3.8397
1911.000       4.1704
1913.000       4.4129
1914.000       4.6021
1917.000       4.5338
1918.000       4.3962
1919.000       5.3801
1921.000       5.2233
1923.000       5.4972
1925.000       5.7809
1926.000       5.9638
1927.000       6.3867
1928.000       5.8823
1929.000       5.8159
1930.000       5.9831
1933.000       5.8884
1935.000       5.5130
1936.000       5.4797
1938.000       5.2165
1939.000       5.0967
1941.000       4.9029
1943.000       4.8211
1944.000       4.6918
1947.000       4.9451
1948.000       5.1480
1949.000       5.3237
1950.000       6.0112
1952.000       5.8291
1954.000       6.0645
1956.000       6.4136
1957.000       6.6817
1958.000       7.0859
1959.000       6.7729
1960.000       6.4077
1961.000       6.4007
1964.000       6.1133
1966.000       5.7304
1967.000       5.5598
1969.000       5.4408
1970.000       5.6380
1972.000       5.6100
1974.000       5.3933
1975.000       5.4327
1976.000       5.2040
1978.000       5.2068
1979.000       5.0712
1980.000       6.2191
1982.000       5.8340
1984.000       5.7769
1986.000       6.5420
1987.000       7.0113
1988.000       7.3198
1989.000       7.2399
1990.000       6.9123
1991.000       6.9031
1994.000       6.9380
1996.000       7.3511
1997.000       7.3275
1999.000       7.4070
2000.000       7.4924
2002.000       7.6272
2003.000       7.6277
2004.000       7.7949
2005.000       7.9754
2006.000       7.8109
2008.000       7.7037
2009.000       7.8087
2012.000       7.5524
2013.000       7.5077
2014.000       6.5722
2016.000       6.8712
2018.000       6.9828
2020.000       6.2237
2021.000       5.7512
2022.000       5.6195
2023.000       5.6703
2024.000       5.7110
2025.000       5.8334
2028.000       5.8519
2030.000       6.0881
2031.000       5.9620
2033.000       5.9011
2034.000       5.9517
2036.000       6.0363
2037.000       6.0135
2038.000       6.1613
2039.000       6.3481
2040.000       6.1871
2042.000       6.1111
2043.000       6.2538
2046.000       5.9978
2047.000       5.9355
2048.000       5.5000
2050.000       5.6744
2052.000       5.9105
2054.000       5.4207
2055.000       5.1123
2056.000       5.2635
2057.000       4.9467
2058.000       5.0167
2059.000       5.1650
2062.000       5.1710
2064.000       5.2895
2065.000       5.2693
2067.000       5.2272
2068.000       5.1290
2070.000       5.2179
2072.000       5.4204
2073.000       5.6307
2076.000       5.5171
2077.000       5.4160
2078.000       5.5944
2079.000       4.9589
2081.000       5.1277
2083.000       5.3800
2085.000       4.9989
2086.000       4.8019
2087.000       5.0549
2088.000       4.6579
2089.000       4.6832
2090.000       4.8991
2093.000       4.9288
2095.000       4.9596
2096.000       4.9437
2098.000       4.7510
2099.000       4.5588
2101.000       4.5326
2102.000       4.7192
2103.000       4.9076
2104.000       4.9331
2105.000       5.2040
2107.000       5.3126
2108.000       5.6791
2111.000       5.1613
2112.000       4.8591
2113.000       4.7406
2115.000       4.8993
2117.000       5.2735
2119.000       4.8748
2120.000       4.7003
2121.000       5.0380
2122.000       4.4455
2123.000       4.6321
2124.000       4.9706
2127.000       5.0143
2129.000       4.9576
2130.000       4.8935
2132.000       4.5549
2133.000       4.2766
2135.000       4.1299
2136.000       4.3242
2137.000       4.4247
2138.000       4.3621
2139.000       4.7648
2141.000       4.9965
2142.000       5.3890
2145.000       4.9396
2146.000       4.5881
2147.000       4.7927
2149.000       4.9105
2151.000       5.3860
2153.000       5.0149
2154.000       4.8500
2155.000       5.2204
2156.000       4.5540
2157.000       4.7759
2158.000       5.1337
2161.000       5.1310
2163.000       4.9934
2164.000       4.8861
2166.000       4.5183
2167.000       4.2589
2169.000       4.0137
2171.000       4.0353
2172.000       3.9437
2173.000       4.3090
2175.000       4.5492
2176.000       4.8690
2177.000       4.9099
2179.000       4.9264
2181.000       5.3637
2183.000       5.1809
2184.000       5.0299
2185.000       5.4493
2186.000       4.7630
2187.000       4.8607
2188.000       5.1729
2191.000       5.0832
2193.000       4.9450
2194.000       4.7623
2196.000       4.4400
2197.000       4.2575
2199.000       4.0670
2201.000       4.0778
2202.000       4.0144
2205.000       4.2864
2206.000       4.4613
2207.000       4.7508
2208.000       4.8130
2210.000       4.7570
2212.000       5.1354
2214.000       5.0523
2215.000       4.8775
2216.000       5.2960
2217.000       4.6320
2218.000       4.6370
2219.000       4.8975
2222.000       4.6947
2224.000       4.5356
2225.000       4.2673
2227.000       4.0008
2228.000       3.8981
2230.000       3.6807
2232.000       3.5772
2233.000       3.4173
2236.000       3.6996
2237.000       3.9039
2238.000       4.0583
2239.000       4.3859
2241.000       4.2884
2243.000       4.6023
2245.000       4.5794
2246.000       4.3862
2247.000       4.7240
2248.000       4.1896
2249.000       4.1856
2250.000       4.3950
2253.000       4.2767
2255.000       4.1858
2256.000       3.9881
2258.000       3.6900
2259.000       3.6130
2261.000       3.3974
2263.000       3.2529
2264.000       3.0975
2267.000       3.3447
2268.000       3.5626
2269.000       3.7069
2270.000       4.0215
2272.000       3.9750
2274.000       4.2471
2276.000       4.1537
2277.000       3.9704
2278.000       4.2222
2279.000       3.8193
2280.000       3.7998
2281.000       3.9726
2284.000       3.8789
2286.000       3.7941
2287.000       3.6376
2289.000       3.3725
2290.000       3.2846
2292.000       3.1173
2294.000       3.0102
2295.000       2.9271
2296.000       3.1173
2298.000       3.3035
2299.000       3.4751
2300.000       3.6686
2302.000       3.6568
2304.000       3.9251
2306.000       3.7903
2307.000       3.6364
2308.000       3.8819
2309.000       3.4569
2310.000       3.5510
2311.000       3.7956
2314.000       3.7846
2316.000       3.6793
2317.000       3.6053
2319.000       3.3275
2320.000       3.1554
2322.000       2.9862
2323.000       3.0558
2324.000       3.0358
2325.000       2.9306
2326.000       3.2624
2328.000       3.4759
2329.000       3.7508
2332.000       3.4970
2333.000       3.2783
2334.000       3.6437
2336.000       3.6921
2338.000       4.0209
2340.000       3.8102
2341.000       3.7352
2342.000       3.9649
2343.000       3.5576
2344.000       3.7079
2345.000       3.9357
2348.000       3.9334
2350.000       3.8130
2351.000       3.7431
2353.000       3.4875
2354.000       3.3396
2356.000       3.1487
2358.000       3.0842
2359.000       2.9581
2360.000       3.2459
2362.000       3.4493
2363.000       3.6337
2364.000       3.8335
2366.000       3.8459
2368.000       4.1508
2370.000       4.0162
2371.000       3.9729
2372.000       4.1779
2373.000       3.8085
2374.000       3.9640
2375.000       4.1614
2378.000       4.1539
2380.000       4.0372
2381.000       3.9429
2383.000       3.7067
2384.000       3.5702
2386.000       3.3893
2387.000       3.4085
2388.000       3.2924
2389.000       3.1407
2390.000       3.4040
2392.000       3.6006
2393.000       3.7113
2396.000       3.7119
2397.000       3.6070
2398.000       4.0773
2400.000       4.0165
2402.000       4.2049
2404.000       4.2683
2405.000       4.2937
2406.000       4.5937
2407.000       4.1910
2408.000       4.3191
2409.000       4.2616
2412.000       4.3830
2414.000       4.4312
2415.000       4.6591
2417.000       4.7400
2418.000       4.7631
2420.000       4.9604
2422.000       5.1143
2423.000       5.3846
2426.000       5.0911
2427.000       4.9121
2428.000       5.0024
2429.000       4.5927
2431.000       4.9424
2433.000       5.3395
2435.000       4.5888
2436.000       4.4547
2437.000       4.5646
2438.000       4.5533
2439.000       4.1636
2440.000       4.0253
2443.000       3.9810
2445.000       3.8930
2446.000       3.7795
2448.000       3.5783
2449.000       3.4983
2451.000       3.3288
2452.000       3.2934
2453.000       3.1556
2454.000       3.0289
2455.000       3.2081
2457.000       3.3729
2458.000       3.4296
2461.000       3.5005
2462.000       3.4517
2463.000       3.8821
2465.000       3.8365
2467.000       4.0035
2469.000       4.0072
2470.000       3.9426
2471.000       4.1488
2472.000       3.8200
2473.000       3.8383
2474.000       3.9643
2477.000       3.8710
2479.000       3.7669
2480.000       3.6173
2482.000       3.4224
2483.000       3.3823
2485.000       3.2133
2486.000       3.1325
2487.000       2.9757
2488.000       2.8669
2489.000       2.9881
2491.000       3.1340
2492.000       3.1602
2495.000       3.2791
2496.000       3.2689
2497.000       3.7509
2499.000       3.6627
2501.000       3.8172
2503.000       3.8803
2504.000       3.7891
2505.000       4.0113
2506.000       3.6998
2507.000       3.6106
2508.000       3.7085
2511.000       3.5570
2513.000       3.4324
2514.000       3.2628
2516.000       3.0823
2517.000       3.0869
2519.000       2.9580
2521.000       2.8057
2522.000       2.7251
2523.000       2.8140
2525.000       2.9499
2526.000       2.9956
2527.000       3.4137
2529.000       3.2818
2531.000       3.4492
2533.000       3.5499
2534.000       3.5035
2535.000       3.7198
2536.000       3.6333
2537.000       3.1873
2538.000       3.1502
2541.000       2.9279
2543.000       2.8365
2544.000       2.6959
2546.000       2.6667
2547.000       2.8193
2549.000       2.9291
2551.000       2.8701
2552.000       3.0923
2555.000       2.7250
2556.000       2.6234
2557.000       2.6299
2558.000       2.8251
2560.000       2.7441
2562.000       2.8641
2564.000       2.9019
2565.000       3.0570
2566.000       3.4860
2567.000       3.0330
2568.000       2.9835
2569.000       3.0215
2572.000       2.9668
2574.000       2.8170
2575.000       2.8454
2577.000       2.7655
2578.000       2.7883
2580.000       2.7195
2581.000       2.6465
2582.000       2.5868
2583.000       2.5711
2586.000       2.5828
2587.000       2.6304
2589.000       2.6799
2590.000       2.6833
2591.000       3.0611
2593.000       2.9824
2595.000       3.0541
2597.000       3.1091
2598.000       3.2447
2599.000       3.3643
2600.000       3.3375
2601.000       3.1836
2602.000       3.1302
2605.000       2.9683
2607.000       2.9255
2608.000       2.8517
2610.000       2.9099
2611.000       3.0094
2613.000       3.0546
2614.000       2.9757
2615.000       2.9893
2616.000       3.0885
2619.000       2.9217
2620.000       2.8373
2622.000       2.8147
2623.000       2.8883
2624.000       2.9519
2626.000       2.8383
2628.000       2.7466
2630.000       2.9583
2631.000       3.0367
2632.000       3.0411
2633.000       3.1849
2634.000       2.9741
2635.000       2.8684
2638.000       2.8473
2640.000       2.8426
2641.000       2.8834
2643.000       2.9648
2644.000       3.0211
2646.000       3.0985
2647.000       3.0930
2648.000       3.1683
2649.000       3.2621
2652.000       3.1670
2653.000       3.0955
2655.000       3.0197
2656.000       3.0179
2657.000       2.9493
2659.000       2.9413
2661.000       2.8934
2663.000       2.9802
2664.000       3.1034
2665.000       3.1535
2666.000       3.1925
2667.000       3.1224
2668.000       3.0993
2671.000       3.1386
2673.000       3.1055
2674.000       3.2018
2676.000       3.2381
2677.000       3.2352
2679.000       3.2937
2680.000       3.3381
2681.000       3.4271
2682.000       3.4860
2685.000       3.4836
2686.000       3.4492
2688.000       3.3661
2689.000       3.3079
2690.000       3.2677
2692.000       3.3075
2694.000       3.3496
2696.000       3.3385
2697.000       3.4930
2698.000       3.5731
2699.000       3.5306
2700.000       3.5753
2701.000       3.6301
2704.000       3.7230
2706.000       3.6740
2707.000       3.7837
2709.000       3.7586
2710.000       3.6900
2712.000       3.6939
2714.000       3.7678
2715.000       3.7998
2716.000       3.8405
2718.000       3.8406
2719.000       3.9439
2720.000       3.8404
2722.000       3.9057
2724.000       4.0182
2726.000       3.9574
2727.000       4.0691
2728.000       4.2066
2729.000       4.0146
2730.000       4.1446
2731.000       4.2603
2734.000       4.3365
2736.000       4.2619
2737.000       4.3412
2739.000       4.2160
2740.000       4.1057
2742.000       4.0213
2744.000       4.0448
2745.000       4.0011
2746.000       4.1588
2748.000       4.2454
2749.000       4.3673
2750.000       4.3938
2752.000       4.4920
2754.000       4.8001
2756.000       4.5677
2757.000       4.6424
2758.000       4.8093
2759.000       4.5223
2760.000       4.7266
2761.000       4.8954
2764.000       4.9489
2766.000       4.9036
2767.000       4.9116
2769.000       4.7622
2770.000       4.6640
2772.000       4.5400
2774.000       4.5206
2775.000       4.4227
2778.000       4.6193
2779.000       4.7406
2780.000       4.8473
2781.000       4.9119
2783.000       4.9848
2785.000       5.4095
2787.000       5.1856
2788.000       5.0301
2789.000       5.4947
2790.000       4.8262
2791.000       4.7889
2792.000       4.9997
2795.000       4.9011
2797.000       4.9130
2798.000       4.8666
2800.000       4.5023
2801.000       4.3594
2803.000       4.1310
2804.000       4.1179
2805.000       4.0307
2806.000       3.8993
2809.000       4.1916
2810.000       4.4230
2812.000       4.5237
2813.000       4.3540
2814.000       4.7032
2816.000       4.9722
2818.000       5.4952
2820.000       4.5393
2821.000       4.2503
2822.000       4.7262
2823.000       4.1834
2824.000       4.2905
2825.000       4.9744
2828.000       5.4423
2830.000       5.4656
2831.000       5.8151
2833.000       5.4944
2834.000       4.8559
2836.000       5.0601
2838.000       5.8275
2839.000       6.3184
2840.000       6.2871
2842.000       6.2159
2843.000       6.9972
2844.000       5.3865
2846.000       6.0759
2848.000       7.0636
2850.000       5.8417
2851.000       5.8174
2852.000       6.5611
2853.000       4.9579
2854.000       6.4563
2855.000       7.5950
2858.000       8.2840
2860.000       7.9920
2861.000       8.4055
2863.000       7.6329
2864.000       6.5537
2866.000       6.1342
2868.000       6.9015
2869.000       6.8936
2872.000       7.8779
2873.000       8.2359
2874.000       9.2733
2875.000       8.3885
2877.000       8.9931
2879.000      10.2126
2881.000       9.1790
2882.000       9.1564
2883.000      10.2031
2884.000       8.1033
2885.000       9.4283
2886.000      10.6216
2889.000      10.8874
2891.000      10.2633
2892.000      10.2080
2894.000       9.0264
2895.000       8.0517
2897.000       7.0877
2899.000       7.2453
2900.000       6.6187
2903.000       8.2439
2904.000       9.0940
2905.000      10.0744
2906.000      10.7242
2908.000      10.8702
2910.000      12.1213
2912.000      11.6854
2913.000      11.5692
2914.000      12.7221
2915.000      10.6257
2916.000      11.4214
2917.000      12.4171
2920.000      12.2771
2922.000      11.4619
2923.000      10.9744
2925.000       9.7700
2926.000       9.1709
2928.000       8.2183
2929.000       8.2084
2930.000       7.6297
2931.000       6.9178
2932.000       8.2282
2934.000       9.1929
2935.000       9.8363
2938.000       9.7069
2939.000       9.1914
2940.000      12.0182
2942.000      11.6337
2944.000      12.6318
2946.000      13.0522
2947.000      13.1431
2948.000      14.3628
2949.000      12.5837
2950.000      12.6153
2951.000      13.3506
2954.000      12.8694
2956.000      11.9393
2957.000      11.2898
2959.000      10.1370
2960.000       9.8681
2962.000       8.9508
2964.000       8.2493
2965.000       7.4994
2968.000       8.5409
2969.000       9.4928
2970.000       9.9309
2971.000      12.5222
2973.000      11.8811
2975.000      12.6924
2977.000      13.4938
2978.000      13.5727
2979.000      14.4910
2980.000      13.5532
2981.000      12.7136
2982.000      12.9018
2985.000      12.0783
2987.000      11.2254
2988.000      10.4633
2990.000       9.8607
2991.000      10.2269
2993.000       9.8603
2995.000       9.0416
2996.000       8.8159
2999.000       8.6461
3000.000       9.0697
3001.000       8.9010
3002.000      11.8250
3004.000      10.8823
3006.000      11.0581
3008.000      12.5329
3009.000      12.7452
3010.000      13.6223
3011.000      12.7675
3012.000      11.9745
3013.000      12.0331
3016.000      11.2751
3018.000      10.5019
3019.000       9.9024
3021.000       9.7073
3022.000      10.2447
3024.000      10.0879
3025.000       9.3432
3026.000       8.9878
3027.000       9.3034
3028.000       8.3759
3030.000       8.1619
3031.000       7.7500
3034.000       8.5328
3035.000       9.0978
3036.000      11.2108
3038.000      10.3213
3040.000      10.2264
3042.000      11.7756
3043.000      12.0340
3044.000      12.8276
3045.000      12.1256
3046.000      11.3460
3047.000      11.3859
3050.000      10.7775
3052.000      10.0798
3053.000       9.6892
3055.000       9.5691
3056.000      10.0638
3058.000       9.9799
3059.000       9.3393
3060.000       9.0971
3061.000       9.4217
3062.000       8.5913
3064.000       8.3748
3065.000       8.0876
3068.000       8.6240
3069.000       9.0842
3070.000      10.8516
3072.000      10.1579
3074.000      10.1085
3076.000      11.3784
3077.000      11.7617
3078.000      12.4155
3079.000      11.9388
3080.000      11.2991
3081.000      11.3239
3084.000      10.9960
3086.000      10.4049
3087.000      10.3251
3089.000      10.2199
3090.000      10.6144
3092.000      10.5673
3093.000      10.0557
3094.000       9.8523
3095.000      10.1414
3098.000       9.4942
3099.000       9.3559
3101.000       9.5284
3102.000       9.8551
3103.000      11.3076
3105.000      10.9059
3107.000      10.9845
3109.000      11.8298
3110.000      12.3952
3111.000      12.9272
3112.000      12.5383
3113.000      12.3196
3114.000      12.4784
3117.000      12.5635
3119.000      12.0534
3120.000      12.2452
3122.000      11.9523
3123.000      12.1358
3125.000      11.9554
3126.000      11.5706
3127.000      11.3162
3128.000      11.3897
3129.000      11.0948
3131.000      11.1700
3132.000      11.1181
3135.000      11.4279
3136.000      11.5870
3137.000      13.0890
3139.000      12.9549
3141.000      13.3721
3143.000      13.6992
