   2.000       3.7702
   3.000       3.8695
   6.000       3.8852
   8.000       3.9503
   9.000       3.8755
  11.000       3.6721
  12.000       3.5862
  14.000       3.4632
  15.000       3.4721
  16.000       3.4316
  17.000       3.3692
  18.000       3.5400
  20.000       3.6756
  21.000       3.8258
  24.000       3.7182
  25.000       3.6080
  26.000       3.6814
  28.000       3.8002
  30.000       4.0789
  32.000       3.7451
  33.000       3.5649
  34.000       3.7711
  35.000       3.3849
  36.000       3.4788
  37.000       3.6783
  40.000       3.6216
  42.000       3.5866
  43.000       3.4234
  45.000       3.1998
  46.000       3.1300
  48.000       2.9665
  49.000       2.9226
  50.000       2.8182
  51.000       2.7224
  54.000       2.8723
  55.000       3.0193
  57.000       3.1267
  58.000       3.0679
  59.000       3.4133
  61.000       3.3868
  63.000       3.6078
  65.000       3.5157
  66.000       3.3726
  67.000       3.6061
  68.000       3.2574
  69.000       3.1879
  70.000       3.3151
  73.000       3.1581
  75.000       3.0742
  76.000       2.8767
  78.000       2.6849
  79.000       2.6778
  81.000       2.5331
  83.000       2.3826
  84.000       2.2887
  85.000       2.4150
  87.000       2.5584
  88.000       2.6201
  89.000       2.9518
  91.000       2.8383
  93.000       2.9819
  95.000       3.0537
  96.000       2.9354
  97.000       3.1591
  98.000       2.8820
  99.000       2.7076
 100.000       2.7644
 103.000       2.5759
 105.000       2.4928
 106.000       2.3032
 108.000       2.1505
 109.000       2.1879
 111.000       2.0821
 113.000       1.9339
 114.000       1.8704
 117.000       1.9153
 118.000       2.0200
 119.000       2.0508
 120.000       2.4027
 122.000       2.2791
 124.000       2.3919
 126.000       2.4877
 127.000       2.4172
 128.000       2.6120
 129.000       2.4370
 130.000       2.1918
 131.000       2.2158
 134.000       2.0472
 136.000       1.9599
 137.000       1.8110
 139.000       1.6991
 140.000       1.7561
 142.000       1.6885
 144.000       1.5468
 145.000       1.5188
 146.000       1.5151
 148.000       1.5928
 149.000       1.6281
 150.000       1.9340
 152.000       1.8200
 154.000       1.9313
 156.000       2.0382
 157.000       2.0357
 158.000       2.2508
 159.000       2.0925
 160.000       1.8404
 161.000       1.8754
 164.000       1.7274
 166.000       1.6325
 167.000       1.6101
 169.000       1.4889
 170.000       1.5249
 172.000       1.4841
 174.000       1.3726
 175.000       1.3669
 176.000       1.3555
 178.000       1.4257
 179.000       1.4985
 180.000       1.6969
 182.000       1.8549
 184.000       2.3329
 186.000       1.7087
 187.000       1.7027
 188.000       1.8961
 189.000       1.7659
 190.000       1.5579
 191.000       1.5866
 194.000       1.4880
 196.000       1.4671
 197.000       1.3913
 199.000       1.3592
 200.000       1.3766
 202.000       1.3623
 204.000       1.3322
 205.000       1.3444
 208.000       1.3516
 209.000       1.3660
 210.000       1.4346
 211.000       1.3944
 213.000       1.3752
 215.000       1.4879
 217.000       1.4422
 218.000       1.4184
 219.000       1.5529
 220.000       1.4955
 221.000       1.3011
 222.000       1.3066
 225.000       1.2610
 227.000       1.2584
 228.000       1.2293
 230.000       1.2308
 231.000       1.2403
 233.000       1.2795
 234.000       1.2993
 235.000       1.3902
 236.000       1.4689
 237.000       1.4473
 239.000       1.4308
 240.000       1.5379
 243.000       1.3489
 244.000       1.2778
 245.000       1.2412
 247.000       1.2377
 249.000       1.3089
 251.000       1.2726
 252.000       1.5867
 253.000       1.9789
 254.000       1.8979
 255.000       1.3720
 256.000       1.2951
 259.000       1.1540
 261.000       1.0897
 262.000       1.0390
 264.000       1.0102
 265.000       1.0783
 267.000       1.0951
 268.000       1.0164
 269.000       1.0493
 270.000       1.1579
 271.000       1.0307
 273.000       0.9983
 274.000       1.0597
 277.000       0.9836
 278.000       0.9771
 279.000       1.1423
 281.000       1.0990
 283.000       1.2026
 285.000       1.2248
 286.000       1.2524
 287.000       1.4250
 288.000       1.3005
 289.000       1.1367
 290.000       1.1630
 293.000       1.0708
 295.000       1.0240
 296.000       0.9365
 298.000       0.9216
 299.000       0.9842
 301.000       0.9974
 302.000       0.9381
 303.000       0.9795
 304.000       1.0738
 305.000       0.9814
 307.000       0.9461
 308.000       1.0152
 311.000       0.9071
 312.000       0.8973
 313.000       1.0278
 315.000       0.9474
 317.000       0.9772
 319.000       1.1162
 320.000       1.1470
 321.000       1.3267
 322.000       1.1957
 323.000       1.0442
 324.000       1.0671
 327.000       0.9892
 329.000       0.9533
 330.000       0.8843
 332.000       0.8718
 333.000       0.9316
 335.000       0.9360
 336.000       0.8712
 337.000       0.8798
 338.000       0.9494
 339.000       0.8553
 341.000       0.8194
 342.000       0.8412
 345.000       0.8139
 346.000       0.8339
 347.000       0.9643
 349.000       0.9116
 351.000       0.9611
 353.000       1.0423
 354.000       1.1035
 355.000       1.2174
 356.000       1.1666
 357.000       1.0474
 358.000       1.0534
 361.000       1.0709
 363.000       1.0531
 364.000       1.0940
 366.000       1.0133
 367.000       0.9193
 369.000       0.9079
 371.000       1.0004
 372.000       1.0561
 375.000       1.1150
 376.000       1.1184
 377.000       1.2725
 378.000       1.1102
 380.000       1.1658
 382.000       1.3063
 384.000       1.2181
 385.000       1.2873
 386.000       1.3845
 387.000       1.2791
 388.000       1.3380
 389.000       1.4222
 392.000       1.4889
 394.000       1.4829
 395.000       1.5506
 397.000       1.4817
 398.000       1.3788
 400.000       1.3624
 401.000       1.4578
 402.000       1.5245
 403.000       1.4880
 406.000       1.6745
 407.000       1.7623
 409.000       1.7121
 410.000       1.5476
 411.000       1.5077
 413.000       1.5931
 415.000       1.7383
 417.000       1.5910
 418.000       1.6019
 419.000       1.7480
 420.000       1.5310
 421.000       1.6178
 422.000       1.7411
 425.000       1.7397
 427.000       1.6961
 428.000       1.6461
 430.000       1.5175
 431.000       1.4548
 433.000       1.3678
 434.000       1.3744
 435.000       1.3308
 436.000       1.2688
 437.000       1.3999
 439.000       1.4920
 440.000       1.5742
 443.000       1.5332
 444.000       1.4704
 445.000       1.6868
 447.000       1.6852
 449.000       1.8160
 451.000       1.7690
 452.000       1.7369
 453.000       1.8772
 454.000       1.6973
 455.000       1.6690
 456.000       1.7393
 459.000       1.6835
 461.000       1.6502
 462.000       1.5717
 464.000       1.4643
 465.000       1.4322
 467.000       1.3423
 468.000       1.3063
 469.000       1.2307
 470.000       1.1735
 471.000       1.2627
 473.000       1.3543
 474.000       1.4060
 477.000       1.4210
 478.000       1.3900
 479.000       1.6130
 481.000       1.5828
 483.000       1.6816
 485.000       1.6789
 486.000       1.6641
 487.000       1.8008
 488.000       1.6607
 489.000       1.5883
 490.000       1.6394
 493.000       1.5852
 495.000       1.5356
 496.000       1.4663
 498.000       1.3611
 499.000       1.3480
 501.000       1.2607
 502.000       1.2055
 503.000       1.1232
 504.000       1.0809
 505.000       1.1330
 507.000       1.2173
 508.000       1.2525
 511.000       1.2910
 512.000       1.2769
 513.000       1.5430
 515.000       1.5057
 517.000       1.6097
 519.000       1.6282
 520.000       1.6380
 521.000       1.7679
 522.000       1.6563
 523.000       1.5666
 524.000       1.6090
 527.000       1.5501
 529.000       1.4785
 530.000       1.4059
 532.000       1.3062
 533.000       1.3280
 535.000       1.2699
 537.000       1.1754
 538.000       1.1589
 539.000       1.1699
 541.000       1.2349
 542.000       1.2786
 543.000       1.5322
 545.000       1.4724
 547.000       1.5728
 549.000       1.6403
 550.000       1.6891
 551.000       1.8332
 552.000       1.7334
 553.000       1.5967
 554.000       1.6084
 557.000       1.5199
 559.000       1.4303
 560.000       1.3594
 562.000       1.3254
 563.000       1.4172
 565.000       1.4067
 566.000       1.2891
 567.000       1.2608
 568.000       1.3488
 569.000       1.1685
 571.000       1.1149
 572.000       1.0602
 575.000       1.1539
 576.000       1.2343
 577.000       1.5387
 579.000       1.4440
 581.000       1.4771
 583.000       1.6534
 584.000       1.7640
 585.000       1.9024
 586.000       1.8407
 587.000       1.7285
 588.000       1.8441
 591.000       1.8271
 593.000       1.8660
 594.000       1.7846
 596.000       1.7301
 597.000       1.7635
 599.000       1.7757
 600.000       1.7446
 601.000       1.8028
 602.000       1.8847
 605.000       1.8611
 606.000       1.8601
 608.000       1.7980
 609.000       1.7319
 610.000       1.6777
 612.000       1.7065
 614.000       1.8471
 616.000       1.7121
 617.000       1.5890
 618.000       1.7291
 619.000       1.5626
 620.000       1.4532
 621.000       1.4926
 624.000       1.4013
 626.000       1.4194
 627.000       1.3139
 629.000       1.2702
 630.000       1.2907
 632.000       1.2937
 633.000       1.2710
 634.000       1.3129
 635.000       1.3844
 638.000       1.3445
 639.000       1.3318
 641.000       1.2962
 642.000       1.2593
 643.000       1.2583
 645.000       1.2303
 647.000       1.3042
 649.000       1.2655
 650.000       1.2088
 651.000       1.2759
 652.000       1.2773
 653.000       1.1064
 654.000       1.0529
 657.000       0.9184
 659.000       0.9329
 660.000       0.8705
 662.000       0.8946
 663.000       0.9405
 665.000       0.9874
 666.000       0.9766
 667.000       1.0575
 668.000       1.1467
 671.000       1.0885
 672.000       1.0352
 674.000       0.9542
 675.000       0.9231
 676.000       0.8793
 678.000       0.8518
 680.000       0.8733
 682.000       0.8997
 683.000       0.9564
 684.000       1.0637
 685.000       1.1145
 686.000       0.9576
 687.000       0.9796
 690.000       0.9215
 692.000       0.9628
 693.000       0.8976
 695.000       0.9774
 696.000       1.1028
 698.000       1.2366
 700.000       1.2441
 701.000       1.4104
 702.000       1.2104
 704.000       1.1048
 705.000       1.2463
 706.000       0.8379
 708.000       0.8087
 710.000       0.8046
 712.000       0.8441
 713.000       0.9222
 714.000       1.0212
 715.000       1.0335
 716.000       0.8760
 717.000       0.8804
 720.000       0.8275
 722.000       0.7804
 723.000       0.7395
 725.000       0.7449
 726.000       0.8085
 728.000       0.8809
 730.000       0.9029
 731.000       1.0302
 732.000       0.8534
 734.000       0.7819
 735.000       0.8410
 736.000       0.8357
 738.000       0.7590
 740.000       0.8167
 742.000       0.9318
 743.000       1.1123
 744.000       1.2559
 745.000       1.2175
 746.000       1.1139
 747.000       1.1703
 750.000       1.1896
 752.000       1.1271
 753.000       1.1304
 755.000       1.0281
 756.000       0.9525
 758.000       0.8944
 760.000       0.9176
 761.000       0.9161
 764.000       0.9935
 765.000       1.0464
 766.000       1.1498
 767.000       1.2340
 769.000       1.2390
 771.000       1.3900
 773.000       1.4019
 774.000       1.4442
 775.000       1.6677
 776.000       1.4471
 777.000       1.3650
 778.000       1.4503
 781.000       1.4305
 783.000       1.3537
 784.000       1.3403
 786.000       1.2307
 787.000       1.1642
 789.000       1.0788
 791.000       1.0773
 792.000       1.0389
 795.000       1.1597
 796.000       1.2294
 797.000       1.3309
 798.000       1.4373
 800.000       1.4510
 802.000       1.6200
 804.000       1.5728
 805.000       1.6193
 806.000       1.8147
 807.000       1.6706
 808.000       1.5816
 809.000       1.6994
 812.000       1.6727
 814.000       1.6137
 815.000       1.5750
 817.000       1.4650
 818.000       1.4137
 820.000       1.3326
 822.000       1.3060
 823.000       1.2529
 826.000       1.3690
 827.000       1.4470
 828.000       1.5304
 829.000       1.6297
 831.000       1.6268
 833.000       1.7714
 835.000       1.7365
 836.000       1.7372
 837.000       1.9054
 838.000       1.7035
 839.000       1.6630
 840.000       1.7245
 843.000       1.6494
 845.000       1.5648
 846.000       1.4779
 848.000       1.3905
 849.000       1.3948
 851.000       1.3208
 852.000       1.2544
 853.000       1.1744
 854.000       1.1490
 855.000       1.1607
 857.000       1.2200
 858.000       1.2318
 861.000       1.2955
 862.000       1.3050
 863.000       1.6004
 865.000       1.5202
 867.000       1.5937
 869.000       1.6921
 870.000       1.6986
 871.000       1.8357
 872.000       1.7083
 873.000       1.6061
 874.000       1.5742
 877.000       1.4895
 879.000       1.4373
 880.000       1.3462
 882.000       1.2831
 883.000       1.3258
 885.000       1.2623
 886.000       1.1636
 887.000       1.0797
 888.000       1.0811
 891.000       1.0278
 892.000       1.0636
 894.000       1.1419
 895.000       1.1828
 896.000       1.4358
 898.000       1.3648
 900.000       1.4161
 902.000       1.4923
 903.000       1.4838
 904.000       1.5900
 905.000       1.5396
 906.000       1.3755
 907.000       1.3632
 910.000       1.2696
 912.000       1.2293
 913.000       1.1523
 915.000       1.1194
 916.000       1.1973
 918.000       1.1869
 920.000       1.0898
 921.000       1.1035
 924.000       1.0239
 925.000       1.0384
 926.000       1.0136
 927.000       1.2261
 929.000       1.1585
 931.000       1.2089
 933.000       1.2728
 934.000       1.2806
 935.000       1.3885
 936.000       1.3591
 937.000       1.1587
 938.000       1.1391
 941.000       1.0373
 943.000       0.9991
 944.000       0.9322
 946.000       0.9035
 947.000       0.9723
 949.000       0.9798
 951.000       0.9170
 952.000       0.9609
 955.000       0.8628
 956.000       0.8547
 957.000       0.8532
 958.000       1.0077
 960.000       0.9600
 962.000       1.0267
 964.000       1.0491
 965.000       1.0914
 966.000       1.1986
 967.000       1.1801
 968.000       1.0049
 969.000       0.9827
 972.000       0.9316
 974.000       0.9476
 975.000       0.9794
 977.000       1.0263
 978.000       1.1166
 980.000       1.1778
 981.000       1.1348
 982.000       1.2330
 983.000       1.3587
 984.000       1.2489
 986.000       1.1813
 987.000       1.2785
 990.000       1.0799
 991.000       1.0547
 992.000       0.9469
 994.000       1.0465
 996.000       1.1891
 998.000       0.9574
 999.000       0.9981
1000.000       1.0980
1001.000       1.0535
1002.000       1.0135
1003.000       1.0540
1006.000       1.0341
1008.000       1.0199
1009.000       0.9869
1011.000       0.9318
1012.000       0.9225
1014.000       0.9089
1015.000       0.8951
1016.000       0.8983
1017.000       0.9227
1018.000       0.9123
1020.000       0.9263
1021.000       0.9591
1024.000       0.9348
1025.000       0.9138
1026.000       1.0146
1028.000       1.0103
1030.000       1.1023
1032.000       1.0881
1033.000       1.1200
1034.000       1.2646
1035.000       1.1262
1036.000       1.1069
1037.000       1.1850
1040.000       1.1844
1042.000       1.1375
1043.000       1.0948
1045.000       0.9830
1046.000       0.9525
1048.000       0.9041
1050.000       0.8902
1051.000       0.8981
1052.000       0.9351
1054.000       0.9795
1055.000       1.0647
1056.000       1.1658
1058.000       1.1602
1060.000       1.3169
1062.000       1.2883
1063.000       1.3583
1064.000       1.5402
1065.000       1.3517
1066.000       1.3285
1067.000       1.4001
1070.000       1.3493
1072.000       1.2730
1073.000       1.2257
1075.000       1.1461
1076.000       1.1253
1078.000       1.0604
1079.000       1.0427
1080.000       1.0102
1081.000       0.9881
1082.000       1.0463
1084.000       1.1004
1085.000       1.1589
1088.000       1.1317
1089.000       1.0994
1090.000       1.3587
1092.000       1.3111
1094.000       1.3945
1096.000       1.4724
1097.000       1.5485
1098.000       1.7041
1099.000       1.6173
1100.000       1.4691
1101.000       1.4805
1104.000       1.4486
1106.000       1.3952
1107.000       1.3826
1109.000       1.3044
1110.000       1.2934
1112.000       1.2399
1113.000       1.2097
1114.000       1.1714
1115.000       1.1661
1116.000       1.1811
1118.000       1.2302
1119.000       1.2665
1122.000       1.2729
1123.000       1.2530
1124.000       1.5024
1126.000       1.4973
1128.000       1.6381
1130.000       1.6233
1131.000       1.6502
1132.000       1.8004
1133.000       1.6958
1134.000       1.5652
1135.000       1.5898
1138.000       1.5281
1140.000       1.5016
1141.000       1.4205
1143.000       1.3497
1144.000       1.3944
1146.000       1.3613
1148.000       1.2854
1149.000       1.3031
1150.000       1.2499
1152.000       1.2796
1153.000       1.2992
1154.000       1.5028
1156.000       1.4563
1158.000       1.5408
1160.000       1.5774
1161.000       1.5954
1162.000       1.7229
1163.000       1.7204
1164.000       1.4921
1165.000       1.5033
1168.000       1.3426
1170.000       1.3360
1171.000       1.2087
1173.000       1.1939
1174.000       1.1876
1176.000       1.2132
1177.000       1.2323
1178.000       1.2959
1179.000       1.3419
1182.000       1.3573
1183.000       1.3633
1185.000       1.3076
1186.000       1.2335
1187.000       1.2332
1189.000       1.1757
1191.000       1.1664
1193.000       1.2320
1194.000       1.2968
1195.000       1.4568
1196.000       1.3748
1197.000       1.2496
1198.000       1.3080
1201.000       1.2865
1203.000       1.3289
1204.000       1.2707
1206.000       1.2967
1207.000       1.2908
1209.000       1.3480
1211.000       1.4208
1212.000       1.5161
1213.000       1.4477
1215.000       1.3918
1216.000       1.4862
1217.000       1.1866
1219.000       1.1735
1221.000       1.1890
1223.000       1.2188
1224.000       1.2323
1225.000       1.3486
1226.000       1.3387
1227.000       1.0900
1228.000       1.0374
1231.000       0.9644
1233.000       0.9332
1234.000       0.8741
1236.000       0.8746
1237.000       0.9783
1239.000       1.0146
1240.000       0.9315
1241.000       0.9869
1242.000       1.1173
1245.000       0.9815
1246.000       0.9144
1248.000       0.8496
1249.000       0.8548
1250.000       0.9962
1252.000       0.9452
1254.000       0.9790
1256.000       1.0477
1257.000       1.1564
1258.000       1.2483
1259.000       1.3133
1260.000       1.0977
1261.000       1.1162
1264.000       1.0843
1266.000       1.1496
1267.000       1.0870
1269.000       1.0804
1270.000       1.1460
1272.000       1.1625
1273.000       1.1002
1274.000       1.1186
1275.000       1.1977
1276.000       1.0769
1278.000       1.0300
1279.000       1.0138
1282.000       1.0219
1283.000       1.0523
1284.000       0.9831
1286.000       1.0117
1288.000       1.0777
1290.000       0.9739
1291.000       0.8978
1292.000       0.9665
1293.000       0.8689
1294.000       0.8923
1295.000       0.9536
1298.000       0.9290
1300.000       0.9556
1301.000       0.9073
1303.000       0.9317
1304.000       0.9610
1306.000       1.0136
1308.000       1.0480
1309.000       1.1333
1310.000       1.0281
1312.000       0.9659
1313.000       0.9924
1314.000       0.8836
1316.000       0.8485
1318.000       0.9140
1320.000       0.9787
1321.000       1.1210
1322.000       1.2958
1323.000       1.2277
1324.000       1.0751
1325.000       1.3415
1328.000       1.2180
1330.000       1.1845
1331.000       1.1732
1333.000       1.1048
1334.000       1.1141
1336.000       1.0970
1338.000       1.0723
1339.000       1.0933
1342.000       1.0838
1343.000       1.1005
1344.000       1.1556
1345.000       1.2052
1347.000       1.2091
1349.000       1.3560
1351.000       1.3450
1352.000       1.3367
1353.000       1.5802
1354.000       1.3748
1355.000       1.1978
1356.000       1.2415
1359.000       1.1939
1361.000       1.1866
1362.000       1.1485
1364.000       1.0724
1365.000       1.0512
1367.000       1.0055
1369.000       0.9801
1370.000       0.9649
1373.000       1.0243
1374.000       1.0735
1375.000       1.1642
1376.000       1.1477
1378.000       1.1680
1380.000       1.3096
1382.000       1.2339
1383.000       1.2599
1384.000       1.4337
1385.000       1.2650
1386.000       1.2266
1387.000       1.3048
1390.000       1.2516
1392.000       1.2220
1393.000       1.1572
1395.000       1.0821
1396.000       1.0780
1398.000       1.0205
1399.000       0.9857
1400.000       0.9551
1401.000       0.9412
1404.000       0.9816
1405.000       1.0307
1407.000       1.0589
1408.000       1.0312
1409.000       1.1903
1411.000       1.1625
1413.000       1.2626
1415.000       1.2635
1416.000       1.2690
1417.000       1.3963
1418.000       1.3042
1419.000       1.1934
1420.000       1.1724
1423.000       1.1044
1425.000       1.0767
1426.000       1.0222
1428.000       0.9898
1429.000       1.0216
1431.000       1.0100
1433.000       0.9577
1434.000       0.9662
1437.000       0.9411
1438.000       0.9574
1439.000       0.9788
1440.000       1.0811
1442.000       1.0407
1444.000       1.0933
1446.000       1.1559
1447.000       1.2066
1448.000       1.3613
1449.000       1.2611
1450.000       1.1272
1451.000       1.1412
1454.000       1.0830
1456.000       1.0409
1457.000       1.0052
1459.000       0.9668
1460.000       0.9894
1462.000       0.9913
1463.000       0.9632
1464.000       1.0033
1465.000       1.0787
1466.000       1.0189
1468.000       1.0084
1469.000       1.0812
1472.000       0.9827
1473.000       0.9516
1474.000       1.0610
1476.000       1.0338
1478.000       1.1341
1480.000       1.1299
1481.000       1.1434
1482.000       1.3235
1483.000       1.2706
1484.000       1.0199
1485.000       1.0712
1488.000       1.1451
1490.000       1.1615
1491.000       1.2974
1493.000       1.2791
1494.000       1.2221
1496.000       1.3824
1497.000       1.5415
1498.000       1.8477
1499.000       2.0402
1502.000       2.0626
1503.000       2.0020
1505.000       1.7472
1506.000       1.4979
1507.000       1.1778
1509.000       1.3502
1511.000       1.5764
1513.000       1.2725
1514.000       1.3014
1515.000       1.4764
1516.000       1.2696
1517.000       1.3003
1518.000       1.4237
1521.000       1.4573
1523.000       1.4547
1524.000       1.4369
1526.000       1.3236
1527.000       1.2497
1529.000       1.2313
1530.000       1.2967
1531.000       1.3863
1532.000       1.4288
1535.000       1.5054
1536.000       1.5405
1538.000       1.4811
1539.000       1.3535
1540.000       1.3933
1542.000       1.4454
1544.000       1.6306
1546.000       1.4748
1547.000       1.4535
1548.000       1.5894
1549.000       1.4582
1550.000       1.3758
1551.000       1.4237
1554.000       1.3760
1556.000       1.3474
1557.000       1.2984
1559.000       1.2517
1560.000       1.2711
1562.000       1.2809
1563.000       1.2712
1564.000       1.3346
1565.000       1.4130
1568.000       1.3787
1569.000       1.3516
1571.000       1.2928
1572.000       1.2533
1573.000       1.3555
1575.000       1.3324
1577.000       1.4413
1579.000       1.4766
1580.000       1.5892
1581.000       1.7846
1582.000       1.6353
1583.000       1.5615
1584.000       1.6226
1587.000       1.6088
1589.000       1.5138
1590.000       1.5481
1592.000       1.5113
1593.000       1.4949
1595.000       1.5321
1596.000       1.5732
1597.000       1.6764
1598.000       1.7504
1599.000       1.7562
1601.000       1.7481
1602.000       1.8813
1605.000       1.6596
1606.000       1.5669
1607.000       1.7127
1609.000       1.7026
1611.000       1.8167
1613.000       1.8866
1614.000       2.0839
1615.000       2.2935
1616.000       2.1099
1617.000       2.1185
1618.000       2.2155
1621.000       2.2679
1623.000       2.1093
1624.000       2.1926
1626.000       2.1043
1627.000       2.0339
1629.000       2.0203
1631.000       2.0811
1632.000       2.1341
1633.000       2.1450
1635.000       2.1617
1636.000       2.2746
1637.000       2.4399
1639.000       2.4413
1641.000       2.6125
1643.000       2.6811
1644.000       2.9312
1645.000       3.1829
1646.000       2.9189
1647.000       3.0241
1648.000       3.2015
1651.000       3.3373
1653.000       3.1432
1654.000       3.2842
1656.000       3.1292
1657.000       3.0228
1659.000       2.9901
1660.000       3.0890
1661.000       3.2139
1662.000       3.2489
1665.000       3.3977
1666.000       3.4513
1668.000       3.3553
1669.000       3.1720
1670.000       3.5605
1672.000       3.5940
1674.000       3.8872
1676.000       3.8574
1679.000       3.4678
1680.000       3.4905
1683.000       3.3689
1685.000       3.3315
1686.000       3.1442
1688.000       2.9334
1689.000       2.9013
1691.000       2.7254
1692.000       2.6362
1693.000       2.4845
1694.000       2.3831
1695.000       2.5109
1697.000       2.6605
1698.000       2.7164
1701.000       2.7934
1702.000       2.7740
1703.000       3.1652
1705.000       3.1028
1707.000       3.2828
1709.000       3.2512
1710.000       3.1913
1711.000       3.3478
1712.000       3.3287
1713.000       2.9465
1714.000       2.9237
1717.000       2.7406
1719.000       2.6896
1720.000       2.4687
1722.000       2.3121
1723.000       2.3760
1725.000       2.2774
1727.000       2.0883
1728.000       2.0195
1731.000       2.0271
1732.000       2.1446
1733.000       2.1446
1734.000       2.5220
1736.000       2.3919
1738.000       2.5037
1740.000       2.5726
1741.000       2.4562
1742.000       2.6116
1743.000       2.4857
1744.000       2.2205
1745.000       2.2242
1748.000       2.0394
1750.000       1.9815
1751.000       1.8081
1753.000       1.7286
1754.000       1.8221
1756.000       1.8017
1758.000       1.6722
1759.000       1.6957
1760.000       1.5823
1762.000       1.6091
1763.000       1.5851
1764.000       1.8932
1766.000       1.7685
1768.000       1.8496
1770.000       1.9578
1771.000       1.9342
1772.000       2.1022
1773.000       1.9985
1774.000       1.7578
1775.000       1.7642
1778.000       1.6121
1780.000       1.5372
1781.000       1.4277
1783.000       1.3896
1784.000       1.4767
1786.000       1.5022
1788.000       1.4624
1789.000       1.5584
1790.000       1.3976
1792.000       1.3529
1793.000       1.3696
1794.000       1.5629
1796.000       1.4689
1798.000       1.5598
1800.000       1.6690
1801.000       1.7493
1802.000       1.9349
1803.000       1.8726
1804.000       1.6319
1805.000       1.6444
1808.000       1.6364
1810.000       1.6174
1811.000       1.6964
1813.000       1.6975
1814.000       1.6821
1816.000       1.7481
1818.000       1.8597
1819.000       2.0030
1820.000       1.9300
1822.000       1.8534
1823.000       2.0317
1824.000       1.7124
1826.000       1.7983
1828.000       1.9832
1830.000       1.8460
1831.000       1.7392
1832.000       2.0116
1833.000       1.7701
1834.000       1.5677
1835.000       1.5808
1838.000       1.4364
1840.000       1.4654
1841.000       1.2988
1843.000       1.2452
1844.000       1.3359
1846.000       1.3277
1847.000       1.2135
1848.000       1.2173
1849.000       1.3149
1850.000       1.1934
1852.000       1.1754
1853.000       1.2577
1856.000       1.1653
1857.000       1.1756
1858.000       1.2833
1860.000       1.2262
1862.000       1.3158
1864.000       1.3055
1865.000       1.2495
1866.000       1.3800
1867.000       1.3028
1868.000       1.1018
1869.000       1.1154
1872.000       1.0327
1874.000       1.0381
1875.000       0.9561
1877.000       0.9341
1878.000       0.9551
1880.000       0.9698
1881.000       0.9531
1882.000       0.9969
1883.000       1.0616
1886.000       1.0277
1887.000       1.0162
1889.000       0.9779
1890.000       0.9402
1891.000       0.9496
1893.000       0.9130
1895.000       0.9609
1897.000       0.9917
1898.000       1.0190
1899.000       1.1168
1900.000       1.1166
1901.000       0.9616
1902.000       0.9461
1905.000       0.9605
1907.000       1.0020
1908.000       0.9685
1910.000       0.9791
1911.000       0.9735
1913.000       1.0122
1915.000       1.0766
1916.000       1.1670
1917.000       1.0933
1919.000       1.0468
1920.000       1.1075
1921.000       0.9549
1923.000       0.9388
1925.000       0.9931
1927.000       1.0398
1928.000       1.0584
1929.000       1.1630
1930.000       1.1097
1931.000       1.0860
1932.000       1.1579
1935.000       1.2198
1937.000       1.2204
1938.000       1.2838
1940.000       1.2583
1941.000       1.1971
1943.000       1.2347
1945.000       1.3313
1946.000       1.4172
1947.000       1.3929
1949.000       1.3648
1950.000       1.4877
1951.000       1.2564
1953.000       1.3423
1955.000       1.4990
1957.000       1.3567
1958.000       1.4401
1959.000       1.5749
1960.000       1.4417
1961.000       1.4877
1962.000       1.5973
1965.000       1.6399
1967.000       1.6004
1968.000       1.6277
1970.000       1.5346
1971.000       1.4528
1973.000       1.3895
1975.000       1.4096
1976.000       1.3907
1977.000       1.5057
1979.000       1.5723
1980.000       1.6956
1981.000       1.6668
1983.000       1.7046
1985.000       1.8410
1987.000       1.7664
1988.000       1.8111
1989.000       1.9612
1990.000       1.7760
1991.000       1.8057
1992.000       1.9101
1995.000       1.8864
1997.000       1.8241
1998.000       1.7845
2000.000       1.6679
2001.000       1.6148
2003.000       1.5266
2004.000       1.5174
2005.000       1.4629
2006.000       1.4094
2007.000       1.5159
2009.000       1.6066
2010.000       1.6747
2013.000       1.6588
2014.000       1.6103
2015.000       1.8633
2017.000       1.8446
2019.000       1.9526
2021.000       1.9561
2022.000       1.9755
2023.000       2.1124
2024.000       1.9715
2025.000       1.9243
2026.000       1.9779
2029.000       1.9159
2031.000       1.8698
2032.000       1.8272
2034.000       1.7634
2035.000       1.7704
2037.000       1.7294
2038.000       1.6864
2039.000       1.6490
2040.000       1.6460
2041.000       1.6503
2043.000       1.6908
2044.000       1.7267
2047.000       1.7223
2048.000       1.7133
2049.000       1.8803
2051.000       1.8518
2053.000       1.9299
2055.000       1.9500
2056.000       1.9572
2057.000       2.0980
2058.000       1.9922
2059.000       1.8510
2060.000       1.8800
2063.000       1.8079
2065.000       1.7422
2066.000       1.6662
2068.000       1.5855
2069.000       1.6266
2071.000       1.5860
2073.000       1.4898
2074.000       1.4855
2075.000       1.4650
2077.000       1.5116
2078.000       1.5397
2079.000       1.7846
2081.000       1.7218
2083.000       1.8040
2085.000       1.8794
2086.000       1.9220
2087.000       2.0732
2088.000       1.9753
2089.000       1.8239
2090.000       1.8200
2093.000       1.7176
2095.000       1.6229
2096.000       1.5534
2098.000       1.5508
2099.000       1.6634
2101.000       1.6761
2102.000       1.5591
2103.000       1.5518
2104.000       1.6573
2105.000       1.4598
2107.000       1.3743
2108.000       1.3203
2111.000       1.3879
2112.000       1.4794
2113.000       1.7399
2115.000       1.6350
2117.000       1.6480
2119.000       1.8568
2120.000       1.9854
2121.000       2.1474
2122.000       2.0438
2123.000       1.9571
2124.000       2.0831
2127.000       2.0781
2129.000       2.1224
2130.000       2.0423
2132.000       1.9819
2133.000       2.0069
2135.000       2.0203
2136.000       1.9938
2137.000       2.0566
2138.000       2.1430
2141.000       2.1134
2142.000       2.1119
2144.000       2.0543
2145.000       1.9848
2146.000       1.9293
2148.000       1.9664
2150.000       2.1235
2152.000       1.9804
2153.000       1.8670
2154.000       2.0427
2155.000       1.8195
2156.000       1.7244
2157.000       1.7844
2160.000       1.6818
2162.000       1.6681
2163.000       1.5409
2165.000       1.4792
2166.000       1.5040
2168.000       1.4961
2169.000       1.4596
2170.000       1.4914
2171.000       1.5726
2174.000       1.5117
2175.000       1.4921
2177.000       1.4652
2178.000       1.4477
2179.000       1.5420
2181.000       1.4809
2183.000       1.5541
2185.000       1.5853
2186.000       1.5022
2187.000       1.6009
2188.000       1.5102
2189.000       1.4042
2190.000       1.3875
2193.000       1.2956
2195.000       1.1984
2196.000       1.1922
2198.000       1.2103
2199.000       1.2626
2201.000       1.3120
2202.000       1.2999
2203.000       1.3784
2204.000       1.4697
2207.000       1.4066
2208.000       1.3467
2210.000       1.2645
2211.000       1.2415
2212.000       1.3719
2214.000       1.2926
2216.000       1.4130
2218.000       1.6424
2219.000       1.6660
2220.000       2.1300
2221.000       1.7599
2222.000       1.5057
2223.000       1.4632
2226.000       1.3651
2228.000       1.3465
2229.000       1.2430
2231.000       1.2165
2232.000       1.2554
2234.000       1.2879
2236.000       1.2967
2237.000       1.4007
2238.000       1.3234
2240.000       1.2832
2241.000       1.4154
2242.000       1.2632
2244.000       1.1943
2246.000       1.2074
2248.000       1.2980
2249.000       1.3285
2250.000       1.3931
2251.000       1.3569
2252.000       1.3224
2253.000       1.3698
2256.000       1.3160
2258.000       1.3045
2259.000       1.1516
2261.000       1.1882
2262.000       1.3669
2264.000       1.5041
2266.000       1.4935
2267.000       1.6979
2268.000       1.3299
2270.000       1.1649
2271.000       1.1315
2272.000       1.2486
2274.000       1.1494
2276.000       1.1359
2278.000       1.2808
2279.000       1.4451
2280.000       1.5466
2281.000       1.5842
2282.000       1.4193
2283.000       1.4282
2286.000       1.4504
2288.000       1.3842
2289.000       1.4012
2291.000       1.3297
2292.000       1.2735
2294.000       1.2396
2296.000       1.2605
2297.000       1.2662
2300.000       1.3123
2301.000       1.3493
2302.000       1.4349
2303.000       1.5164
2305.000       1.5133
2307.000       1.6234
2309.000       1.6658
2310.000       1.7538
2311.000       1.9456
2312.000       1.7874
2313.000       1.6788
2314.000       1.7252
2317.000       1.7000
2319.000       1.6223
2320.000       1.6194
2322.000       1.5076
2323.000       1.4391
2325.000       1.3695
2327.000       1.3663
2328.000       1.3298
2331.000       1.4368
2332.000       1.5087
2333.000       1.6066
2334.000       1.7269
2336.000       1.7321
2338.000       1.8967
2340.000       1.8538
2341.000       1.9179
2342.000       2.0829
2343.000       1.8941
2344.000       1.9136
2345.000       2.0140
2348.000       2.0146
2350.000       1.9549
2351.000       1.9060
2353.000       1.7663
2354.000       1.7140
2356.000       1.6115
2357.000       1.5995
2358.000       1.5375
2359.000       1.4584
2362.000       1.5950
2363.000       1.7032
2365.000       1.7606
2366.000       1.7012
2367.000       1.9873
2369.000       1.9789
2371.000       2.1357
2373.000       2.1147
2374.000       2.1336
2375.000       2.3140
2376.000       2.1173
2377.000       2.0520
2378.000       2.1279
2381.000       2.0673
2383.000       1.9914
2384.000       1.9146
2386.000       1.8150
2387.000       1.8049
2389.000       1.7493
2390.000       1.7202
2391.000       1.7117
2392.000       1.7174
2395.000       1.7636
2396.000       1.8192
2398.000       1.8260
2399.000       1.7693
2400.000       2.0179
2402.000       1.9618
2404.000       2.0701
2406.000       2.1362
2407.000       2.1400
2408.000       2.3385
2409.000       2.1195
2410.000       2.0232
2411.000       2.0846
2414.000       1.9418
2416.000       1.8370
2417.000       1.7021
2419.000       1.6272
2420.000       1.6903
2422.000       1.6174
2423.000       1.4920
2424.000       1.3881
2425.000       1.3867
2428.000       1.3273
2429.000       1.3621
2431.000       1.4515
2432.000       1.5062
2433.000       1.8713
2435.000       1.7299
2437.000       1.7694
2439.000       1.9785
2440.000       1.9828
2441.000       2.1644
2442.000       1.9965
2443.000       1.8513
2444.000       1.7870
2447.000       1.6179
2449.000       1.5740
2450.000       1.4289
2452.000       1.3911
2453.000       1.4766
2455.000       1.4430
2456.000       1.3155
2457.000       1.2388
2458.000       1.2877
2461.000       1.1493
2462.000       1.1365
2464.000       1.2063
2465.000       1.2863
2466.000       1.4923
2468.000       1.3855
2470.000       1.4262
2472.000       1.5142
2473.000       1.5028
2474.000       1.5854
2475.000       1.6099
2476.000       1.3636
2477.000       1.3041
2480.000       1.1983
2482.000       1.1670
2483.000       1.1069
2485.000       1.1342
2486.000       1.2389
2488.000       1.3013
2490.000       1.2555
2491.000       1.3453
2494.000       1.1622
2495.000       1.0997
2496.000       1.0565
2497.000       1.1800
2499.000       1.1136
2501.000       1.1144
2503.000       1.2277
2504.000       1.2837
2505.000       1.3947
2506.000       1.4115
2507.000       1.1911
2508.000       1.1349
2511.000       1.1220
2513.000       1.1380
2514.000       1.2516
2516.000       1.3603
2517.000       1.3639
2519.000       1.5178
2521.000       1.6562
2522.000       1.8358
2525.000       1.6688
2526.000       1.5319
2527.000       1.6221
2528.000       1.1798
2530.000       1.3230
2532.000       1.4541
2534.000       1.1989
2535.000       1.2159
2536.000       1.3667
2537.000       1.2779
2538.000       1.1103
2539.000       1.1363
2542.000       1.0048
2544.000       0.9799
2545.000       0.9779
2547.000       0.9191
2548.000       0.9857
2550.000       0.9649
2551.000       0.8714
2552.000       0.8563
2553.000       0.9184
2554.000       0.8280
2556.000       0.8127
2557.000       0.8371
2560.000       0.8260
2561.000       0.8495
2562.000       0.9401
2564.000       1.1199
2566.000       1.4939
2568.000       1.0317
2569.000       1.0427
2570.000       1.3400
2571.000       1.2820
2572.000       1.0163
2573.000       1.1267
2576.000       1.1922
2578.000       1.3219
2579.000       1.3155
2581.000       1.3265
2582.000       1.4968
2584.000       1.5913
2585.000       1.5074
2586.000       1.7276
2587.000       1.8551
2590.000       2.0328
2591.000       2.1150
2593.000       1.8269
2594.000       1.4787
2595.000       1.0919
2597.000       1.2736
2599.000       1.5076
2601.000       1.1717
2602.000       1.1439
2603.000       1.3720
2604.000       1.1022
2605.000       1.0682
2606.000       1.1251
2609.000       1.0808
2611.000       1.0208
2612.000       1.0129
2614.000       0.9366
2615.000       0.9016
2617.000       0.8739
2619.000       0.8820
2620.000       0.9008
2623.000       0.9435
2624.000       0.9717
2625.000       1.0867
2626.000       1.0906
2628.000       1.0887
2630.000       1.2071
2632.000       1.2189
2633.000       1.2737
2634.000       1.4557
2635.000       1.2392
2636.000       1.2670
2637.000       1.3743
2640.000       1.3673
2642.000       1.3222
2643.000       1.2677
2645.000       1.1347
2646.000       1.0854
2648.000       1.0055
2649.000       0.9989
2650.000       0.9759
2651.000       0.9350
2654.000       1.0489
2655.000       1.1396
2657.000       1.1679
2658.000       1.0871
2659.000       1.3213
2661.000       1.3118
2663.000       1.4819
2665.000       1.4318
2666.000       1.4097
2667.000       1.5764
2668.000       1.4376
2669.000       1.2927
2670.000       1.3380
2673.000       1.2764
2675.000       1.2144
2676.000       1.1290
2678.000       1.0047
2679.000       1.0028
2681.000       0.9259
2682.000       0.8581
2683.000       0.7949
2684.000       0.7895
2685.000       0.8065
2687.000       0.8722
2688.000       0.9197
2691.000       0.9336
2692.000       0.9159
2693.000       1.2635
2695.000       1.2095
2697.000       1.3586
2699.000       1.4361
2700.000       1.5377
2701.000       1.8296
2702.000       1.6289
2703.000       1.3976
2704.000       1.4020
2707.000       1.3034
2709.000       1.2550
2710.000       1.1535
2712.000       1.0279
2713.000       1.1707
2715.000       1.0814
2717.000       0.8804
2718.000       0.9198
2719.000       0.8631
2721.000       0.9081
2722.000       1.0099
2723.000       1.2822
2725.000       1.2189
2727.000       1.3295
2729.000       1.3902
2730.000       1.4606
2731.000       1.6477
2732.000       1.6655
2733.000       1.3410
2734.000       1.3154
2737.000       1.2185
2739.000       1.2055
2740.000       1.0685
2742.000       1.0359
2743.000       1.0133
2745.000       1.0258
2746.000       1.0519
2747.000       1.1170
2748.000       1.1598
2751.000       1.1923
2752.000       1.2086
2754.000       1.1558
2755.000       1.0670
2756.000       1.1191
2758.000       1.0366
2760.000       1.0063
2762.000       1.1255
2763.000       1.2389
2764.000       1.3848
2765.000       1.3632
2766.000       1.2647
2767.000       1.3724
2770.000       1.2778
2772.000       1.2990
2773.000       1.1855
2775.000       1.1901
2776.000       1.1834
2778.000       1.2463
2779.000       1.2938
2780.000       1.4254
2781.000       1.5170
2782.000       1.5148
2784.000       1.4911
2785.000       1.6526
2788.000       1.3767
2789.000       1.2703
2790.000       1.1164
2792.000       1.0690
2794.000       1.0953
2796.000       1.1722
2797.000       1.1601
2798.000       1.3383
2799.000       1.3344
2800.000       0.8796
2801.000       0.7863
2804.000       0.6379
2806.000       0.6253
2807.000       0.5800
2809.000       0.5993
2810.000       0.6735
2812.000       0.7104
2813.000       0.6663
2814.000       0.7434
2815.000       0.8593
2818.000       0.7712
2819.000       0.7222
2821.000       0.6440
2822.000       0.6095
2823.000       0.6292
2825.000       0.6174
2827.000       0.6581
2829.000       0.6232
2830.000       0.6479
2831.000       0.6983
2832.000       0.7133
2833.000       0.6588
2834.000       0.6729
2837.000       0.6862
2839.000       0.7409
2840.000       0.7399
2842.000       0.7408
2843.000       0.7641
2845.000       0.7924
2846.000       0.7845
2847.000       0.8297
2848.000       0.8899
2849.000       0.8446
2851.000       0.8200
2852.000       0.8603
2855.000       0.7796
2856.000       0.7580
2857.000       0.6890
2859.000       0.7269
2861.000       0.7938
2863.000       0.7423
2864.000       0.7870
2865.000       0.8972
2866.000       0.8526
2867.000       0.7519
2868.000       0.7820
2871.000       0.8053
2873.000       0.8335
2874.000       0.8112
2876.000       0.7842
2877.000       0.7478
2879.000       0.7635
2881.000       0.8138
2882.000       0.8720
2883.000       0.8473
2885.000       0.8345
2886.000       0.9210
2887.000       0.7969
2889.000       0.7790
2891.000       0.8436
2893.000       0.8937
2894.000       0.9215
2895.000       1.0573
2896.000       0.9186
2897.000       0.9349
2898.000       1.0346
2901.000       1.0481
2903.000       0.9717
2904.000       0.9334
2906.000       0.8389
2907.000       0.8139
2909.000       0.7524
2911.000       0.7226
2912.000       0.7077
2915.000       0.7608
2916.000       0.8139
2917.000       0.8831
2918.000       1.0728
2920.000       1.0361
2922.000       1.1474
2924.000       1.2364
2925.000       1.4398
2926.000       1.6418
2927.000       1.5466
2928.000       1.4081
2929.000       1.4380
2932.000       1.4195
2934.000       1.3186
2935.000       1.2936
2937.000       1.1799
2938.000       1.1513
2940.000       1.0707
2942.000       1.0116
2943.000       0.9726
2944.000       1.0606
2946.000       1.1455
2947.000       1.2238
2948.000       1.4784
2950.000       1.4357
2952.000       1.5457
2954.000       1.6344
2955.000       1.7030
2956.000       1.8927
2957.000       1.7103
2958.000       1.6224
2959.000       1.6838
2962.000       1.6201
2964.000       1.5099
2965.000       1.4422
2967.000       1.3080
2968.000       1.2998
2970.000       1.2028
2971.000       1.1320
2972.000       1.0446
2973.000       1.0111
2974.000       1.0509
2976.000       1.1280
2977.000       1.1574
2980.000       1.2143
2981.000       1.2074
2982.000       1.6373
2984.000       1.5705
2986.000       1.7103
2988.000       1.8086
2989.000       1.8781
2990.000       2.1503
2991.000       1.8497
2992.000       1.7579
2993.000       1.8775
2996.000       1.7925
2998.000       1.6467
2999.000       1.5556
3001.000       1.4117
3002.000       1.4238
3004.000       1.3879
3005.000       1.3474
3006.000       1.4342
3007.000       1.5519
3008.000       1.5213
3010.000       1.5311
3011.000       1.7395
3014.000       1.4636
3015.000       1.3652
3016.000       1.7534
3018.000       1.6563
3020.000       1.8356
3022.000       1.9545
3023.000       2.0650
3024.000       2.3114
3025.000       2.3461
3026.000       1.9572
3027.000       2.0692
3030.000       2.0478
3032.000       1.9295
3033.000       1.8062
3035.000       1.6861
3036.000       1.6968
3038.000       1.6647
3039.000       1.6247
3040.000       1.6799
3041.000       1.7738
3044.000       1.7559
3045.000       1.7731
3047.000       1.7327
3048.000       1.6471
3049.000       2.0210
3051.000       1.8066
3053.000       1.7972
3055.000       2.1879
3056.000       2.4442
3057.000       2.5329
3058.000       2.6764
3059.000       2.4621
3060.000       2.5041
3063.000       2.6176
3065.000       2.8600
3066.000       2.9636
3068.000       3.1550
3069.000       3.1179
3071.000       3.4276
3073.000       3.7772
3074.000       4.1354
3075.000       3.8036
3077.000       3.5309
3078.000       3.7304
3079.000       2.5416
3081.000       2.7992
3083.000       3.1841
3085.000       2.6194
3086.000       2.5991
3087.000       2.9786
3088.000       2.7762
3089.000       2.3739
3090.000       2.4100
3093.000       2.2495
3095.000       2.2077
3096.000       2.0921
3098.000       2.0594
3099.000       2.1185
3101.000       2.1561
3102.000       2.1174
3103.000       2.2150
3104.000       2.3451
3105.000       2.2495
3107.000       2.2003
3108.000       2.3355
3111.000       2.1093
3112.000       2.0630
3113.000       2.1241
3115.000       2.0819
3117.000       2.2022
3119.000       2.1711
3120.000       2.1414
3121.000       2.2525
3122.000       2.1801
3123.000       2.0533
3124.000       2.0785
3127.000       2.0304
3129.000       2.0406
3130.000       2.0077
3132.000       1.9871
3133.000       1.9985
3135.000       2.0108
3136.000       2.0079
3137.000       2.0575
3138.000       2.1077
3141.000       2.1069
3142.000       2.1013
3144.000       2.0535
3145.000       2.0017
3146.000       1.9472
3148.000       2.0065
3150.000       2.1343
3152.000       1.9509
3153.000       1.8858
3154.000       1.9636
3155.000       1.9396
3156.000       1.7675
3157.000       1.7435
3160.000       1.6797
3162.000       1.6855
3163.000       1.6541
3165.000       1.6273
3166.000       1.6816
3168.000       1.6708
3169.000       1.6107
3170.000       1.6368
3171.000       1.6925
3172.000       1.6758
3174.000       1.6749
3175.000       1.7889
3178.000       1.6249
3179.000       1.5946
3180.000       1.6243
3182.000       1.6126
3184.000       1.6130
3186.000       1.6298
3187.000       1.6426
3188.000       1.7234
3189.000       1.7577
3190.000       1.4870
3191.000       1.3661
3194.000       1.2375
3196.000       1.2713
3197.000       1.2474
3199.000       1.2870
3200.000       1.6867
3202.000       1.6898
3203.000       1.2663
3204.000       1.1675
3205.000       1.3272
3208.000       1.1501
3209.000       1.2102
3211.000       1.0862
3212.000       1.0937
3213.000       1.2343
3215.000       1.2241
3217.000       1.2393
3219.000       1.2579
3220.000       1.2533
3221.000       1.5132
3222.000       1.5534
3223.000       1.2919
3224.000       1.3771
3227.000       1.4187
3229.000       1.4775
3230.000       1.4979
3232.000       1.4300
3233.000       1.3856
3235.000       1.3358
3236.000       1.3419
3237.000       1.3185
3238.000       1.2917
3239.000       1.3718
3241.000       1.4609
3242.000       1.5463
3245.000       1.4900
3246.000       1.4166
3247.000       1.3971
3249.000       1.5017
3251.000       1.6480
3253.000       1.4684
3254.000       1.5034
3255.000       1.6740
3256.000       1.4585
3257.000       1.5505
3258.000       1.7118
3261.000       1.7383
3263.000       1.6826
3264.000       1.6436
3266.000       1.4786
3267.000       1.4233
3269.000       1.3396
3270.000       1.3274
3271.000       1.2974
3272.000       1.2891
3275.000       1.3377
3276.000       1.4160
3278.000       1.4674
3279.000       1.4110
3280.000       1.7016
3282.000       1.7171
3284.000       1.9144
3286.000       1.8556
3287.000       1.8681
3288.000       2.1078
3289.000       1.7775
3290.000       1.8247
3291.000       1.9855
3294.000       1.9291
3296.000       1.7923
3297.000       1.6999
3299.000       1.5283
3300.000       1.4836
3302.000       1.3885
3303.000       1.3591
3304.000       1.3312
3305.000       1.3340
3308.000       1.3742
3309.000       1.4475
3311.000       1.4967
3312.000       1.4436
3313.000       1.8939
3315.000       1.8189
3317.000       1.9992
3319.000       2.0980
3320.000       2.1682
3321.000       2.4355
3322.000       2.1085
3323.000       2.0989
3324.000       2.2226
3327.000       2.1473
3329.000       1.9618
3330.000       1.9014
3332.000       1.7600
3333.000       1.7162
3335.000       1.6318
3336.000       1.6264
3337.000       1.6267
3338.000       1.6265
3339.000       1.7019
3341.000       1.7592
3342.000       1.8635
3345.000       1.7711
3346.000       1.7036
3347.000       2.1816
3349.000       2.0835
3351.000       2.2196
3353.000       2.4119
3354.000       2.5496
3355.000       2.8207
3356.000       2.5188
3357.000       2.4913
3358.000       2.5879
3361.000       2.5357
3363.000       2.3343
3364.000       2.3255
3366.000       2.2135
3367.000       2.1672
3369.000       2.1049
3370.000       2.1179
3371.000       2.1345
3372.000       2.1211
3375.000       2.2278
3376.000       2.2857
3378.000       2.2732
3379.000       2.1890
3380.000       2.6421
3382.000       2.5568
3384.000       2.6894
3386.000       2.8920
3387.000       3.1072
3388.000       3.3770
3389.000       3.1112
3390.000       3.0836
3391.000       3.1825
3394.000       3.1749
3396.000       2.9553
3397.000       2.9897
3399.000       2.8479
3400.000       2.7929
3402.000       2.7093
3404.000       2.6790
3405.000       2.6511
3406.000       2.7517
3408.000       2.8355
3409.000       2.9529
3410.000       3.3348
3412.000       3.2736
3414.000       3.4405
3416.000       3.6123
3417.000       3.8493
3418.000       4.1465
3419.000       3.8180
3420.000       3.8413
3421.000       3.9829
3424.000       3.9765
3426.000       3.7145
3427.000       3.7332
3429.000       3.5187
3430.000       3.4667
3432.000       3.3450
3434.000       3.2605
3435.000       3.2079
3436.000       3.3146
3438.000       3.4447
3439.000       3.5435
3440.000       4.1310
3442.000       4.0447
3444.000       4.3075
3446.000       4.4408
