   2.000       4.8005
   3.000       4.9546
   6.000       4.8359
   8.000       4.8116
   9.000       4.5439
  11.000       4.2469
  12.000       4.2213
  14.000       3.9633
  15.000       3.8104
  16.000       3.5602
  17.000       3.4209
  18.000       3.5322
  20.000       3.7185
  21.000       3.6961
  24.000       3.9484
  25.000       3.9861
  26.000       4.4883
  28.000       4.4255
  30.000       4.6958
  32.000       4.6115
  33.000       4.3656
  34.000       4.6647
  35.000       4.2015
  36.000       4.0664
  37.000       4.1607
  40.000       3.9060
  42.000       3.8017
  43.000       3.4838
  45.000       3.2549
  46.000       3.3378
  48.000       3.1584
  50.000       2.8823
  51.000       2.7354
  54.000       2.8122
  55.000       2.9949
  56.000       2.9684
  57.000       3.6150
  59.000       3.4001
  61.000       3.5294
  63.000       3.7314
  64.000       3.6133
  65.000       3.8727
  66.000       3.6105
  67.000       3.2647
  68.000       3.2766
  71.000       2.9587
  73.000       2.8189
  74.000       2.5110
  76.000       2.3786
  77.000       2.5463
  79.000       2.4931
  81.000       2.2504
  82.000       2.2434
  83.000       2.0961
  85.000       2.1536
  86.000       2.0830
  87.000       2.7491
  89.000       2.4744
  91.000       2.5311
  93.000       2.8857
  94.000       2.8924
  95.000       3.1478
  96.000       3.0655
  97.000       2.5158
  98.000       2.4206
 101.000       2.1487
 103.000       2.0352
 104.000       1.8944
 106.000       1.9365
 107.000       2.1339
 109.000       2.2920
 111.000       2.2624
 112.000       2.4804
 113.000       2.0764
 115.000       1.9137
 116.000       1.8834
 117.000       2.0985
 119.000       1.8986
 121.000       1.9799
 123.000       2.2616
 124.000       2.3657
 125.000       2.7017
 126.000       2.4995
 127.000       2.1124
 128.000       2.1475
 131.000       1.9755
 133.000       1.8227
 134.000       1.7644
 136.000       1.6984
 137.000       1.8401
 139.000       2.0181
 141.000       2.0451
 142.000       2.3638
 145.000       1.9283
 146.000       1.7501
 147.000       1.8462
 148.000       1.9075
 150.000       1.8240
 152.000       2.0947
 154.000       2.1421
 155.000       2.2154
 156.000       2.5544
 157.000       2.2511
 158.000       2.0156
 159.000       2.1695
 162.000       1.9983
 164.000       1.8166
 165.000       1.7953
 167.000       1.6278
 168.000       1.6271
 170.000       1.5092
 171.000       1.4164
 172.000       1.3223
 173.000       1.2796
 176.000       1.3409
 177.000       1.4460
 179.000       1.5267
 180.000       1.5022
 181.000       2.0123
 183.000       1.9732
 185.000       2.3926
 187.000       2.2631
 188.000       2.2101
 189.000       2.2641
 190.000       2.4824
 191.000       2.1655
 192.000       2.0858
 195.000       2.1564
 197.000       2.4035
 198.000       2.3914
 200.000       2.4307
 201.000       2.5628
 203.000       2.6704
 204.000       2.6513
 205.000       2.8699
 206.000       3.0597
 209.000       3.0279
 210.000       2.9432
 212.000       2.6833
 213.000       2.5406
 214.000       2.1510
 216.000       2.2937
 218.000       2.4191
 220.000       2.2153
 221.000       2.3394
 222.000       2.4639
 223.000       2.7311
 224.000       2.1715
 225.000       2.0652
 228.000       1.9191
 230.000       1.9404
 231.000       1.9650
 233.000       1.9947
 234.000       1.9982
 236.000       2.1276
 238.000       2.2725
 239.000       2.4881
 242.000       2.3371
 243.000       2.1931
 244.000       2.3680
 245.000       1.9145
 247.000       2.0440
 249.000       2.3777
 251.000       2.0392
 252.000       2.0515
 253.000       2.3654
 254.000       2.0334
 255.000       1.9728
 256.000       2.1013
 259.000       2.0877
 261.000       2.0194
 262.000       1.9610
 264.000       1.8807
 265.000       1.8756
 267.000       1.8968
 268.000       1.8865
 269.000       1.9499
 270.000       2.0096
 273.000       2.0393
 274.000       2.0758
 276.000       2.0192
 277.000       1.9028
 278.000       2.0751
 280.000       1.9528
 282.000       2.0575
 284.000       2.2765
 285.000       2.4742
 286.000       2.7512
 287.000       2.5430
 288.000       2.4268
 289.000       2.5502
 292.000       2.4448
 294.000       2.6143
 295.000       2.6318
 297.000       3.0427
 298.000       3.3275
 300.000       3.9847
 301.000       4.1960
 302.000       5.0393
 303.000       5.7864
 306.000       5.2826
 307.000       4.7031
 309.000       3.8750
 310.000       3.6327
 311.000       2.3883
 313.000       2.6312
 315.000       3.1145
 317.000       2.7667
 318.000       3.0745
 319.000       3.4961
 320.000       3.7123
 321.000       2.5906
 322.000       2.7864
 325.000       2.6072
 327.000       2.8500
 328.000       2.6991
 330.000       2.8844
 331.000       2.8362
 333.000       3.1892
 335.000       3.7229
 336.000       4.2703
 339.000       3.8544
 340.000       3.3931
 341.000       3.6042
 342.000       2.1741
 344.000       2.3203
 346.000       2.4783
 348.000       2.1018
 349.000       1.9902
 350.000       2.1713
 351.000       2.1342
 352.000       1.7595
 353.000       1.7555
 356.000       1.6756
 358.000       1.7134
 359.000       1.6179
 361.000       1.5610
 362.000       1.6143
 364.000       1.6461
 366.000       1.5865
 367.000       1.6642
 370.000       1.5558
 371.000       1.5578
 372.000       1.6494
 373.000       1.5617
 375.000       1.5698
 377.000       1.7230
 379.000       1.6356
 380.000       1.6157
 381.000       1.8201
 382.000       1.6073
 383.000       1.5319
 384.000       1.6309
 387.000       1.5726
 389.000       1.5479
 390.000       1.4668
 392.000       1.3727
 393.000       1.3804
 395.000       1.3769
 397.000       1.3596
 398.000       1.4349
 401.000       1.3367
 402.000       1.3438
 403.000       1.3925
 404.000       1.4783
 406.000       1.4945
 408.000       1.7075
 410.000       1.5753
 411.000       1.5613
 412.000       1.7932
 413.000       1.5985
 414.000       1.4122
 415.000       1.4676
 418.000       1.3766
 420.000       1.3519
 421.000       1.3411
 423.000       1.3441
 424.000       1.3473
 426.000       1.4541
 428.000       1.5585
 429.000       1.7365
 432.000       1.5780
 433.000       1.4735
 434.000       1.5973
 435.000       1.3187
 437.000       1.3303
 439.000       1.5534
 441.000       1.3598
 442.000       1.4176
 443.000       1.5399
 444.000       1.5454
 445.000       1.3900
 446.000       1.4053
 449.000       1.3914
 451.000       1.4204
 452.000       1.4186
 454.000       1.4013
 455.000       1.4214
 457.000       1.4205
 458.000       1.3990
 459.000       1.4108
 460.000       1.4373
 461.000       1.4273
 463.000       1.4329
 464.000       1.4766
 467.000       1.4190
 468.000       1.3978
 469.000       1.3606
 471.000       1.4034
 473.000       1.4729
 475.000       1.3993
 476.000       1.4382
 477.000       1.5515
 478.000       1.4453
 479.000       1.4638
 480.000       1.5448
 483.000       1.5611
 485.000       1.5307
 486.000       1.5252
 488.000       1.4554
 489.000       1.4335
 491.000       1.4083
 493.000       1.4006
 494.000       1.4109
 495.000       1.4344
 497.000       1.4632
 498.000       1.5301
 499.000       1.5617
 501.000       1.5825
 503.000       1.7069
 505.000       1.6590
 506.000       1.6920
 507.000       1.8530
 508.000       1.6683
 509.000       1.6607
 510.000       1.7384
 513.000       1.7121
 515.000       1.6572
 516.000       1.6276
 518.000       1.5444
 519.000       1.5100
 521.000       1.4588
 522.000       1.4594
 523.000       1.4484
 524.000       1.4317
 527.000       1.4959
 528.000       1.5463
 530.000       1.5643
 531.000       1.5151
 532.000       1.6844
 534.000       1.6756
 536.000       1.7880
 538.000       1.7750
 539.000       1.7904
 540.000       1.9395
 541.000       1.7713
 542.000       1.7449
 543.000       1.8226
 546.000       1.7712
 548.000       1.7192
 549.000       1.6715
 551.000       1.5950
 552.000       1.5738
 554.000       1.5190
 555.000       1.5048
 556.000       1.4795
 557.000       1.4610
 558.000       1.5114
 560.000       1.5602
 561.000       1.6077
 564.000       1.5863
 565.000       1.5559
 566.000       1.7351
 568.000       1.7046
 570.000       1.7937
 572.000       1.8137
 573.000       1.8318
 574.000       1.9750
 575.000       1.8288
 576.000       1.7751
 577.000       1.8282
 580.000       1.7789
 582.000       1.7274
 583.000       1.6784
 585.000       1.6139
 586.000       1.6077
 588.000       1.5546
 589.000       1.5286
 590.000       1.4973
 591.000       1.4845
 592.000       1.5199
 594.000       1.5601
 595.000       1.5981
 598.000       1.5857
 599.000       1.5694
 600.000       1.7531
 602.000       1.7147
 604.000       1.7955
 606.000       1.8346
 607.000       1.8614
 608.000       1.9956
 609.000       1.9193
 610.000       1.7661
 611.000       1.7772
 614.000       1.7162
 616.000       1.6715
 617.000       1.6500
 619.000       1.6214
 620.000       1.6417
 622.000       1.6496
 624.000       1.6369
 625.000       1.6799
 626.000       1.6317
 628.000       1.6267
 629.000       1.6732
 630.000       1.7072
 632.000       1.6953
 634.000       1.7768
 636.000       1.7719
 637.000       1.8052
 638.000       1.9199
 639.000       1.8421
 640.000       1.7594
 641.000       1.7979
 644.000       1.7609
 646.000       1.7284
 647.000       1.6856
 649.000       1.6252
 650.000       1.6260
 652.000       1.5762
 653.000       1.5400
 654.000       1.4996
 655.000       1.4824
 656.000       1.5098
 658.000       1.5555
 659.000       1.5859
 662.000       1.5952
 663.000       1.5809
 664.000       1.7278
 666.000       1.7071
 668.000       1.7788
 670.000       1.7838
 671.000       1.7792
 672.000       1.8976
 673.000       1.7820
 674.000       1.7175
 675.000       1.7680
 678.000       1.7041
 680.000       1.6662
 681.000       1.5930
 683.000       1.5239
 684.000       1.5438
 686.000       1.4977
 687.000       1.4342
 688.000       1.3884
 689.000       1.4003
 690.000       1.3681
 692.000       1.3963
 693.000       1.4027
 696.000       1.4446
 697.000       1.4557
 698.000       1.6444
 700.000       1.5998
 702.000       1.6768
 704.000       1.7120
 705.000       1.7029
 706.000       1.8444
 707.000       1.7658
 708.000       1.5656
 709.000       1.6219
 712.000       1.5177
 714.000       1.4882
 715.000       1.4516
 717.000       1.4443
 718.000       1.4875
 720.000       1.5664
 721.000       1.5672
 722.000       1.7044
 723.000       1.8539
 724.000       1.7425
 726.000       1.6734
 727.000       1.8008
 730.000       1.5575
 731.000       1.4963
 732.000       1.4716
 734.000       1.4923
 736.000       1.6207
 738.000       1.5273
 739.000       1.5223
 740.000       1.7132
 741.000       1.5314
 742.000       1.4181
 743.000       1.4978
 746.000       1.4319
 748.000       1.3789
 749.000       1.2987
 751.000       1.2008
 752.000       1.2088
 754.000       1.1828
 755.000       1.1510
 756.000       1.1895
 757.000       1.2677
 758.000       1.2162
 760.000       1.2102
 761.000       1.2953
 764.000       1.1979
 765.000       1.1594
 766.000       1.3655
 768.000       1.3389
 770.000       1.4890
 772.000       1.4965
 773.000       1.5217
 774.000       1.7549
 775.000       1.5297
 776.000       1.4282
 777.000       1.5290
 780.000       1.4971
 782.000       1.4177
 783.000       1.3986
 785.000       1.2989
 786.000       1.2635
 788.000       1.2502
 789.000       1.2845
 790.000       1.3754
 791.000       1.4365
 794.000       1.4797
 795.000       1.4913
 797.000       1.4236
 798.000       1.3137
 799.000       1.5029
 801.000       1.5104
 803.000       1.6990
 805.000       1.6731
 806.000       1.7760
 807.000       2.0173
 808.000       1.7789
 809.000       1.7438
 810.000       1.8682
 813.000       1.9048
 815.000       1.7877
 816.000       1.8295
 818.000       1.6817
 819.000       1.5841
 821.000       1.5224
 823.000       1.5693
 824.000       1.5933
 827.000       1.6710
 828.000       1.7239
 829.000       1.8757
 830.000       1.9753
 832.000       2.0071
 834.000       2.2328
 836.000       2.1904
 837.000       2.3127
 838.000       2.5806
 839.000       2.2438
 840.000       2.3138
 841.000       2.4947
 844.000       2.5222
 846.000       2.3437
 847.000       2.3391
 849.000       2.0984
 850.000       2.0190
 852.000       1.8949
 853.000       1.8929
 854.000       1.8782
 855.000       1.8615
 856.000       1.9797
 858.000       2.0736
 859.000       2.2085
 862.000       2.0976
 863.000       2.0077
 864.000       2.5753
 866.000       2.5587
 868.000       2.8198
 870.000       2.8458
 871.000       3.0841
 872.000       3.5985
 873.000       3.2024
 874.000       2.9074
 875.000       3.1521
 878.000       3.0474
 880.000       3.1964
 881.000       3.1713
 883.000       3.2163
 884.000       3.2923
 886.000       3.4867
 887.000       3.5397
 888.000       3.8460
 889.000       4.1257
 892.000       3.9996
 893.000       3.8597
 895.000       3.5670
 896.000       3.3962
 897.000       2.8305
 899.000       3.0056
 901.000       3.2042
 903.000       2.7868
 904.000       2.5969
 905.000       2.6863
 906.000       2.8205
 907.000       2.5037
 908.000       2.5991
 911.000       2.7350
 913.000       2.8524
 914.000       2.8861
 916.000       2.7741
 917.000       2.6252
 919.000       2.6522
 920.000       2.8261
 921.000       3.0148
 922.000       3.0663
 925.000       3.2216
 926.000       3.2515
 928.000       3.1155
 929.000       2.8960
 930.000       2.6268
 932.000       2.8364
 934.000       3.1195
 936.000       2.6774
 937.000       2.5927
 938.000       2.7539
 939.000       2.3585
 940.000       2.7330
 941.000       3.0213
 944.000       3.1476
 946.000       3.1393
 947.000       3.1517
 949.000       2.9517
 950.000       2.7291
 952.000       2.6304
 953.000       2.8353
 954.000       2.9655
 955.000       2.8832
 958.000       3.2555
 959.000       3.3922
 961.000       3.2994
 962.000       3.0253
 963.000       3.0763
 965.000       3.1911
 967.000       3.4738
 969.000       3.2538
 970.000       3.1699
 971.000       3.4117
 972.000       3.2763
 973.000       3.0363
 974.000       3.1200
 977.000       2.9661
 979.000       2.8469
 980.000       2.6407
 982.000       2.4421
 983.000       2.4523
 985.000       2.2766
 986.000       2.1339
 987.000       1.9473
 988.000       1.8634
 989.000       1.9139
 991.000       2.0454
 992.000       2.0558
 995.000       2.2126
 996.000       2.2446
 997.000       2.7860
 999.000       2.6554
1001.000       2.8158
1003.000       2.9282
1004.000       2.8608
1005.000       3.1172
1006.000       2.8153
1007.000       2.6327
1008.000       2.6909
1011.000       2.4914
1013.000       2.3442
1014.000       2.1500
1016.000       2.0047
1017.000       2.0798
1019.000       1.9856
1021.000       1.7931
1022.000       1.7432
1023.000       1.7370
1025.000       1.8374
1026.000       1.8366
1027.000       2.3777
1029.000       2.2051
1031.000       2.2947
1033.000       2.5091
1034.000       2.5000
1035.000       2.7152
1036.000       2.5594
1037.000       2.2583
1038.000       2.2503
1041.000       2.0559
1043.000       1.9066
1044.000       1.7569
1046.000       1.6529
1047.000       1.7632
1049.000       1.7125
1051.000       1.5347
1052.000       1.5290
1055.000       1.4419
1056.000       1.5033
1057.000       1.4974
1058.000       2.0220
1060.000       1.8601
1062.000       1.9280
1064.000       2.1592
1065.000       2.1808
1066.000       2.4857
1067.000       2.2566
1068.000       1.8847
1069.000       1.9136
1072.000       1.7140
1074.000       1.5667
1075.000       1.4846
1077.000       1.3856
1078.000       1.5025
1080.000       1.4779
1081.000       1.3214
1082.000       1.3310
1083.000       1.4663
1086.000       1.3313
1087.000       1.3128
1089.000       1.2854
1090.000       1.2814
1091.000       1.6504
1093.000       1.6122
1095.000       1.8063
1097.000       1.7457
1098.000       1.8168
1099.000       2.0291
1100.000       1.9752
1101.000       1.6493
1102.000       1.6100
1105.000       1.5152
1107.000       1.5068
1108.000       1.4007
1110.000       1.3857
1111.000       1.4882
1113.000       1.4868
1114.000       1.3564
1115.000       1.3274
1116.000       1.4119
1117.000       1.2745
1119.000       1.2761
1120.000       1.3304
1123.000       1.2943
1124.000       1.3172
1125.000       1.4219
1127.000       1.3893
1129.000       1.4644
1131.000       1.4777
1132.000       1.4755
1133.000       1.6292
1134.000       1.5239
1135.000       1.3894
1136.000       1.3350
1139.000       1.3110
1141.000       1.3142
1142.000       1.3314
1144.000       1.3137
1145.000       1.3476
1147.000       1.3632
1149.000       1.3406
1150.000       1.3902
1153.000       1.3274
1154.000       1.3132
1155.000       1.3471
1156.000       1.3584
1158.000       1.4414
1160.000       1.6546
1162.000       1.4082
1163.000       1.4644
1164.000       1.6070
1165.000       1.5484
1166.000       1.4670
1167.000       1.5750
1170.000       1.5435
1172.000       1.5092
1173.000       1.4893
1175.000       1.3891
1176.000       1.4841
1178.000       1.5738
1179.000       1.4747
1180.000       1.5869
1181.000       1.8225
1182.000       1.5135
1184.000       1.4229
1185.000       1.5059
1188.000       1.3798
1189.000       1.3644
1190.000       1.5814
1192.000       1.6875
1194.000       2.1553
1196.000       1.6939
1197.000       1.8366
1198.000       2.0054
1199.000       2.1769
1200.000       1.8383
1201.000       1.6745
1204.000       1.5936
1206.000       1.5404
1207.000       1.5231
1209.000       1.4767
1210.000       1.4650
1212.000       1.4554
1214.000       1.4523
1215.000       1.4685
1218.000       1.4718
1219.000       1.4850
1220.000       1.5386
1221.000       1.5827
1223.000       1.5767
1225.000       1.7092
1227.000       1.6941
1228.000       1.7689
1229.000       1.9469
1230.000       1.8315
1231.000       1.7001
1232.000       1.7381
1235.000       1.7069
1237.000       1.6774
1238.000       1.6837
1240.000       1.6528
1241.000       1.6475
1243.000       1.6659
1244.000       1.6889
1245.000       1.7680
1246.000       1.8314
1249.000       1.8323
1250.000       1.8203
1252.000       1.7580
1253.000       1.6868
1254.000       1.7068
1256.000       1.7333
1258.000       1.8402
1260.000       1.7738
1261.000       1.7934
1262.000       1.9362
1263.000       1.7856
1264.000       1.7515
1265.000       1.8154
1268.000       1.7690
1270.000       1.7149
1271.000       1.6674
1273.000       1.5910
1274.000       1.5892
1276.000       1.5358
1278.000       1.4906
1279.000       1.4650
1282.000       1.5142
1283.000       1.5609
1284.000       1.6076
1285.000       1.7409
1287.000       1.7123
1289.000       1.8023
1291.000       1.8216
1292.000       1.8430
1293.000       1.9751
1294.000       1.8532
1295.000       1.7803
1296.000       1.8196
1299.000       1.7710
1301.000       1.7166
1302.000       1.6728
1304.000       1.6020
1305.000       1.6013
1307.000       1.5507
1309.000       1.4986
1310.000       1.4692
1313.000       1.5148
1314.000       1.5654
1315.000       1.6079
1316.000       1.7576
1318.000       1.7281
1320.000       1.8171
1322.000       1.8397
1323.000       1.8722
1324.000       2.0147
1325.000       1.8870
1326.000       1.8041
1327.000       1.8638
1330.000       1.8132
1332.000       1.7509
1333.000       1.7032
1335.000       1.6201
1336.000       1.6156
1338.000       1.5659
1340.000       1.5124
1341.000       1.4979
1342.000       1.5301
1344.000       1.5839
1345.000       1.6305
1346.000       1.7896
1348.000       1.7570
1350.000       1.8574
1352.000       1.8777
1353.000       1.8820
1354.000       2.0434
1355.000       1.8799
1356.000       1.8005
1357.000       1.8658
1360.000       1.8027
1362.000       1.7533
1363.000       1.6949
1365.000       1.6119
1366.000       1.6091
1368.000       1.5478
1369.000       1.5027
1370.000       1.4580
1371.000       1.4384
1374.000       1.4756
1375.000       1.5287
1377.000       1.5686
1378.000       1.5496
1379.000       1.7377
1381.000       1.7085
1383.000       1.8152
1385.000       1.8017
1386.000       1.7935
1387.000       1.9142
1388.000       1.8060
1389.000       1.7265
1390.000       1.7757
1393.000       1.7320
1395.000       1.7034
1396.000       1.6401
1398.000       1.5618
1399.000       1.5719
1401.000       1.5290
1403.000       1.4760
1404.000       1.4640
1407.000       1.4802
1408.000       1.5232
1409.000       1.5671
1410.000       1.6741
1412.000       1.6618
1414.000       1.7649
1416.000       1.7417
1417.000       1.7167
1418.000       1.8973
1419.000       1.6852
1420.000       1.6271
1421.000       1.7174
1424.000       1.6516
1426.000       1.5955
1427.000       1.5142
1429.000       1.3938
1430.000       1.3720
1432.000       1.3124
1434.000       1.2848
1435.000       1.3024
1436.000       1.3236
1438.000       1.3711
1439.000       1.4542
1440.000       1.5670
1442.000       1.5324
1444.000       1.6821
1446.000       1.6813
1447.000       1.6705
1448.000       1.8930
1449.000       1.6421
1450.000       1.5554
1451.000       1.6549
1454.000       1.5648
1456.000       1.4887
1457.000       1.3817
1459.000       1.2501
1460.000       1.2385
1462.000       1.1748
1463.000       1.1445
1464.000       1.1626
1465.000       1.2119
1466.000       1.2146
1468.000       1.2455
1469.000       1.3681
1472.000       1.2404
1473.000       1.1866
1474.000       1.4778
1476.000       1.4209
1478.000       1.5817
1480.000       1.6125
1481.000       1.6166
1482.000       1.8429
1483.000       1.6089
1484.000       1.5331
1485.000       1.6348
1488.000       1.5933
1490.000       1.5015
1491.000       1.4768
1493.000       1.3539
1494.000       1.2888
1496.000       1.2799
1497.000       1.3496
1498.000       1.4796
1499.000       1.5510
1500.000       1.6293
1502.000       1.6353
1503.000       1.8401
1506.000       1.5325
1507.000       1.3882
1508.000       1.5917
1510.000       1.6172
1512.000       1.8466
1514.000       1.7727
1515.000       1.8691
1516.000       2.1124
1517.000       1.8593
1518.000       1.8185
1519.000       1.9548
1522.000       1.9350
1524.000       1.7598
1525.000       1.7265
1527.000       1.5928
1528.000       1.5626
1530.000       1.5554
1531.000       1.5795
1532.000       1.6916
1533.000       1.8051
1536.000       1.7844
1537.000       1.7631
1539.000       1.6860
1540.000       1.5923
1541.000       2.0053
1543.000       1.9424
1545.000       2.1463
1547.000       2.2878
1548.000       2.4952
1549.000       2.8175
1550.000       2.4796
1551.000       2.4578
1552.000       2.5971
1555.000       2.5550
1557.000       2.3048
1558.000       2.3118
1560.000       2.2093
1561.000       2.1587
1563.000       2.1471
1564.000       2.2020
1565.000       2.3086
1566.000       2.3774
1567.000       2.4184
1569.000       2.4257
1570.000       2.5830
1573.000       2.3463
1574.000       2.2343
1575.000       2.7128
1577.000       2.6051
1579.000       2.7465
1581.000       3.0397
1582.000       3.3324
1583.000       3.6723
1584.000       3.3326
1585.000       3.3068
1586.000       3.3997
1589.000       3.3964
1591.000       3.1224
1592.000       3.2148
1594.000       3.1200
1595.000       3.0257
1597.000       2.9917
1599.000       3.0721
1600.000       3.1040
1603.000       3.1782
1604.000       3.1949
1605.000       3.3329
1606.000       3.6439
1608.000       3.5729
1610.000       3.7299
1612.000       3.9666
1613.000       4.3199
1614.000       4.6066
1615.000       4.3808
1616.000       4.4274
1617.000       4.5979
1620.000       4.8032
1622.000       4.5599
1623.000       4.8383
1625.000       4.6717
1626.000       4.4336
1628.000       4.4163
1630.000       4.6435
1631.000       4.7498
1634.000       4.8763
1635.000       4.8909
1636.000       5.2032
1637.000       5.1511
1639.000       5.2591
1641.000       5.6838
1643.000       5.5509
