   2.000       3.5185
   3.000       3.5454
   6.000       3.4110
   8.000       3.3770
   9.000       3.1675
  11.000       2.9560
  12.000       2.9511
  14.000       2.7638
  15.000       2.6284
  16.000       2.4303
  17.000       2.3308
  18.000       2.3999
  20.000       2.5489
  21.000       2.5411
  24.000       2.7296
  25.000       2.7562
  26.000       3.1595
  28.000       3.0931
  30.000       3.2952
  32.000       3.2430
  33.000       3.0828
  34.000       3.2900
  35.000       2.9872
  36.000       2.8867
  37.000       2.9736
  40.000       2.7867
  42.000       2.7111
  43.000       2.4792
  45.000       2.3225
  46.000       2.3753
  48.000       2.2225
  49.000       2.0434
  50.000       1.8469
  51.000       1.7931
  52.000       1.7546
  54.000       1.8475
  55.000       1.7925
  58.000       2.0289
  59.000       2.1132
  60.000       2.5776
  62.000       2.4298
  64.000       2.5312
  66.000       2.6470
  67.000       2.5522
  68.000       2.7269
  69.000       2.5788
  70.000       2.3087
  71.000       2.3085
  74.000       2.0979
  76.000       2.0098
  77.000       1.8160
  79.000       1.7205
  80.000       1.8449
  82.000       1.7905
  84.000       1.5910
  85.000       1.5662
  88.000       1.4740
  89.000       1.5432
  90.000       1.4986
  91.000       1.9742
  93.000       1.8167
  95.000       1.8701
  97.000       2.0608
  98.000       2.0498
  99.000       2.2382
 100.000       2.1282
 101.000       1.8486
 102.000       1.8279
 105.000       1.6741
 107.000       1.5777
 108.000       1.4589
 110.000       1.3845
 111.000       1.4761
 113.000       1.3934
 114.000       1.2348
 115.000       1.1282
 116.000       1.1486
 117.000       1.0589
 119.000       1.0888
 120.000       1.0887
 123.000       1.1780
 124.000       1.2423
 125.000       1.6073
 127.000       1.4972
 129.000       1.5725
 131.000       1.7074
 132.000       1.7534
 133.000       1.9134
 134.000       1.8506
 135.000       1.6946
 136.000       1.7651
 139.000       1.5981
 141.000       1.4947
 142.000       1.3622
 144.000       1.2790
 145.000       1.3637
 147.000       1.3305
 149.000       1.1943
 150.000       1.1949
 153.000       1.1210
 154.000       1.1665
 155.000       1.1602
 156.000       1.4967
 158.000       1.3849
 160.000       1.4680
 162.000       1.5857
 163.000       1.5900
 164.000       1.7610
 165.000       1.6484
 166.000       1.4269
 167.000       1.4278
 170.000       1.2896
 172.000       1.2407
 173.000       1.1332
 175.000       1.1119
 176.000       1.2012
 178.000       1.2038
 179.000       1.1016
 180.000       1.1047
 181.000       1.1998
 182.000       1.0527
 184.000       1.0041
 185.000       1.0226
 188.000       1.0055
 189.000       1.0495
 190.000       1.1940
 192.000       1.1120
 194.000       1.1672
 196.000       1.2373
 197.000       1.2177
 198.000       1.3342
 199.000       1.3219
 200.000       1.0658
 201.000       1.0237
 204.000       0.9140
 206.000       0.9162
 207.000       0.8499
 209.000       0.8765
 210.000       0.9732
 212.000       1.0199
 213.000       0.9489
 214.000       1.0003
 215.000       1.1294
 218.000       0.9897
 219.000       0.9313
 221.000       0.8718
 222.000       0.8724
 223.000       0.8587
 225.000       0.8216
 227.000       0.8629
 229.000       0.8830
 230.000       0.9081
 231.000       1.0281
 232.000       1.0085
 233.000       0.8466
 234.000       0.8391
 237.000       0.8134
 239.000       0.8149
 240.000       0.8484
 242.000       0.8856
 243.000       0.9136
 245.000       0.9997
 246.000       1.0272
 247.000       1.1756
 248.000       1.3062
 249.000       1.2368
 251.000       1.1879
 252.000       1.3321
 255.000       1.0610
 256.000       0.9698
 257.000       0.8464
 259.000       0.8664
 261.000       0.9138
 263.000       0.8984
 264.000       0.9592
 265.000       1.1080
 266.000       1.0960
 267.000       0.8318
 268.000       0.7890
 271.000       0.7477
 273.000       0.7580
 274.000       0.7482
 276.000       0.7499
 277.000       0.8359
 279.000       0.8410
 280.000       0.7505
 281.000       0.7575
 282.000       0.8432
 283.000       0.7195
 285.000       0.6879
 286.000       0.7199
 289.000       0.6846
 290.000       0.7061
 291.000       0.8125
 293.000       0.8452
 295.000       0.9454
 297.000       0.8896
 298.000       0.9925
 299.000       1.1452
 300.000       1.1398
 301.000       0.9109
 302.000       0.8706
 305.000       0.8297
 307.000       0.7971
 308.000       0.7793
 310.000       0.7498
 311.000       0.8565
 313.000       0.8715
 314.000       0.7479
 315.000       0.7625
 316.000       0.8725
 319.000       0.7635
 320.000       0.7555
 322.000       0.7202
 323.000       0.6981
 324.000       0.8976
 326.000       0.8829
 328.000       0.9996
 330.000       1.0422
 331.000       1.2226
 332.000       1.4416
 333.000       1.4751
 334.000       1.1817
 335.000       1.5233
 338.000       1.5018
 340.000       1.5345
 341.000       1.4533
 343.000       1.3971
 344.000       1.6432
 346.000       1.6253
 347.000       1.3608
 348.000       1.4391
 349.000       1.5013
 352.000       1.7617
 353.000       1.9404
 355.000       1.7163
 356.000       1.3851
 357.000       1.5558
 359.000       1.5293
 361.000       1.8078
 363.000       1.9051
 364.000       1.9374
 365.000       2.4734
 366.000       1.9722
 367.000       1.6706
 368.000       1.7265
 371.000       1.6256
 373.000       1.6821
 374.000       1.5309
 376.000       1.4369
 377.000       1.4855
 379.000       1.4818
 380.000       1.4196
 381.000       1.4845
 382.000       1.5959
 383.000       1.5161
 385.000       1.4961
 386.000       1.6172
 389.000       1.4491
 390.000       1.3985
 391.000       1.5803
 393.000       1.4846
 395.000       1.7217
 397.000       1.7779
 398.000       1.9279
 399.000       2.3019
 400.000       2.0127
 401.000       1.7281
 402.000       1.7848
 405.000       1.6149
 407.000       1.4478
 408.000       1.2418
 410.000       1.0877
 411.000       1.1366
 413.000       1.1106
 414.000       1.0048
 415.000       1.0337
 416.000       1.1688
 417.000       1.0124
 419.000       0.9870
 420.000       1.0714
 423.000       0.9967
 424.000       0.9870
 425.000       1.5721
 427.000       1.3027
 429.000       1.3418
 431.000       1.7126
 432.000       2.0795
 433.000       2.1818
 434.000       2.3662
 435.000       2.2448
 436.000       2.4438
 439.000       2.6962
 441.000       3.2979
 442.000       3.6377
 444.000       4.1331
 445.000       4.7991
 447.000       5.2973
 448.000       4.9675
 449.000       5.3934
 450.000       6.0473
 453.000       5.4080
 454.000       5.0285
 456.000       4.4447
 457.000       4.3755
 458.000       2.4746
 460.000       3.2086
 462.000       3.5525
 464.000       2.1968
 465.000       2.0242
 466.000       2.0610
 467.000       2.4094
 468.000       1.9415
 469.000       2.1464
 472.000       2.0347
 474.000       1.9765
 475.000       1.7856
 477.000       1.6056
 478.000       1.5702
 480.000       1.4726
 481.000       1.4393
 482.000       1.4177
 483.000       1.4236
 484.000       1.4750
 486.000       1.5355
 487.000       1.6288
 490.000       1.5639
 491.000       1.5159
 492.000       1.8522
 494.000       1.7630
 496.000       1.9461
 498.000       2.0319
 499.000       2.0239
 500.000       2.3568
 501.000       2.0589
 502.000       1.7597
 503.000       1.7741
 506.000       1.5827
 508.000       1.4347
 509.000       1.2898
 511.000       1.1924
 512.000       1.2180
 514.000       1.1213
 515.000       1.0175
 516.000       0.9230
 517.000       0.9140
 518.000       0.9189
 520.000       0.9950
 521.000       1.0441
 524.000       1.0758
 525.000       1.0759
 526.000       1.5466
 528.000       1.3827
 530.000       1.4492
 532.000       1.6959
 533.000       1.8227
 534.000       2.0085
 535.000       2.0204
 536.000       1.6243
 537.000       1.5648
 540.000       1.3958
 542.000       1.2429
 543.000       1.1529
 545.000       1.1307
 546.000       1.2732
 548.000       1.3321
 550.000       1.2612
 551.000       1.4002
 552.000       1.1097
 554.000       1.0451
 555.000       1.0183
 556.000       1.4181
 558.000       1.2798
 560.000       1.3233
 562.000       1.5535
 563.000       1.6409
 564.000       1.8751
 565.000       1.7042
 566.000       1.4562
 567.000       1.4431
 570.000       1.2833
 572.000       1.1077
 573.000       1.0619
 575.000       0.9781
 576.000       1.0775
 578.000       1.0554
 580.000       0.9530
 581.000       1.0165
 584.000       0.8864
 585.000       0.8784
 586.000       0.8874
 587.000       1.3556
 589.000       1.2406
 591.000       1.3103
 593.000       1.3935
 594.000       1.5895
 595.000       1.8195
 596.000       1.7259
 597.000       1.5123
 598.000       1.7244
 601.000       1.5836
 603.000       1.4787
 604.000       1.5384
 606.000       1.5641
 607.000       1.6059
 609.000       1.7375
 611.000       1.8441
 612.000       2.0528
 613.000       1.8181
 615.000       1.6899
 616.000       1.7987
 617.000       1.7047
 619.000       1.6625
 621.000       1.8050
 623.000       1.8097
 624.000       2.0005
 625.000       2.1903
 626.000       2.2033
 627.000       1.8692
 628.000       1.8619
 631.000       1.7059
 633.000       1.5361
 634.000       1.3658
 636.000       1.2602
 637.000       1.3412
 639.000       1.2754
 640.000       1.1264
 641.000       1.0560
 642.000       1.1259
 643.000       0.9807
 645.000       0.9761
 646.000       0.9779
 649.000       1.0525
 650.000       1.1182
 651.000       1.6459
 653.000       1.4574
 655.000       1.5347
 657.000       1.8084
 658.000       1.8454
 659.000       2.0588
 660.000       1.8717
 661.000       1.6808
 662.000       1.7059
 665.000       1.5857
 667.000       1.4846
 668.000       1.3371
 670.000       1.2440
 671.000       1.3185
 673.000       1.2554
 674.000       1.1092
 675.000       1.0256
 676.000       1.0926
 679.000       0.9691
 680.000       1.0038
 682.000       1.0780
 683.000       1.1141
 684.000       1.5390
 686.000       1.4058
 688.000       1.4620
 690.000       1.6507
 691.000       1.7267
 692.000       1.8941
 693.000       1.8918
 694.000       1.6366
 695.000       1.7194
 698.000       1.6407
 700.000       1.5756
 701.000       1.4303
 703.000       1.3465
 704.000       1.4342
 706.000       1.4149
 707.000       1.2779
 708.000       1.2551
 709.000       1.3692
 710.000       1.1754
 712.000       1.1491
 713.000       1.1744
 716.000       1.1973
 717.000       1.2415
 718.000       1.5830
 720.000       1.4609
 722.000       1.4954
 724.000       1.6067
 725.000       1.6578
 726.000       1.8331
 727.000       1.7745
 728.000       1.4565
 729.000       1.3950
 732.000       1.2214
 734.000       1.0637
 735.000       0.9642
 737.000       0.8650
 738.000       0.9311
 740.000       0.8851
 741.000       0.7565
 742.000       0.7259
 743.000       0.8026
 744.000       0.7305
 746.000       0.7919
 747.000       0.9452
 750.000       0.8130
 751.000       0.7719
 752.000       1.2597
 754.000       1.1021
 756.000       1.1713
 758.000       1.3340
 759.000       1.5506
 760.000       1.7387
 761.000       1.7299
 762.000       1.4877
 763.000       1.5848
 766.000       1.5610
 768.000       1.6315
 769.000       1.5626
 771.000       1.6233
 772.000       1.7566
 774.000       1.8837
 775.000       1.8515
 776.000       2.0647
 777.000       2.2682
 780.000       2.2015
 781.000       2.1285
 783.000       1.8917
 784.000       1.7364
 785.000       1.4461
 787.000       1.4200
 789.000       1.5048
 791.000       1.5912
 792.000       1.6944
 793.000       1.9616
 794.000       1.7943
 795.000       1.5642
 796.000       1.6887
 799.000       1.6163
 801.000       1.5230
 802.000       1.3153
 804.000       1.1227
 805.000       1.1048
 807.000       1.0050
 808.000       0.9385
 809.000       0.9641
 810.000       1.0844
 811.000       0.9929
 813.000       1.0005
 814.000       1.1099
 817.000       1.0421
 818.000       1.0001
 819.000       1.5504
 821.000       1.3491
 823.000       1.3686
 825.000       1.7392
 826.000       1.5592
 827.000       1.7107
 828.000       1.7233
 829.000       1.3273
 830.000       1.3667
 833.000       1.2090
 835.000       1.1990
 836.000       1.0250
 838.000       0.9134
 839.000       0.9714
 841.000       0.9284
 842.000       0.8040
 843.000       0.7748
 844.000       0.8477
 845.000       0.7673
 847.000       0.8096
 848.000       0.9133
 851.000       0.8467
 852.000       0.8165
 853.000       1.0355
 855.000       0.9711
 857.000       1.1132
 859.000       1.0824
 860.000       1.0660
 861.000       1.1724
 862.000       1.2161
 863.000       0.9146
 864.000       0.8403
 867.000       0.7303
 869.000       0.7182
 870.000       0.6881
 872.000       0.7734
 873.000       0.9230
 875.000       1.0571
 877.000       1.0490
 878.000       1.2005
 879.000       0.9388
 881.000       0.8135
 882.000       0.8438
 883.000       0.7186
 885.000       0.6814
 887.000       0.7228
 889.000       0.7795
 890.000       0.8650
 891.000       1.0071
 892.000       0.9647
 893.000       0.8148
 894.000       0.8143
 897.000       0.8181
 899.000       0.7507
 900.000       0.8376
 902.000       0.8197
 903.000       0.8741
 905.000       0.9615
 907.000       0.9704
 908.000       1.1086
 911.000       0.9296
 912.000       0.8674
 913.000       0.9631
 914.000       0.9313
 916.000       0.9854
 918.000       1.2207
 920.000       1.0477
 921.000       1.1342
 922.000       1.2377
 923.000       1.3643
 924.000       1.0181
 925.000       0.9401
 928.000       0.8342
 930.000       0.7890
 931.000       0.7810
 933.000       0.8144
 934.000       0.8692
 936.000       0.9146
 937.000       0.8832
 938.000       0.9398
 939.000       1.0332
 942.000       0.9573
 943.000       0.9264
 945.000       0.8724
 946.000       0.8370
 947.000       0.8780
 949.000       0.8336
 951.000       0.8586
 953.000       0.9717
 954.000       1.0673
 955.000       1.3001
 956.000       1.1434
 957.000       0.9596
 958.000       1.0196
 961.000       0.9744
 963.000       0.9414
 964.000       0.9258
 966.000       0.8881
 967.000       0.8719
 969.000       0.9934
 971.000       1.1229
 972.000       1.3452
 975.000       1.1524
 976.000       1.0403
 977.000       1.1966
 978.000       0.9355
 980.000       0.9518
 982.000       1.1265
 984.000       1.0606
 985.000       1.0703
 986.000       1.2380
 987.000       1.1514
 988.000       0.9779
 989.000       1.0178
 992.000       1.0250
 994.000       1.0142
 995.000       1.0730
 997.000       1.0820
 998.000       1.0475
1000.000       1.1512
1002.000       1.2839
1003.000       1.4492
1004.000       1.3256
1006.000       1.2511
1007.000       1.4276
1008.000       1.0533
1010.000       1.1287
1012.000       1.4880
1014.000       1.2784
1015.000       1.4402
1016.000       1.5780
1017.000       1.7207
1018.000       1.3281
1019.000       1.1773
1022.000       1.1258
1024.000       1.1282
1025.000       1.0676
1027.000       1.0077
1028.000       1.0427
1030.000       1.0360
1031.000       0.9825
1032.000       0.9956
1033.000       1.0586
1034.000       0.9941
1036.000       0.9939
1037.000       1.0504
1040.000       0.9934
1041.000       0.9742
1042.000       1.0809
1044.000       1.0745
1046.000       1.2203
1048.000       1.1841
1049.000       1.2295
1050.000       1.4290
1051.000       1.2734
1052.000       1.1418
1053.000       1.2017
1056.000       1.1499
1058.000       1.1076
1059.000       1.0623
1061.000       0.9901
1062.000       0.9960
1064.000       1.0004
1066.000       0.9917
1067.000       1.0664
1070.000       0.9875
1071.000       0.9866
1072.000       1.0522
1073.000       1.1155
1075.000       1.1145
1077.000       1.2689
1079.000       1.2379
1080.000       1.2834
1081.000       1.4931
1082.000       1.3223
1083.000       1.2058
1084.000       1.2916
1087.000       1.2316
1089.000       1.1474
1090.000       1.1013
1092.000       1.0255
1093.000       1.0280
1095.000       1.0254
1096.000       1.0257
1097.000       1.1072
1098.000       1.1965
1099.000       1.1551
1101.000       1.1305
1102.000       1.2334
1105.000       1.0758
1106.000       1.0209
1107.000       1.2365
1109.000       1.2007
1111.000       1.3450
1113.000       1.4016
1114.000       1.5186
1115.000       1.7406
1116.000       1.5460
1117.000       1.4728
1118.000       1.5897
1121.000       1.5545
1123.000       1.4147
1124.000       1.4339
1126.000       1.3677
1127.000       1.3353
1129.000       1.3385
1131.000       1.3922
1132.000       1.4721
1135.000       1.4426
1136.000       1.4222
1137.000       1.5192
1138.000       1.6518
1140.000       1.6229
1142.000       1.7623
1144.000       1.8581
1145.000       2.0547
1146.000       2.2951
1147.000       2.0632
1148.000       2.0813
1149.000       2.1945
1152.000       2.2456
1154.000       2.0786
1155.000       2.1622
1157.000       2.0409
1158.000       1.9348
1160.000       1.8856
1162.000       1.9557
1163.000       1.9737
1166.000       2.0724
1167.000       2.1060
1168.000       2.2523
1169.000       2.4177
1171.000       2.4157
1173.000       2.6509
1175.000       2.6833
