   2.000       4.3393
   3.000       4.4289
   6.000       4.4459
   8.000       4.5569
   9.000       4.4327
  11.000       4.2163
  12.000       4.1338
  14.000       3.9824
  15.000       3.9539
  16.000       3.8412
  17.000       3.7370
  18.000       3.9117
  20.000       4.0865
  21.000       4.1902
  24.000       4.1957
  25.000       4.1113
  26.000       4.1530
  28.000       4.2748
  30.000       4.5606
  32.000       4.1529
  33.000       3.8762
  34.000       4.0422
  35.000       3.6454
  36.000       3.8129
  37.000       4.0524
  40.000       4.0089
  42.000       4.0061
  43.000       3.8070
  45.000       3.5357
  46.000       3.4430
  48.000       3.2479
  49.000       3.1869
  50.000       3.0272
  51.000       2.9127
  52.000       3.0649
  54.000       3.2509
  55.000       3.3084
  58.000       3.4174
  59.000       3.3675
  60.000       3.7208
  62.000       3.7156
  64.000       3.9903
  66.000       3.8151
  67.000       3.5921
  68.000       3.8533
  69.000       3.3984
  70.000       3.4070
  71.000       3.5938
  74.000       3.4308
  76.000       3.3444
  77.000       3.0880
  79.000       2.8395
  80.000       2.8112
  82.000       2.6163
  83.000       2.4971
  84.000       2.3359
  85.000       2.2615
  88.000       2.3228
  89.000       2.4568
  91.000       2.6217
  92.000       2.6321
  93.000       3.1566
  95.000       3.0259
  97.000       3.2303
  99.000       3.2980
 100.000       3.1350
 101.000       3.4348
 102.000       3.0176
 103.000       2.8628
 104.000       2.9506
 107.000       2.7164
 109.000       2.5713
 110.000       2.3035
 112.000       2.0744
 113.000       2.1171
 115.000       1.9480
 117.000       1.7343
 118.000       1.6433
 121.000       1.7099
 122.000       1.8707
 123.000       1.9025
 124.000       2.5050
 126.000       2.3039
 128.000       2.4643
 130.000       2.6807
 131.000       2.6295
 132.000       2.9366
 133.000       2.5799
 134.000       2.3728
 135.000       2.4450
 138.000       2.2226
 140.000       2.0489
 141.000       1.8450
 143.000       1.6738
 144.000       1.7205
 146.000       1.5673
 147.000       1.4185
 148.000       1.3172
 149.000       1.2904
 152.000       1.3589
 153.000       1.4478
 155.000       1.5084
 156.000       1.4976
 157.000       2.1149
 159.000       1.9234
 161.000       2.0498
 163.000       2.3203
 164.000       2.3762
 165.000       2.6738
 166.000       2.4083
 167.000       2.1438
 168.000       2.1928
 171.000       2.0196
 173.000       1.8085
 174.000       1.6844
 176.000       1.5213
 177.000       1.5460
 179.000       1.4456
 181.000       1.3014
 182.000       1.2694
 183.000       1.3228
 185.000       1.4358
 186.000       1.5481
 187.000       1.9985
 189.000       1.8329
 191.000       1.9867
 193.000       2.2313
 194.000       2.2841
 195.000       2.5772
 196.000       2.2535
 197.000       2.1053
 198.000       2.1862
 201.000       2.0148
 203.000       1.8659
 204.000       1.7045
 206.000       1.5714
 207.000       1.5946
 209.000       1.4867
 210.000       1.3818
 211.000       1.2992
 212.000       1.2778
 215.000       1.3345
 216.000       1.4355
 218.000       1.4935
 219.000       1.4564
 220.000       1.9180
 222.000       1.7551
 224.000       1.8883
 226.000       2.1143
 227.000       1.9048
 228.000       1.8059
 229.000       2.1557
 230.000       1.8285
 231.000       1.9087
 234.000       1.8412
 236.000       1.8080
 237.000       1.7291
 239.000       1.6913
 240.000       1.7316
 242.000       1.7011
 244.000       1.6322
 245.000       1.6448
 246.000       1.5986
 248.000       1.6253
 249.000       1.6320
 250.000       1.8120
 252.000       1.7793
 254.000       1.8185
 256.000       1.8099
 257.000       1.8621
 258.000       1.9511
 259.000       1.8637
 260.000       1.8877
 261.000       1.9193
 264.000       1.8431
 266.000       1.8559
 267.000       1.9002
 269.000       1.8933
 270.000       2.0069
 272.000       1.9861
 273.000       1.8408
 274.000       1.7640
 275.000       1.8196
 278.000       1.6633
 279.000       1.6427
 281.000       1.7024
 282.000       1.7939
 283.000       1.7366
 285.000       1.8461
 287.000       1.9654
 289.000       1.7249
 290.000       1.5787
 291.000       1.6604
 292.000       1.4934
 293.000       1.5861
 294.000       1.5806
 297.000       1.5019
 299.000       1.4674
 300.000       1.4542
 302.000       1.4795
 303.000       1.5135
 305.000       1.5885
 306.000       1.5973
 307.000       1.7164
 308.000       1.8374
 311.000       1.7769
 312.000       1.7264
 314.000       1.6167
 315.000       1.5433
 316.000       1.4904
 318.000       1.4732
 320.000       1.5392
 322.000       1.5740
 323.000       1.6248
 324.000       1.6431
 325.000       1.7292
 326.000       1.6800
 327.000       1.7343
 330.000       1.7783
 332.000       1.7682
 333.000       1.7536
 335.000       1.6614
 336.000       1.6132
 338.000       1.5616
 340.000       1.5412
 341.000       1.5277
 342.000       1.6049
 344.000       1.6670
 345.000       1.7612
 346.000       1.7768
 348.000       1.8004
 350.000       1.9359
 352.000       1.8795
 353.000       1.9179
 354.000       2.0926
 355.000       1.9329
 356.000       1.8668
 357.000       1.9529
 360.000       1.9212
 362.000       1.8840
 363.000       1.8628
 365.000       1.7894
 366.000       1.7688
 368.000       1.7681
 370.000       1.8012
 371.000       1.8797
 374.000       1.8500
 375.000       1.8431
 376.000       1.9670
 377.000       1.8559
 379.000       1.8806
 381.000       2.0427
 383.000       1.9437
 384.000       1.9205
 385.000       2.0803
 386.000       1.9162
 387.000       1.8318
 388.000       1.8995
 391.000       1.8141
 393.000       1.7635
 394.000       1.6609
 396.000       1.5589
 397.000       1.5756
 399.000       1.4928
 400.000       1.4295
 401.000       1.3856
 402.000       1.3940
 403.000       1.3945
 405.000       1.4271
 406.000       1.4622
 409.000       1.4691
 410.000       1.4721
 411.000       1.7454
 413.000       1.6828
 415.000       1.7856
 417.000       1.8578
 418.000       1.8841
 419.000       2.0782
 420.000       1.8927
 421.000       1.7831
 422.000       1.7434
 425.000       1.6785
 427.000       1.6047
 428.000       1.5508
 430.000       1.4758
 431.000       1.4836
 433.000       1.4391
 435.000       1.3920
 436.000       1.3914
 439.000       1.4129
 440.000       1.4494
 441.000       1.5112
 442.000       1.6807
 444.000       1.6365
 446.000       1.7413
 448.000       1.8163
 449.000       1.8973
 450.000       2.1060
 451.000       1.9203
 452.000       1.8194
 453.000       1.8831
 456.000       1.8469
 458.000       1.7427
 459.000       1.7251
 461.000       1.6279
 462.000       1.5972
 464.000       1.5284
 465.000       1.5157
 466.000       1.4933
 467.000       1.4615
 468.000       1.5669
 470.000       1.6482
 471.000       1.7580
 474.000       1.6647
 475.000       1.5930
 476.000       1.8853
 478.000       1.8519
 480.000       1.9899
 482.000       2.0400
 483.000       2.1475
 484.000       2.3465
 485.000       2.1678
 486.000       2.0925
 487.000       2.1628
 490.000       2.1207
 492.000       2.0154
 493.000       1.9854
 495.000       1.8836
 496.000       1.8655
 498.000       1.8038
 500.000       1.7486
 501.000       1.7248
 502.000       1.7800
 504.000       1.8498
 505.000       1.9239
 506.000       2.1346
 508.000       2.0862
 510.000       2.1962
 512.000       2.2700
 513.000       2.2883
 514.000       2.4721
 515.000       2.2428
 516.000       2.2184
 517.000       2.3003
 520.000       2.2197
 522.000       2.1478
 523.000       2.0537
 525.000       1.9552
 526.000       1.9493
 528.000       1.8694
 529.000       1.8128
 530.000       1.7351
 531.000       1.7058
 532.000       1.7321
 534.000       1.7955
 535.000       1.8078
 538.000       1.8695
 539.000       1.8698
 540.000       2.1298
 542.000       2.0683
 544.000       2.1656
 546.000       2.2003
 547.000       2.1564
 548.000       2.3018
 549.000       2.1625
 550.000       2.0175
 551.000       2.0419
 554.000       1.9211
 556.000       1.8855
 557.000       1.7701
 559.000       1.7141
 560.000       1.7691
 562.000       1.7228
 563.000       1.6219
 564.000       1.5609
 565.000       1.5939
 566.000       1.5092
 568.000       1.5155
 569.000       1.4952
 572.000       1.5750
 573.000       1.6212
 574.000       1.8234
 576.000       1.7592
 578.000       1.8145
 580.000       1.8532
 581.000       1.7909
 582.000       1.9403
 583.000       1.8083
 584.000       1.6268
 585.000       1.6496
 588.000       1.5193
 590.000       1.4618
 591.000       1.3313
 593.000       1.2794
 594.000       1.3580
 596.000       1.3434
 597.000       1.2422
 598.000       1.2313
 599.000       1.3295
 602.000       1.1813
 603.000       1.1434
 605.000       1.1597
 606.000       1.2005
 607.000       1.4257
 609.000       1.3260
 611.000       1.3858
 613.000       1.5081
 614.000       1.5193
 615.000       1.6760
 616.000       1.5705
 617.000       1.3965
 618.000       1.3972
 621.000       1.3086
 623.000       1.2292
 624.000       1.2147
 626.000       1.2197
 627.000       1.2855
 629.000       1.3607
 631.000       1.3917
 632.000       1.5337
 633.000       1.3284
 635.000       1.2375
 636.000       1.2437
 637.000       1.3441
 639.000       1.3005
 641.000       1.3753
 643.000       1.4026
 644.000       1.5203
 645.000       1.5983
 646.000       1.6036
 647.000       1.5478
 648.000       1.5997
 651.000       1.6307
 653.000       1.5337
 654.000       1.5555
 656.000       1.4317
 657.000       1.3880
 659.000       1.3821
 660.000       1.4347
 661.000       1.5739
 662.000       1.6575
 665.000       1.7306
 666.000       1.7362
 668.000       1.6214
 669.000       1.4676
 670.000       1.7643
 672.000       1.7427
 674.000       2.0184
 676.000       1.9850
 677.000       2.2367
 678.000       2.3611
 679.000       2.5803
 680.000       2.1278
 681.000       2.1507
 684.000       2.1397
 686.000       2.3441
 687.000       2.3120
 689.000       2.5120
 690.000       2.5801
 692.000       2.8134
 694.000       3.0049
 695.000       3.2650
 696.000       2.9660
 698.000       2.7339
 699.000       2.8166
 700.000       1.9457
 702.000       2.0630
 704.000       2.0590
 706.000       1.9499
 707.000       1.8541
 708.000       1.9878
 709.000       1.9317
 710.000       1.6313
 711.000       1.5897
 714.000       1.4041
 716.000       1.3417
 717.000       1.2187
 719.000       1.2175
 720.000       1.3105
 722.000       1.3103
 723.000       1.2176
 724.000       1.2369
 725.000       1.3307
 726.000       1.2045
 728.000       1.1537
 729.000       1.1943
 732.000       1.1301
 733.000       1.1636
 734.000       1.3263
 736.000       1.2072
 738.000       1.2325
 740.000       1.4157
 741.000       1.4696
 742.000       1.6518
 743.000       1.5499
 744.000       1.3382
 745.000       1.3455
 748.000       1.2903
 750.000       1.2062
 751.000       1.1959
 753.000       1.1513
 754.000       1.2091
 756.000       1.2036
 757.000       1.1338
 758.000       1.1636
 759.000       1.2475
 760.000       1.1707
 762.000       1.1524
 763.000       1.2109
 766.000       1.1256
 767.000       1.1119
 768.000       1.3156
 770.000       1.2803
 772.000       1.4234
 774.000       1.4730
 775.000       1.5672
 776.000       1.7018
 777.000       1.6784
 778.000       1.5549
 779.000       1.6635
 782.000       1.6416
 784.000       1.6527
 785.000       1.6553
 787.000       1.6086
 788.000       1.6041
 790.000       1.6018
 792.000       1.6000
 793.000       1.6281
 796.000       1.6259
 797.000       1.6323
 798.000       1.7045
 799.000       1.6435
 801.000       1.6901
 803.000       1.8131
 805.000       1.7223
 806.000       1.7647
 807.000       1.9230
 808.000       1.7559
 809.000       1.7627
 810.000       1.8816
 813.000       1.8975
 815.000       1.8490
 816.000       1.8408
 818.000       1.7170
 819.000       1.6444
 821.000       1.5855
 822.000       1.6198
 823.000       1.6320
 824.000       1.6000
 827.000       1.7222
 828.000       1.7990
 830.000       1.8023
 831.000       1.7043
 832.000       1.8857
 834.000       1.9131
 836.000       2.0907
 838.000       2.0231
 839.000       2.0525
 840.000       2.2497
 841.000       1.9940
 842.000       2.0217
 843.000       2.1848
 846.000       2.1367
 848.000       2.0268
 849.000       1.9551
 851.000       1.7918
 852.000       1.7354
 854.000       1.6195
 856.000       1.5555
 857.000       1.4813
 860.000       1.6205
 861.000       1.7377
 862.000       1.8360
 863.000       2.0887
 865.000       2.0394
 867.000       2.2055
 869.000       2.2434
 870.000       2.2554
 871.000       2.4898
 872.000       2.1930
 873.000       2.1552
 874.000       2.2667
 877.000       2.1785
 879.000       2.0596
 880.000       1.9440
 882.000       1.7892
 883.000       1.7755
 885.000       1.6489
 886.000       1.5781
 887.000       1.4798
 888.000       1.4360
 889.000       1.4881
 891.000       1.5722
 892.000       1.5995
 895.000       1.6682
 896.000       1.6656
 897.000       2.1083
 899.000       2.0150
 901.000       2.1451
 903.000       2.2563
 904.000       2.2747
 905.000       2.4926
 906.000       2.2697
 907.000       2.1222
 908.000       2.1700
 911.000       2.0255
 913.000       1.9001
 914.000       1.7769
 916.000       1.6644
 917.000       1.7185
 919.000       1.6525
 921.000       1.5325
 922.000       1.5079
 925.000       1.5011
 926.000       1.5602
 927.000       1.5694
 928.000       1.9862
 930.000       1.8655
 932.000       1.9446
 934.000       2.1255
 935.000       2.1566
 936.000       2.4144
 937.000       2.3001
 938.000       1.8683
 939.000       1.8459
 942.000       1.6946
 944.000       1.6122
 945.000       1.6260
 947.000       1.6657
 948.000       1.7245
 950.000       1.8843
 951.000       1.9250
 952.000       2.1682
 953.000       2.3850
 956.000       2.2901
 957.000       2.1879
 959.000       1.9613
 960.000       1.8145
 961.000       1.6910
 963.000       1.6980
 965.000       1.8340
 967.000       1.7885
 968.000       1.8820
 969.000       2.0435
 970.000       1.9673
 971.000       1.8240
 972.000       1.8300
 975.000       1.8050
 977.000       1.7508
 978.000       1.7387
 980.000       1.6588
 981.000       1.6336
 983.000       1.5879
 984.000       1.5753
 985.000       1.5619
 986.000       1.5320
 989.000       1.6227
 990.000       1.6960
 992.000       1.7037
 993.000       1.6341
 994.000       1.8333
 996.000       1.8315
 998.000       1.9405
1000.000       1.9390
1001.000       1.9962
1002.000       2.1723
1003.000       2.0005
1004.000       1.9395
1005.000       2.0107
1008.000       1.9531
1010.000       1.8441
1011.000       1.7844
1013.000       1.6951
1014.000       1.7125
1016.000       1.6500
1017.000       1.5736
1018.000       1.5067
1019.000       1.5053
1020.000       1.4745
1022.000       1.5146
1023.000       1.5118
1026.000       1.5838
1027.000       1.6045
1028.000       1.9536
1030.000       1.8761
1032.000       1.9608
1034.000       2.0732
1035.000       2.1640
1036.000       2.3246
1037.000       2.1948
1038.000       2.1216
1039.000       2.1421
1042.000       2.0778
1044.000       1.9676
1045.000       1.9641
1047.000       1.8886
1048.000       1.9272
1050.000       1.9002
1052.000       1.8553
1053.000       1.9071
1054.000       1.8591
1056.000       1.8677
1057.000       1.9495
1058.000       2.1569
1060.000       2.0749
1062.000       2.1663
1064.000       2.2428
1065.000       2.3536
1066.000       2.3732
1067.000       2.5329
1068.000       2.4235
1069.000       2.5614
1072.000       2.6329
1074.000       2.8151
1075.000       2.8879
1077.000       3.1172
1078.000       3.1494
1080.000       3.4515
1082.000       3.7519
1083.000       4.0983
1084.000       3.7392
1086.000       3.4439
1087.000       3.5824
1088.000       2.5507
1090.000       2.7046
1092.000       2.8731
1094.000       2.6443
1095.000       2.5908
1096.000       2.8582
1097.000       2.5873
1098.000       2.4483
1099.000       2.5903
1102.000       2.5112
1104.000       2.5525
1105.000       2.3453
1107.000       2.3196
1108.000       2.2742
1110.000       2.3751
1112.000       2.6197
1113.000       2.8939
1114.000       2.7269
1116.000       2.5735
1117.000       2.8202
1118.000       2.3336
1120.000       2.1438
1122.000       2.3057
1124.000       2.3740
1125.000       2.5868
1126.000       2.7859
1127.000       2.9294
1128.000       2.5656
1129.000       2.5392
1132.000       2.5497
1134.000       2.5707
1135.000       2.5213
1137.000       2.4165
1138.000       2.3501
1140.000       2.3576
1142.000       2.4468
1143.000       2.5706
1146.000       2.5429
1147.000       2.5243
1148.000       2.7128
1149.000       2.4566
1151.000       2.5064
1153.000       2.7266
1155.000       2.5812
1156.000       2.5989
1157.000       2.8816
1158.000       2.7553
1159.000       2.3149
1160.000       2.2901
1163.000       2.1093
1165.000       2.0907
1166.000       2.0228
1168.000       2.0785
1169.000       2.1705
1171.000       2.3646
1173.000       2.4793
1174.000       2.7499
1175.000       2.3980
1177.000       2.2145
1178.000       2.3073
1179.000       1.9848
1181.000       1.9617
1183.000       2.0712
1185.000       2.0211
1186.000       1.9503
1187.000       2.1213
1188.000       1.9421
1189.000       1.8114
1190.000       1.8475
1193.000       1.7545
1195.000       1.7262
1196.000       1.6475
1198.000       1.5811
1199.000       1.5957
1201.000       1.5725
1202.000       1.5299
1203.000       1.5294
1204.000       1.5583
1207.000       1.5527
1208.000       1.5739
1210.000       1.5734
1211.000       1.5434
1212.000       1.6592
1214.000       1.6370
1216.000       1.7428
1218.000       1.7070
1219.000       1.6883
1220.000       1.8108
1221.000       1.7643
1222.000       1.5605
1223.000       1.5507
1226.000       1.4936
1228.000       1.4900
1229.000       1.4707
1231.000       1.4376
1232.000       1.5059
1234.000       1.5065
1236.000       1.4407
1237.000       1.4856
1240.000       1.4058
1241.000       1.3981
1242.000       1.4225
1243.000       1.4851
1245.000       1.4967
1247.000       1.6468
1249.000       1.5480
1250.000       1.5753
1251.000       1.6485
1252.000       1.7178
1253.000       1.5760
1254.000       1.6827
1257.000       1.6172
1259.000       1.6476
1260.000       1.5865
1262.000       1.5496
1263.000       1.5857
1265.000       1.5751
1267.000       1.5287
1268.000       1.5405
1271.000       1.5042
1272.000       1.5153
1273.000       1.5281
1274.000       1.5189
1276.000       1.5409
1278.000       1.6327
1280.000       1.5307
1281.000       1.4864
1282.000       1.5806
1283.000       1.4985
1284.000       1.4565
1285.000       1.5033
1288.000       1.4917
1290.000       1.4801
1291.000       1.4498
1293.000       1.3877
1294.000       1.3840
1296.000       1.3487
1297.000       1.3317
1298.000       1.3309
1299.000       1.3513
1300.000       1.3540
1302.000       1.3755
1303.000       1.4234
1306.000       1.3831
1307.000       1.3583
1308.000       1.4518
1310.000       1.4691
1312.000       1.5788
1314.000       1.5225
1315.000       1.5414
1316.000       1.6773
1317.000       1.5305
1318.000       1.5151
1319.000       1.5746
1322.000       1.5556
1324.000       1.5120
1325.000       1.4759
1327.000       1.3980
1328.000       1.3861
1330.000       1.3414
1331.000       1.3249
1332.000       1.3214
1333.000       1.3342
1334.000       1.3529
1336.000       1.3828
1337.000       1.4429
1340.000       1.3915
1341.000       1.3594
1342.000       1.5388
1344.000       1.5325
1346.000       1.6450
1348.000       1.6413
1349.000       1.6815
1350.000       1.8528
1351.000       1.6737
1352.000       1.6427
1353.000       1.7077
1356.000       1.6827
1358.000       1.6036
1359.000       1.5757
1361.000       1.4846
1362.000       1.4453
1364.000       1.3996
1365.000       1.4156
1366.000       1.4343
1367.000       1.4396
1368.000       1.5049
1370.000       1.5447
1371.000       1.6406
1374.000       1.5348
1375.000       1.4685
1376.000       1.6875
1378.000       1.6631
1380.000       1.7814
1382.000       1.8303
1383.000       1.8865
1384.000       2.0722
1385.000       2.0008
1386.000       1.8678
1387.000       1.9137
1390.000       1.8739
1392.000       1.7750
1393.000       1.7356
1395.000       1.6214
1396.000       1.5846
1398.000       1.5227
1400.000       1.5056
1401.000       1.4892
1404.000       1.5552
1405.000       1.6077
1406.000       1.6879
1407.000       1.8522
1409.000       1.8248
1411.000       1.9674
1413.000       2.0001
1414.000       2.0308
1415.000       2.2576
1416.000       1.9654
1417.000       1.9724
1418.000       2.0855
1421.000       2.0139
1423.000       1.8917
1424.000       1.8226
1426.000       1.6871
1427.000       1.6373
1429.000       1.5547
1430.000       1.5419
1431.000       1.5147
1432.000       1.4904
1435.000       1.5814
1436.000       1.6711
1438.000       1.7063
1439.000       1.6314
1440.000       1.9992
1442.000       1.9375
1444.000       2.0761
1446.000       2.1703
1447.000       2.2475
1448.000       2.5029
1449.000       2.2439
1450.000       2.1109
1451.000       2.1773
1454.000       2.0568
1456.000       1.8862
1457.000       1.7550
1459.000       1.5987
1460.000       1.6496
1462.000       1.5622
1464.000       1.4088
1465.000       1.3794
1468.000       1.3639
1469.000       1.4583
1470.000       1.4816
1471.000       2.0379
1473.000       1.8907
1475.000       1.9981
1477.000       2.2191
1478.000       2.2554
1479.000       2.5201
1480.000       2.2578
1481.000       2.0583
1482.000       2.1179
1485.000       1.9437
1487.000       1.7671
1488.000       1.6109
1490.000       1.4915
1491.000       1.5966
1493.000       1.5358
1495.000       1.3692
1496.000       1.3735
1499.000       1.2999
1500.000       1.3526
1501.000       1.3620
1502.000       1.8957
1504.000       1.7112
1506.000       1.7857
1508.000       2.0455
1509.000       2.1677
1510.000       2.3509
1511.000       2.2469
1512.000       2.0686
1513.000       2.2130
1516.000       2.1245
1518.000       2.0430
1519.000       2.0669
1521.000       2.0038
1522.000       2.0654
1524.000       2.0126
1525.000       1.9108
1526.000       1.8686
1527.000       1.9120
1528.000       1.8354
1530.000       1.8306
1531.000       1.8406
1534.000       1.8695
1535.000       1.9073
1536.000       2.2386
1538.000       2.2104
1540.000       2.3322
1542.000       2.2906
1543.000       2.4402
1544.000       2.5595
1545.000       2.5947
1546.000       2.3604
1547.000       2.3836
1550.000       2.3496
1552.000       2.1841
1553.000       2.1765
1555.000       2.0489
1556.000       2.0187
1558.000       1.9733
1560.000       1.9501
1561.000       1.9745
1562.000       1.9882
1564.000       2.0412
1565.000       2.1446
1566.000       2.4596
1568.000       2.3367
1570.000       2.4368
1572.000       2.5562
1573.000       2.7650
1574.000       2.9401
1575.000       2.8839
1576.000       2.7125
1577.000       2.6367
1580.000       2.5950
1582.000       2.4362
1583.000       2.3510
1585.000       2.1115
1586.000       2.1442
1588.000       1.9892
1589.000       1.8206
1590.000       1.7041
1591.000       1.7317
1594.000       1.6974
1595.000       1.7938
1597.000       1.9068
1598.000       1.9041
1599.000       2.5921
1601.000       2.5733
1603.000       2.9665
1605.000       2.8247
1606.000       2.7328
1607.000       3.0185
1608.000       2.6420
1609.000       2.5548
1610.000       2.7091
1613.000       2.5446
1615.000       2.3216
1616.000       2.0963
1618.000       1.8500
1619.000       1.7332
1621.000       1.5591
1622.000       1.5544
1623.000       1.4772
1624.000       1.3686
1627.000       1.5884
1628.000       1.7573
1630.000       1.8453
1631.000       1.7361
1632.000       2.4513
1634.000       2.1583
1636.000       2.1044
1638.000       2.6134
1639.000       2.5520
1640.000       2.7391
1641.000       2.9777
1642.000       2.3424
1643.000       2.2662
1646.000       2.1376
1648.000       2.0527
1649.000       2.0564
1651.000       1.7530
1652.000       1.7083
1654.000       1.5022
1655.000       1.3930
1656.000       1.2647
1657.000       1.2031
1660.000       1.3163
1661.000       1.4620
1663.000       1.5936
1664.000       1.5528
1665.000       2.1000
1667.000       2.2318
1669.000       2.8576
1671.000       2.2566
1672.000       2.2837
1673.000       2.4061
1674.000       2.5965
1675.000       2.5323
1676.000       2.7503
1679.000       2.5400
1681.000       2.5028
1682.000       2.2438
1684.000       2.0999
1685.000       2.1993
1687.000       2.1715
1689.000       2.0349
1690.000       2.1043
1691.000       1.9439
1693.000       1.9719
1694.000       1.9974
1695.000       2.2655
1697.000       2.1422
1699.000       2.3681
1701.000       2.3575
1702.000       2.2512
1703.000       2.4160
1704.000       2.1759
1705.000       2.1935
1706.000       2.3125
1709.000       2.2622
1711.000       2.2182
1712.000       2.1086
1714.000       1.9674
1715.000       1.9437
1717.000       1.8293
1718.000       1.7713
1719.000       1.6754
1720.000       1.6169
1721.000       1.6904
1723.000       1.7858
1724.000       1.8142
1727.000       1.8768
1728.000       1.8620
1729.000       2.1467
1731.000       2.1134
1733.000       2.2561
1735.000       2.2313
1736.000       2.1750
1737.000       2.3363
1738.000       2.1566
1739.000       2.0408
1740.000       2.0900
1743.000       1.9716
1745.000       1.8929
1746.000       1.7799
1748.000       1.6935
1749.000       1.7356
1751.000       1.6872
1753.000       1.5893
1754.000       1.5857
1755.000       1.5562
1757.000       1.6063
1758.000       1.6151
1759.000       1.8979
1761.000       1.8051
1763.000       1.8744
1765.000       1.9809
1766.000       1.9762
1767.000       2.1314
1768.000       1.9834
1769.000       1.8662
1770.000       1.9035
1773.000       1.8071
1775.000       1.7371
1776.000       1.6453
1778.000       1.5702
1779.000       1.6071
1781.000       1.5559
1783.000       1.4668
1784.000       1.4402
1787.000       1.4445
1788.000       1.4945
1789.000       1.5082
1790.000       1.7505
1792.000       1.6757
1794.000       1.7461
1796.000       1.8293
1797.000       1.8462
1798.000       1.9795
1799.000       1.8997
1800.000       1.7332
1801.000       1.7405
1804.000       1.6552
1806.000       1.6021
1807.000       1.5396
1809.000       1.4963
1810.000       1.5320
1812.000       1.5123
1814.000       1.4449
1815.000       1.4447
1818.000       1.4195
1819.000       1.4488
1820.000       1.4738
1821.000       1.6372
1823.000       1.5890
1825.000       1.6493
1827.000       1.7083
1828.000       1.7452
1829.000       1.8963
1830.000       1.7975
1831.000       1.6469
1832.000       1.6592
1835.000       1.5922
1837.000       1.5324
1838.000       1.5034
1840.000       1.4777
1841.000       1.5025
1843.000       1.4869
1844.000       1.4488
1845.000       1.4476
1846.000       1.4745
1847.000       1.4540
1849.000       1.4647
1850.000       1.5061
1853.000       1.4633
1854.000       1.4509
1855.000       1.6058
1857.000       1.5595
1859.000       1.6348
1861.000       1.6972
1862.000       1.7816
1863.000       1.9225
1864.000       1.8371
1865.000       1.8064
1866.000       1.8598
1869.000       1.7581
1871.000       1.7305
1872.000       1.6512
1874.000       1.5677
1875.000       1.5737
1877.000       1.5490
1878.000       1.5224
1879.000       1.5508
1880.000       1.6011
1883.000       1.5954
1884.000       1.6113
1886.000       1.5886
1887.000       1.5395
1888.000       1.6575
1890.000       1.6537
1892.000       1.8029
1894.000       1.7390
1895.000       1.7244
1896.000       1.9021
1897.000       1.7557
1898.000       1.6210
1899.000       1.6938
1902.000       1.6779
1904.000       1.6363
1905.000       1.6582
1907.000       1.5792
1908.000       1.5243
1910.000       1.5583
1912.000       1.6413
1913.000       1.7603
1916.000       1.7106
1917.000       1.6805
1918.000       1.8408
1919.000       1.6643
1921.000       1.7313
1923.000       1.9414
1925.000       1.7850
1926.000       1.8145
1927.000       2.0639
1928.000       1.7592
1929.000       1.7605
1930.000       1.9179
1933.000       1.9131
1935.000       1.7891
1936.000       1.7536
1938.000       1.5289
1939.000       1.4096
1941.000       1.2629
1943.000       1.2155
1944.000       1.1578
1945.000       1.3555
1947.000       1.5201
1948.000       1.7176
1949.000       1.9013
1951.000       1.9004
1953.000       2.1620
1955.000       2.1023
1956.000       2.1542
1957.000       2.4401
1958.000       2.0499
1959.000       2.0909
1960.000       2.2977
1963.000       2.2437
1965.000       2.0625
1966.000       1.9445
1968.000       1.6776
1969.000       1.6291
1971.000       1.4337
1972.000       1.3500
1973.000       1.2389
1974.000       1.1678
1977.000       1.3077
1978.000       1.4570
1980.000       1.5668
1981.000       1.5059
1982.000       2.1880
1984.000       2.0842
1986.000       2.3210
1988.000       2.4428
1989.000       2.4970
1990.000       2.8237
1991.000       2.3947
1992.000       2.3782
1993.000       2.5446
1996.000       2.4338
1998.000       2.2241
1999.000       2.0762
2001.000       1.8102
2002.000       1.7820
2004.000       1.6102
2006.000       1.4517
2007.000       1.3800
2008.000       1.4982
2010.000       1.6724
2011.000       1.7772
2012.000       2.3718
2014.000       2.2345
2016.000       2.4521
2018.000       2.6258
2019.000       2.6875
2020.000       2.9953
2021.000       2.6486
2022.000       2.5149
2023.000       2.6072
2026.000       2.4219
2028.000       2.1953
2029.000       2.0301
2031.000       1.8571
2032.000       1.9017
2034.000       1.7667
2035.000       1.6315
2036.000       1.5468
2037.000       1.5557
2038.000       1.5567
2040.000       1.6110
2041.000       1.6894
2044.000       1.6738
2045.000       1.6909
2046.000       2.4112
2048.000       2.2063
2050.000       2.3148
2052.000       2.6587
2053.000       2.8223
2054.000       3.1178
2055.000       2.8926
2056.000       2.6556
2057.000       2.6802
2060.000       2.5538
2062.000       2.3192
2063.000       2.2950
2065.000       2.2053
2066.000       2.2479
2068.000       2.2271
2070.000       2.1652
2071.000       2.2023
2072.000       2.1533
2074.000       2.1759
2075.000       2.2506
2076.000       2.6930
2078.000       2.5649
2080.000       2.6708
2082.000       2.9507
2083.000       3.2302
2084.000       3.4939
2085.000       3.2950
2086.000       3.2047
2087.000       3.2785
2090.000       3.2826
2092.000       3.0272
2093.000       3.0973
2095.000       2.9711
2096.000       2.9285
2098.000       2.8670
2100.000       2.8372
2101.000       2.8214
2104.000       2.8947
2105.000       2.9676
2106.000       3.0878
2107.000       3.5197
2109.000       3.4531
2111.000       3.6271
2113.000       3.8367
2114.000       4.1568
2115.000       4.4597
2116.000       4.1572
2117.000       4.1880
2118.000       4.3447
2121.000       4.3959
2123.000       4.0957
2124.000       4.1714
2126.000       3.9443
2127.000       3.8348
2129.000       3.6936
2131.000       3.6573
2132.000       3.5824
2135.000       3.7597
2136.000       3.9047
2137.000       4.0494
2138.000       4.6363
2140.000       4.5584
2142.000       4.8505
2144.000       5.0322
