   2.000       4.2421
   3.000       4.3146
   6.000       4.2674
   8.000       4.3080
   9.000       4.1831
  11.000       3.9893
  12.000       3.9222
  14.000       3.7797
  15.000       3.7540
  16.000       3.6700
  17.000       3.5889
  18.000       3.7454
  20.000       3.8825
  21.000       3.9850
  24.000       3.9641
  25.000       3.8914
  26.000       4.0547
  28.000       4.0945
  30.000       4.3132
  32.000       4.1074
  33.000       3.9020
  34.000       4.1111
  35.000       3.7463
  36.000       3.7597
  37.000       3.9301
  40.000       3.8425
  42.000       3.8044
  43.000       3.6319
  45.000       3.4084
  46.000       3.3597
  48.000       3.2024
  49.000       3.1430
  50.000       3.0481
  51.000       2.9860
  52.000       3.1137
  54.000       3.2537
  55.000       3.3697
  58.000       3.3405
  59.000       3.2757
  60.000       3.6255
  62.000       3.5845
  64.000       3.8098
  66.000       3.7354
  67.000       3.6016
  68.000       3.8364
  69.000       3.5330
  70.000       3.3861
  71.000       3.4992
  74.000       3.3399
  76.000       3.2526
  77.000       3.0600
  79.000       2.8515
  80.000       2.8626
  82.000       2.7502
  84.000       2.6155
  85.000       2.5889
  88.000       2.6163
  89.000       2.7338
  90.000       2.8119
  91.000       3.1439
  93.000       3.0501
  95.000       3.2419
  97.000       3.2670
  98.000       3.1596
  99.000       3.4157
 100.000       3.0681
 101.000       2.9638
 102.000       3.0887
 105.000       2.9250
 107.000       2.7991
 108.000       2.6015
 110.000       2.3746
 111.000       2.3718
 113.000       2.2028
 115.000       2.0119
 116.000       1.8979
 117.000       2.0408
 119.000       2.2157
 120.000       2.2762
 121.000       2.7552
 123.000       2.6145
 125.000       2.7752
 127.000       2.9015
 128.000       2.8400
 129.000       3.0961
 130.000       2.8045
 131.000       2.6042
 132.000       2.6960
 135.000       2.4813
 137.000       2.3395
 138.000       2.1230
 140.000       1.9461
 141.000       1.9912
 143.000       1.8540
 145.000       1.6467
 146.000       1.5547
 147.000       1.6272
 149.000       1.7743
 150.000       1.8057
 151.000       2.3312
 153.000       2.1418
 155.000       2.2409
 157.000       2.4741
 158.000       2.4621
 159.000       2.7012
 160.000       2.4871
 161.000       2.2343
 162.000       2.2272
 165.000       2.0242
 167.000       1.9021
 168.000       1.7263
 170.000       1.6161
 171.000       1.7187
 173.000       1.6460
 175.000       1.4454
 176.000       1.3964
 179.000       1.3622
 180.000       1.4534
 181.000       1.4485
 182.000       1.9398
 184.000       1.7742
 186.000       1.8334
 188.000       2.0561
 189.000       2.0943
 190.000       2.2865
 191.000       2.1684
 192.000       1.9071
 193.000       1.8940
 196.000       1.7382
 198.000       1.6356
 199.000       1.5278
 201.000       1.4728
 202.000       1.5658
 204.000       1.5147
 205.000       1.3688
 206.000       1.2889
 207.000       1.3206
 210.000       1.2419
 211.000       1.2705
 213.000       1.3237
 214.000       1.3627
 215.000       1.7030
 217.000       1.5906
 219.000       1.6474
 221.000       1.8008
 222.000       1.8672
 223.000       2.0215
 224.000       1.9629
 225.000       1.7451
 226.000       1.7448
 229.000       1.6652
 231.000       1.5893
 232.000       1.5988
 234.000       1.5346
 235.000       1.6035
 237.000       1.6090
 239.000       1.5312
 240.000       1.5703
 241.000       1.4722
 243.000       1.4781
 244.000       1.4920
 245.000       1.6867
 247.000       1.7668
 249.000       2.0497
 251.000       1.7688
 252.000       1.7950
 253.000       1.9563
 254.000       1.8696
 255.000       1.6699
 256.000       1.6918
 259.000       1.6118
 261.000       1.5206
 262.000       1.4689
 264.000       1.4197
 265.000       1.4446
 267.000       1.4510
 268.000       1.4088
 269.000       1.4303
 270.000       1.5078
 273.000       1.4300
 274.000       1.4216
 276.000       1.4130
 277.000       1.3950
 278.000       1.6153
 280.000       1.5380
 282.000       1.6177
 284.000       1.7703
 285.000       1.8517
 286.000       2.0867
 287.000       2.0046
 288.000       1.6681
 289.000       1.7456
 292.000       1.6914
 294.000       1.5884
 295.000       1.5679
 297.000       1.4998
 298.000       1.4943
 300.000       1.4548
 302.000       1.4223
 303.000       1.4344
 304.000       1.4456
 306.000       1.4845
 307.000       1.5571
 308.000       1.6912
 310.000       1.6177
 312.000       1.7016
 314.000       1.7949
 315.000       1.9145
 316.000       1.9819
 317.000       2.0419
 318.000       1.8946
 319.000       1.7949
 322.000       1.7159
 324.000       1.7257
 325.000       1.6673
 327.000       1.5872
 328.000       1.6041
 330.000       1.5533
 331.000       1.4918
 332.000       1.4467
 333.000       1.4413
 336.000       1.4452
 337.000       1.4880
 339.000       1.5307
 340.000       1.5221
 341.000       1.6740
 343.000       1.6745
 345.000       1.7701
 347.000       1.7548
 348.000       1.7624
 349.000       1.9357
 350.000       1.7565
 351.000       1.6872
 352.000       1.5949
 355.000       1.5261
 357.000       1.5552
 358.000       1.5959
 360.000       1.6337
 361.000       1.7488
 363.000       1.8726
 364.000       1.8271
 365.000       1.9813
 366.000       2.1958
 369.000       2.0107
 370.000       1.8984
 372.000       1.7423
 373.000       1.6953
 374.000       1.5628
 376.000       1.7074
 378.000       2.0265
 380.000       1.5736
 381.000       1.6474
 382.000       1.7558
 383.000       1.7128
 384.000       1.6511
 385.000       1.6980
 388.000       1.6603
 390.000       1.6791
 391.000       1.6023
 393.000       1.5506
 394.000       1.5816
 396.000       1.5652
 398.000       1.5111
 399.000       1.5222
 400.000       1.5034
 402.000       1.5221
 403.000       1.5535
 404.000       1.5855
 406.000       1.5803
 408.000       1.6753
 410.000       1.6389
 411.000       1.6191
 412.000       1.7556
 413.000       1.6412
 414.000       1.5276
 415.000       1.5664
 418.000       1.5188
 420.000       1.4956
 421.000       1.4473
 423.000       1.3880
 424.000       1.3840
 426.000       1.3621
 428.000       1.3382
 429.000       1.3465
 432.000       1.3560
 433.000       1.3799
 434.000       1.4361
 435.000       1.4659
 437.000       1.4563
 439.000       1.5600
 441.000       1.5288
 442.000       1.5263
 443.000       1.6580
 444.000       1.5435
 445.000       1.4637
 446.000       1.5173
 449.000       1.4796
 451.000       1.4480
 452.000       1.4185
 454.000       1.3587
 455.000       1.3448
 457.000       1.3183
 459.000       1.3057
 460.000       1.3173
 463.000       1.3252
 464.000       1.3511
 465.000       1.4059
 466.000       1.4562
 468.000       1.4575
 470.000       1.5754
 472.000       1.5376
 473.000       1.5677
 474.000       1.7090
 475.000       1.6039
 476.000       1.5097
 477.000       1.5555
 480.000       1.5251
 482.000       1.4885
 483.000       1.4567
 485.000       1.3896
 486.000       1.3771
 488.000       1.3311
 489.000       1.3175
 490.000       1.3034
 491.000       1.3013
 492.000       1.3385
 494.000       1.3799
 495.000       1.4363
 498.000       1.3963
 499.000       1.3599
 500.000       1.5136
 502.000       1.5030
 504.000       1.6015
 506.000       1.6022
 507.000       1.6298
 508.000       1.7758
 509.000       1.6626
 510.000       1.5998
 511.000       1.7004
 514.000       1.6327
 516.000       1.5946
 517.000       1.5357
 519.000       1.4544
 520.000       1.4473
 522.000       1.3962
 523.000       1.3686
 524.000       1.3531
 525.000       1.3459
 528.000       1.3901
 529.000       1.4362
 531.000       1.4503
 532.000       1.4121
 533.000       1.5706
 535.000       1.5542
 537.000       1.6676
 539.000       1.6479
 540.000       1.6532
 541.000       1.8094
 542.000       1.6614
 543.000       1.5797
 544.000       1.6468
 547.000       1.5999
 549.000       1.5499
 550.000       1.4998
 552.000       1.3984
 553.000       1.3831
 555.000       1.3292
 556.000       1.3020
 557.000       1.2853
 558.000       1.2810
 561.000       1.3251
 562.000       1.3820
 564.000       1.4011
 565.000       1.3530
 566.000       1.5601
 568.000       1.5401
 570.000       1.6781
 572.000       1.6666
 573.000       1.7021
 574.000       1.8865
 575.000       1.7202
 576.000       1.6232
 577.000       1.6909
 580.000       1.6255
 582.000       1.5210
 583.000       1.4520
 585.000       1.3541
 586.000       1.3700
 588.000       1.3454
 590.000       1.2968
 591.000       1.3384
 592.000       1.2777
 594.000       1.3090
 595.000       1.3503
 596.000       1.6198
 598.000       1.5539
 600.000       1.6710
 602.000       1.7625
 603.000       1.8078
 604.000       2.0428
 605.000       1.8305
 606.000       1.6703
 607.000       1.7234
 610.000       1.6217
 612.000       1.5197
 613.000       1.4392
 615.000       1.3573
 616.000       1.3705
 618.000       1.3359
 619.000       1.2815
 620.000       1.2758
 621.000       1.3323
 622.000       1.2761
 624.000       1.2868
 625.000       1.3359
 628.000       1.3079
 629.000       1.2972
 630.000       1.5950
 632.000       1.5209
 634.000       1.6249
 636.000       1.7189
 637.000       1.7554
 638.000       1.9638
 639.000       1.7600
 640.000       1.6393
 641.000       1.7129
 644.000       1.6057
 646.000       1.4985
 647.000       1.4048
 649.000       1.3336
 650.000       1.3606
 652.000       1.3256
 653.000       1.2659
 654.000       1.2537
 655.000       1.3081
 658.000       1.2401
 659.000       1.2423
 661.000       1.2670
 662.000       1.2711
 663.000       1.5861
 665.000       1.4782
 667.000       1.5369
 669.000       1.7107
 670.000       1.7837
 671.000       1.9546
 672.000       1.8374
 673.000       1.6702
 674.000       1.6517
 677.000       1.5536
 679.000       1.4481
 680.000       1.4513
 682.000       1.4382
 683.000       1.5140
 685.000       1.5494
 687.000       1.5214
 688.000       1.6092
 689.000       1.4524
 691.000       1.4007
 692.000       1.3762
 693.000       1.6282
 695.000       1.5960
 697.000       1.6806
 699.000       1.6534
 700.000       1.7654
 701.000       1.8715
 702.000       1.9036
 703.000       1.7195
 704.000       1.7279
 707.000       1.7163
 709.000       1.5911
 710.000       1.5746
 712.000       1.5071
 713.000       1.4982
 715.000       1.5107
 716.000       1.5285
 717.000       1.6134
 718.000       1.6873
 721.000       1.6866
 722.000       1.6743
 724.000       1.6056
 725.000       1.5288
 726.000       1.8381
 728.000       1.7085
 730.000       1.9046
 732.000       2.0506
 733.000       2.4180
 734.000       2.6782
 735.000       2.8087
 736.000       2.2769
 737.000       2.2263
 740.000       2.1802
 742.000       2.3762
 743.000       2.3788
 745.000       2.6203
 746.000       2.7044
 748.000       2.9784
 750.000       3.2039
 751.000       3.5080
 752.000       3.1379
 754.000       2.8633
 755.000       2.9265
 756.000       2.0280
 758.000       2.1819
 760.000       2.2117
 762.000       1.9949
 763.000       1.9055
 764.000       2.0216
 765.000       1.9868
 766.000       1.7248
 767.000       1.7115
 770.000       1.5524
 772.000       1.5075
 773.000       1.3714
 775.000       1.3325
 776.000       1.3925
 778.000       1.3565
 779.000       1.2756
 780.000       1.2591
 781.000       1.3085
 782.000       1.2425
 784.000       1.2380
 785.000       1.2723
 788.000       1.2477
 789.000       1.2648
 790.000       1.4402
 792.000       1.3278
 794.000       1.3730
 796.000       1.5148
 797.000       1.5244
 798.000       1.6823
 799.000       1.5999
 800.000       1.3615
 801.000       1.3338
 804.000       1.2273
 806.000       1.1727
 807.000       1.1124
 809.000       1.0819
 810.000       1.1649
 812.000       1.1587
 813.000       1.0631
 814.000       1.0640
 815.000       1.1422
 816.000       1.0383
 818.000       1.0139
 819.000       1.0607
 822.000       1.0064
 823.000       1.0255
 824.000       1.2228
 826.000       1.1654
 828.000       1.2465
 830.000       1.3153
 831.000       1.3925
 832.000       1.5181
 833.000       1.4850
 834.000       1.4076
 835.000       1.4649
 838.000       1.4664
 840.000       1.4372
 841.000       1.4200
 843.000       1.3326
 844.000       1.2952
 846.000       1.2520
 848.000       1.2405
 849.000       1.2452
 850.000       1.2856
 852.000       1.3375
 853.000       1.4313
 854.000       1.4551
 856.000       1.4718
 858.000       1.6162
 860.000       1.5679
 861.000       1.6103
 862.000       1.7876
 863.000       1.6082
 864.000       1.5556
 865.000       1.6308
 868.000       1.5950
 870.000       1.5150
 871.000       1.4802
 873.000       1.3917
 874.000       1.3769
 876.000       1.3312
 878.000       1.2930
 879.000       1.2937
 880.000       1.3261
 882.000       1.3792
 883.000       1.4705
 884.000       1.5827
 886.000       1.5516
 888.000       1.6693
 890.000       1.6926
 891.000       1.7317
 892.000       1.9004
 893.000       1.7430
 894.000       1.6520
 895.000       1.7888
 898.000       1.6945
 900.000       1.6248
 901.000       1.5654
 903.000       1.4907
 904.000       1.4826
 906.000       1.4367
 908.000       1.3944
 909.000       1.3914
 910.000       1.4196
 912.000       1.4644
 913.000       1.5275
 914.000       1.6639
 916.000       1.6178
 918.000       1.7065
 920.000       1.7509
 921.000       1.7827
 922.000       1.9284
 923.000       1.8098
 924.000       1.7049
 925.000       1.7450
 928.000       1.6807
 930.000       1.6047
 931.000       1.5576
 933.000       1.4837
 934.000       1.4974
 936.000       1.4539
 938.000       1.3914
 939.000       1.3800
 942.000       1.3899
 943.000       1.4369
 944.000       1.4740
 945.000       1.6705
 947.000       1.6270
 949.000       1.7241
 951.000       1.7747
 952.000       1.8255
 953.000       1.9885
 954.000       1.8642
 955.000       1.7297
 956.000       1.7655
 959.000       1.6986
 961.000       1.6258
 962.000       1.5679
 964.000       1.4938
 965.000       1.5051
 967.000       1.4453
 968.000       1.3930
 969.000       1.3469
 970.000       1.3401
 971.000       1.3488
 973.000       1.3891
 974.000       1.4208
 977.000       1.4330
 978.000       1.4300
 979.000       1.6764
 981.000       1.6218
 983.000       1.7046
 985.000       1.7714
 986.000       1.8085
 987.000       1.9696
 988.000       1.8271
 989.000       1.7204
 990.000       1.7565
 993.000       1.6755
 995.000       1.6079
 996.000       1.5340
 998.000       1.4769
 999.000       1.4900
1001.000       1.4454
1002.000       1.3976
1003.000       1.3623
1004.000       1.3652
1005.000       1.3644
1007.000       1.3941
1008.000       1.4212
1011.000       1.4243
1012.000       1.4228
1013.000       1.6301
1015.000       1.5626
1017.000       1.6252
1019.000       1.7084
1020.000       1.7293
1021.000       1.8663
1022.000       1.7830
1023.000       1.6266
1024.000       1.6239
1027.000       1.5657
1029.000       1.5531
1030.000       1.5281
1032.000       1.5088
1033.000       1.5149
1035.000       1.5053
1036.000       1.4883
1037.000       1.4923
1038.000       1.5097
1041.000       1.5119
1042.000       1.5271
1044.000       1.5236
1045.000       1.4986
1046.000       1.5409
1048.000       1.5409
1050.000       1.6062
1052.000       1.5781
1053.000       1.5897
1054.000       1.7157
1055.000       1.6141
1056.000       1.5527
1057.000       1.5835
1060.000       1.5485
1062.000       1.5034
1063.000       1.4791
1065.000       1.3995
1066.000       1.4076
1068.000       1.3647
1069.000       1.3163
1070.000       1.2962
1071.000       1.3224
1072.000       1.2970
1074.000       1.3122
1075.000       1.3403
1078.000       1.3425
1079.000       1.3387
1080.000       1.5690
1082.000       1.5502
1084.000       1.7857
1086.000       1.7108
1087.000       1.9010
1088.000       2.3548
1089.000       2.0245
1090.000       1.7024
1091.000       1.8891
1094.000       1.8367
1096.000       1.7164
1097.000       1.6959
1099.000       1.5734
1100.000       1.5189
1102.000       1.7432
1104.000       1.9928
1105.000       2.3828
1108.000       2.0584
1109.000       1.8631
1110.000       2.1550
1111.000       1.7617
1113.000       1.7818
1115.000       2.0363
1117.000       1.7176
1118.000       1.7604
1119.000       1.7842
1120.000       1.9571
1121.000       1.8218
1122.000       1.9723
1125.000       2.0059
1127.000       2.0810
1128.000       2.0567
1130.000       2.1426
1131.000       2.0899
1133.000       2.2908
1135.000       2.5624
1136.000       2.8426
1137.000       2.6273
1139.000       2.4445
1140.000       2.6691
1141.000       1.9334
1143.000       1.9048
1145.000       2.0831
1147.000       2.1361
1148.000       2.2227
1149.000       2.5891
1150.000       2.1938
1151.000       2.0781
1152.000       2.2450
1155.000       2.1498
1157.000       2.0967
1158.000       1.8669
1160.000       1.7132
1161.000       1.7397
1163.000       1.6792
1165.000       1.5465
1166.000       1.5417
1167.000       1.6247
1169.000       1.7241
1170.000       1.9670
1171.000       1.9481
1173.000       1.7758
1175.000       1.7611
1177.000       2.0927
1178.000       2.2885
1179.000       2.4199
1180.000       2.5331
1181.000       2.1821
1182.000       1.6575
1185.000       1.6420
1187.000       1.6655
1188.000       1.6323
1190.000       1.6249
1191.000       1.6635
1193.000       1.7058
1195.000       1.7166
1196.000       1.8216
1199.000       1.6954
1200.000       1.6498
1201.000       1.6908
1202.000       1.6019
1204.000       1.6242
1206.000       1.7250
1208.000       1.6682
1209.000       1.6662
1210.000       1.8380
1211.000       1.6571
1212.000       1.6088
1213.000       1.6965
1216.000       1.6683
1218.000       1.6179
1219.000       1.5968
1221.000       1.5230
1222.000       1.4886
1224.000       1.4847
1226.000       1.5226
1227.000       1.5867
1230.000       1.5705
1231.000       1.5662
1232.000       1.6643
1233.000       1.6220
1235.000       1.6374
1237.000       1.7875
1239.000       1.7141
1240.000       1.7127
1241.000       1.8718
1242.000       1.7422
1243.000       1.6159
1244.000       1.6545
1247.000       1.5932
1249.000       1.5377
1250.000       1.5017
1252.000       1.4481
1253.000       1.4675
1255.000       1.4462
1256.000       1.4072
1257.000       1.4152
1258.000       1.4392
1261.000       1.4545
1262.000       1.4788
1264.000       1.4623
1265.000       1.4214
1266.000       1.5779
1268.000       1.5654
1270.000       1.6791
1272.000       1.6579
1273.000       1.7111
1274.000       1.8593
1275.000       1.7529
1276.000       1.6490
1277.000       1.6901
1280.000       1.6647
1282.000       1.5803
1283.000       1.6349
1285.000       1.5042
1286.000       1.5541
1288.000       1.5160
1290.000       1.4087
1291.000       1.4149
1294.000       1.3737
1295.000       1.4194
1296.000       1.4552
1297.000       1.7163
1299.000       1.8784
1301.000       2.2648
1303.000       1.7899
1304.000       1.8060
1305.000       1.9005
1306.000       2.0690
1307.000       1.7148
1308.000       1.5381
1311.000       1.5203
1313.000       1.5644
1314.000       1.5418
1316.000       1.5079
1317.000       1.5058
1319.000       1.4989
1321.000       1.4971
1322.000       1.5166
1325.000       1.5136
1326.000       1.5206
1327.000       1.5754
1328.000       1.4667
1330.000       1.5107
1332.000       1.6072
1334.000       1.4946
1335.000       1.4838
1336.000       1.5976
1337.000       1.4993
1338.000       1.4437
1339.000       1.5024
1342.000       1.5001
1344.000       1.4941
1345.000       1.4799
1347.000       1.4214
1348.000       1.4006
1350.000       1.3812
1351.000       1.3879
1352.000       1.4080
1353.000       1.4192
1356.000       1.4547
1357.000       1.4812
1359.000       1.4712
1360.000       1.4177
1361.000       1.4662
1363.000       1.4910
1365.000       1.5986
1367.000       1.5208
1368.000       1.5180
1369.000       1.6383
1370.000       1.5058
1371.000       1.4899
1372.000       1.5699
1375.000       1.5446
1377.000       1.5210
1378.000       1.4882
1380.000       1.4164
1381.000       1.3861
1383.000       1.3610
1384.000       1.3719
1385.000       1.4000
1386.000       1.4145
1389.000       1.4659
1390.000       1.5007
1392.000       1.4817
1393.000       1.4117
1394.000       1.5018
1396.000       1.5012
1398.000       1.6147
1400.000       1.5725
1401.000       1.5822
1402.000       1.7292
1403.000       1.5894
1404.000       1.5341
1405.000       1.6021
1408.000       1.5768
1410.000       1.5500
1411.000       1.5107
1413.000       1.4277
1414.000       1.3928
1416.000       1.3358
1417.000       1.3356
1418.000       1.3158
1419.000       1.2943
1420.000       1.3641
1422.000       1.4214
1423.000       1.4832
1426.000       1.4407
1427.000       1.3952
1428.000       1.5316
1430.000       1.5304
1432.000       1.6323
1434.000       1.5994
1435.000       1.5899
1436.000       1.7371
1437.000       1.5711
1438.000       1.5391
1439.000       1.6039
1442.000       1.5770
1444.000       1.5492
1445.000       1.5102
1447.000       1.4237
1448.000       1.3919
1450.000       1.3379
1451.000       1.3306
1452.000       1.3162
1453.000       1.2948
1456.000       1.3702
1457.000       1.4320
1459.000       1.4487
1460.000       1.3907
1461.000       1.5234
1463.000       1.5294
1465.000       1.6566
1467.000       1.6057
1468.000       1.6171
1469.000       1.7712
1470.000       1.6065
1471.000       1.5757
1472.000       1.6618
1475.000       1.6340
1477.000       1.5712
1478.000       1.5375
1480.000       1.4371
1481.000       1.3876
1483.000       1.3339
1484.000       1.3400
1485.000       1.3268
1486.000       1.3064
1487.000       1.3942
1489.000       1.4723
1490.000       1.5635
1493.000       1.4882
1494.000       1.4132
1495.000       1.6209
1497.000       1.6069
1499.000       1.7364
1501.000       1.7523
1502.000       1.8142
1503.000       2.0530
1504.000       1.8200
1505.000       1.7159
1506.000       1.7995
1509.000       1.7031
1511.000       1.5398
1512.000       1.4337
1514.000       1.2972
1515.000       1.3282
1517.000       1.2590
1519.000       1.1556
1520.000       1.1494
1523.000       1.1250
1524.000       1.1946
1525.000       1.2260
1526.000       1.7001
1528.000       1.5728
1530.000       1.6886
1532.000       1.9015
1533.000       2.0106
1534.000       2.2572
1535.000       2.0086
1536.000       1.9101
1537.000       1.9757
1540.000       1.8485
1542.000       1.6444
1543.000       1.5521
1545.000       1.4511
1546.000       1.4986
1548.000       1.4415
1550.000       1.3344
1551.000       1.3274
1554.000       1.2993
1555.000       1.3544
1556.000       1.3733
1557.000       1.8926
1559.000       1.7187
1561.000       1.7686
1563.000       2.1286
1564.000       2.3246
1565.000       2.5503
1566.000       2.5325
1567.000       2.2942
1568.000       2.3401
1571.000       2.4384
1573.000       2.7152
1574.000       3.0051
1576.000       3.6422
1577.000       3.7773
1579.000       4.5847
1581.000       5.3277
1582.000       6.1640
1583.000       5.1357
1585.000       4.3348
1586.000       4.3901
1587.000       2.6546
1589.000       2.9425
1591.000       3.3790
1593.000       2.8034
1594.000       2.7841
1595.000       2.8865
1596.000       3.1500
1597.000       2.5318
1598.000       2.3857
1601.000       2.1975
1603.000       2.0205
1604.000       2.0021
1606.000       1.9212
1607.000       1.9971
1609.000       1.9826
1611.000       1.8935
1612.000       1.9458
1613.000       1.8462
1615.000       1.8603
1616.000       1.9070
1617.000       2.3253
1619.000       2.2179
1621.000       2.2855
1623.000       2.3414
1624.000       2.5589
1625.000       2.8172
1626.000       2.6560
1627.000       2.4562
1628.000       2.3623
1631.000       2.2600
1633.000       2.1574
1634.000       1.9978
1636.000       1.8656
1637.000       1.8502
1639.000       1.7615
1640.000       1.7039
1641.000       1.6357
1642.000       1.5923
1645.000       1.6691
1646.000       1.7668
1648.000       1.8306
1649.000       1.7851
1650.000       2.1746
1652.000       2.0466
1654.000       2.1410
1656.000       2.3105
1657.000       2.2937
1658.000       2.5246
1659.000       2.2622
1660.000       2.1310
1661.000       2.2090
1664.000       2.0586
1666.000       1.9233
1667.000       1.7707
1669.000       1.6699
1670.000       1.6653
1672.000       1.5993
1673.000       1.5356
1674.000       1.4761
1675.000       1.4434
1678.000       1.5101
1679.000       1.6031
1681.000       1.6485
1682.000       1.5992
1683.000       1.9873
1685.000       1.8359
1687.000       1.7609
1689.000       1.9640
1690.000       2.0829
1691.000       2.3431
1692.000       2.1043
1693.000       2.1021
1694.000       1.9774
1697.000       1.8452
1699.000       1.7982
1700.000       1.6532
1702.000       1.5256
1703.000       1.5453
1705.000       1.4536
1706.000       1.3389
1707.000       1.2426
1708.000       1.2423
1711.000       1.2195
1712.000       1.3076
1714.000       1.4063
1715.000       1.4017
1716.000       1.7572
1718.000       1.6633
1720.000       1.7380
1722.000       1.8382
1723.000       1.8065
1724.000       2.0492
1725.000       1.8153
1726.000       1.6531
1727.000       1.7457
1730.000       1.7300
1732.000       1.6567
1733.000       1.6169
1735.000       1.4987
1736.000       1.4413
1738.000       1.3642
1740.000       1.3421
1741.000       1.3161
1744.000       1.4138
1745.000       1.4957
1746.000       1.6143
1747.000       1.6779
1749.000       1.6776
1751.000       1.8659
1753.000       1.8253
1754.000       1.8330
1755.000       2.0566
1756.000       1.7837
1757.000       1.7631
1758.000       1.8882
1761.000       1.8203
1763.000       1.7359
1764.000       1.6663
1766.000       1.5477
1767.000       1.5158
1769.000       1.4300
1771.000       1.3702
1772.000       1.3385
1773.000       1.4210
1775.000       1.5069
1776.000       1.5854
1777.000       1.7645
1779.000       1.7278
1781.000       1.8661
1783.000       1.8687
1784.000       1.8809
1785.000       2.0448
1786.000       1.8684
1787.000       1.8064
1788.000       1.8796
1791.000       1.8070
1793.000       1.7170
1794.000       1.6417
1796.000       1.5415
1797.000       1.5543
1799.000       1.4823
1801.000       1.3973
1802.000       1.3503
1805.000       1.4041
1806.000       1.4720
1807.000       1.5133
1808.000       1.7750
1810.000       1.7135
1812.000       1.8158
1814.000       1.8848
1815.000       1.9243
1816.000       2.0886
1817.000       1.9664
1818.000       1.8177
1819.000       1.8410
1822.000       1.7610
1824.000       1.6830
1825.000       1.6282
1827.000       1.5680
1828.000       1.5931
1830.000       1.5669
1832.000       1.5134
1833.000       1.5274
1834.000       1.5074
1836.000       1.5340
1837.000       1.5773
1838.000       1.7492
1840.000       1.6987
1842.000       1.7871
1844.000       1.8444
1845.000       1.9016
1846.000       2.0536
1847.000       1.9414
1848.000       1.8204
1849.000       1.8532
1852.000       1.8008
1854.000       1.7194
1855.000       1.6878
1857.000       1.6105
1858.000       1.6160
1860.000       1.5760
1862.000       1.5229
1863.000       1.5211
1864.000       1.5329
1866.000       1.5776
1867.000       1.6367
1868.000       1.8189
1870.000       1.7846
1872.000       1.8945
1874.000       1.9339
1875.000       2.0051
1876.000       2.1704
1877.000       2.0306
1878.000       1.9565
1879.000       2.0092
1882.000       1.9809
1884.000       1.8962
1885.000       1.8764
1887.000       1.7806
1888.000       1.7876
1890.000       1.7148
1891.000       1.6536
1892.000       1.5976
1893.000       1.5876
1894.000       1.5948
1896.000       1.6393
1897.000       1.6585
1900.000       1.6948
1901.000       1.6972
1902.000       2.0124
1904.000       1.9940
1906.000       2.1434
1908.000       2.1344
1909.000       2.1739
1910.000       2.4263
1911.000       2.1719
1912.000       2.0680
1913.000       2.2217
1916.000       2.1424
1918.000       2.0512
1919.000       2.0300
1921.000       1.9487
1922.000       1.9871
1924.000       2.0117
1925.000       1.9832
1926.000       2.0918
1927.000       2.2300
1930.000       2.1782
1931.000       2.1553
1933.000       2.0537
1934.000       1.9586
1935.000       2.1326
1937.000       2.1217
1939.000       2.3198
1941.000       2.3069
1942.000       2.3653
1943.000       2.6628
1944.000       2.4237
1945.000       2.2471
1946.000       2.4948
1949.000       2.3679
1951.000       2.4479
1952.000       2.3857
1954.000       2.4289
1955.000       2.4615
1957.000       2.7240
1959.000       2.9573
1960.000       3.3212
1961.000       2.9038
1963.000       2.6718
1964.000       2.8522
1965.000       2.1098
1967.000       2.2297
1969.000       2.5186
1971.000       2.1369
1972.000       2.0013
1973.000       2.2191
1974.000       2.0141
1975.000       1.8854
1976.000       1.9519
1979.000       1.8805
1981.000       1.9029
1982.000       1.8698
1984.000       1.9287
1985.000       1.9523
1987.000       2.1765
1989.000       2.4360
1990.000       2.7701
1991.000       2.4068
1993.000       2.1509
1994.000       2.2550
1995.000       1.7894
1997.000       1.9203
1999.000       2.0668
2001.000       1.6731
2002.000       1.6189
2003.000       1.6820
2004.000       1.6760
2005.000       1.5721
2006.000       1.6038
2009.000       1.5714
2011.000       1.5919
2012.000       1.5428
2014.000       1.4856
2015.000       1.5130
2017.000       1.4950
2018.000       1.4460
2019.000       1.4432
2020.000       1.4866
2023.000       1.4413
2024.000       1.4449
2026.000       1.4504
2027.000       1.4455
2028.000       1.4567
2030.000       1.4927
2032.000       1.6245
2034.000       1.4786
2035.000       1.3873
2036.000       1.5237
2037.000       1.3444
2038.000       1.3345
2039.000       1.4436
2042.000       1.4295
2044.000       1.4162
2045.000       1.3438
2047.000       1.2219
2048.000       1.1784
2050.000       1.1421
2052.000       1.1451
2053.000       1.1849
2054.000       1.1786
2056.000       1.2231
2057.000       1.3324
2058.000       1.3256
2060.000       1.3440
2062.000       1.5326
2064.000       1.4363
2065.000       1.4327
2066.000       1.6559
2067.000       1.3670
2068.000       1.4003
2069.000       1.5554
2072.000       1.5198
2074.000       1.4364
2075.000       1.3542
2077.000       1.1937
2078.000       1.1415
2080.000       1.0639
2081.000       1.0661
2082.000       1.0887
2083.000       1.1272
2084.000       1.1526
2086.000       1.1901
2087.000       1.2859
2090.000       1.1979
2091.000       1.1323
2092.000       1.4681
2094.000       1.4366
2096.000       1.6327
2098.000       1.6566
2099.000       1.7196
2100.000       1.9897
2101.000       1.6769
2102.000       1.6352
2103.000       1.7641
2106.000       1.6957
2108.000       1.5239
2109.000       1.4726
2111.000       1.3224
2112.000       1.2827
2114.000       1.2134
2115.000       1.2207
2116.000       1.2615
2117.000       1.2847
2120.000       1.3663
2121.000       1.4093
2123.000       1.3805
2124.000       1.2870
2125.000       1.7371
2127.000       1.6543
2129.000       1.8207
2131.000       1.9857
2132.000       2.1480
2133.000       2.4532
2134.000       2.1172
2135.000       2.0962
2136.000       2.2256
2139.000       2.1751
2141.000       1.9488
2142.000       1.9404
2144.000       1.7846
2145.000       1.7137
2147.000       1.6377
2148.000       1.6637
2149.000       1.6895
2150.000       1.6697
2153.000       1.8100
2154.000       1.8909
2156.000       1.8788
2157.000       1.7597
2158.000       2.2911
2160.000       2.2075
2162.000       2.3797
2164.000       2.5913
2165.000       2.8088
2166.000       3.1523
2167.000       2.7422
2168.000       2.7866
2169.000       2.9486
2172.000       2.9271
2174.000       2.6511
2175.000       2.6450
2177.000       2.4542
2178.000       2.3517
2180.000       2.2321
2181.000       2.2611
2182.000       2.2373
2183.000       2.1795
2184.000       2.3672
2186.000       2.5014
2187.000       2.6656
2190.000       2.5308
2191.000       2.4036
2192.000       3.0684
2194.000       2.9586
2196.000       3.1515
2198.000       3.4102
2199.000       3.6554
2200.000       4.0151
2201.000       3.6265
2202.000       3.5807
2203.000       3.7016
2206.000       3.6224
2208.000       3.3111
2209.000       3.2759
2211.000       3.0753
2212.000       3.0548
2214.000       2.9402
2216.000       2.8403
2217.000       2.8099
2218.000       2.8678
2220.000       2.9848
2221.000       3.0660
2222.000       3.7702
2224.000       3.6054
2226.000       3.7643
2228.000       4.1025
2229.000       4.3733
2230.000       4.7049
2231.000       4.3399
2232.000       4.3469
2233.000       4.5067
2236.000       4.4891
2238.000       4.1673
2239.000       4.1636
2241.000       3.9405
2242.000       3.8862
2244.000       3.7212
2246.000       3.6209
2247.000       3.5142
2250.000       3.6890
2251.000       3.8425
2252.000       3.9393
2253.000       4.6844
2255.000       4.4993
2257.000       4.7024
2259.000       5.0718
