   2.000       4.6349
   3.000       4.7520
   6.000       4.7149
   8.000       4.6648
   9.000       4.4909
  11.000       4.1281
  12.000       3.9696
  14.000       3.6836
  15.000       3.6584
  16.000       3.4736
  17.000       3.2675
  18.000       3.6330
  20.000       3.9252
  21.000       4.1164
  24.000       4.0869
  25.000       3.9442
  26.000       4.4724
  28.000       4.4822
  30.000       4.8347
  32.000       4.6422
  33.000       4.4244
  34.000       4.7616
  35.000       4.1585
  36.000       4.2489
  37.000       4.5235
  40.000       4.3849
  42.000       4.2799
  43.000       4.0285
  45.000       3.6625
  46.000       3.5777
  48.000       3.2904
  50.000       3.0699
  51.000       2.8380
  54.000       3.1727
  55.000       3.4730
  56.000       3.6310
  57.000       4.0536
  59.000       3.9925
  61.000       4.3258
  63.000       4.1815
  64.000       3.9363
  65.000       4.1942
  66.000       3.7470
  67.000       3.7290
  68.000       3.9034
  71.000       3.7557
  73.000       3.6322
  74.000       3.3761
  76.000       3.0566
  77.000       3.0123
  79.000       2.7497
  80.000       2.5990
  81.000       2.3537
  82.000       2.2042
  83.000       2.3845
  85.000       2.6133
  86.000       2.6943
  89.000       2.8253
  90.000       2.8034
  91.000       3.4889
  93.000       3.3746
  95.000       3.6422
  97.000       3.6545
  98.000       3.5108
  99.000       3.7870
 100.000       3.4215
 101.000       3.2388
 102.000       3.3406
 105.000       3.1161
 107.000       2.9439
 108.000       2.7169
 110.000       2.4791
 111.000       2.5162
 113.000       2.3518
 115.000       2.1380
 116.000       2.0336
 119.000       2.1155
 120.000       2.2886
 121.000       2.3477
 122.000       2.9536
 124.000       2.7684
 126.000       2.9307
 128.000       3.1278
 129.000       3.1817
 130.000       3.3765
 131.000       3.2988
 132.000       2.9679
 133.000       2.8960
 136.000       2.7318
 138.000       2.5474
 139.000       2.5539
 141.000       2.5165
 142.000       2.7003
 144.000       2.7269
 145.000       2.5096
 146.000       2.4692
 147.000       2.6294
 150.000       2.3539
 151.000       2.2995
 153.000       2.3160
 154.000       2.3994
 155.000       2.8547
 157.000       2.7936
 159.000       2.9074
 161.000       2.8764
 162.000       3.0339
 163.000       3.2220
 164.000       3.2087
 165.000       2.8674
 166.000       2.9719
 169.000       2.8531
 171.000       2.7191
 172.000       2.5711
 174.000       2.3737
 175.000       2.3650
 177.000       2.2314
 179.000       2.0800
 180.000       1.9806
 183.000       2.1047
 184.000       2.2592
 185.000       2.3517
 186.000       2.7710
 188.000       2.6601
 190.000       2.8379
 192.000       2.9676
 193.000       3.0880
 194.000       3.4381
 195.000       3.2998
 196.000       2.8224
 197.000       2.8425
 200.000       2.7066
 202.000       2.5758
 203.000       2.5722
 205.000       2.5667
 206.000       2.6008
 208.000       2.7695
 210.000       2.9061
 211.000       3.1812
 212.000       2.8400
 214.000       2.6915
 215.000       2.8046
 216.000       2.6948
 218.000       2.6698
 220.000       2.8501
 222.000       2.8580
 223.000       2.9314
 224.000       3.1746
 225.000       3.0231
 226.000       2.7121
 227.000       2.6843
 230.000       2.4955
 232.000       2.3254
 233.000       2.2615
 235.000       2.3036
 236.000       2.4847
 238.000       2.5697
 239.000       2.4526
 240.000       2.5822
 241.000       2.8040
 242.000       2.5384
 244.000       2.3829
 245.000       2.4739
 248.000       2.2440
 249.000       2.2878
 250.000       2.5185
 252.000       2.4284
 254.000       2.5398
 256.000       2.6951
 257.000       2.7535
 258.000       3.0298
 259.000       2.7269
 260.000       2.6224
 261.000       2.7174
 264.000       2.6386
 266.000       2.5414
 267.000       2.4928
 269.000       2.3755
 270.000       2.2958
 272.000       2.2401
 273.000       2.2814
 274.000       2.3055
 275.000       2.2955
 276.000       2.4098
 278.000       2.4891
 279.000       2.6428
 282.000       2.4806
 283.000       2.3673
 284.000       2.5714
 286.000       2.5312
 288.000       2.6746
 290.000       2.6790
 291.000       2.6651
 292.000       2.8313
 293.000       2.6392
 294.000       2.5671
 295.000       2.6328
 298.000       2.5571
 300.000       2.5049
 301.000       2.4180
 303.000       2.3210
 304.000       2.3099
 306.000       2.2328
 308.000       2.1632
 309.000       2.1211
 312.000       2.1822
 313.000       2.2638
 314.000       2.3216
 315.000       2.4596
 317.000       2.4223
 319.000       2.5328
 321.000       2.5265
 322.000       2.4751
 323.000       2.6143
 324.000       2.4615
 325.000       2.3732
 326.000       2.4262
 329.000       2.3431
 331.000       2.3175
 332.000       2.2080
 334.000       2.1064
 335.000       2.1130
 337.000       2.0311
 338.000       1.9690
 339.000       1.9020
 340.000       1.8801
 341.000       1.9039
 343.000       1.9555
 344.000       1.9770
 347.000       2.0166
 348.000       2.0187
 349.000       2.2306
 351.000       2.1850
 353.000       2.2842
 355.000       2.2909
 356.000       2.2349
 357.000       2.3887
 358.000       2.2261
 359.000       2.1102
 360.000       2.1547
 363.000       2.0635
 365.000       2.0077
 366.000       1.9048
 368.000       1.8032
 369.000       1.8255
 371.000       1.7660
 373.000       1.6813
 374.000       1.6576
 377.000       1.6722
 378.000       1.7337
 379.000       1.7685
 380.000       1.9871
 382.000       1.9243
 384.000       2.0316
 386.000       2.0838
 387.000       2.0824
 388.000       2.2632
 389.000       2.0765
 390.000       1.9754
 391.000       2.0378
 394.000       1.9460
 396.000       1.8564
 397.000       1.7803
 399.000       1.6840
 400.000       1.6944
 402.000       1.6473
 404.000       1.5879
 405.000       1.5915
 406.000       1.5889
 408.000       1.6369
 409.000       1.6879
 410.000       1.9017
 412.000       1.8282
 414.000       1.9384
 416.000       2.0340
 417.000       2.0637
 418.000       2.2723
 419.000       2.0400
 420.000       1.9836
 421.000       2.0529
 424.000       2.0016
 426.000       1.9542
 427.000       1.8771
 429.000       1.7554
 430.000       1.7185
 432.000       1.6269
 433.000       1.6043
 434.000       1.5573
 435.000       1.5198
 436.000       1.6114
 438.000       1.6886
 439.000       1.7643
 442.000       1.7334
 443.000       1.6869
 444.000       1.9200
 446.000       1.9050
 448.000       2.0594
 450.000       2.0220
 451.000       2.0287
 452.000       2.2121
 453.000       2.0094
 454.000       1.9519
 455.000       2.0327
 458.000       1.9705
 460.000       1.8771
 461.000       1.8199
 463.000       1.7115
 464.000       1.6910
 466.000       1.6168
 468.000       1.5685
 469.000       1.5348
 472.000       1.6087
 473.000       1.6780
 474.000       1.7513
 475.000       1.9516
 477.000       1.9071
 479.000       2.0282
 481.000       2.0893
 482.000       2.1151
 483.000       2.3634
 484.000       2.0596
 485.000       2.0288
 486.000       2.1514
 489.000       2.0969
 491.000       1.9699
 492.000       1.9066
 494.000       1.7386
 495.000       1.6747
 497.000       1.5638
 498.000       1.5623
 499.000       1.5388
 500.000       1.5021
 501.000       1.6478
 503.000       1.7428
 504.000       1.8838
 507.000       1.7672
 508.000       1.6725
 509.000       2.0790
 511.000       2.0333
 513.000       2.2213
 515.000       2.2811
 516.000       2.3473
 517.000       2.6166
 518.000       2.2867
 519.000       2.2739
 520.000       2.4110
 523.000       2.3649
 525.000       2.1862
 526.000       2.1395
 528.000       1.9562
 529.000       1.8881
 531.000       1.7665
 533.000       1.7162
 534.000       1.6612
 537.000       1.7974
 538.000       1.9155
 539.000       2.0452
 540.000       2.3854
 542.000       2.3224
 544.000       2.5216
 546.000       2.6287
 547.000       2.7416
 548.000       3.0356
 549.000       2.6633
 550.000       2.6819
 551.000       2.8400
 554.000       2.7957
 556.000       2.5843
 557.000       2.5357
 559.000       2.3284
 560.000       2.2461
 562.000       2.1059
 564.000       2.0495
 565.000       1.9740
 568.000       2.1375
 569.000       2.2762
 570.000       2.4037
 571.000       2.8327
 573.000       2.7468
 575.000       2.9477
 577.000       3.1028
 578.000       3.2104
 579.000       3.5407
 580.000       3.1345
 581.000       3.0919
 582.000       3.2273
 585.000       3.1179
 587.000       2.8702
 588.000       2.7679
 590.000       2.5637
 591.000       2.5452
 593.000       2.4321
 595.000       2.3313
 596.000       2.3074
 597.000       2.3588
 599.000       2.4727
 600.000       2.5573
 601.000       3.1394
 603.000       2.9880
 605.000       3.1583
 607.000       3.4197
 608.000       3.5292
 609.000       3.8530
 610.000       3.3760
 611.000       3.5554
 612.000       3.7185
 615.000       3.8438
 617.000       4.0343
 618.000       3.9967
 620.000       4.0959
 621.000       3.9987
 623.000       4.1579
 625.000       4.4408
 626.000       4.6604
 627.000       4.5450
 629.000       4.3894
 630.000       4.5863
 631.000       3.6787
 633.000       3.7069
 635.000       3.7577
 637.000       3.8358
 638.000       3.8627
 639.000       4.1404
 640.000       3.8804
 641.000       3.6350
 642.000       3.6507
 645.000       3.4839
 647.000       3.2354
 648.000       3.1655
 650.000       3.0441
 651.000       3.1312
 653.000       3.1077
 655.000       2.9823
 656.000       3.0414
 659.000       2.8999
 660.000       2.9302
 661.000       2.9429
 662.000       3.5672
 664.000       3.4026
 666.000       3.4667
 668.000       3.6000
 669.000       3.8753
 670.000       4.1766
 671.000       3.9569
 672.000       3.7873
 673.000       3.5594
 676.000       3.6000
 678.000       3.6932
 679.000       3.5858
 681.000       3.4365
 682.000       3.6066
 684.000       3.5226
 685.000       3.2401
 686.000       3.0806
 687.000       3.1866
 688.000       2.8487
 690.000       2.8170
 691.000       2.6796
 694.000       2.9908
 695.000       3.1863
 696.000       3.3799
 698.000       3.4567
 700.000       3.7620
 702.000       3.5167
 703.000       3.3995
 704.000       3.5901
 705.000       3.6789
 706.000       3.1069
 707.000       3.0113
 710.000       2.9361
 712.000       2.8642
 713.000       2.7229
 715.000       2.5112
 716.000       2.4423
 718.000       2.2906
 719.000       2.2512
 720.000       2.1470
 721.000       2.0580
 722.000       2.2172
 724.000       2.3757
 725.000       2.4830
 728.000       2.4685
 729.000       2.3966
 730.000       2.7858
 732.000       2.7455
 734.000       2.9643
 736.000       2.9295
 737.000       2.8529
 738.000       3.1143
 739.000       2.7343
 740.000       2.7137
 741.000       2.8737
 744.000       2.7730
 746.000       2.6476
 747.000       2.5047
 749.000       2.2885
 750.000       2.2301
 752.000       2.0619
 753.000       1.9932
 754.000       1.8553
 755.000       1.7599
 756.000       1.9020
 758.000       2.0636
 759.000       2.1434
 762.000       2.1879
 763.000       2.1425
 764.000       2.6458
 766.000       2.5625
 768.000       2.7644
 770.000       2.8132
 771.000       2.7798
 772.000       3.0377
 773.000       2.6898
 774.000       2.6361
 775.000       2.7635
 778.000       2.6200
 780.000       2.4834
 781.000       2.3106
 783.000       2.1055
 784.000       2.1071
 786.000       1.9606
 788.000       1.7951
 789.000       1.6979
 792.000       1.7953
 793.000       1.9565
 794.000       2.0177
 795.000       2.4989
 797.000       2.3721
 799.000       2.5239
 801.000       2.6669
 802.000       2.6360
 803.000       3.0852
 804.000       2.8693
 805.000       2.1407
 806.000       2.0553
 809.000       1.9832
 811.000       1.8638
 812.000       1.8346
 814.000       1.7379
 815.000       1.7452
 817.000       1.6570
 818.000       1.6012
 819.000       1.5489
 820.000       1.5225
 821.000       1.5851
 823.000       1.6514
 824.000       1.7172
 827.000       1.6955
 828.000       1.6666
 829.000       1.9952
 831.000       1.9447
 833.000       2.0854
 835.000       2.1644
 836.000       2.2247
 837.000       2.4344
 838.000       2.2015
 839.000       2.1571
 840.000       2.2448
 843.000       2.1901
 845.000       2.0383
 846.000       1.8925
 848.000       1.7815
 849.000       1.7639
 851.000       1.6830
 853.000       1.6157
 854.000       1.5675
 857.000       1.6476
 858.000       1.7293
 859.000       1.7982
 860.000       2.2047
 862.000       1.9384
 864.000       2.0423
 866.000       2.6130
 867.000       2.7982
 868.000       2.8336
 869.000       3.3759
 870.000       2.7117
 871.000       2.6213
 874.000       3.0502
 876.000       3.0267
 877.000       3.6315
 879.000       3.7244
 880.000       3.3481
 882.000       3.7608
 884.000       4.5010
 885.000       5.0534
 888.000       4.8297
 889.000       4.4690
 890.000       4.9570
 891.000       3.5527
 893.000       4.0591
 895.000       4.9763
 897.000       4.1616
 898.000       4.5165
 899.000       4.8918
 900.000       4.9213
 901.000       4.2952
 902.000       4.6174
 905.000       4.6077
 907.000       4.6746
 908.000       4.5232
 910.000       4.3109
 911.000       4.3517
 913.000       4.3428
 914.000       4.2855
 915.000       4.4131
 916.000       4.6257
 919.000       4.4864
 920.000       4.4300
 922.000       4.3446
 923.000       4.2612
 924.000       4.3010
 926.000       4.4197
 928.000       4.8303
 930.000       4.4946
 931.000       4.2993
 932.000       4.7733
 933.000       3.9882
 934.000       4.1379
 935.000       4.4677
 938.000       4.3544
 940.000       4.1923
 941.000       4.0600
 943.000       3.8005
 944.000       3.6939
 946.000       3.6397
 947.000       3.7427
 948.000       3.9661
 949.000       4.0907
 952.000       4.2500
 953.000       4.2785
 955.000       4.0961
 956.000       3.8328
 957.000       4.1919
 959.000       4.1550
 961.000       4.5488
 963.000       4.5539
 964.000       4.6223
 965.000       5.1316
 966.000       4.5424
 967.000       4.3453
 968.000       4.5522
 971.000       4.3825
 973.000       4.0635
 974.000       3.9067
 976.000       3.5760
 977.000       3.5163
 979.000       3.3417
 981.000       3.2027
 982.000       3.1740
 983.000       3.3057
 985.000       3.5029
 986.000       3.7507
 987.000       4.3566
 989.000       4.1259
 991.000       4.4714
 993.000       4.8256
 994.000       4.9320
 995.000       5.5890
 996.000       4.7617
 997.000       4.7163
 998.000       4.6573
1001.000       4.5471
1003.000       4.7523
1004.000       4.6618
1006.000       4.6774
1007.000       4.6128
1009.000       4.7346
1011.000       4.9511
1012.000       5.1800
1015.000       5.0587
1016.000       4.9136
1017.000       5.1092
1018.000       4.1666
1020.000       4.3249
1022.000       4.5143
1024.000       4.0425
1025.000       3.6591
1026.000       3.7622
1027.000       3.5614
1028.000       3.4750
1029.000       3.5802
1032.000       3.5406
1034.000       3.7952
1035.000       3.6675
1037.000       3.6033
1038.000       3.5062
1040.000       3.5496
1041.000       3.6796
1042.000       3.8516
1043.000       3.9048
1044.000       4.0558
1046.000       4.1013
1047.000       4.3876
1050.000       3.9433
1051.000       3.7247
1052.000       3.1485
1054.000       3.3252
1056.000       3.5581
1058.000       3.0005
1059.000       2.5686
1060.000       2.6104
1061.000       2.5027
1062.000       2.4279
1063.000       2.5984
1066.000       2.6142
1068.000       2.7833
1069.000       2.6907
1071.000       2.5983
1072.000       2.4301
1074.000       2.5303
1076.000       2.7800
1077.000       3.0022
1078.000       2.8974
1080.000       2.8366
1081.000       3.1001
1082.000       2.2860
1084.000       2.4362
1086.000       2.7585
1088.000       2.3148
1089.000       2.0777
1090.000       2.3552
1091.000       1.9698
1092.000       1.9223
1093.000       1.9526
1096.000       1.9422
1098.000       1.8823
1099.000       1.8271
1101.000       1.7141
1102.000       1.7397
1104.000       1.6628
1105.000       1.5851
1106.000       1.5353
1107.000       1.5292
1110.000       1.5600
1111.000       1.6191
1113.000       1.6522
1114.000       1.6301
1115.000       1.9778
1117.000       1.9338
1119.000       2.0627
1121.000       2.1723
1122.000       2.2409
1123.000       2.5228
1124.000       2.2077
1125.000       2.1116
1126.000       2.1881
1129.000       2.0587
1131.000       1.9175
1132.000       1.8315
1134.000       1.7448
1135.000       1.7596
1137.000       1.6958
1138.000       1.6404
1139.000       1.6083
1140.000       1.6076
1141.000       1.6310
1143.000       1.6690
1144.000       1.7266
1147.000       1.6946
1148.000       1.6784
1149.000       2.0290
1151.000       1.9145
1153.000       1.9895
1155.000       2.1670
1156.000       2.2397
1157.000       2.4180
1158.000       2.2774
1159.000       2.1367
1160.000       2.1518
1163.000       2.0742
1165.000       1.9819
1166.000       1.9476
1168.000       1.9037
1169.000       1.9147
1171.000       1.8945
1173.000       1.8590
1174.000       1.8639
1177.000       1.8629
1178.000       1.8864
1179.000       1.9318
1180.000       2.0960
1182.000       2.0336
1184.000       2.0911
1186.000       2.2047
1187.000       2.2938
1188.000       2.4388
1189.000       2.3514
1190.000       2.2252
1191.000       2.2413
1194.000       2.1943
1196.000       2.1295
1197.000       2.1185
1199.000       2.0931
1200.000       2.0935
1202.000       2.0763
1203.000       2.0670
1204.000       2.0742
1205.000       2.0810
1206.000       2.1087
1208.000       2.1304
1209.000       2.1904
1212.000       2.1223
1213.000       2.0865
1214.000       2.2284
1216.000       2.1891
1218.000       2.2351
1220.000       2.3150
1221.000       2.4082
1222.000       2.5168
1223.000       2.4628
1224.000       2.3902
1225.000       2.4123
1228.000       2.4310
1230.000       2.3568
1231.000       2.4038
1233.000       2.3690
1234.000       2.3438
1236.000       2.3450
1238.000       2.3676
1239.000       2.4010
1240.000       2.3948
1242.000       2.4013
1243.000       2.4687
1244.000       2.5214
1246.000       2.5383
1248.000       2.6494
1250.000       2.6432
1251.000       2.7250
1252.000       2.9161
1253.000       2.7247
1254.000       2.6770
1255.000       2.6693
1258.000       2.6494
1260.000       2.5464
1261.000       2.5328
1263.000       2.4605
1264.000       2.5072
1266.000       2.4705
1267.000       2.3921
1268.000       2.3850
1269.000       2.4477
1270.000       2.3745
1272.000       2.3658
1273.000       2.4072
1276.000       2.3720
1277.000       2.3853
1278.000       2.7091
1280.000       2.6328
1282.000       2.7410
1284.000       2.8255
1285.000       2.7667
1286.000       2.8552
1287.000       2.9560
1288.000       2.6208
1289.000       2.6903
1292.000       2.6426
1294.000       2.6016
1295.000       2.5573
1297.000       2.4318
1298.000       2.4018
1300.000       2.3411
1302.000       2.3050
1303.000       2.3038
1304.000       2.3426
1306.000       2.4092
1307.000       2.4943
1308.000       2.5789
1310.000       2.6295
1312.000       2.8702
1314.000       2.6846
1315.000       2.6352
1316.000       2.8693
1317.000       2.6997
1318.000       2.4244
1319.000       2.4563
1322.000       2.3306
1324.000       2.2447
1325.000       2.2006
1327.000       2.1729
1328.000       2.2359
1330.000       2.3599
1332.000       2.4206
1333.000       2.6510
1336.000       2.3767
1337.000       2.2487
1338.000       2.3272
1339.000       2.2711
1341.000       2.2409
1343.000       2.4002
1345.000       2.4075
1346.000       2.4252
1347.000       2.6194
1348.000       2.3494
1349.000       2.4420
1350.000       2.6511
1353.000       2.6725
1355.000       2.5990
1356.000       2.5363
1358.000       2.3087
1359.000       2.2098
1361.000       2.0667
1362.000       2.0641
1363.000       2.0007
1364.000       1.9395
1365.000       2.1001
1367.000       2.2480
1368.000       2.3730
1371.000       2.3290
1372.000       2.2232
1373.000       2.5689
1375.000       2.5978
1377.000       2.8603
1379.000       2.7446
1380.000       2.6884
1381.000       2.9882
1382.000       2.4959
1383.000       2.6328
1384.000       2.8153
1387.000       2.7408
1389.000       2.5718
1390.000       2.4393
1392.000       2.1994
1393.000       2.1120
1395.000       1.9439
1396.000       1.9245
1397.000       1.8665
1398.000       1.8231
1399.000       1.9618
1401.000       2.0909
1402.000       2.2223
1405.000       2.1673
1406.000       2.0796
1407.000       2.6650
1409.000       2.5802
1411.000       2.8219
1413.000       2.9128
1414.000       2.9798
1415.000       3.2871
1416.000       2.8682
1417.000       2.9261
1418.000       3.1103
1421.000       3.0433
1423.000       2.7977
1424.000       2.7162
1426.000       2.4773
1427.000       2.4082
1429.000       2.2352
1431.000       2.1501
1432.000       2.0687
1435.000       2.2378
1436.000       2.3908
1437.000       2.5201
1438.000       3.0774
1440.000       2.9751
1442.000       3.1952
1444.000       3.3932
1445.000       3.5408
1446.000       3.9062
1447.000       3.4059
1448.000       3.5155
1449.000       3.7527
1452.000       3.7381
1454.000       3.4391
1455.000       3.4129
1457.000       3.1309
1458.000       2.9684
1460.000       2.7627
1461.000       2.8120
1462.000       2.7589
1463.000       2.6244
1464.000       2.9761
1466.000       3.1921
1467.000       3.4411
1470.000       3.2397
1471.000       3.0477
1472.000       3.8397
1474.000       3.7603
1476.000       4.0347
1478.000       4.2255
1479.000       4.4033
1480.000       4.8340
1481.000       4.2313
1482.000       4.3599
1483.000       4.6189
1486.000       4.5829
1488.000       4.2184
1489.000       4.1827
1491.000       3.8453
1492.000       3.6747
1494.000       3.4153
1496.000       3.3338
1497.000       3.1516
1500.000       3.5185
1501.000       3.7692
1502.000       3.9902
1503.000       4.6972
1505.000       4.5723
1507.000       4.8813
1509.000       5.1313
1510.000       5.3639
1511.000       5.8197
1512.000       5.2439
1513.000       5.3062
1514.000       5.5618
1517.000       5.5423
1519.000       5.1686
1520.000       5.1750
1522.000       4.8577
1523.000       4.6879
1525.000       4.5085
1527.000       4.5043
1528.000       4.4573
1531.000       4.6743
1532.000       4.8455
1533.000       5.0913
1534.000       5.6805
1536.000       5.5477
1538.000       5.9119
1540.000       6.1261
