   2.000       2.6751
   3.000       2.5518
   6.000       2.3239
   8.000       2.2944
   9.000       2.1817
  11.000       2.2274
  12.000       2.4805
  14.000       2.5809
  15.000       2.3723
  16.000       2.4585
  17.000       2.6878
  18.000       2.3941
  20.000       2.2872
  21.000       2.4590
  24.000       2.1635
  25.000       2.1901
  26.000       2.2208
  28.000       2.1422
  30.000       2.2290
  32.000       2.3047
  33.000       2.3795
  34.000       2.5560
  35.000       2.5297
  36.000       2.2154
  37.000       2.1669
  40.000       2.0715
  42.000       1.9977
  43.000       1.9790
  45.000       2.0176
  46.000       2.1436
  48.000       2.2786
  50.000       2.3021
  51.000       2.4963
  52.000       2.1691
  54.000       2.0286
  55.000       2.0037
  56.000       2.1331
  58.000       2.0713
  60.000       2.1340
  62.000       2.2519
  63.000       2.4250
  64.000       2.5750
  65.000       2.5362
  66.000       2.3769
  67.000       2.5296
  70.000       2.4758
  72.000       2.4625
  73.000       2.3045
  75.000       2.1851
  76.000       2.2386
  78.000       2.1904
  80.000       2.0948
  81.000       2.1171
  82.000       2.0582
  84.000       2.0959
  85.000       2.1144
  86.000       2.3282
  88.000       2.2772
  90.000       2.4142
  92.000       2.4385
  93.000       2.4086
  94.000       2.6243
  95.000       2.3983
  96.000       2.2590
  97.000       2.3175
 100.000       2.2287
 102.000       2.1268
 103.000       2.0908
 105.000       1.9926
 106.000       1.9436
 108.000       1.9090
 109.000       1.9391
 110.000       1.9880
 111.000       2.0018
 112.000       2.0875
 114.000       2.1349
 115.000       2.2830
 118.000       2.0940
 119.000       1.9946
 120.000       2.2189
 122.000       2.1976
 124.000       2.3523
 126.000       2.3807
 127.000       2.4367
 128.000       2.6629
 129.000       2.3905
 130.000       2.3848
 131.000       2.6184
 134.000       2.6135
 136.000       2.5126
 137.000       2.5105
 139.000       2.3546
 140.000       2.2503
 142.000       2.1456
 144.000       2.1528
 145.000       2.0952
 148.000       2.2716
 149.000       2.3720
 150.000       2.5251
 151.000       2.5847
 153.000       2.6190
 155.000       2.8543
 157.000       2.7440
 158.000       2.7392
 159.000       2.9444
 160.000       2.6212
 161.000       2.7372
 162.000       2.9158
 165.000       2.9165
 167.000       2.8153
 168.000       2.7583
 170.000       2.5364
 171.000       2.4054
 173.000       2.2317
 175.000       2.1953
 176.000       2.0714
 179.000       2.3355
 180.000       2.5051
 181.000       2.6673
 182.000       2.8405
 184.000       2.8283
 186.000       3.0667
 188.000       3.0115
 189.000       2.9070
 190.000       3.1381
 191.000       2.8086
 192.000       2.7292
 193.000       2.8336
 196.000       2.6718
 198.000       2.6017
 199.000       2.3928
 201.000       2.2296
 202.000       2.2430
 204.000       2.1071
 205.000       1.9842
 206.000       1.8528
 207.000       1.8224
 208.000       1.8277
 210.000       1.9250
 211.000       1.9490
 214.000       2.0491
 215.000       2.0682
 216.000       2.4787
 218.000       2.3476
 220.000       2.4514
 222.000       2.5541
 223.000       2.4862
 224.000       2.6370
 225.000       2.5392
 226.000       2.2548
 227.000       2.1653
 230.000       1.9777
 232.000       2.0070
 233.000       1.9108
 235.000       2.0273
 236.000       2.2108
 238.000       2.3197
 239.000       2.2044
 240.000       2.2749
 241.000       2.4675
 244.000       2.1923
 245.000       2.0305
 247.000       1.9361
 248.000       2.0299
 249.000       1.8659
 251.000       1.7976
 253.000       1.7144
 255.000       1.8004
 256.000       1.7622
 257.000       1.7338
 258.000       1.9005
 259.000       1.7056
 260.000       1.6200
 263.000       1.6460
 265.000       1.7309
 266.000       1.8316
 268.000       1.9520
 269.000       1.9925
 271.000       2.1514
 272.000       2.2121
 273.000       2.3987
 274.000       2.5672
 277.000       2.4529
 278.000       2.3310
 280.000       2.1554
 281.000       2.0957
 282.000       1.7030
 284.000       1.8415
 286.000       1.8974
 288.000       1.6794
 289.000       1.7500
 290.000       1.8506
 291.000       1.9749
 292.000       1.7726
 293.000       2.2129
 296.000       1.9865
 298.000       1.8634
 299.000       1.8183
 301.000       1.7942
 302.000       1.8131
 304.000       1.8416
 306.000       1.8320
 307.000       1.8898
 308.000       1.8209
 310.000       1.8121
 311.000       1.8794
 312.000       2.0421
 314.000       1.9434
 316.000       1.9832
 318.000       2.1503
 319.000       2.3006
 320.000       2.4032
 321.000       2.3841
 322.000       2.3516
 323.000       2.4046
 326.000       2.4654
 328.000       2.3137
 329.000       2.3904
 331.000       2.3029
 332.000       2.2498
 334.000       2.2416
 336.000       2.2653
 337.000       2.3032
 340.000       2.3067
 341.000       2.3370
 342.000       2.4504
 343.000       2.6414
 345.000       2.6414
 347.000       2.8003
 349.000       2.8714
 350.000       3.0971
 351.000       3.3305
 352.000       3.0741
 353.000       3.1473
 354.000       3.3081
 357.000       3.3401
 359.000       3.1054
 360.000       3.1526
 362.000       3.0026
 363.000       2.9152
 365.000       2.8366
 367.000       2.8421
 368.000       2.8232
 371.000       2.9134
 372.000       2.9983
 373.000       3.1110
 374.000       3.5080
 376.000       3.4557
 378.000       3.6401
 380.000       3.7956
 381.000       4.0448
 382.000       4.3328
 383.000       3.9812
 384.000       4.0947
 385.000       4.2549
 388.000       4.2536
 390.000       3.9629
 391.000       3.9799
 393.000       3.8085
 394.000       3.7616
 396.000       3.6487
 397.000       3.6188
 398.000       3.5663
 399.000       3.5408
 400.000       3.6004
 402.000       3.6762
 403.000       3.7209
 406.000       3.7445
 407.000       3.7116
 408.000       4.4424
 410.000       4.3209
 412.000       4.4761
 414.000       4.7755
 415.000       5.0615
 416.000       5.3875
 417.000       4.9779
 418.000       5.1293
 419.000       5.2810
 422.000       5.3277
 424.000       5.0331
 425.000       5.1025
 427.000       4.8831
 428.000       4.7465
 430.000       4.6258
 431.000       4.6679
 432.000       4.6338
 433.000       4.5476
 436.000       4.7467
 437.000       4.9057
 439.000       4.9685
 440.000       4.8295
 441.000       5.5464
 443.000       5.4599
 445.000       5.6875
 447.000       5.9140
 448.000       6.2651
 449.000       6.6119
 450.000       6.2665
 451.000       6.2916
 452.000       6.4583
 455.000       6.4889
 457.000       6.1392
 458.000       6.1785
 460.000       5.9085
 461.000       5.9151
 463.000       5.7364
 465.000       5.5521
 466.000       5.4648
 467.000       5.5546
 469.000       5.7141
 470.000       5.7333
 471.000       6.7104
 473.000       6.5997
 475.000       6.7736
 477.000       7.0167
 478.000       7.4163
 479.000       7.7189
 480.000       7.6362
 481.000       7.4134
 482.000       7.6473
 485.000       7.6479
 487.000       7.7514
 488.000       7.8166
 490.000       7.9820
 491.000       8.3681
 493.000       8.6147
 494.000       8.4298
 495.000       8.8139
 496.000       9.3121
 497.000       8.8178
 499.000       8.4517
 500.000       8.7449
 503.000       8.0305
 504.000       8.0510
 505.000       7.5109
 507.000       7.8290
 509.000       8.1123
 511.000       7.5208
 512.000       7.5613
 513.000       7.7217
 514.000       8.1134
 515.000       7.0533
 516.000       6.5602
 519.000       6.1817
 521.000       6.1780
 522.000       6.2434
 524.000       6.5891
 525.000       7.0291
 527.000       7.4400
 529.000       7.3758
 530.000       7.8135
 533.000       6.9613
 534.000       6.5689
 535.000       6.2879
 536.000       6.3322
 538.000       6.5198
 540.000       6.5663
 542.000       6.0833
 543.000       6.0752
 544.000       6.3883
 545.000       6.1414
 546.000       5.6741
 547.000       5.6114
 550.000       5.2322
 552.000       5.1246
 553.000       4.8021
 555.000       4.7809
 556.000       4.9305
 558.000       4.9527
 560.000       4.8221
 561.000       4.8800
 562.000       4.6861
 564.000       4.6623
 565.000       4.5932
 566.000       5.0038
 568.000       4.8447
 570.000       4.5921
 572.000       4.7961
 573.000       4.6836
 574.000       4.6826
 575.000       4.9741
 576.000       4.3471
 577.000       4.0784
 580.000       3.9893
 582.000       4.0766
 583.000       3.9346
 585.000       3.8426
 586.000       3.8658
 588.000       3.8348
 590.000       3.7741
 591.000       3.7800
 594.000       3.7669
 595.000       3.8008
 596.000       3.8399
 597.000       3.7395
 599.000       3.7547
 601.000       3.8487
 603.000       3.6729
 604.000       3.4288
 605.000       3.4944
 606.000       3.3558
 607.000       3.3065
 608.000       3.3657
 611.000       3.3033
 613.000       3.3836
 614.000       3.2588
 616.000       3.1519
 617.000       3.1178
 619.000       3.0470
 620.000       3.0187
 621.000       2.9630
 622.000       2.9192
 623.000       3.0007
 625.000       3.0919
 626.000       3.1688
 629.000       3.1407
 630.000       3.0934
 631.000       3.0833
 633.000       3.1116
 635.000       3.2422
 637.000       3.0410
 638.000       2.8413
 639.000       2.9091
 640.000       2.7615
 641.000       2.7747
 642.000       2.7801
 645.000       2.7822
 647.000       2.8507
 648.000       2.7542
 650.000       2.6158
 651.000       2.5754
 653.000       2.4961
 654.000       2.4605
 655.000       2.3933
 656.000       2.3565
 657.000       2.4155
 659.000       2.5224
 660.000       2.5876
 663.000       2.5979
 664.000       2.5472
 665.000       2.5875
 667.000       2.6527
 669.000       2.8483
 671.000       2.6021
 672.000       2.4285
 673.000       2.5782
 674.000       2.3307
 675.000       2.3185
 676.000       2.4284
 679.000       2.3235
 681.000       2.2927
 682.000       2.1363
 684.000       2.0370
 685.000       2.0622
 687.000       2.0338
 689.000       1.9803
 690.000       2.0251
 691.000       1.9337
 693.000       1.9586
 694.000       1.9576
 695.000       2.1494
 697.000       2.0622
 699.000       2.1522
 701.000       2.2337
 702.000       2.1445
 703.000       2.3570
 704.000       2.0155
 705.000       2.0739
 706.000       2.2235
 709.000       2.1396
 711.000       2.0595
 712.000       1.9281
 714.000       1.7778
 715.000       1.7700
 717.000       1.6650
 718.000       1.6015
 719.000       1.5600
 720.000       1.5661
 723.000       1.5972
 724.000       1.6504
 726.000       1.6980
 727.000       1.6723
 728.000       2.0207
 730.000       1.9525
 732.000       2.1024
 734.000       2.1420
 735.000       2.1370
 736.000       2.3069
 737.000       2.1757
 738.000       1.9918
 739.000       1.9901
 742.000       1.8653
 744.000       1.7713
 745.000       1.6992
 747.000       1.6564
 748.000       1.7093
 750.000       1.6974
 752.000       1.6291
 753.000       1.6512
 756.000       1.6120
 757.000       1.6221
 758.000       1.6573
 759.000       1.8614
 761.000       1.7703
 763.000       1.8243
 765.000       1.9908
 766.000       2.0658
 767.000       2.2666
 768.000       2.0860
 769.000       1.9798
 770.000       1.9819
 773.000       1.9311
 775.000       1.8115
 776.000       1.8076
 778.000       1.7341
 779.000       1.6994
 781.000       1.6585
 782.000       1.6699
 783.000       1.6785
 784.000       1.6581
 785.000       1.7689
 787.000       1.8422
 788.000       1.9718
 791.000       1.8232
 792.000       1.7310
 793.000       1.9725
 795.000       1.9334
 797.000       2.0374
 799.000       2.1319
 800.000       2.2237
 801.000       2.4246
 802.000       2.1871
 803.000       2.1948
 804.000       2.2947
 807.000       2.2862
 809.000       2.1573
 810.000       2.1527
 812.000       2.0121
 813.000       1.9262
 815.000       1.8373
 816.000       1.8592
 817.000       1.8214
 818.000       1.7587
 819.000       1.9138
 821.000       2.0326
 822.000       2.1429
 825.000       2.0755
 826.000       1.9755
 827.000       2.3345
 829.000       2.3080
 831.000       2.4611
 833.000       2.5140
 834.000       2.5992
 835.000       2.8320
 836.000       2.5468
 837.000       2.5452
 838.000       2.6720
 841.000       2.6257
 843.000       2.4631
 844.000       2.3743
 846.000       2.1791
 847.000       2.1298
 849.000       2.0000
 850.000       1.9552
 851.000       1.8699
 852.000       1.8062
 855.000       1.8989
 856.000       2.0122
 858.000       2.1078
 859.000       2.0671
 860.000       2.6255
 862.000       2.5166
 864.000       2.8862
 866.000       2.9591
 867.000       3.0683
 868.000       3.5930
 869.000       3.1005
 870.000       2.7027
 871.000       2.8087
 874.000       2.4286
 876.000       2.1876
 877.000       1.7998
 879.000       1.7745
 880.000       1.7963
 882.000       1.7682
 883.000       1.7269
 884.000       1.7140
 885.000       1.7289
 886.000       1.7333
 888.000       1.7575
 889.000       1.8184
 892.000       1.7618
 893.000       1.7439
 894.000       2.2279
 896.000       1.7707
 898.000       1.7777
 900.000       2.4725
 901.000       2.5954
 902.000       2.9678
 903.000       2.7685
 904.000       2.2368
 905.000       2.2085
 908.000       1.9699
 910.000       1.8107
 911.000       1.7402
 913.000       1.6983
 914.000       1.7302
 916.000       1.7296
 917.000       1.6897
 918.000       1.7212
 919.000       1.7972
 920.000       1.7103
 922.000       1.6826
 923.000       1.7205
 926.000       1.6707
 927.000       1.6683
 928.000       1.9570
 930.000       1.8305
 932.000       1.8795
 934.000       2.1009
 935.000       2.2095
 936.000       2.4298
 937.000       2.2904
 938.000       2.1064
 939.000       2.0395
 942.000       2.0881
 944.000       2.0189
 945.000       2.1244
 947.000       2.0918
 948.000       2.0348
 950.000       2.0785
 951.000       2.1597
 952.000       2.2725
 953.000       2.3229
 956.000       2.3911
 957.000       2.4057
 959.000       2.3132
 960.000       2.1805
 961.000       2.2437
 963.000       2.3107
 965.000       2.4862
 967.000       2.4500
 968.000       2.6526
 969.000       2.9339
 970.000       2.5765
 971.000       2.7668
 972.000       2.9847
 975.000       3.1172
 977.000       2.9875
 978.000       3.0945
 980.000       2.9232
 981.000       2.7426
 983.000       2.7254
 984.000       2.8987
 985.000       3.0577
 986.000       3.0764
 989.000       3.2934
 990.000       3.3790
 992.000       3.2738
 993.000       3.0203
 994.000       3.2394
 996.000       3.3180
 998.000       3.6025
1000.000       3.5099
1001.000       3.7110
1002.000       4.0213
1003.000       3.9163
1004.000       3.5198
1005.000       3.4990
1008.000       3.3742
1010.000       3.2691
1011.000       3.2799
1013.000       3.3332
1014.000       3.3882
1016.000       3.5609
1018.000       3.6762
1019.000       3.9401
1022.000       3.6354
1023.000       3.4622
1024.000       3.5260
1025.000       3.4138
1027.000       3.3622
1029.000       3.4248
1031.000       3.5280
1032.000       3.6519
1033.000       3.8910
1034.000       3.8501
1035.000       3.4554
1036.000       3.4932
1039.000       3.3605
1041.000       3.2075
1042.000       3.1273
1044.000       3.0240
1045.000       3.0892
1047.000       3.0947
1049.000       3.0344
1050.000       3.1502
1053.000       2.9741
1054.000       2.9657
1055.000       3.0078
1056.000       3.3647
1058.000       3.2814
1060.000       3.4123
1062.000       3.5381
1063.000       3.5741
1064.000       3.8930
1065.000       3.5704
1066.000       3.3192
1067.000       3.2603
1070.000       3.0672
1072.000       2.8465
1073.000       2.6708
1075.000       2.5064
1076.000       2.6103
1078.000       2.5554
1079.000       2.3926
1080.000       2.3934
1081.000       2.5436
1082.000       2.3464
1084.000       2.3030
1085.000       2.3780
1088.000       2.3184
1089.000       2.3574
1090.000       3.0382
1092.000       2.8420
1094.000       2.9934
1096.000       3.2982
1097.000       3.3656
1098.000       3.7649
1099.000       3.4157
1100.000       3.0520
1101.000       3.1317
1104.000       2.9124
1106.000       2.6665
1107.000       2.5599
1109.000       2.4501
1110.000       2.5280
1112.000       2.6216
1114.000       2.6636
1115.000       2.9244
1118.000       2.6315
1119.000       2.5045
1120.000       2.6283
1121.000       2.8844
1123.000       2.7221
1125.000       2.9144
1127.000       3.1619
1128.000       3.2440
1129.000       3.7058
1130.000       3.4974
1131.000       2.8383
1132.000       2.8737
1135.000       2.8639
1137.000       2.8255
1138.000       3.1074
1140.000       3.1862
1141.000       3.1201
1143.000       3.4465
1145.000       3.8347
1146.000       4.2709
1147.000       3.9399
1149.000       3.6735
1150.000       4.0793
1151.000       2.9610
1153.000       3.2704
1155.000       3.8471
1157.000       3.1499
1158.000       3.2170
1159.000       3.3333
1160.000       3.8356
1161.000       3.0306
1162.000       3.0923
1165.000       3.3819
1167.000       3.5992
1168.000       3.9917
1170.000       4.3031
1171.000       4.1707
1173.000       4.6683
1175.000       5.2724
1176.000       5.8117
1177.000       5.3966
1179.000       4.9926
1180.000       5.4086
1181.000       3.4866
1183.000       3.8295
1185.000       4.4106
1187.000       3.9519
1188.000       4.0040
1189.000       4.7794
1190.000       4.0225
1191.000       3.4940
1192.000       3.5191
1195.000       3.2239
1197.000       3.2166
1198.000       2.9781
1200.000       2.9891
1201.000       3.0952
1203.000       3.1880
1205.000       3.1926
1206.000       3.3612
1207.000       3.1698
1209.000       3.0772
1210.000       3.2281
1211.000       3.0197
1213.000       2.8489
1215.000       2.8315
1217.000       3.0425
1218.000       3.3016
1219.000       3.5815
1220.000       3.3422
1221.000       3.2971
1222.000       3.1375
1225.000       3.2693
1227.000       3.1377
1228.000       3.3299
1230.000       3.1868
1231.000       3.2295
1233.000       3.1323
1235.000       2.9780
1236.000       2.9239
1237.000       2.9543
1239.000       3.0489
1240.000       3.0640
1241.000       3.6084
1243.000       3.5824
1245.000       3.8917
1247.000       3.8283
1248.000       3.9430
1249.000       3.8859
1250.000       4.3417
1251.000       3.7227
1252.000       3.8407
1255.000       3.6635
1257.000       3.7273
1258.000       3.4398
1260.000       3.4829
1261.000       3.6252
1263.000       3.7058
1265.000       3.6684
1266.000       3.7926
1267.000       3.5674
1269.000       3.4668
1270.000       3.4552
1271.000       3.2974
1273.000       3.1699
1275.000       2.9465
1277.000       3.2640
1278.000       3.3549
1279.000       3.4639
1280.000       3.5917
1281.000       3.1866
1282.000       2.6267
1285.000       2.5471
1287.000       2.5201
1288.000       2.3963
1290.000       2.2685
1291.000       2.2664
1293.000       2.1711
1294.000       2.1057
1295.000       2.0252
1296.000       1.9988
1297.000       2.0146
1299.000       2.0716
1300.000       2.0754
1303.000       2.1518
1304.000       2.1645
1305.000       2.3537
1307.000       2.3249
1309.000       2.4973
1311.000       2.4261
1312.000       2.3156
1313.000       2.4832
1314.000       2.3290
1315.000       2.0882
1316.000       2.0669
1319.000       1.9227
1321.000       1.9190
1322.000       1.8060
1324.000       1.7898
1325.000       1.8501
1327.000       1.8354
1328.000       1.7608
1329.000       1.7451
1330.000       1.7856
1331.000       1.7230
1333.000       1.7068
1334.000       1.7197
1337.000       1.7115
1338.000       1.7392
1339.000       1.7970
1341.000       1.7344
1343.000       1.7699
1345.000       1.8063
1346.000       1.7714
1347.000       1.8625
1348.000       1.8243
1349.000       1.6615
1350.000       1.6572
1353.000       1.6004
1355.000       1.5937
1356.000       1.5618
1358.000       1.5436
1359.000       1.5599
1361.000       1.5606
1362.000       1.5407
1363.000       1.5629
1364.000       1.5976
1365.000       1.5894
1367.000       1.5967
1368.000       1.6667
1371.000       1.5732
1372.000       1.5410
1373.000       1.5629
1375.000       1.5552
1377.000       1.6197
1379.000       1.6116
1380.000       1.6359
1381.000       1.7576
1382.000       1.6808
1383.000       1.5857
1384.000       1.6337
1387.000       1.6430
1389.000       1.6353
1390.000       1.6432
1392.000       1.5798
1393.000       1.5342
1395.000       1.5238
1396.000       1.5573
1397.000       1.5926
1398.000       1.6008
1399.000       1.6653
1401.000       1.7107
1402.000       1.8169
1405.000       1.6861
1406.000       1.6003
1407.000       1.6306
1409.000       1.6804
1411.000       1.8088
1413.000       1.7001
1414.000       1.7014
1415.000       1.8365
1416.000       1.6845
1417.000       1.6985
1418.000       1.7995
1421.000       1.8454
1423.000       1.8466
1424.000       1.8740
1426.000       1.7960
1427.000       1.7051
1429.000       1.6755
1431.000       1.7331
1432.000       1.7554
1433.000       1.8228
1435.000       1.8627
1436.000       1.9960
1437.000       1.8207
1439.000       1.9184
1441.000       2.1065
1443.000       1.8877
1444.000       1.8636
1445.000       1.9848
1446.000       1.8326
1447.000       1.8118
1448.000       1.8693
1451.000       1.8273
1453.000       1.8012
1454.000       1.7376
1456.000       1.6632
1457.000       1.6492
1459.000       1.5946
1461.000       1.5558
1462.000       1.5381
1463.000       1.5786
1465.000       1.6284
1466.000       1.6659
1467.000       1.7680
1469.000       1.7373
1471.000       1.8150
1473.000       1.8211
1474.000       1.7922
1475.000       1.9019
1476.000       1.7882
1477.000       1.7094
1478.000       1.6764
1481.000       1.6218
1483.000       1.6536
1484.000       1.6231
1486.000       1.6560
1487.000       1.7166
1489.000       1.7603
1490.000       1.7275
1491.000       1.7694
1492.000       1.8513
1495.000       1.7587
1496.000       1.7044
1498.000       1.6593
1499.000       1.6687
1500.000       1.5787
1502.000       1.5814
1504.000       1.5764
1506.000       1.5484
1507.000       1.5415
1508.000       1.5455
1509.000       1.5934
1510.000       1.5483
1511.000       1.5406
1514.000       1.5568
1516.000       1.5787
1517.000       1.6150
1519.000       1.6475
1520.000       1.6488
1522.000       1.7053
1523.000       1.7374
1524.000       1.8195
1525.000       1.8917
1528.000       1.8564
1529.000       1.8218
1531.000       1.7506
1532.000       1.7062
1533.000       1.5849
1535.000       1.6261
1537.000       1.6541
1539.000       1.5999
1540.000       1.6007
1541.000       1.6433
1542.000       1.6468
1543.000       1.6021
1544.000       1.5939
1547.000       1.6142
1549.000       1.6254
1550.000       1.6467
1552.000       1.6419
1553.000       1.6589
1555.000       1.6929
1557.000       1.7054
1558.000       1.7595
1559.000       1.6965
1561.000       1.6699
1562.000       1.7107
1563.000       1.6463
1565.000       1.6866
1567.000       1.7702
1569.000       1.7057
1570.000       1.7861
1571.000       1.8835
1572.000       1.8287
1573.000       1.8029
1574.000       1.8501
1577.000       1.8754
1579.000       1.8290
1580.000       1.8639
1582.000       1.8329
1583.000       1.8048
1585.000       1.8188
1587.000       1.8557
1588.000       1.8991
1591.000       1.8869
1592.000       1.8809
1593.000       1.9530
1594.000       1.9358
1596.000       1.9535
1598.000       2.0518
1600.000       2.0414
1601.000       2.1249
1602.000       2.2670
1603.000       2.1210
1604.000       2.1358
1605.000       2.3659
1608.000       2.3299
1610.000       2.2372
1611.000       2.2506
1613.000       2.1898
1614.000       2.1397
1616.000       2.1209
1618.000       2.1459
1619.000       2.1633
1620.000       2.1918
1622.000       2.2173
1623.000       2.2939
1624.000       2.3750
1626.000       2.3567
1628.000       2.4552
1630.000       2.5055
1631.000       2.6048
1632.000       2.7664
1633.000       2.5844
1634.000       2.6117
1635.000       2.6888
1638.000       2.7025
1640.000       2.5968
1641.000       2.6137
1643.000       2.5151
1644.000       2.4504
1646.000       2.4082
1647.000       2.4437
1648.000       2.4566
1649.000       2.4425
1650.000       2.5290
1652.000       2.5871
1653.000       2.6777
1656.000       2.5886
1657.000       2.5097
1658.000       2.7650
1660.000       2.7592
1662.000       2.8842
1664.000       2.9196
1665.000       3.0275
1666.000       3.2115
1667.000       2.9874
1668.000       3.0445
1669.000       3.1527
1672.000       3.1624
1674.000       3.0161
1675.000       3.0273
1677.000       2.9080
1678.000       2.8494
1680.000       2.7763
1682.000       2.7724
1683.000       2.7461
1686.000       2.8330
1687.000       2.8965
1688.000       2.9812
1689.000       3.2445
1691.000       3.2162
1693.000       3.3646
1695.000       3.4413
1696.000       3.5848
1697.000       3.7967
1698.000       3.5392
1699.000       3.5955
1700.000       3.7227
1703.000       3.7303
1705.000       3.5492
1706.000       3.5551
1708.000       3.4117
1709.000       3.3374
1711.000       3.2471
1712.000       3.2672
1713.000       3.2512
1714.000       3.1975
1717.000       3.3352
1718.000       3.4225
1720.000       3.4517
1721.000       3.3696
1722.000       3.8127
1724.000       3.7743
1726.000       3.9373
1728.000       4.0462
1729.000       4.1806
1730.000       4.4626
1731.000       4.0650
1732.000       4.1870
1733.000       4.3645
1736.000       4.3679
1738.000       4.1322
1739.000       4.1330
1741.000       3.9211
1742.000       3.8212
1744.000       3.6870
1745.000       3.6975
1746.000       3.6400
1747.000       3.5643
1748.000       3.7297
1750.000       3.8573
1751.000       3.9625
1754.000       3.9215
1755.000       3.8364
1756.000       4.4741
1758.000       4.4139
1760.000       4.6474
1762.000       4.7791
1763.000       4.9492
1764.000       5.3288
1765.000       4.8535
1766.000       4.9544
1767.000       5.0366
1770.000       5.1383
1772.000       4.9344
1773.000       5.1151
1775.000       4.9313
1776.000       4.8555
1778.000       4.7633
1780.000       4.7426
1781.000       4.7119
1782.000       4.8157
1784.000       4.9074
1785.000       5.0065
1786.000       5.3732
1788.000       5.4393
1790.000       5.7226
1792.000       5.6810
1793.000       5.9089
1794.000       6.3090
1795.000       5.8195
1796.000       5.9078
1797.000       6.0180
1800.000       6.0698
1802.000       6.3333
1803.000       6.3273
1805.000       6.3245
1806.000       6.3329
1808.000       6.4089
1809.000       6.4581
1810.000       6.6071
1811.000       6.7208
1812.000       6.6791
1814.000       6.6249
1815.000       6.7581
1818.000       6.4948
1819.000       6.4096
1820.000       5.8226
1822.000       6.0560
1824.000       6.2066
1826.000       5.6760
1827.000       5.3611
1828.000       5.3595
1829.000       5.2067
1830.000       5.3550
1831.000       5.5107
1834.000       5.6028
1836.000       5.7942
1837.000       5.7694
1839.000       5.6725
1840.000       5.5471
1842.000       5.5530
1843.000       5.6808
1844.000       5.7924
1845.000       5.7915
1848.000       5.9602
1849.000       6.0194
1851.000       5.9327
1852.000       5.7579
1853.000       5.3634
1855.000       5.5581
1857.000       5.7780
1859.000       5.3013
1860.000       5.0453
1861.000       5.1074
1862.000       4.7999
1863.000       5.1149
1864.000       5.3144
1867.000       5.4430
1869.000       5.5610
1870.000       5.5740
1872.000       5.3977
1873.000       5.1568
1875.000       5.0793
1876.000       5.2818
1877.000       5.3644
1878.000       5.2547
1881.000       5.6076
1882.000       5.7690
1884.000       5.7270
1885.000       5.4737
1886.000       5.2526
1888.000       5.4572
1890.000       5.7424
1892.000       5.2556
1893.000       5.0155
1894.000       5.1777
1895.000       4.8247
1896.000       4.9445
1897.000       5.1082
1900.000       5.0965
1902.000       5.0849
1903.000       4.9711
1905.000       4.6977
1906.000       4.5743
1908.000       4.4008
1909.000       4.4098
1910.000       4.3281
1911.000       4.2305
1912.000       4.4434
1914.000       4.6059
1915.000       4.7466
1918.000       4.6915
1919.000       4.5878
1920.000       4.9163
1922.000       4.9529
1924.000       5.2650
1926.000       4.8818
1927.000       4.7036
1928.000       4.8412
1929.000       4.6743
1930.000       4.4986
1931.000       4.5380
1934.000       4.3652
1936.000       4.3164
1937.000       4.0530
1939.000       3.9699
1940.000       3.9943
1942.000       3.9120
1944.000       3.7929
1945.000       3.7245
1948.000       3.8046
1949.000       3.8967
1950.000       3.9634
1951.000       4.1523
1953.000       3.9743
1955.000       3.7809
1957.000       4.1486
1958.000       4.0379
1959.000       4.2664
1960.000       3.9462
1961.000       3.8833
1962.000       4.0281
1965.000       3.9395
1967.000       3.9235
1968.000       3.7836
1970.000       3.6059
1971.000       3.5443
1973.000       3.4205
1975.000       3.3377
1976.000       3.2566
1977.000       3.4093
1979.000       3.5437
1980.000       3.6405
1981.000       3.7182
1983.000       3.7131
1985.000       3.9126
1987.000       3.7693
1988.000       3.5969
1989.000       3.7409
1990.000       3.4875
1991.000       3.4803
1992.000       3.5755
1995.000       3.4949
1997.000       3.4817
1998.000       3.3431
2000.000       3.1933
2001.000       3.1575
2003.000       3.0450
2004.000       2.9952
2005.000       2.8983
2006.000       2.8290
2007.000       2.9232
2009.000       3.0317
2010.000       3.0817
2013.000       3.1205
2014.000       3.0927
2015.000       3.3104
2017.000       3.2801
2019.000       3.4230
2021.000       3.3536
2022.000       3.2385
2023.000       3.3745
2024.000       3.1715
2025.000       3.1265
2026.000       3.1600
2029.000       3.0817
2031.000       3.0547
2032.000       2.9405
2034.000       2.8165
2035.000       2.8131
2037.000       2.7256
2039.000       2.6326
2040.000       2.5613
2043.000       2.6452
2044.000       2.7403
2045.000       2.7896
2046.000       2.9424
2048.000       2.9057
2050.000       3.0277
2052.000       2.9915
2053.000       2.8924
2054.000       3.0272
2055.000       2.8405
2056.000       2.7823
2057.000       2.8234
2060.000       2.7401
2062.000       2.7100
2063.000       2.6011
2065.000       2.4983
2066.000       2.4946
2068.000       2.4095
2069.000       2.3473
2070.000       2.2686
2071.000       2.2285
2074.000       2.2672
2075.000       2.3440
2077.000       2.4169
2078.000       2.4089
2079.000       2.6163
2081.000       2.5713
2083.000       2.6756
2085.000       2.6674
2086.000       2.5882
2087.000       2.7196
2088.000       2.5467
2089.000       2.4846
2090.000       2.5146
2093.000       2.4407
2095.000       2.4183
2096.000       2.3150
2098.000       2.2175
2099.000       2.2167
2101.000       2.1389
2102.000       2.0728
2103.000       1.9968
2104.000       1.9692
2105.000       1.9841
2107.000       2.0464
2108.000       2.0567
2111.000       2.1228
2112.000       2.1269
2113.000       2.3287
2115.000       2.2900
2117.000       2.3949
2119.000       2.3820
2120.000       2.3252
2121.000       2.4433
2122.000       2.3356
2123.000       2.2011
2124.000       2.2166
2127.000       2.1017
2129.000       2.0522
2130.000       1.9457
2132.000       1.9087
2133.000       1.9639
2135.000       1.9541
2137.000       1.8903
2138.000       1.9136
2139.000       1.8422
2141.000       1.8441
2142.000       1.8228
2143.000       2.0276
2145.000       1.9185
2147.000       1.9290
2149.000       2.1019
2150.000       2.1010
2151.000       2.2978
2152.000       2.1069
2153.000       1.9632
2154.000       2.0049
2157.000       1.8919
2159.000       1.8392
2160.000       1.7493
2162.000       1.6913
2163.000       1.7238
2165.000       1.6942
2166.000       1.6338
2167.000       1.6222
2168.000       1.6708
2171.000       1.6211
2172.000       1.6295
2174.000       1.6412
2175.000       1.6385
2176.000       1.7986
2178.000       1.7400
2180.000       1.8082
2182.000       1.8449
2183.000       1.8387
2184.000       1.9239
2185.000       1.8910
2186.000       1.7598
2187.000       1.7338
2190.000       1.6624
2192.000       1.6360
2193.000       1.5944
2195.000       1.6043
2196.000       1.6565
2198.000       1.6592
2199.000       1.6096
2200.000       1.6094
2201.000       1.6448
2202.000       1.5938
2204.000       1.5786
2205.000       1.6042
2208.000       1.5715
2209.000       1.5841
2210.000       1.6572
2212.000       1.6051
2214.000       1.6054
2216.000       1.7010
2217.000       1.7476
2218.000       1.8463
2219.000       1.7988
2220.000       1.6932
2221.000       1.6905
2224.000       1.6686
2226.000       1.6414
2227.000       1.6441
2229.000       1.6241
2230.000       1.6242
2232.000       1.6217
2233.000       1.6154
2234.000       1.6279
2235.000       1.6452
2236.000       1.6502
2238.000       1.6630
2239.000       1.7131
2242.000       1.6541
2243.000       1.6239
2244.000       1.6802
2246.000       1.6784
2248.000       1.7347
2250.000       1.7450
2251.000       1.7830
2252.000       1.9083
2253.000       1.8018
2254.000       1.7354
2255.000       1.7900
2258.000       1.7700
2260.000       1.7484
2261.000       1.7083
2263.000       1.6283
2264.000       1.6031
2266.000       1.5727
2267.000       1.5647
2268.000       1.5580
2269.000       1.5612
2270.000       1.5863
2272.000       1.6245
2273.000       1.6809
2276.000       1.6399
2277.000       1.6042
2278.000       1.7089
2280.000       1.7249
2282.000       1.8571
2284.000       1.7794
2285.000       1.7347
2286.000       1.8969
2287.000       1.6899
2288.000       1.6853
2289.000       1.7592
2292.000       1.7332
2294.000       1.7253
2295.000       1.6659
2297.000       1.5963
2298.000       1.5907
2300.000       1.5544
2301.000       1.5274
2302.000       1.5191
2303.000       1.5257
2306.000       1.5507
2307.000       1.5951
2309.000       1.6053
2310.000       1.5615
2311.000       1.6773
2313.000       1.6783
2315.000       1.7939
2317.000       1.7358
2318.000       1.7531
2319.000       1.8678
2320.000       1.8456
2321.000       1.6360
2322.000       1.6120
2325.000       1.5622
2327.000       1.5204
2328.000       1.5051
2330.000       1.4450
2331.000       1.4824
2333.000       1.4655
2335.000       1.4137
2336.000       1.4534
2337.000       1.4116
2339.000       1.4287
2340.000       1.5106
2341.000       1.6095
2343.000       1.5824
2345.000       1.6801
2347.000       1.7460
2348.000       1.8186
2349.000       2.0789
2350.000       1.8401
2351.000       1.8569
2352.000       2.0985
2355.000       2.3044
2357.000       2.4066
2358.000       2.5018
2360.000       2.2598
2361.000       2.3260
2363.000       2.2181
2364.000       2.2688
2365.000       2.6725
2366.000       2.8839
2369.000       3.1364
2370.000       3.0745
2372.000       2.6560
2373.000       2.2999
2374.000       2.2891
2376.000       2.5000
2378.000       3.2360
2380.000       2.3945
2381.000       2.5175
2382.000       2.4246
2383.000       2.9529
2384.000       2.4993
2385.000       2.7640
2388.000       2.8227
2390.000       2.8572
2391.000       2.8233
2393.000       2.6872
2394.000       2.6179
2396.000       2.5376
2398.000       2.5357
2399.000       2.5036
2402.000       2.6302
2403.000       2.7035
2404.000       2.8345
2405.000       2.7303
2407.000       2.8222
2409.000       3.0356
2411.000       2.8333
2412.000       2.8111
2413.000       2.9949
2414.000       2.6940
2415.000       2.8135
2416.000       2.9653
2419.000       2.9807
2421.000       2.9212
2422.000       2.8904
2424.000       2.7234
2425.000       2.6180
2427.000       2.4928
2429.000       2.4759
2430.000       2.3899
2433.000       2.5908
2434.000       2.7149
2435.000       2.8529
2436.000       2.9390
2438.000       2.9634
2440.000       3.1638
2442.000       3.0729
2443.000       3.0566
2444.000       3.2674
2445.000       2.9390
2446.000       3.0229
2447.000       3.1892
2450.000       3.1665
2452.000       3.0623
2453.000       2.9839
2455.000       2.7743
2456.000       2.6745
2458.000       2.5051
2460.000       2.4208
2461.000       2.3011
2462.000       2.5402
2464.000       2.7174
2465.000       2.8485
2466.000       3.0790
2468.000       3.0481
2470.000       3.2571
2472.000       3.2348
2473.000       3.1776
2474.000       3.4052
2475.000       3.0531
2476.000       3.0810
2477.000       3.2302
2480.000       3.1454
2482.000       3.0509
2483.000       2.9103
2485.000       2.6960
2486.000       2.6374
2488.000       2.4649
2490.000       2.3310
2491.000       2.2054
2492.000       2.4047
2494.000       2.5877
2495.000       2.6831
2496.000       2.9873
2498.000       2.9192
2500.000       3.1098
2502.000       3.1085
2503.000       2.9969
2504.000       3.2241
2505.000       2.8796
2506.000       2.8359
2507.000       2.9737
2510.000       2.8331
2512.000       2.7364
2513.000       2.5406
2515.000       2.3247
2516.000       2.3250
2518.000       2.1700
2520.000       1.9960
2521.000       1.8821
2524.000       1.9903
2525.000       2.1605
2526.000       2.2004
2527.000       2.6315
2529.000       2.5240
2531.000       2.6982
2533.000       2.7371
2534.000       2.6201
2535.000       2.8224
2536.000       2.5919
2537.000       2.3897
2538.000       2.4407
2541.000       2.2296
2543.000       2.1170
2544.000       1.8905
2546.000       1.7726
2547.000       1.8776
2549.000       1.8278
2551.000       1.6615
2552.000       1.6674
2553.000       1.5563
2555.000       1.6050
2556.000       1.5560
2557.000       2.0599
2559.000       1.8786
2561.000       1.9572
2563.000       2.1708
2564.000       2.1356
2565.000       2.3615
2566.000       2.1324
2567.000       1.9448
2568.000       1.9797
2571.000       1.7911
2573.000       1.6651
2574.000       1.5285
2576.000       1.4761
2577.000       1.5482
2579.000       1.4948
2580.000       1.3870
2581.000       1.3509
2582.000       1.4037
2583.000       1.3133
2585.000       1.3015
2586.000       1.3114
2589.000       1.3327
2590.000       1.3762
2591.000       1.7365
2593.000       1.5839
2595.000       1.6076
2597.000       1.8435
2598.000       1.9024
2599.000       2.0615
2600.000       1.9843
2601.000       1.7727
2602.000       1.7497
2605.000       1.6626
2607.000       1.5601
2608.000       1.5412
2610.000       1.5201
2611.000       1.5626
2613.000       1.5592
2615.000       1.5198
2616.000       1.5472
2617.000       1.5070
2619.000       1.5073
2620.000       1.5492
2621.000       1.7214
2623.000       1.6519
2625.000       1.6949
2627.000       1.8413
2628.000       1.9418
2629.000       2.0990
2630.000       1.9914
2631.000       1.8841
2632.000       1.9094
2635.000       1.8710
2637.000       1.7750
2638.000       1.7590
2640.000       1.6928
2641.000       1.6938
2643.000       1.6583
2645.000       1.6107
2646.000       1.5934
2649.000       1.6238
2650.000       1.6670
2651.000       1.7183
2652.000       1.9054
2654.000       1.8569
2656.000       1.9408
2658.000       2.0260
2659.000       2.0779
2660.000       2.2218
2661.000       2.0936
2662.000       2.0144
2663.000       2.0560
2666.000       1.9985
2668.000       1.9349
2669.000       1.8841
2671.000       1.8124
2672.000       1.8201
2674.000       1.7785
2676.000       1.7237
2677.000       1.7110
2680.000       1.7208
2681.000       1.7648
2682.000       1.7904
2683.000       1.9772
2685.000       1.9331
2687.000       2.0109
2689.000       2.0567
2690.000       2.0629
2691.000       2.1893
2692.000       2.0733
2693.000       1.9737
2694.000       1.9987
2697.000       1.9137
2699.000       1.8583
2700.000       1.7799
2702.000       1.7300
2703.000       1.7643
2705.000       1.7359
2707.000       1.6766
2708.000       1.6781
2711.000       1.6503
2712.000       1.6731
2713.000       1.6708
2714.000       1.8654
2716.000       1.7938
2718.000       1.8252
2720.000       1.9234
2721.000       1.9444
2722.000       2.0436
2723.000       1.9900
2724.000       1.8582
2725.000       1.8260
2728.000       1.7442
2730.000       1.6989
2731.000       1.6565
2733.000       1.6731
2734.000       1.7244
2736.000       1.7431
2737.000       1.7026
2738.000       1.7208
2739.000       1.7771
2740.000       1.7023
2742.000       1.6643
2743.000       1.6772
2746.000       1.6415
2747.000       1.6614
2748.000       1.7449
2750.000       1.6802
2752.000       1.6559
2754.000       1.7768
2755.000       1.8670
2756.000       1.9492
2757.000       1.8883
2758.000       1.9038
2759.000       1.8972
2762.000       1.9667
2764.000       1.9548
2765.000       2.0067
2767.000       1.9375
2768.000       1.8418
2770.000       1.8021
2772.000       1.8692
2773.000       1.8590
2776.000       1.9737
2777.000       2.0068
2778.000       2.1261
2779.000       1.9929
2781.000       2.0712
2783.000       2.2037
2785.000       2.0708
2786.000       2.0615
2787.000       2.1803
2788.000       2.0031
2789.000       2.0663
2790.000       2.1653
2793.000       2.1718
2795.000       2.1277
2796.000       2.0975
2798.000       1.9962
2799.000       1.9482
2801.000       1.8863
2802.000       1.8907
2803.000       1.8708
2804.000       1.8311
2807.000       1.9276
2808.000       2.0026
2810.000       2.0281
2811.000       1.9640
2812.000       2.1433
2814.000       2.1500
2816.000       2.2778
2818.000       2.2363
2819.000       2.2103
2820.000       2.3749
2821.000       2.1550
2822.000       2.1503
2823.000       2.2575
2826.000       2.2116
2828.000       2.1390
2829.000       2.0678
2831.000       1.9278
2832.000       1.8999
2834.000       1.8197
2836.000       1.7533
2837.000       1.7171
2840.000       1.7791
2841.000       1.8710
2842.000       1.9497
2843.000       2.1461
2845.000       2.1235
2847.000       2.2857
2849.000       2.2580
2850.000       2.2551
2851.000       2.4291
2852.000       2.2146
2853.000       2.1885
2854.000       2.2825
2857.000       2.2169
2859.000       2.1057
2860.000       2.0089
2862.000       1.8815
2863.000       1.8965
2865.000       1.8252
2867.000       1.7363
2868.000       1.7164
2871.000       1.7198
2872.000       1.7912
2873.000       1.8121
2874.000       2.1809
2876.000       2.0984
2878.000       2.2270
2880.000       2.3302
2881.000       2.3808
2882.000       2.5900
2883.000       2.3764
2884.000       2.2680
2885.000       2.3160
2888.000       2.2001
2890.000       2.0592
2891.000       1.9793
2893.000       1.8871
2894.000       1.9209
2896.000       1.8625
2898.000       1.7805
2899.000       1.7787
2902.000       1.7554
2903.000       1.8008
2904.000       1.8092
2905.000       2.2153
2907.000       2.1084
2909.000       2.1962
2911.000       2.3491
2912.000       2.4761
2913.000       2.6342
2914.000       2.5525
2915.000       2.3909
2916.000       2.3635
2919.000       2.3012
2921.000       2.1806
2922.000       2.2343
2924.000       2.1846
2925.000       2.2679
2927.000       2.2265
2928.000       2.1076
2929.000       2.0599
2930.000       2.1052
2931.000       2.0097
2933.000       1.9981
2934.000       1.9969
2937.000       2.0366
2938.000       2.0874
2939.000       2.4400
2941.000       2.4083
2943.000       2.5201
2945.000       2.4879
2946.000       2.6237
2947.000       2.7355
2948.000       2.7775
2949.000       2.5757
2950.000       2.5703
2953.000       2.5831
2955.000       2.4686
2956.000       2.5324
2958.000       2.4843
2959.000       2.4240
2961.000       2.4301
2962.000       2.4969
2963.000       2.5793
2964.000       2.5928
2967.000       2.6965
2968.000       2.7310
2970.000       2.6593
2971.000       2.5382
2972.000       2.7171
2974.000       2.6582
2976.000       2.7929
2978.000       2.8292
2979.000       2.9837
2980.000       3.1779
2981.000       3.1805
2982.000       2.7624
2983.000       2.3269
2986.000       2.1587
2988.000       2.1508
2989.000       1.9870
2991.000       1.9388
2992.000       1.9630
2994.000       1.9586
2996.000       1.9313
2997.000       1.9549
3000.000       1.9259
3001.000       1.9247
3002.000       1.9471
3003.000       1.9941
3005.000       1.8881
3007.000       1.8977
3009.000       1.9981
3010.000       1.8787
3011.000       1.9929
3012.000       1.8479
3013.000       1.7677
3014.000       1.8362
3017.000       1.7943
3019.000       1.8911
3020.000       1.9018
3022.000       1.8828
3023.000       2.0472
3025.000       1.9979
3026.000       1.8055
3027.000       1.7381
3028.000       1.7941
3031.000       1.6950
3032.000       1.6788
3034.000       1.6832
3035.000       1.7554
3036.000       1.6484
3038.000       1.8443
3040.000       2.1924
3042.000       1.7194
3043.000       1.8723
3044.000       2.6588
3045.000       2.4885
3046.000       1.7035
3047.000       1.9230
3050.000       1.8798
3052.000       1.8419
3053.000       1.8310
3055.000       1.7248
3056.000       1.6858
3058.000       1.7154
3059.000       1.7665
3060.000       1.9261
3061.000       2.0329
3062.000       2.0865
3064.000       2.1135
3065.000       2.3784
3068.000       1.9789
3069.000       1.7913
3070.000       1.8059
3072.000       1.8713
3074.000       2.1471
3076.000       1.9612
3077.000       1.9387
3078.000       2.2313
3079.000       1.8247
3080.000       1.8947
3081.000       2.1549
3084.000       2.1830
3086.000       2.1346
3087.000       2.1599
3089.000       2.0033
3090.000       1.8007
3092.000       1.8143
3094.000       2.0533
3095.000       2.2301
3098.000       2.2525
3099.000       2.2264
3100.000       2.5289
3101.000       2.0509
3103.000       2.1572
3105.000       2.5113
3107.000       2.2376
3108.000       2.1813
3109.000       2.4216
3110.000       2.0480
3111.000       2.1726
3112.000       2.3554
3115.000       2.3947
3117.000       2.3863
3118.000       2.4048
3120.000       2.2728
3121.000       2.0863
3123.000       2.0714
3125.000       2.2479
3126.000       2.3429
3127.000       2.4132
3129.000       2.4376
3130.000       2.6757
3131.000       2.3019
3133.000       2.4240
3135.000       2.6819
3137.000       2.3976
3138.000       2.3007
3139.000       2.5188
3140.000       2.1719
3141.000       2.2321
3142.000       2.3631
3145.000       2.3258
3147.000       2.3293
3148.000       2.2340
3150.000       2.0975
3151.000       2.0453
3153.000       2.0038
3154.000       2.0149
3155.000       2.0530
3156.000       2.0777
3159.000       2.1435
3160.000       2.1944
3162.000       2.1745
3163.000       2.0764
3164.000       2.1930
3166.000       2.2143
3168.000       2.3936
3170.000       2.2605
3171.000       2.2156
3172.000       2.3872
3173.000       2.1654
3174.000       2.1543
3175.000       2.2649
3178.000       2.2374
3180.000       2.1836
3181.000       2.1205
3183.000       1.9880
3184.000       1.9142
3186.000       1.8317
3187.000       1.8506
3188.000       1.8404
3189.000       1.7945
3192.000       1.9332
3193.000       2.0243
3195.000       2.0420
3196.000       1.9502
3197.000       2.1707
3199.000       2.1568
3201.000       2.3122
3203.000       2.2789
3204.000       2.2603
3205.000       2.4198
3206.000       2.2678
3207.000       2.1575
3208.000       2.1995
3211.000       2.1213
3213.000       2.0478
3214.000       1.9791
3216.000       1.8983
3217.000       1.9189
3219.000       1.8700
3221.000       1.7914
3222.000       1.7675
3225.000       1.7837
3226.000       1.8361
3227.000       1.8670
3228.000       2.0885
3230.000       2.0352
3232.000       2.1227
3234.000       2.1873
3235.000       2.2130
3236.000       2.3723
3237.000       2.2118
3238.000       2.1447
3239.000       2.2034
3242.000       2.1552
3244.000       2.0671
3245.000       2.0355
3247.000       1.9288
3248.000       1.9067
3250.000       1.8448
3252.000       1.7989
3253.000       1.7834
3254.000       1.8344
3256.000       1.8999
3257.000       1.9766
3258.000       2.1491
3260.000       2.1193
3262.000       2.2487
3264.000       2.2753
3265.000       2.3205
3266.000       2.5014
3267.000       2.2842
3268.000       2.2856
3269.000       2.4003
3272.000       2.3804
3274.000       2.2716
3275.000       2.2361
3277.000       2.0796
3278.000       2.0203
3280.000       1.9104
3282.000       1.8576
3283.000       1.7885
3286.000       1.9293
3287.000       2.0405
3288.000       2.1497
3289.000       2.3636
3291.000       2.3321
3293.000       2.4982
3295.000       2.5196
3296.000       2.5426
3297.000       2.7601
3298.000       2.4691
3299.000       2.4675
3300.000       2.5943
3303.000       2.5231
3305.000       2.3975
3306.000       2.2971
3308.000       2.1187
3309.000       2.0839
3311.000       1.9590
3313.000       1.8647
3314.000       1.7872
3317.000       1.9007
3318.000       2.0276
3319.000       2.1013
3320.000       2.4511
3322.000       2.3700
3324.000       2.5298
3326.000       2.6017
3327.000       2.5851
3328.000       2.8070
3329.000       2.5138
3330.000       2.4647
3331.000       2.5291
3334.000       2.4153
3336.000       2.3156
3337.000       2.1732
3339.000       2.0328
3340.000       2.0419
3342.000       1.9197
3343.000       1.8242
3344.000       1.7129
3345.000       1.6825
3346.000       1.6871
3348.000       1.7529
3349.000       1.7426
3352.000       1.8650
3353.000       1.8930
3354.000       2.3103
3356.000       2.2036
3358.000       2.3011
3360.000       2.4144
3361.000       2.4044
3362.000       2.5614
3363.000       2.4392
3364.000       2.2253
3365.000       2.1796
3368.000       2.0028
3370.000       1.9228
3371.000       1.8063
3373.000       1.8239
3374.000       1.9549
3376.000       1.9533
3377.000       1.8205
3378.000       1.8030
3379.000       1.8859
3380.000       1.7292
3382.000       1.6726
3383.000       1.6696
3386.000       1.6695
3387.000       1.7480
3388.000       1.9641
3390.000       1.8225
3392.000       1.7718
3394.000       2.0066
3395.000       2.1833
3396.000       2.2731
3397.000       2.2142
3398.000       2.3024
3399.000       2.3519
3402.000       2.4899
3404.000       2.4419
3405.000       2.5541
3407.000       2.4376
3408.000       2.2562
3410.000       2.2207
3411.000       2.3956
3412.000       2.4993
3413.000       2.4408
3416.000       2.7071
3417.000       2.8092
3419.000       2.7400
3420.000       2.5294
3421.000       2.5940
3423.000       2.6981
3425.000       2.8807
3427.000       2.7525
3428.000       2.7895
3429.000       3.0311
3430.000       2.6342
3431.000       2.8157
3432.000       3.0370
3435.000       3.0510
3437.000       2.9041
3438.000       2.8478
3440.000       2.6144
3441.000       2.4741
3443.000       2.3084
3444.000       2.3365
3445.000       2.2477
3446.000       2.1142
3447.000       2.3819
3449.000       2.5762
3450.000       2.7240
3453.000       2.6628
3454.000       2.5329
3455.000       3.0044
3457.000       2.9836
3459.000       3.2257
3461.000       3.2043
3462.000       3.2037
3463.000       3.4483
3464.000       3.0588
3465.000       3.1518
3466.000       3.3255
3469.000       3.2659
3471.000       3.1131
3472.000       3.0047
3474.000       2.7848
3475.000       2.7030
3477.000       2.5320
3478.000       2.4915
3479.000       2.3564
3480.000       2.2407
3481.000       2.4150
3483.000       2.5825
3484.000       2.6593
3487.000       2.7120
3488.000       2.6535
3489.000       3.1882
3491.000       3.1098
3493.000       3.3123
3495.000       3.3759
3496.000       3.3509
3497.000       3.6019
3498.000       3.2511
3499.000       3.2193
3500.000       3.3451
3503.000       3.2075
3505.000       3.0499
3506.000       2.8793
3508.000       2.6782
3509.000       2.6905
3511.000       2.5493
3513.000       2.3806
3514.000       2.2815
3517.000       2.3639
3518.000       2.5152
3519.000       2.5436
3520.000       3.0970
3522.000       2.9613
3524.000       3.0979
3526.000       3.2543
3527.000       3.2279
3528.000       3.5385
3529.000       3.2879
3530.000       2.9349
3531.000       2.9487
3534.000       2.7978
3536.000       2.6460
3537.000       2.5268
3539.000       2.4068
3540.000       2.4818
3542.000       2.3907
3543.000       2.2401
3544.000       2.1407
3545.000       2.1647
3548.000       2.0758
3549.000       2.0951
3551.000       2.1825
3552.000       2.2511
3553.000       2.7782
3555.000       2.6636
3557.000       2.7529
3559.000       2.9319
3560.000       2.8940
3561.000       3.2807
3562.000       2.9104
3563.000       2.5563
3564.000       2.6744
3567.000       2.5223
3569.000       2.3310
3570.000       2.3318
3572.000       2.1448
3573.000       2.1896
3575.000       2.2716
3576.000       2.2761
3577.000       2.5868
3578.000       2.8839
3581.000       2.8134
3582.000       2.7411
3584.000       2.4736
3585.000       2.2178
3586.000       2.4903
3588.000       2.5642
3590.000       2.9783
3592.000       2.5073
3593.000       2.5517
3594.000       2.7066
3595.000       2.8365
3596.000       2.4282
3597.000       2.3270
3600.000       2.3898
3602.000       2.4206
3603.000       2.6440
3605.000       2.7794
3606.000       2.7319
3608.000       3.0101
3610.000       3.3465
3611.000       3.6927
3612.000       3.4081
3614.000       3.1603
3615.000       3.4191
3616.000       2.5622
3618.000       2.6976
3620.000       3.0123
3622.000       2.6516
3623.000       2.7304
3624.000       2.9303
3625.000       3.0180
3626.000       2.4504
3627.000       2.1112
3630.000       1.9482
3632.000       1.9570
3633.000       1.9012
3635.000       2.0467
3636.000       2.2149
3638.000       2.4685
3639.000       2.4811
3640.000       2.8171
3641.000       3.1657
3644.000       2.9085
3645.000       2.6745
3647.000       2.3342
3648.000       2.2360
3649.000       1.9473
3651.000       1.8940
3653.000       1.9933
3655.000       2.1790
3656.000       2.2832
3657.000       2.8130
3658.000       2.4118
3659.000       1.9719
3660.000       1.6413
3663.000       1.4931
3665.000       1.4373
3666.000       1.4513
3668.000       1.4842
3669.000       1.6264
3671.000       1.6741
3672.000       1.5456
3673.000       1.5644
3674.000       1.7110
3677.000       1.4944
3678.000       1.4038
3680.000       1.3717
3681.000       1.4383
3682.000       1.6014
3684.000       1.6295
3686.000       1.7930
3688.000       1.5484
3689.000       1.6081
3690.000       1.7650
3691.000       1.5988
3692.000       1.5890
3693.000       1.5246
3696.000       1.5955
3698.000       1.7205
3699.000       1.7968
3701.000       1.8984
3702.000       2.0030
3704.000       2.1409
3705.000       2.1365
3706.000       2.3345
3707.000       2.5154
3710.000       2.4644
3711.000       2.4121
3713.000       2.1895
3714.000       2.0346
3715.000       1.6423
3717.000       1.7557
3719.000       1.9214
3721.000       1.7333
3722.000       1.8217
3723.000       2.2972
3724.000       1.9992
3725.000       1.6368
3726.000       1.6730
3729.000       1.5690
3731.000       1.5167
3732.000       1.4052
3734.000       1.3245
3735.000       1.3700
3737.000       1.3434
3738.000       1.2768
3739.000       1.2976
3740.000       1.3619
3741.000       1.3267
3743.000       1.3326
3744.000       1.4421
3747.000       1.3039
3748.000       1.2733
3749.000       1.4913
3751.000       1.4392
3753.000       1.5740
3755.000       1.6109
3756.000       1.6660
3757.000       1.8534
3758.000       1.7121
3759.000       1.5993
3760.000       1.6705
3763.000       1.6771
3765.000       1.5757
3766.000       1.6069
3768.000       1.5261
3769.000       1.4619
3771.000       1.4605
3772.000       1.5253
3773.000       1.6099
3774.000       1.6406
3775.000       1.7342
3777.000       1.7752
3778.000       1.9420
3781.000       1.7050
3782.000       1.5741
3783.000       1.7534
3785.000       1.7688
3787.000       1.9202
3789.000       1.9301
3790.000       2.0660
3791.000       2.2747
3792.000       2.0354
3793.000       2.0963
3794.000       2.2279
3797.000       2.2882
3799.000       2.1629
3800.000       2.2268
3802.000       2.0923
3803.000       1.9617
3805.000       1.9078
3806.000       2.0071
3807.000       2.0593
3808.000       2.0109
3811.000       2.2138
3812.000       2.3155
3814.000       2.2905
3815.000       2.1258
3816.000       2.3844
3818.000       2.4201
3820.000       2.6174
3822.000       2.5845
3823.000       2.7147
3824.000       2.9426
3825.000       2.6295
3826.000       2.7567
3827.000       2.9207
3830.000       2.9505
3832.000       2.7928
3833.000       2.8001
3835.000       2.6089
3836.000       2.4801
3838.000       2.3584
3839.000       2.4077
3840.000       2.3730
3841.000       2.2659
3844.000       2.4969
3845.000       2.6521
3847.000       2.7026
3848.000       2.5689
3849.000       3.0074
3851.000       2.9976
3853.000       3.2067
3855.000       3.2281
3856.000       3.3264
3857.000       3.5804
3858.000       3.2195
3859.000       3.3204
3860.000       3.4959
3863.000       3.4691
3865.000       3.2815
3866.000       3.2143
3868.000       2.9949
3869.000       2.8936
3871.000       2.7275
3872.000       2.7177
3873.000       2.6048
3874.000       2.4866
3875.000       2.6909
3877.000       2.8605
3878.000       2.9571
3881.000       2.9663
3882.000       2.8866
3883.000       3.4697
3885.000       3.3935
3887.000       3.5928
3889.000       3.7027
3890.000       3.7589
3891.000       4.0452
3892.000       3.6494
3893.000       3.6664
3894.000       3.8274
3897.000       3.7278
3899.000       3.5083
3900.000       3.3775
3902.000       3.1657
3903.000       3.1101
3905.000       2.9410
3906.000       2.8764
3907.000       2.7398
3908.000       2.6477
3909.000       2.7691
3911.000       2.9113
3912.000       2.9603
3915.000       3.0455
3916.000       3.0172
3917.000       3.7019
3919.000       3.5503
3921.000       3.7076
3923.000       3.9512
3924.000       4.0221
3925.000       4.3295
3926.000       3.9538
3927.000       3.8945
3928.000       3.9440
3931.000       3.8236
3933.000       3.5898
3934.000       3.5050
3936.000       3.3511
3937.000       3.3322
3939.000       3.2459
3940.000       3.1997
3941.000       3.1767
3942.000       3.1829
3945.000       3.2308
3946.000       3.2950
3948.000       3.3229
3949.000       3.2692
3950.000       3.8620
3952.000       3.7181
3954.000       3.8594
3956.000       4.1227
3957.000       4.3340
3958.000       4.6160
3959.000       4.3654
3960.000       4.3267
3961.000       4.4490
3964.000       4.5169
3966.000       4.3022
3967.000       4.4316
3969.000       4.3112
3970.000       4.2344
3972.000       4.2669
3973.000       4.3539
3974.000       4.5198
3975.000       4.6198
3976.000       4.6941
3978.000       4.7326
3979.000       5.0205
3982.000       4.5996
3983.000       4.3928
3984.000       4.7373
3986.000       4.7397
3988.000       5.0292
3990.000       5.0459
