   2.000       2.8649
   3.000       2.7581
   6.000       2.5180
   8.000       2.4609
   9.000       2.2520
  11.000       2.0946
  12.000       2.1597
  14.000       2.0717
  16.000       1.9088
  17.000       1.8797
  20.000       1.8763
  21.000       1.9677
  22.000       2.0137
  23.000       2.2925
  25.000       2.1903
  27.000       2.3402
  29.000       2.3649
  30.000       2.2912
  31.000       2.4932
  32.000       2.3161
  33.000       2.0708
  34.000       2.0900
  37.000       1.9184
  39.000       1.8386
  40.000       1.6724
  42.000       1.5568
  43.000       1.6246
  45.000       1.5616
  47.000       1.4093
  48.000       1.3890
  49.000       1.3576
  51.000       1.4336
  52.000       1.4517
  53.000       1.7966
  55.000       1.6745
  57.000       1.7690
  59.000       1.8891
  60.000       1.8717
  61.000       2.0603
  62.000       1.9280
  63.000       1.6765
  64.000       1.6943
  67.000       1.5362
  69.000       1.4448
  70.000       1.3155
  72.000       1.2377
  73.000       1.3162
  75.000       1.2748
  77.000       1.1388
  78.000       1.1451
  79.000       1.0773
  81.000       1.1322
  82.000       1.1563
  83.000       1.4603
  85.000       1.3421
  87.000       1.4235
  89.000       1.5608
  90.000       1.5957
  91.000       1.7691
  92.000       1.6745
  93.000       1.4520
  94.000       1.4286
  97.000       1.3075
  99.000       1.2300
 100.000       1.1383
 102.000       1.0820
 103.000       1.1502
 105.000       1.0951
 106.000       0.9779
 107.000       0.9036
 108.000       0.9275
 109.000       0.8508
 111.000       0.8637
 112.000       0.8572
 115.000       0.9295
 116.000       0.9808
 117.000       1.2745
 119.000       1.1858
 121.000       1.2485
 123.000       1.3672
 124.000       1.4157
 125.000       1.5683
 126.000       1.4922
 127.000       1.3024
 128.000       1.3014
 131.000       1.1913
 133.000       1.1216
 134.000       1.0494
 136.000       1.0163
 137.000       1.0910
 139.000       1.0853
 141.000       1.0016
 142.000       1.0282
 145.000       0.9457
 146.000       0.9528
 147.000       0.9531
 148.000       1.1739
 150.000       1.0946
 152.000       1.1436
 154.000       1.2517
 155.000       1.3132
 156.000       1.4508
 157.000       1.4125
 158.000       1.2108
 159.000       1.1993
 162.000       1.1334
 164.000       1.0957
 165.000       1.0866
 167.000       1.0834
 168.000       1.1242
 170.000       1.1499
 172.000       1.1364
 173.000       1.1958
 174.000       1.1121
 176.000       1.0900
 177.000       1.1227
 178.000       1.1472
 180.000       1.1455
 182.000       1.2317
 184.000       1.2228
 185.000       1.2918
 186.000       1.4237
 187.000       1.3500
 188.000       1.2411
 189.000       1.2790
 192.000       1.2361
 194.000       1.2223
 195.000       1.1859
 197.000       1.1419
 198.000       1.1566
 200.000       1.1410
 201.000       1.1158
 202.000       1.1283
 203.000       1.1625
 204.000       1.1453
 206.000       1.1430
 207.000       1.1926
 210.000       1.1337
 211.000       1.1172
 212.000       1.2018
 214.000       1.2072
 216.000       1.3880
 218.000       1.3062
 219.000       1.2380
 220.000       1.4625
 221.000       1.3247
 222.000       1.0672
 223.000       1.1566
 226.000       1.1984
 228.000       1.3589
 229.000       1.5206
 231.000       1.6129
 232.000       1.6088
 234.000       1.9480
 235.000       2.1448
 236.000       2.5874
 237.000       2.9163
 240.000       2.7903
 241.000       2.6104
 243.000       2.2302
 244.000       1.9668
 245.000       1.0723
 247.000       1.3591
 249.000       1.6881
 251.000       1.1765
 252.000       1.1995
 253.000       1.5301
 254.000       1.3658
 255.000       1.0957
 256.000       1.2219
 259.000       1.3528
 261.000       1.4897
 262.000       1.6323
 264.000       1.7560
 265.000       1.7355
 267.000       1.9781
 268.000       2.1532
 269.000       2.5123
 270.000       2.7419
 271.000       2.6827
 273.000       2.5653
 274.000       2.8452
 277.000       2.2577
 278.000       2.0337
 279.000       1.3746
 281.000       1.5234
 283.000       1.8598
 285.000       1.6222
 286.000       1.7520
 287.000       1.8411
 288.000       1.9990
 289.000       1.7447
 290.000       1.9602
 293.000       2.0461
 295.000       2.1127
 296.000       2.1655
 298.000       2.1192
 299.000       2.1120
 301.000       2.2930
 302.000       2.4784
 303.000       2.9369
 304.000       3.2127
 305.000       3.2272
 307.000       3.0991
 308.000       3.5355
 311.000       2.6806
 312.000       2.3739
 313.000       1.9555
 315.000       2.2655
 317.000       2.8645
 319.000       2.2810
 320.000       2.1046
 321.000       2.4969
 322.000       2.1240
 323.000       1.9542
 324.000       1.9407
 327.000       1.9459
 329.000       1.9793
 330.000       2.0250
 332.000       2.0704
 333.000       2.0620
 335.000       2.2517
 337.000       2.4497
 338.000       2.7142
 339.000       2.4368
 341.000       2.2712
 342.000       2.4110
 343.000       1.9483
 345.000       2.0132
 347.000       2.1991
 349.000       2.1040
 350.000       2.2455
 351.000       2.5672
 352.000       2.2849
 353.000       2.1970
 354.000       2.3662
 357.000       2.3845
 359.000       2.3397
 360.000       2.4163
 362.000       2.3974
 363.000       2.3721
 365.000       2.5159
 366.000       2.6396
 367.000       2.9427
 368.000       3.1414
 369.000       3.1345
 371.000       3.0745
 372.000       3.3957
 375.000       2.8092
 376.000       2.5809
 377.000       2.3568
 379.000       2.4329
 381.000       2.6483
 383.000       2.5082
 384.000       2.4632
 385.000       2.8256
 386.000       2.3707
 387.000       2.2918
 388.000       2.4219
 391.000       2.4189
 393.000       2.4033
 394.000       2.4352
 396.000       2.3397
 397.000       2.1627
 399.000       2.2835
 401.000       2.5730
 402.000       2.8481
 405.000       2.7453
 406.000       2.6362
 407.000       2.9428
 408.000       2.2629
 410.000       2.3907
 412.000       2.7281
 414.000       2.4274
 415.000       2.3293
 416.000       2.6710
 417.000       2.2382
 418.000       2.1876
 419.000       2.5264
 422.000       2.5723
 424.000       3.0179
 425.000       3.0424
 427.000       3.6112
 428.000       4.2445
 430.000       4.9365
 431.000       4.8033
 432.000       5.5328
 433.000       6.3617
 436.000       5.6861
 437.000       5.1645
 439.000       4.3369
 440.000       4.1111
 441.000       2.1566
 443.000       2.4444
 445.000       2.5740
 447.000       2.3047
 448.000       2.2298
 449.000       2.5393
 450.000       2.3078
 451.000       1.9623
 452.000       2.0933
 455.000       1.9712
 457.000       1.8745
 458.000       1.7460
 460.000       1.5569
 461.000       1.5953
 463.000       1.6438
 465.000       1.6663
 466.000       1.8987
 469.000       1.6802
 470.000       1.6155
 471.000       1.8100
 472.000       1.8320
 474.000       1.7928
 476.000       2.1230
 478.000       2.0756
 479.000       2.0695
 480.000       2.4005
 481.000       2.1858
 482.000       1.7692
 483.000       1.8103
 486.000       1.6555
 488.000       1.6115
 489.000       1.5705
 491.000       1.5517
 492.000       1.5827
 494.000       1.7223
 495.000       1.7689
 496.000       2.0318
 497.000       2.2550
 500.000       2.2066
 501.000       2.1534
 503.000       1.9207
 504.000       1.7000
 505.000       1.5480
 507.000       1.5682
 509.000       1.7614
 511.000       1.6360
 512.000       1.6296
 513.000       1.8086
 514.000       1.6651
 515.000       1.5265
 516.000       1.5724
 519.000       1.5045
 521.000       1.4745
 522.000       1.4142
 524.000       1.3400
 525.000       1.3768
 527.000       1.3458
 529.000       1.2646
 530.000       1.2642
 533.000       1.2527
 534.000       1.2923
 535.000       1.3403
 536.000       1.4407
 538.000       1.4244
 540.000       1.5409
 542.000       1.5054
 543.000       1.5017
 544.000       1.6386
 545.000       1.5326
 546.000       1.4130
 547.000       1.4505
 550.000       1.3715
 552.000       1.3638
 553.000       1.2828
 555.000       1.2335
 556.000       1.2779
 558.000       1.2370
 559.000       1.1679
 560.000       1.1391
 561.000       1.1646
 564.000       1.1340
 565.000       1.1452
 567.000       1.1628
 568.000       1.1723
 569.000       1.2802
 571.000       1.2500
 573.000       1.3301
 575.000       1.3130
 576.000       1.2887
 577.000       1.4187
 578.000       1.3597
 579.000       1.1619
 580.000       1.1581
 583.000       1.0675
 585.000       1.0764
 586.000       1.0006
 588.000       0.9626
 589.000       1.0007
 591.000       0.9859
 592.000       0.9253
 593.000       0.9169
 594.000       0.9627
 595.000       0.9005
 597.000       0.8979
 598.000       0.9208
 601.000       0.9088
 602.000       0.9165
 603.000       0.9910
 605.000       0.9721
 607.000       1.0613
 609.000       1.0307
 610.000       1.0354
 611.000       1.1911
 612.000       1.1059
 613.000       0.9436
 614.000       0.9701
 617.000       0.9058
 619.000       0.8898
 620.000       0.8331
 622.000       0.7740
 623.000       0.8074
 625.000       0.8120
 627.000       0.7773
 628.000       0.8357
 631.000       0.7649
 632.000       0.7619
 633.000       0.8188
 634.000       0.8754
 636.000       0.8668
 638.000       1.0000
 640.000       0.9789
 641.000       1.0505
 642.000       1.2499
 643.000       1.1148
 644.000       0.9737
 645.000       1.0380
 648.000       1.0077
 650.000       0.9440
 651.000       0.9150
 653.000       0.8222
 654.000       0.8242
 656.000       0.8019
 657.000       0.7848
 658.000       0.8408
 659.000       0.9134
 662.000       0.8997
 663.000       0.8996
 665.000       0.8602
 666.000       0.7982
 667.000       1.0226
 669.000       1.0128
 671.000       1.1757
 673.000       1.1794
 674.000       1.2866
 675.000       1.5107
 676.000       1.3082
 677.000       1.2417
 678.000       1.3452
 681.000       1.3323
 683.000       1.1922
 684.000       1.1866
 686.000       1.0660
 687.000       1.0550
 689.000       1.0213
 690.000       1.0088
 691.000       1.0624
 692.000       1.1180
 695.000       1.1480
 696.000       1.1761
 698.000       1.1360
 699.000       1.0456
 700.000       1.4113
 702.000       1.3754
 704.000       1.5541
 706.000       1.6424
 707.000       1.8361
 708.000       2.1109
 709.000       1.8444
 710.000       1.8383
 711.000       1.9735
 714.000       2.0186
 716.000       1.8249
 717.000       1.8691
 719.000       1.7094
 720.000       1.6676
 722.000       1.6133
 723.000       1.6171
 724.000       1.6630
 725.000       1.6944
 726.000       1.7759
 728.000       1.8410
 729.000       2.0216
 732.000       1.8038
 733.000       1.6841
 734.000       2.1898
 736.000       2.1573
 738.000       2.4348
 740.000       2.5055
