   2.000       3.5839
   3.000       3.3973
   6.000       2.9433
   8.000       2.8903
   9.000       2.7027
  11.000       2.8828
  12.000       3.1246
  14.000       3.5225
  16.000       3.7284
  17.000       4.2303
  18.000       3.5420
  20.000       3.1433
  21.000       3.2810
  22.000       2.7378
  24.000       2.5662
  26.000       2.5626
  28.000       2.7858
  29.000       2.8449
  30.000       3.1301
  31.000       3.0505
  32.000       2.5381
  33.000       2.5049
  36.000       2.3178
  38.000       2.2508
  39.000       2.1868
  41.000       2.2999
  42.000       2.4786
  44.000       2.7109
  45.000       2.6839
  46.000       2.9843
  47.000       3.3133
  50.000       3.0782
  51.000       2.8924
  53.000       2.5835
  54.000       2.4635
  55.000       2.2687
  57.000       2.1425
  59.000       2.1935
  61.000       2.4343
  62.000       2.5105
  63.000       2.8276
  64.000       2.5969
  65.000       2.2569
  66.000       2.2926
  69.000       2.0797
  71.000       1.9689
  72.000       1.8474
  74.000       1.8440
  75.000       1.9721
  77.000       2.0804
  79.000       2.0676
  80.000       2.2709
  83.000       1.9885
  84.000       1.8711
  85.000       1.9323
  86.000       1.9995
  88.000       1.8467
  90.000       1.8654
  92.000       2.1184
  93.000       2.1966
  94.000       2.4565
  95.000       2.3496
  96.000       1.9648
  97.000       1.9214
 100.000       1.7828
 102.000       1.7178
 103.000       1.7528
 105.000       1.8627
 106.000       2.0616
 108.000       2.2408
 110.000       2.2481
 111.000       2.4779
 112.000       2.1023
 114.000       1.9175
 115.000       1.9463
 116.000       1.8716
 118.000       1.8420
 120.000       1.8547
 122.000       1.9903
 123.000       2.2206
 124.000       2.4509
 125.000       2.4265
 126.000       2.0750
 127.000       2.4004
 130.000       2.3026
 132.000       2.2495
 133.000       2.1540
 135.000       2.0940
 136.000       2.1557
 138.000       2.3781
 139.000       2.4740
 140.000       2.9057
 141.000       3.3092
 144.000       3.0866
 145.000       2.8589
 147.000       2.4917
 148.000       2.2875
 149.000       2.1204
 151.000       2.2032
 153.000       2.6213
 155.000       2.3657
 156.000       2.2853
 157.000       2.8007
 158.000       2.1770
 159.000       2.0225
 160.000       2.2857
 163.000       2.1537
 165.000       2.0119
 166.000       1.9035
 168.000       1.6849
 169.000       1.6026
 171.000       1.6200
 172.000       1.7195
 173.000       1.9942
 174.000       2.1822
 177.000       2.2571
 178.000       2.2618
 180.000       2.0602
 181.000       1.7700
 182.000       1.9966
 184.000       1.9818
 186.000       2.3686
 188.000       2.2949
 189.000       2.2946
 190.000       2.7422
 191.000       2.1872
 192.000       2.0815
 193.000       2.3271
 196.000       2.2396
 198.000       2.0392
 199.000       1.9584
 201.000       1.6493
 202.000       1.4619
 204.000       1.2976
 206.000       1.3534
 207.000       1.3863
 210.000       1.5684
 211.000       1.7027
 212.000       1.9961
 213.000       2.1229
 215.000       2.0833
 217.000       2.4646
 219.000       2.4352
 220.000       2.4312
 221.000       2.8324
 222.000       2.3829
 223.000       2.1644
 224.000       2.3145
 227.000       2.1006
 229.000       1.9187
 230.000       1.6819
 232.000       1.4259
 233.000       1.4397
 235.000       1.3103
 236.000       1.1832
 237.000       1.1855
 238.000       1.2807
 239.000       1.2992
 241.000       1.4004
 242.000       1.6704
 245.000       1.3997
 246.000       1.2777
 247.000       1.9242
 249.000       1.7388
 251.000       1.9653
 253.000       2.1211
 254.000       2.1221
 255.000       2.3795
 256.000       2.2473
 257.000       1.8367
 258.000       1.8439
 261.000       1.6849
 263.000       1.5530
 264.000       1.4960
 266.000       1.4024
 267.000       1.4516
 269.000       1.5193
 271.000       1.5305
 272.000       1.6981
 273.000       1.5030
 275.000       1.4547
 276.000       1.6045
 277.000       1.7031
 279.000       1.6584
 281.000       1.8413
 283.000       1.8817
 284.000       1.9283
 285.000       2.2499
 286.000       1.9859
 287.000       1.7193
 288.000       1.8461
 291.000       1.7620
 293.000       1.6496
 294.000       1.5897
 296.000       1.4843
 297.000       1.4723
 299.000       1.5838
 300.000       1.7087
 301.000       2.0696
 302.000       2.3151
 305.000       2.3288
 306.000       2.2329
 308.000       1.9171
 309.000       1.6484
 310.000       1.6917
 312.000       1.6363
 314.000       1.9067
 316.000       1.9553
 317.000       1.9674
 318.000       2.4646
 319.000       1.9950
 320.000       1.6269
 321.000       1.8621
 324.000       1.7239
 326.000       1.6431
 327.000       1.5441
 329.000       1.4013
 330.000       1.3446
 332.000       1.5131
 333.000       1.7076
 334.000       2.1908
 335.000       2.4266
 336.000       2.6041
 338.000       2.6186
 339.000       3.2099
 342.000       2.2026
 343.000       1.7045
 344.000       1.5082
 346.000       1.4946
 348.000       1.8495
 350.000       1.7708
 351.000       1.7447
 352.000       2.1986
 353.000       1.7547
 354.000       1.6021
 355.000       1.9112
 358.000       2.0323
 360.000       2.1447
 361.000       2.3450
 363.000       2.3356
 364.000       2.0290
 366.000       2.2718
 368.000       2.7886
 369.000       3.1412
 370.000       3.0846
 372.000       2.9247
 373.000       3.4378
 374.000       1.9459
 376.000       2.2874
 378.000       2.7036
 380.000       2.1182
 381.000       2.2436
 382.000       2.5104
 383.000       2.2526
 384.000       2.5455
 385.000       2.9001
 388.000       3.3520
 390.000       3.4798
 391.000       3.7963
 393.000       3.6872
 394.000       3.5543
 396.000       3.7487
 397.000       3.9928
 398.000       4.4445
 399.000       4.6632
 402.000       4.8826
 403.000       4.9187
 405.000       4.5237
 406.000       4.0179
 407.000       3.5745
 409.000       3.9632
 411.000       4.5909
 413.000       3.9724
