   2.000       1.8942
   3.000       1.7772
   6.000       1.5779
   8.000       1.4623
   9.000       1.3896
  11.000       1.3250
  12.000       1.3384
  14.000       1.3364
  16.000       1.3096
  17.000       1.3668
  20.000       1.2992
  21.000       1.3093
  22.000       1.3675
  23.000       1.5152
  25.000       1.4765
  27.000       1.5979
  29.000       1.5332
  30.000       1.6052
  31.000       1.7323
  32.000       1.7189
  33.000       1.5340
  34.000       1.5358
  37.000       1.4963
  39.000       1.5891
  40.000       1.6119
  42.000       1.6837
  43.000       1.7776
  45.000       1.9419
  46.000       2.0078
  47.000       2.3466
  48.000       2.5514
  51.000       2.6294
  52.000       2.5690
  54.000       2.2079
  55.000       1.9122
  56.000       1.4183
  58.000       1.6004
  60.000       2.0504
  62.000       1.5588
  63.000       1.6891
  64.000       2.2970
  65.000       2.2199
  66.000       1.4534
  67.000       1.5374
  70.000       1.4001
  72.000       1.4016
  73.000       1.3756
  75.000       1.3935
  76.000       1.4827
  78.000       1.5132
  80.000       1.4470
  81.000       1.4902
  82.000       1.3818
  84.000       1.3596
  85.000       1.3667
  86.000       1.3938
  88.000       1.3595
  90.000       1.3975
  92.000       1.5010
  93.000       1.5693
  94.000       1.6619
  95.000       1.6299
  96.000       1.5947
  97.000       1.6277
 100.000       1.5664
 102.000       1.5389
 103.000       1.5215
 105.000       1.4728
 106.000       1.4764
 108.000       1.4429
 110.000       1.4078
 111.000       1.3931
 114.000       1.4242
 115.000       1.4566
 116.000       1.4993
 117.000       1.5252
 119.000       1.5361
 121.000       1.6391
 123.000       1.5702
 124.000       1.5702
 125.000       1.6761
 126.000       1.5799
 127.000       1.5365
 128.000       1.5920
 131.000       1.5623
 133.000       1.5281
 134.000       1.4933
 136.000       1.4339
 137.000       1.4297
 139.000       1.4018
 141.000       1.3757
 142.000       1.3742
 145.000       1.3836
 146.000       1.4121
 147.000       1.4453
 148.000       1.5298
 150.000       1.5250
 152.000       1.6343
 154.000       1.5937
 155.000       1.6255
 156.000       1.7263
 157.000       1.6576
 158.000       1.5902
 159.000       1.6230
 162.000       1.6087
 164.000       1.6076
 165.000       1.5770
 167.000       1.5325
 168.000       1.5247
 170.000       1.4909
 171.000       1.4787
 172.000       1.4666
 173.000       1.4668
 174.000       1.4823
 176.000       1.5158
 177.000       1.5480
 180.000       1.5335
 181.000       1.5105
 182.000       1.5806
 184.000       1.5825
 186.000       1.6494
 188.000       1.6187
 189.000       1.6088
 190.000       1.7041
 191.000       1.5990
 192.000       1.5677
 193.000       1.6359
 196.000       1.5888
 198.000       1.5550
 199.000       1.5115
 201.000       1.4626
 202.000       1.4583
 204.000       1.4235
 205.000       1.4033
 206.000       1.3822
 207.000       1.3806
 208.000       1.3896
 210.000       1.4148
 211.000       1.4325
 214.000       1.4367
 215.000       1.4271
 216.000       1.5570
 218.000       1.5311
 220.000       1.5842
 222.000       1.6125
 223.000       1.6227
 224.000       1.7272
 225.000       1.6256
 226.000       1.5805
 227.000       1.5956
 230.000       1.5584
 232.000       1.5168
 233.000       1.4871
 235.000       1.4607
 236.000       1.4682
 238.000       1.4667
 240.000       1.4540
 241.000       1.4786
 242.000       1.4528
 244.000       1.4540
 245.000       1.4796
 246.000       1.5629
 248.000       1.5234
 250.000       1.5547
 252.000       1.6333
 253.000       1.6780
 254.000       1.8042
 255.000       1.6775
 256.000       1.6389
 257.000       1.6666
 260.000       1.6148
 262.000       1.5741
 263.000       1.5414
 265.000       1.5071
 266.000       1.5280
 268.000       1.5219
 269.000       1.4938
 270.000       1.5167
 271.000       1.5668
 274.000       1.5382
 275.000       1.5335
 277.000       1.5129
 278.000       1.4897
 279.000       1.6070
 281.000       1.5751
 283.000       1.6291
 285.000       1.6730
 286.000       1.7047
 287.000       1.8103
 288.000       1.8063
 289.000       1.6209
 290.000       1.6228
 293.000       1.6069
 295.000       1.5923
 296.000       1.6731
 298.000       1.6571
 299.000       1.6700
 301.000       1.7690
 303.000       1.8454
 304.000       2.0005
 305.000       1.8309
 307.000       1.7534
 308.000       1.8646
 309.000       1.6430
 311.000       1.8358
 313.000       2.2715
 315.000       1.7464
 316.000       1.7968
 317.000       1.9019
 318.000       1.8916
 319.000       1.8632
 320.000       1.8310
 323.000       1.7790
 325.000       1.7314
 326.000       1.6827
 328.000       1.6010
 329.000       1.5950
 331.000       1.5446
 333.000       1.4975
 334.000       1.4828
 337.000       1.5121
 338.000       1.5633
 339.000       1.6130
 340.000       1.7496
 342.000       1.7289
 344.000       1.8334
 346.000       1.8381
 347.000       1.8614
 348.000       2.0099
 349.000       1.8533
 350.000       1.8090
 351.000       1.8668
 354.000       1.8193
 356.000       1.7500
 357.000       1.6933
 359.000       1.6003
 360.000       1.5866
 362.000       1.5261
 364.000       1.4817
 365.000       1.4615
 368.000       1.5000
 369.000       1.5575
 370.000       1.6054
 371.000       1.7917
 373.000       1.7520
 375.000       1.8573
 377.000       1.8963
 378.000       1.9189
 379.000       2.0757
 380.000       1.9126
 381.000       1.8467
 382.000       1.8976
 385.000       1.8321
 387.000       1.7617
 388.000       1.7018
 390.000       1.6257
 391.000       1.6284
 393.000       1.5772
 395.000       1.5273
 396.000       1.5145
 399.000       1.5343
 400.000       1.5789
 401.000       1.6088
 402.000       1.8085
 404.000       1.7620
 406.000       1.8422
 408.000       1.9052
 409.000       1.9384
 410.000       2.0911
 411.000       1.9539
 412.000       1.8624
 413.000       1.9020
 416.000       1.8379
 418.000       1.7649
 419.000       1.7164
 421.000       1.6531
 422.000       1.6646
 424.000       1.6234
 425.000       1.5853
 426.000       1.5725
 427.000       1.5892
 430.000       1.5859
 431.000       1.6086
 433.000       1.6221
 434.000       1.6063
 435.000       1.8371
 437.000       1.7935
 439.000       1.8747
 441.000       1.9383
 442.000       2.0070
 443.000       2.1758
 444.000       2.0386
 445.000       1.9389
 446.000       1.9933
 449.000       1.9557
 451.000       1.8582
 452.000       1.8483
 454.000       1.7859
 455.000       1.7873
 457.000       1.7734
 458.000       1.7594
 459.000       1.7920
 460.000       1.8260
 463.000       1.8508
 464.000       1.8749
 466.000       1.8427
 467.000       1.7779
 468.000       1.9928
 470.000       1.9595
 472.000       2.0717
 474.000       2.1434
 475.000       2.2147
 476.000       2.4192
 477.000       2.2354
 478.000       2.2341
 479.000       2.3263
 482.000       2.3400
 484.000       2.2253
 485.000       2.2707
 487.000       2.2111
 488.000       2.1941
 490.000       2.2256
 491.000       2.2540
 492.000       2.3673
 493.000       2.4528
 494.000       2.4690
 496.000       2.4796
 497.000       2.6747
 500.000       2.3840
 501.000       2.2592
 502.000       2.4255
 504.000       2.4327
 506.000       2.5640
 508.000       2.5943
 509.000       2.7144
 510.000       2.9395
 511.000       2.6783
 512.000       2.6893
 513.000       2.5624
 516.000       2.5424
 518.000       2.4223
 519.000       2.3833
 521.000       2.2708
 522.000       2.2265
 524.000       2.1536
 525.000       2.1540
 526.000       2.1381
 527.000       2.1151
 530.000       2.1890
 531.000       2.2517
 533.000       2.2776
 534.000       2.2249
 535.000       2.5514
 537.000       2.5040
 539.000       2.6391
 541.000       2.7159
 542.000       2.8121
 543.000       3.0207
 544.000       2.7984
 545.000       2.7472
 546.000       2.8140
 549.000       2.7354
 551.000       2.5804
 552.000       2.5323
 554.000       2.4497
 555.000       2.4584
 557.000       2.4086
 559.000       2.3565
 560.000       2.3485
 563.000       2.3595
 564.000       2.4002
 565.000       2.4279
 566.000       2.7782
 568.000       2.6798
 570.000       2.7512
 572.000       2.9443
 573.000       3.0544
 574.000       3.2493
 575.000       3.0597
 576.000       2.9858
 577.000       3.0317
 580.000       2.9545
 582.000       2.8043
 583.000       2.7733
 585.000       2.7204
 586.000       2.7258
 588.000       2.6782
 589.000       2.6446
 590.000       2.6228
 591.000       2.6160
 594.000       2.6465
 595.000       2.6831
 597.000       2.7017
 598.000       2.6790
 599.000       3.0142
 601.000       2.9204
 603.000       2.9733
 605.000       3.1765
 606.000       3.3140
 607.000       3.4991
 608.000       3.3210
 609.000       3.2769
 610.000       3.3267
 613.000       3.3015
 615.000       3.1257
 616.000       3.1515
 618.000       3.0807
 619.000       3.0476
 621.000       3.0089
 622.000       3.0157
 623.000       3.0190
 624.000       3.0040
 627.000       3.0841
 628.000       3.1438
 630.000       3.1418
 631.000       3.0704
 632.000       3.4312
 634.000       3.3613
 636.000       3.4570
 638.000       3.6510
 639.000       3.8666
 640.000       4.1010
 641.000       3.8753
 642.000       3.8583
 643.000       3.9469
 646.000       3.9337
 648.000       3.7215
 649.000       3.7251
 651.000       3.5910
 652.000       3.5675
 654.000       3.5088
 656.000       3.4604
 657.000       3.4546
 658.000       3.4819
 660.000       3.5491
 661.000       3.6149
 662.000       4.0625
 664.000       3.9649
 666.000       4.1077
 668.000       4.3177
 669.000       4.5207
 670.000       4.7897
 671.000       4.4888
 672.000       4.4900
 673.000       4.6058
 676.000       4.5799
 678.000       4.3676
 679.000       4.3821
 681.000       4.1875
 682.000       4.1507
 684.000       4.0197
 686.000       3.9343
 687.000       3.8563
 690.000       3.9708
 691.000       4.0916
 692.000       4.1544
 693.000       4.6962
 695.000       4.6390
 697.000       4.9306
 699.000       4.9314
 702.000       6.2789
 703.000       5.9556
 706.000       5.7603
 708.000       6.3356
 709.000       6.6335
 711.000       7.4422
 712.000       7.8032
 714.000       8.6992
 716.000       9.3326
 717.000      10.2535
 718.000       8.9464
 720.000       8.0279
 721.000       7.9039
 722.000       5.5576
 724.000       6.2438
 726.000       6.4993
 728.000       5.3510
 729.000       5.0712
 730.000       5.1960
 731.000       5.3556
 732.000       4.8469
 733.000       4.9075
 736.000       4.7226
 738.000       4.5707
 739.000       4.5734
 741.000       4.5825
 742.000       4.6778
 744.000       4.8044
 746.000       4.8245
 747.000       5.0316
 750.000       4.7327
 751.000       4.6119
 752.000       4.6264
 753.000       4.8441
 755.000       4.7809
 757.000       4.8798
 759.000       4.8650
 760.000       5.0686
 761.000       5.3537
 762.000       5.2551
 763.000       4.8614
 764.000       4.6631
 767.000       4.6195
 769.000       4.8888
 770.000       5.0220
 772.000       5.3641
 773.000       5.5371
 775.000       5.8896
 776.000       5.9735
 777.000       6.3885
 778.000       6.7310
 779.000       6.4706
 781.000       6.1926
 782.000       6.4201
 785.000       5.7717
 786.000       5.6745
 787.000       4.5565
 789.000       4.8644
 791.000       4.9597
 793.000       4.4611
 794.000       4.2310
 795.000       4.2782
 796.000       4.1692
 797.000       4.1565
 798.000       4.2483
 801.000       4.2227
 803.000       4.2778
 804.000       4.1965
 806.000       4.0983
 807.000       4.0970
 809.000       4.0215
 810.000       3.9728
 811.000       3.9205
 812.000       3.8898
 813.000       3.9531
 815.000       4.0223
 816.000       4.0939
 819.000       4.0604
 820.000       4.0310
 821.000       4.0689
 823.000       4.1154
 825.000       4.2573
 827.000       4.0900
 828.000       3.9468
 829.000       4.0872
 830.000       3.8443
 831.000       3.8624
 832.000       3.9994
 835.000       3.9650
 837.000       3.9480
 838.000       3.8609
 840.000       3.7055
 841.000       3.6435
 843.000       3.5538
 844.000       3.5527
 845.000       3.5302
 846.000       3.4996
 847.000       3.6148
 849.000       3.7159
 850.000       3.8505
 853.000       3.7414
 854.000       3.6523
 855.000       3.8190
 857.000       3.8392
 859.000       4.0307
 861.000       3.8929
 862.000       3.7850
 863.000       3.9495
 864.000       3.6844
 865.000       3.6929
 866.000       3.8232
 869.000       3.7555
 871.000       3.6942
 872.000       3.5772
 874.000       3.4074
 875.000       3.3586
 877.000       3.2451
 879.000       3.1630
 880.000       3.0930
 881.000       3.2206
 883.000       3.3444
 884.000       3.4321
 885.000       3.6054
 887.000       3.5596
 889.000       3.7309
 891.000       3.6987
 892.000       3.6006
 893.000       3.7628
 894.000       3.6483
 895.000       3.4008
 896.000       3.4183
 899.000       3.2943
 901.000       3.2401
 902.000       3.0948
 904.000       2.9524
 905.000       2.9455
 907.000       2.8424
 909.000       2.7327
 910.000       2.6743
 911.000       2.7542
 913.000       2.8593
 914.000       2.9046
 915.000       3.1283
 917.000       3.0619
 919.000       3.1909
 921.000       3.1848
 922.000       3.0805
 923.000       3.2289
 924.000       3.0479
 925.000       2.9198
 926.000       2.9636
 929.000       2.8399
 931.000       2.7972
 932.000       2.6725
 934.000       2.5706
 935.000       2.5813
 937.000       2.5035
 938.000       2.4383
 939.000       2.3757
 940.000       2.3590
 941.000       2.3729
 943.000       2.4154
 944.000       2.4333
 947.000       2.4657
 948.000       2.4781
 949.000       2.7073
 951.000       2.6296
 953.000       2.6848
 955.000       2.7463
 956.000       2.6849
 957.000       2.8073
 958.000       2.6692
 959.000       2.5662
 960.000       2.5866
 963.000       2.5151
 965.000       2.5086
 966.000       2.4289
 968.000       2.3589
 969.000       2.3725
 971.000       2.3079
 972.000       2.2456
 973.000       2.1947
 974.000       2.1814
 975.000       2.2013
 977.000       2.2357
 978.000       2.2747
 981.000       2.2690
 982.000       2.2771
 983.000       2.4185
 985.000       2.3838
 987.000       2.4442
 989.000       2.4341
 990.000       2.4009
 991.000       2.4618
 992.000       2.3930
 993.000       2.3874
 994.000       2.3187
 997.000       2.3662
 999.000       2.3774
1000.000       2.3890
1002.000       2.2871
1003.000       2.2572
1005.000       2.2381
1006.000       2.2634
1007.000       2.3266
1008.000       2.3699
1009.000       2.4131
1011.000       2.4475
1012.000       2.5881
1015.000       2.4009
1016.000       2.3007
1017.000       2.3264
1019.000       2.4052
1021.000       2.6201
1023.000       2.4475
1024.000       2.3600
1025.000       2.6000
1026.000       2.3260
1027.000       2.2005
1028.000       2.3089
1031.000       2.2284
1033.000       2.1931
1034.000       2.1366
1036.000       2.0565
1037.000       2.0222
1039.000       2.0276
1041.000       2.0674
1042.000       2.1486
1043.000       2.0997
1045.000       2.0981
1046.000       2.2046
1047.000       2.1037
1049.000       2.1242
1051.000       2.2988
1053.000       2.1739
1054.000       2.1187
1055.000       2.2872
1056.000       2.1127
1057.000       1.9853
1058.000       2.0278
1061.000       1.9331
1063.000       1.8787
1064.000       1.7924
1066.000       1.7174
1067.000       1.7323
1069.000       1.6936
1071.000       1.6344
1072.000       1.6380
1073.000       1.6354
1075.000       1.6772
1076.000       1.7241
1077.000       1.8499
1079.000       1.8038
1081.000       1.9155
1083.000       1.9309
1084.000       1.9431
1085.000       2.0846
1086.000       1.9706
1087.000       1.8604
1088.000       1.9039
1091.000       1.8367
1093.000       1.8018
1094.000       1.7346
1096.000       1.6659
1097.000       1.6720
1099.000       1.6127
1100.000       1.5703
1101.000       1.5312
1102.000       1.5202
1103.000       1.5463
1105.000       1.5842
1106.000       1.6209
1109.000       1.6145
1110.000       1.6064
1111.000       1.7917
1113.000       1.7537
1115.000       1.8319
1117.000       1.8662
1118.000       1.8657
1119.000       2.0164
1120.000       1.8770
1121.000       1.7713
1122.000       1.7850
1125.000       1.7124
1127.000       1.6826
1128.000       1.6153
1130.000       1.5609
1131.000       1.5648
1133.000       1.5215
1134.000       1.4850
1135.000       1.4559
1136.000       1.4473
1137.000       1.4773
1139.000       1.5190
1140.000       1.5705
1143.000       1.5385
1144.000       1.5171
1145.000       1.6610
1147.000       1.6218
1149.000       1.6945
1151.000       1.7289
1152.000       1.7149
1153.000       1.8806
1154.000       1.6989
1155.000       1.6767
1156.000       1.6655
1159.000       1.6283
1161.000       1.6058
1162.000       1.5806
1164.000       1.5164
1165.000       1.5023
1167.000       1.4676
1168.000       1.4581
1169.000       1.4502
1170.000       1.4489
1171.000       1.4826
1173.000       1.5246
1174.000       1.5822
1177.000       1.5362
1178.000       1.4952
1179.000       1.5737
1181.000       1.5968
1183.000       1.7153
1185.000       1.6344
1186.000       1.6280
1187.000       1.7278
1188.000       1.5893
1189.000       1.6342
1190.000       1.6698
1193.000       1.6779
1195.000       1.6491
1196.000       1.6263
1198.000       1.5856
1199.000       1.5596
1201.000       1.5794
1202.000       1.6188
1203.000       1.7063
1204.000       1.7703
1207.000       1.7884
1208.000       1.7864
1210.000       1.7133
1211.000       1.6239
1212.000       1.6793
1214.000       1.6225
1216.000       1.6736
1218.000       1.7671
1219.000       1.8587
1220.000       1.9961
1221.000       1.9203
1222.000       1.7965
1223.000       1.7847
1226.000       1.7270
1228.000       1.6656
1229.000       1.6462
1231.000       1.5930
1232.000       1.6040
1234.000       1.5687
1235.000       1.5239
1236.000       1.4996
1237.000       1.4991
1240.000       1.5076
1241.000       1.5398
1243.000       1.5608
1244.000       1.5489
1245.000       1.7682
1247.000       1.7285
1249.000       1.7772
1251.000       1.7939
1252.000       1.8279
1253.000       1.9057
1254.000       1.9261
1255.000       1.7425
1256.000       1.6957
1259.000       1.6064
1261.000       1.5768
1262.000       1.5363
1264.000       1.5480
1265.000       1.6098
1267.000       1.6238
1268.000       1.5650
1269.000       1.5680
1270.000       1.6194
1271.000       1.5336
1273.000       1.4966
1274.000       1.4849
1277.000       1.4933
1278.000       1.5256
1279.000       1.5875
1281.000       1.5387
1283.000       1.5282
1285.000       1.5978
1286.000       1.6201
1287.000       1.6333
1288.000       1.6971
1289.000       1.5892
1290.000       1.5478
1293.000       1.5221
1295.000       1.5175
1296.000       1.5268
1298.000       1.5623
1299.000       1.6128
1301.000       1.6499
1303.000       1.6390
1304.000       1.6952
1305.000       1.6019
1307.000       1.5674
1308.000       1.5752
1309.000       1.5550
1311.000       1.5527
1313.000       1.5500
1315.000       1.5816
1316.000       1.6343
1317.000       1.7212
1318.000       1.7085
1319.000       1.5981
1320.000       1.5903
1323.000       1.5857
1325.000       1.5827
1326.000       1.6147
1328.000       1.6097
1329.000       1.5974
1331.000       1.6179
1332.000       1.6452
1333.000       1.6993
1334.000       1.7354
1337.000       1.7480
1338.000       1.7413
1340.000       1.6937
1341.000       1.6440
1342.000       1.6214
1344.000       1.6492
1346.000       1.7160
1348.000       1.6733
1349.000       1.7457
1350.000       1.8312
1351.000       1.7744
1352.000       1.7877
1353.000       1.8548
1356.000       1.9113
1358.000       1.8991
1359.000       1.9337
1361.000       1.8838
1362.000       1.8334
1364.000       1.8165
1366.000       1.8510
1367.000       1.8712
1368.000       1.9094
1370.000       1.9299
1371.000       2.0222
1372.000       1.9430
1374.000       2.0010
1376.000       2.1247
1378.000       2.0209
1379.000       2.0654
1380.000       2.1938
1381.000       2.0627
1382.000       2.0544
1383.000       2.2219
1386.000       2.2001
1388.000       2.1410
1389.000       2.1337
1391.000       2.0635
1392.000       2.0185
1394.000       1.9759
1396.000       1.9817
1397.000       1.9710
1400.000       2.0319
1401.000       2.0750
1402.000       2.1561
1403.000       2.2015
1405.000       2.1919
1407.000       2.2926
1409.000       2.2965
1410.000       2.3375
1411.000       2.4829
1412.000       2.3229
1413.000       2.3156
1414.000       2.3914
1417.000       2.3746
1419.000       2.3137
1420.000       2.2856
1422.000       2.2037
1423.000       2.1704
1425.000       2.1253
1426.000       2.1279
1427.000       2.1227
1428.000       2.1104
1431.000       2.1649
1432.000       2.2076
1434.000       2.2198
1435.000       2.1772
1436.000       2.3719
1438.000       2.3506
1440.000       2.4539
1442.000       2.4804
1443.000       2.5270
1444.000       2.6819
1445.000       2.5258
1446.000       2.4733
1447.000       2.5368
1450.000       2.4905
1452.000       2.3994
1453.000       2.3600
1455.000       2.2971
1456.000       2.2924
1458.000       2.2614
1460.000       2.2363
1461.000       2.2483
1462.000       2.2532
1464.000       2.2820
1465.000       2.3353
1466.000       2.5001
1468.000       2.4440
1470.000       2.5157
1472.000       2.6249
1473.000       2.6818
1474.000       2.8659
1475.000       2.6694
1476.000       2.6210
1477.000       2.5822
1480.000       2.5269
1482.000       2.4293
1483.000       2.4037
1485.000       2.3346
1486.000       2.3237
1488.000       2.2848
1489.000       2.2762
1490.000       2.2818
1491.000       2.2890
1492.000       2.3268
1494.000       2.3629
1495.000       2.4366
1498.000       2.3606
1499.000       2.3133
1500.000       2.5380
1502.000       2.4979
1504.000       2.6003
1506.000       2.6732
1507.000       2.7659
1508.000       2.9439
1509.000       2.7729
1510.000       2.7218
1511.000       2.8009
1514.000       2.7635
1516.000       2.6561
1517.000       2.6601
1519.000       2.5861
1520.000       2.5448
1522.000       2.5086
1523.000       2.5223
1524.000       2.5325
1525.000       2.5305
1526.000       2.5863
1528.000       2.6340
1529.000       2.7154
1532.000       2.6339
1533.000       2.5712
1534.000       2.8333
1536.000       2.7980
1538.000       2.8921
1540.000       2.9855
1541.000       3.1211
1542.000       3.3132
1543.000       3.1334
1544.000       3.1026
1545.000       3.1748
1548.000       3.1750
1550.000       3.0501
1551.000       3.0665
1553.000       2.9613
1554.000       2.9115
1556.000       2.8754
1558.000       2.8929
1559.000       2.9251
1562.000       2.9509
1563.000       2.9806
1564.000       3.0855
1565.000       3.2643
1567.000       3.2300
1569.000       3.3715
1571.000       3.4505
1572.000       3.6042
1573.000       3.8407
1574.000       3.5977
1575.000       3.5728
1576.000       3.6772
1579.000       3.7088
1581.000       3.5614
1582.000       3.5954
1584.000       3.4430
1585.000       3.3698
1587.000       3.2828
1589.000       3.2585
1590.000       3.2327
1591.000       3.3346
1593.000       3.4317
1594.000       3.5529
1595.000       3.8068
1597.000       3.7890
1599.000       3.9846
1601.000       4.0337
1602.000       4.1516
1603.000       4.4447
1604.000       4.0805
1605.000       4.0845
1606.000       4.1402
1609.000       4.1208
1611.000       4.2217
1612.000       4.1815
1614.000       4.1835
1615.000       4.2226
1617.000       4.2732
1618.000       4.2665
1619.000       4.3474
1620.000       4.4428
1623.000       4.3891
1624.000       4.3474
1626.000       4.2626
1627.000       4.2197
1628.000       3.9694
1630.000       4.0383
1632.000       4.1074
1634.000       3.9243
1635.000       3.7479
1636.000       3.7785
1637.000       3.7062
1638.000       3.7072
1639.000       3.7697
1642.000       3.7588
1644.000       3.8217
1645.000       3.7656
1647.000       3.7282
1648.000       3.7188
1650.000       3.7233
1651.000       3.7294
1652.000       3.7626
1653.000       3.7966
1656.000       3.8008
1657.000       3.8059
1659.000       3.7768
1660.000       3.7362
1661.000       3.6535
1663.000       3.6993
1665.000       3.7699
1667.000       3.6469
1668.000       3.5492
1669.000       3.6523
1670.000       3.5291
1671.000       3.4393
1672.000       3.4775
1675.000       3.4429
1677.000       3.4539
1678.000       3.4162
1680.000       3.3826
1681.000       3.3248
1683.000       3.3288
1685.000       3.3909
1686.000       3.4348
1687.000       3.4445
1689.000       3.4497
1690.000       3.5478
1691.000       3.3616
1693.000       3.3858
1695.000       3.4792
1697.000       3.3977
1698.000       3.3469
1699.000       3.4745
1700.000       3.2766
1701.000       3.3264
1702.000       3.4380
1705.000       3.4261
1707.000       3.4103
1708.000       3.3818
1710.000       3.3024
1711.000       3.2334
1713.000       3.2019
1715.000       3.2376
1716.000       3.2382
1719.000       3.3036
1720.000       3.3374
1721.000       3.4295
1722.000       3.3539
1724.000       3.3714
1726.000       3.4982
1728.000       3.4234
1729.000       3.3843
1730.000       3.5514
1731.000       3.3812
1732.000       3.2768
1733.000       3.3541
1736.000       3.2722
1738.000       3.2466
1739.000       3.1853
1741.000       3.1467
1742.000       3.1549
1744.000       3.1802
1745.000       3.1841
1746.000       3.2670
1747.000       3.3613
1750.000       3.3216
1751.000       3.2916
1753.000       3.2207
1754.000       3.1634
1755.000       3.1863
1757.000       3.1784
1759.000       3.2829
1761.000       3.2367
1762.000       3.2135
1763.000       3.3467
1764.000       3.2542
1765.000       3.1189
1766.000       3.1723
1769.000       3.0908
1771.000       3.0392
1772.000       2.9377
1774.000       2.8379
1775.000       2.8669
1777.000       2.8088
1779.000       2.7180
1780.000       2.6884
1783.000       2.7000
1784.000       2.7602
1785.000       2.7821
1786.000       3.0058
1788.000       2.9412
1790.000       3.0411
1792.000       3.0999
1793.000       3.0570
1794.000       3.2297
1795.000       3.0507
1796.000       2.8935
1797.000       2.9364
1800.000       2.8018
1802.000       2.7130
1803.000       2.5665
1805.000       2.5090
1806.000       2.5546
1808.000       2.5502
1810.000       2.4782
1811.000       2.4941
1814.000       2.4341
1815.000       2.4618
1816.000       2.4931
1817.000       2.7413
1819.000       2.6406
1821.000       2.8876
1823.000       2.8699
1824.000       2.9428
1825.000       3.1945
1826.000       3.0106
1827.000       2.7859
1828.000       2.8176
1831.000       2.7231
1833.000       2.6884
1834.000       2.6061
1836.000       2.5166
1837.000       2.5428
1839.000       2.4692
1840.000       2.3905
1841.000       2.3288
1842.000       2.3129
1845.000       2.3248
1846.000       2.3699
1848.000       2.4229
1849.000       2.4282
1850.000       2.6601
1852.000       2.6379
1854.000       2.7553
1856.000       2.7386
1857.000       2.7298
1858.000       2.8833
1859.000       2.7458
1860.000       2.6090
1861.000       2.6357
1864.000       2.5505
1866.000       2.4817
1867.000       2.4088
1869.000       2.3288
1870.000       2.3481
1872.000       2.2969
1874.000       2.2178
1875.000       2.1932
1876.000       2.2187
1878.000       2.2734
1879.000       2.3084
1880.000       2.5022
1882.000       2.4436
1884.000       2.5241
1886.000       2.5819
1887.000       2.5754
1888.000       2.7199
1889.000       2.5721
1890.000       2.4881
1891.000       2.5102
1894.000       2.4576
1896.000       2.4058
1897.000       2.3439
1899.000       2.2524
1900.000       2.2416
1902.000       2.1670
1903.000       2.1268
1904.000       2.0663
1905.000       2.0295
1906.000       2.0843
1908.000       2.1479
1909.000       2.1787
1912.000       2.2003
1913.000       2.1850
1914.000       2.3994
1916.000       2.3698
1918.000       2.4685
1920.000       2.4736
1921.000       2.4560
1922.000       2.5876
1923.000       2.4428
1924.000       2.3783
1925.000       2.4318
1928.000       2.3700
1930.000       2.3319
1931.000       2.2547
1933.000       2.1757
1934.000       2.1831
1936.000       2.1222
1937.000       2.0647
1938.000       2.0097
1939.000       1.9851
1942.000       2.0135
1943.000       2.0691
1945.000       2.1158
1946.000       2.1070
1947.000       2.3055
1949.000       2.2647
1951.000       2.3476
1953.000       2.3647
1954.000       2.3328
1955.000       2.4654
1956.000       2.3511
1957.000       2.2108
1958.000       2.2341
1961.000       2.1383
1963.000       2.1043
1964.000       2.0174
1966.000       1.9665
1967.000       2.0058
1969.000       1.9771
1971.000       1.8993
1972.000       1.8930
1973.000       1.8752
1975.000       1.9099
1976.000       1.9301
1977.000       2.0667
1979.000       2.0157
1981.000       2.0713
1983.000       2.1045
1984.000       2.0791
1985.000       2.1918
1986.000       2.1108
1987.000       1.9606
1988.000       1.9536
1991.000       1.8583
1993.000       1.8368
1994.000       1.7583
1996.000       1.7299
1997.000       1.7768
1999.000       1.7495
2000.000       1.6754
2001.000       1.6340
2002.000       1.6511
2003.000       1.5923
2005.000       1.5916
2006.000       1.5714
2009.000       1.6323
2010.000       1.6690
2011.000       1.7910
2013.000       1.7329
2015.000       1.7609
2017.000       1.8160
2018.000       1.8119
2019.000       1.8814
2020.000       1.8636
2021.000       1.7325
2022.000       1.7060
2025.000       1.6325
2027.000       1.6168
2028.000       1.5667
2030.000       1.5743
2031.000       1.6350
2033.000       1.6536
2035.000       1.6130
2036.000       1.6471
2039.000       1.5613
2040.000       1.5397
2041.000       1.5156
2042.000       1.6080
2044.000       1.5561
2046.000       1.5486
2048.000       1.6201
2049.000       1.6327
2050.000       1.6855
2051.000       1.7071
2052.000       1.5644
2053.000       1.5221
2056.000       1.4741
2058.000       1.4766
2059.000       1.4698
2061.000       1.5099
2062.000       1.5617
2064.000       1.6105
2065.000       1.5867
2066.000       1.6396
2067.000       1.7254
2070.000       1.6376
2071.000       1.5873
2073.000       1.5351
2074.000       1.5315
2075.000       1.4787
2077.000       1.4609
2079.000       1.4462
2081.000       1.4838
2082.000       1.5246
2083.000       1.6270
2084.000       1.5287
2085.000       1.5560
2086.000       1.5464
2089.000       1.4583
2091.000       1.4912
2092.000       1.4624
2094.000       1.4819
2095.000       1.5269
2097.000       1.5551
2098.000       1.5275
2099.000       1.5679
2100.000       1.6290
2103.000       1.5882
2104.000       1.5666
2106.000       1.5192
2107.000       1.4955
2108.000       1.4378
2110.000       1.4483
2112.000       1.4607
2114.000       1.4191
2115.000       1.4434
2116.000       1.4794
2117.000       1.5414
2118.000       1.4185
2119.000       1.3998
2122.000       1.3652
2124.000       1.3670
2125.000       1.3466
2127.000       1.3303
2128.000       1.3372
2130.000       1.3453
2132.000       1.3401
2133.000       1.3786
2134.000       1.3487
2136.000       1.3502
2137.000       1.4039
2138.000       1.3530
2140.000       1.3525
2142.000       1.3969
2144.000       1.3849
2145.000       1.4132
2146.000       1.4681
2147.000       1.4263
2148.000       1.4259
2149.000       1.4464
2152.000       1.4460
2154.000       1.4361
2155.000       1.4353
2157.000       1.4113
2158.000       1.3971
2160.000       1.3869
2162.000       1.3910
2163.000       1.3955
2166.000       1.4147
2167.000       1.4290
2168.000       1.4802
2169.000       1.4543
2171.000       1.4569
2173.000       1.4946
2175.000       1.4937
2176.000       1.5213
2177.000       1.5920
2178.000       1.5594
2179.000       1.4928
2180.000       1.5029
2183.000       1.4798
2185.000       1.4527
2186.000       1.4381
2188.000       1.4156
2189.000       1.4171
2191.000       1.4009
2192.000       1.3848
2193.000       1.3793
2194.000       1.3872
2195.000       1.3898
2197.000       1.4133
2198.000       1.4449
2201.000       1.4204
2202.000       1.4025
2203.000       1.4938
2205.000       1.4746
2207.000       1.5151
2209.000       1.5549
2210.000       1.5946
2211.000       1.7042
2212.000       1.6178
2213.000       1.5633
2214.000       1.5818
2217.000       1.5599
2219.000       1.5323
2220.000       1.5097
2222.000       1.4711
2223.000       1.4571
2225.000       1.4353
2226.000       1.4260
2227.000       1.4153
2228.000       1.4163
2229.000       1.4306
2231.000       1.4565
2232.000       1.4863
2235.000       1.4736
2236.000       1.4512
2237.000       1.5617
2239.000       1.5469
2241.000       1.6125
2243.000       1.6276
2244.000       1.6604
2245.000       1.7862
2246.000       1.6802
2247.000       1.6211
2248.000       1.6746
2251.000       1.6294
2253.000       1.5914
2254.000       1.5675
2256.000       1.5225
2257.000       1.5116
2259.000       1.4895
2260.000       1.4855
2261.000       1.4884
2262.000       1.4970
2263.000       1.5187
2265.000       1.5393
2266.000       1.5930
2269.000       1.5393
2270.000       1.5089
2271.000       1.6150
2273.000       1.6042
2275.000       1.6780
2277.000       1.6744
2278.000       1.6991
2279.000       1.8112
2280.000       1.7220
2281.000       1.6706
2282.000       1.7159
2285.000       1.6983
2287.000       1.6488
2288.000       1.6350
2290.000       1.5732
2291.000       1.5664
2293.000       1.5234
2295.000       1.4943
2296.000       1.4902
2297.000       1.5219
2299.000       1.5577
2300.000       1.6151
2301.000       1.6929
2303.000       1.6915
2305.000       1.7724
2307.000       1.7778
2308.000       1.8086
2309.000       1.9501
2310.000       1.7659
2311.000       1.8056
2312.000       1.9089
2315.000       1.9159
2317.000       1.8370
2318.000       1.8219
2320.000       1.7001
2321.000       1.6403
2323.000       1.5601
2325.000       1.5438
2326.000       1.5170
2327.000       1.6163
2329.000       1.6936
2330.000       1.7933
2331.000       1.9235
2333.000       1.9203
2335.000       2.0480
2337.000       2.0638
2338.000       2.1057
2339.000       2.3144
2340.000       1.9982
2341.000       2.1219
2342.000       2.2914
2345.000       2.3122
2347.000       2.2173
2348.000       2.1712
2350.000       1.9716
2351.000       1.8690
2353.000       1.7486
2354.000       1.7744
2355.000       1.7411
2356.000       1.6900
2357.000       1.8444
2359.000       1.9623
2360.000       2.0846
2363.000       2.0069
2364.000       1.9078
2365.000       2.2833
2367.000       2.2913
2369.000       2.5080
2371.000       2.4579
2372.000       2.4503
2373.000       2.7199
2374.000       2.3388
2375.000       2.4229
2376.000       2.6358
2379.000       2.6457
2381.000       2.5054
2382.000       2.4890
2384.000       2.2899
2385.000       2.1683
2387.000       2.1175
2388.000       2.2152
2389.000       2.3398
2390.000       2.3746
2393.000       2.5287
2394.000       2.5906
2396.000       2.5102
2397.000       2.3175
2398.000       2.6165
2400.000       2.6461
2402.000       2.9098
2404.000       2.8380
2405.000       2.8699
2406.000       3.1867
2407.000       2.6831
2408.000       2.8456
2409.000       3.0607
2412.000       3.0332
2414.000       2.8267
2415.000       2.7837
2417.000       2.5713
2418.000       2.4462
2420.000       2.2905
2421.000       2.3304
2422.000       2.2893
2423.000       2.1711
2426.000       2.4284
2427.000       2.5847
2429.000       2.6330
2430.000       2.5040
2431.000       3.0622
2433.000       3.0000
2435.000       3.2085
2437.000       3.3249
2438.000       3.4313
2439.000       3.7406
2440.000       3.3031
2441.000       3.3933
2442.000       3.5693
2445.000       3.5161
2447.000       3.2757
2448.000       3.2195
2450.000       2.9934
2451.000       2.9109
2453.000       2.7245
2455.000       2.6207
2456.000       2.4550
2459.000       2.7228
2460.000       2.9084
2461.000       3.0367
2462.000       3.5549
2464.000       3.4521
2466.000       3.6485
2468.000       3.8333
2469.000       3.9571
2470.000       4.2679
2471.000       3.8519
2472.000       3.8873
2473.000       4.0481
2476.000       3.9683
2478.000       3.7189
2479.000       3.6385
2481.000       3.4224
2482.000       3.3662
2484.000       3.1752
2485.000       3.1021
2486.000       2.9386
2487.000       2.7784
2490.000       2.9797
2491.000       3.1708
2493.000       3.3168
2494.000       3.2693
2495.000       4.0044
2497.000       3.8703
2499.000       4.0394
2501.000       4.2711
2502.000       4.3893
2503.000       4.7017
2504.000       4.3104
2505.000       4.2750
2506.000       4.3996
2509.000       4.2711
2511.000       4.0115
2512.000       3.8832
2514.000       3.6576
2515.000       3.6611
2517.000       3.4868
2519.000       3.2885
2520.000       3.1403
2523.000       3.2879
2524.000       3.4778
2525.000       3.5232
2526.000       4.2716
2528.000       4.0968
2530.000       4.2482
2532.000       4.5248
2533.000       4.5641
2534.000       4.8976
2535.000       4.5518
2536.000       4.2904
2537.000       4.3587
2540.000       4.1301
2542.000       3.8676
2543.000       3.6978
2545.000       3.5453
2546.000       3.6289
2548.000       3.6090
2550.000       3.4970
2551.000       3.5757
2552.000       3.4036
2554.000       3.4267
2555.000       3.4418
2556.000       4.0809
2558.000       3.8558
2560.000       3.9868
2562.000       4.3159
2563.000       4.3972
2564.000       4.6899
2565.000       4.4785
2566.000       4.1476
2567.000       4.0324
2570.000       3.8282
2572.000       3.6240
2573.000       3.5200
2575.000       3.4677
2576.000       3.6503
2578.000       3.6976
2580.000       3.5582
2581.000       3.6802
2582.000       3.3883
2584.000       3.3415
2585.000       3.3074
2586.000       3.8730
2588.000       3.6643
2590.000       3.7496
2592.000       4.0987
2593.000       4.2171
2594.000       4.6291
2595.000       4.4527
2596.000       3.9351
2597.000       3.9106
2600.000       3.7993
2602.000       3.9268
2603.000       3.7876
2605.000       3.9425
2606.000       3.9764
2608.000       4.2766
2609.000       4.5191
2610.000       5.0855
2611.000       5.4132
2614.000       5.4852
2615.000       5.2985
2617.000       4.7285
2618.000       4.3492
2619.000       3.5146
2621.000       3.4827
2623.000       3.4414
2625.000       3.5547
2626.000       3.4547
2627.000       3.6583
2628.000       3.5087
2629.000       3.1896
2630.000       3.1359
2633.000       2.9721
2635.000       3.0032
2636.000       2.8534
2638.000       2.9465
2639.000       3.1628
2641.000       3.2640
2642.000       3.1066
2643.000       3.1875
2644.000       3.3868
2647.000       3.1832
2648.000       3.0961
2650.000       2.9518
2651.000       2.9509
2652.000       2.8559
2654.000       2.7361
2656.000       2.6541
2658.000       2.8389
2659.000       2.8801
2660.000       2.8944
2661.000       3.0981
2662.000       2.7193
2663.000       2.5292
2666.000       2.4472
2668.000       2.4917
2669.000       2.5387
2671.000       2.6218
2672.000       2.6415
2674.000       2.7475
2676.000       2.8621
2677.000       3.0068
2678.000       2.8516
2680.000       2.7284
2681.000       2.7655
2682.000       2.5242
2684.000       2.5937
2686.000       2.7008
2688.000       2.5491
2689.000       2.4869
2690.000       2.6541
2691.000       2.5826
2692.000       2.3060
2693.000       2.3549
2696.000       2.1967
2698.000       2.0944
2699.000       2.0147
2701.000       2.0021
2702.000       2.0720
2704.000       2.2562
2706.000       2.3731
2707.000       2.6593
2708.000       2.2836
2710.000       2.1119
2711.000       2.2071
2712.000       2.0974
2714.000       2.0762
2716.000       2.2820
2718.000       2.2446
2719.000       2.2638
2720.000       2.4865
2721.000       2.2190
2722.000       2.1812
2723.000       2.1164
2726.000       2.0552
2728.000       1.9687
2729.000       1.9028
2731.000       1.8158
2732.000       1.8059
2734.000       1.7529
2735.000       1.7172
2736.000       1.6800
2737.000       1.6718
2738.000       1.6885
2740.000       1.7304
2741.000       1.7605
2744.000       1.7742
2745.000       1.7590
2746.000       2.0161
2748.000       1.9531
2750.000       2.0529
2752.000       2.1367
2753.000       2.1616
2754.000       2.3430
2755.000       2.1354
2756.000       2.0908
2757.000       2.0495
2760.000       1.9928
2762.000       1.9189
2763.000       1.8611
2765.000       1.7835
2766.000       1.7887
2768.000       1.7358
2769.000       1.6931
2770.000       1.6607
2771.000       1.6618
2772.000       1.6654
2774.000       1.6967
2775.000       1.7229
2778.000       1.7294
2779.000       1.7247
2780.000       1.9936
2782.000       1.9398
2784.000       2.0190
2786.000       2.1173
2787.000       2.1588
2788.000       2.3706
2789.000       2.1459
2790.000       2.0421
2791.000       2.0956
2794.000       2.0052
2796.000       1.8512
2797.000       1.7871
2799.000       1.7107
2800.000       1.7130
2802.000       1.6622
2803.000       1.6253
2804.000       1.5974
2805.000       1.6006
2806.000       1.6067
2808.000       1.6427
2809.000       1.6785
2812.000       1.6714
2813.000       1.6576
2814.000       2.0450
2816.000       1.9229
2818.000       1.9645
2820.000       2.2339
2821.000       2.3148
2822.000       2.6967
2823.000       2.2102
2824.000       2.1983
2825.000       2.4135
2828.000       2.3534
2830.000       2.1644
2831.000       2.1053
2833.000       1.8708
2834.000       1.7270
2836.000       1.5771
2838.000       1.5747
2839.000       1.5464
2840.000       1.7422
2842.000       1.8868
2843.000       2.1055
2844.000       2.2767
2846.000       2.2298
2848.000       2.5147
2850.000       2.5306
2851.000       2.4732
2852.000       2.8545
2853.000       2.4379
2854.000       2.1513
2855.000       2.2585
2858.000       2.0362
2860.000       1.8581
2861.000       1.7449
2863.000       1.4271
2864.000       1.4269
2866.000       1.3377
2868.000       1.2622
2869.000       1.4040
2870.000       1.2778
2872.000       1.3571
2873.000       1.5552
2874.000       1.9272
2876.000       1.9710
2878.000       2.3016
2880.000       1.8854
2881.000       1.8407
2882.000       1.9054
2883.000       2.1153
2884.000       1.7883
2885.000       1.6743
2888.000       1.6217
2890.000       1.6363
2891.000       1.6384
2893.000       1.5680
2894.000       1.5758
2896.000       1.5430
2897.000       1.5047
2898.000       1.5004
2899.000       1.5043
2902.000       1.5535
2903.000       1.6098
2905.000       1.6041
2906.000       1.5404
2907.000       1.6906
2909.000       1.7595
2911.000       2.0302
2913.000       1.7697
2914.000       1.8570
2915.000       1.9686
2916.000       2.0899
2917.000       1.7333
2918.000       1.7062
2921.000       1.6266
2923.000       1.5852
2924.000       1.5218
2926.000       1.5816
2927.000       1.6677
2929.000       1.6838
2930.000       1.6040
2931.000       1.5835
2932.000       1.6143
2935.000       1.5582
2936.000       1.5651
2938.000       1.5660
2939.000       1.5728
2940.000       1.6676
2942.000       1.4109
2944.000       1.5287
2946.000       1.9486
2947.000       2.4257
2948.000       3.3670
2949.000       2.5640
2950.000       2.1353
2951.000       1.9787
2954.000       1.7391
2956.000       1.6227
2957.000       1.7847
2959.000       2.2024
2960.000       2.7059
2962.000       3.1651
2963.000       3.0330
2964.000       3.5445
2965.000       4.1377
2968.000       3.6444
2969.000       3.2425
2971.000       2.6316
2972.000       2.5144
2973.000       1.8992
2975.000       1.9222
2977.000       2.0640
2979.000       1.9487
2980.000       1.9051
2981.000       2.0069
2982.000       1.9052
2983.000       1.8852
2984.000       1.9643
2987.000       1.9281
2989.000       1.9100
2990.000       1.8761
2992.000       1.8002
2993.000       1.7615
2995.000       1.7137
2996.000       1.7201
2997.000       1.7068
2998.000       1.6764
3001.000       1.7506
3002.000       1.8082
3004.000       1.8263
3005.000       1.7761
3006.000       1.8785
3008.000       1.8960
3010.000       2.0194
3012.000       1.9392
3013.000       1.9373
3014.000       2.0391
3015.000       1.8993
3016.000       1.9347
3017.000       2.0218
3020.000       2.0348
3022.000       1.9955
3023.000       1.9822
3025.000       1.8867
3026.000       1.8399
3028.000       1.7725
3030.000       1.7437
3031.000       1.6965
3034.000       1.7997
3035.000       1.8771
3036.000       1.9683
3037.000       2.0343
3039.000       2.0481
3041.000       2.1678
3043.000       2.1242
3044.000       2.1629
3045.000       2.2768
3046.000       2.1411
3047.000       2.1589
3048.000       2.2398
3051.000       2.2282
3053.000       2.1499
3054.000       2.1005
3056.000       1.9985
3057.000       1.9761
3059.000       1.9042
3060.000       1.8679
3061.000       1.8057
3062.000       1.7728
3063.000       1.8102
3065.000       1.8764
3066.000       1.8905
3069.000       1.9423
3070.000       1.9276
3071.000       2.2248
3073.000       2.1798
3075.000       2.2842
3077.000       2.3555
3078.000       2.3925
3079.000       2.5666
3080.000       2.3680
3081.000       2.3113
3082.000       2.3588
3085.000       2.2583
3087.000       2.1527
3088.000       2.0672
3090.000       1.9965
3091.000       2.0335
3093.000       1.9815
3094.000       1.8999
3095.000       1.8390
3096.000       1.8504
3097.000       1.7908
3099.000       1.8007
3100.000       1.7607
3103.000       1.8649
3104.000       1.9094
3105.000       2.2370
3107.000       2.1331
3109.000       2.1771
3111.000       2.3438
3112.000       2.3850
3113.000       2.5404
3114.000       2.4181
3115.000       2.2630
3116.000       2.2656
3119.000       2.1538
3121.000       2.0504
3122.000       1.9813
3124.000       1.9404
3125.000       2.0059
3127.000       2.0076
3129.000       1.9471
3130.000       1.9826
3131.000       1.8879
3133.000       1.8788
3134.000       1.8602
3135.000       2.1673
3137.000       2.0608
3139.000       2.0978
3141.000       2.2844
3142.000       2.3801
3143.000       2.5244
3144.000       2.4600
3145.000       2.2948
3146.000       2.2958
3149.000       2.2374
3151.000       2.1335
3152.000       2.1462
3154.000       2.1933
3155.000       2.2323
3157.000       2.3426
3158.000       2.3731
3159.000       2.5382
3160.000       2.6853
3161.000       2.5936
3163.000       2.5156
3164.000       2.6542
3167.000       2.3676
3168.000       2.2908
3169.000       2.3287
3171.000       2.2684
3173.000       2.3619
3175.000       2.4708
3176.000       2.6507
3177.000       2.7625
3178.000       2.7272
3179.000       2.7460
3180.000       2.7790
3183.000       2.7531
3185.000       2.6803
3186.000       2.6612
3188.000       2.5596
3189.000       2.5167
3191.000       2.4673
3192.000       2.4701
3193.000       2.4631
3194.000       2.4462
3195.000       2.5225
3197.000       2.5881
3198.000       2.6798
3201.000       2.6009
3202.000       2.5337
3203.000       2.7694
3205.000       2.7551
3207.000       2.8782
3209.000       2.9033
3210.000       2.9590
3211.000       3.1334
3212.000       2.9197
3213.000       2.9382
3214.000       3.0488
3217.000       3.0378
3219.000       2.9358
3220.000       2.9064
3222.000       2.7899
3223.000       2.7232
3225.000       2.6625
3226.000       2.6848
3227.000       2.6711
3228.000       2.6391
3229.000       2.7402
3231.000       2.8149
3232.000       2.8986
3235.000       2.8367
3236.000       2.7633
3237.000       3.0404
3239.000       3.0123
3241.000       3.1457
3243.000       3.1903
3244.000       3.2559
3245.000       3.4338
3246.000       3.1969
3247.000       3.2570
3248.000       3.3495
3251.000       3.3364
3253.000       3.2456
3254.000       3.2231
3256.000       3.1165
3257.000       3.0509
3259.000       2.9843
3260.000       3.0091
3261.000       2.9948
3262.000       2.9614
3263.000       3.0606
3265.000       3.1303
3266.000       3.2070
3269.000       3.1549
3270.000       3.0892
3271.000       3.3421
3273.000       3.3280
3275.000       3.4486
3277.000       3.4541
3278.000       3.4891
3279.000       3.6324
3280.000       3.4354
3281.000       3.4941
3282.000       3.6092
3285.000       3.6133
3287.000       3.5021
3288.000       3.4991
3290.000       3.3814
3291.000       3.3011
3293.000       3.2367
3294.000       3.2828
3295.000       3.2995
3296.000       3.2684
3297.000       3.4197
3299.000       3.5137
3300.000       3.6683
3303.000       3.4948
3304.000       3.3768
3305.000       3.6439
3307.000       3.6306
3309.000       3.7885
3311.000       3.8127
3312.000       3.8727
3313.000       4.0954
3314.000       3.6751
3315.000       4.0246
3316.000       4.3863
3319.000       4.5660
3321.000       4.6594
3322.000       4.5452
3324.000       4.4773
3325.000       4.2960
3327.000       4.4188
3328.000       4.7003
3329.000       5.1090
3330.000       5.0789
3333.000       5.7780
3334.000       6.0359
3336.000       5.5960
3337.000       4.8821
3338.000       4.3424
3340.000       4.2139
3342.000       4.2251
3344.000       4.6511
3345.000       4.7039
3346.000       5.1337
3347.000       4.5842
3348.000       4.4563
3349.000       4.5879
3352.000       4.4507
3354.000       4.2597
3355.000       4.0052
3357.000       3.6911
3358.000       3.7055
3360.000       3.5407
3362.000       3.3424
3363.000       3.2924
3366.000       3.3164
3367.000       3.4878
3368.000       3.5562
3369.000       4.3312
3371.000       4.0872
3373.000       4.4983
3375.000       4.6661
3376.000       4.3565
3377.000       4.0616
3378.000       4.9771
3379.000       3.9448
3380.000       4.0906
3383.000       3.7705
3385.000       3.6953
3386.000       3.5224
3388.000       3.4818
3389.000       3.5115
3391.000       3.4725
3392.000       3.4039
3393.000       3.3615
3394.000       3.3612
3395.000       3.3511
3397.000       3.3771
3398.000       3.3989
3401.000       3.4093
3402.000       3.4179
3403.000       3.3380
3405.000       3.3104
3407.000       3.3635
3409.000       3.1903
3410.000       3.1241
3411.000       3.0012
3412.000       3.2327
3413.000       3.3247
3414.000       3.3285
3417.000       3.5437
3419.000       3.6992
3420.000       3.7277
3422.000       3.6653
3423.000       3.6740
3425.000       3.6556
3426.000       3.6232
3427.000       3.6074
3428.000       3.6209
3431.000       3.6016
3432.000       3.6122
3434.000       3.6301
3435.000       3.6288
3436.000       3.6005
3438.000       3.8078
3440.000       4.0050
3442.000       3.6233
3443.000       3.6196
3444.000       3.7192
3445.000       3.7188
3446.000       3.4604
3447.000       3.4120
3450.000       3.3256
3452.000       3.3172
3453.000       3.3206
3455.000       3.3292
3456.000       3.4511
3458.000       3.5153
3460.000       3.4667
3461.000       3.5779
3462.000       3.3402
3464.000       3.2699
3465.000       3.2189
3466.000       3.3252
3468.000       3.3700
3470.000       3.5365
3472.000       3.3528
3473.000       3.2883
3474.000       3.4057
3475.000       3.2534
3476.000       3.2461
3477.000       3.3212
3480.000       3.3216
3482.000       3.3991
3483.000       3.3037
3485.000       3.1832
3486.000       3.1952
3488.000       3.1143
3490.000       3.0212
3491.000       2.9670
3494.000       3.0584
3495.000       3.1400
3496.000       3.2255
3497.000       3.1999
3499.000       3.2419
3501.000       3.3786
3503.000       3.2239
3504.000       3.1181
3505.000       3.2274
3506.000       3.0613
3507.000       3.0534
3508.000       3.1392
3511.000       3.1034
3513.000       3.0862
3514.000       3.0074
3516.000       2.8936
3517.000       2.8567
3519.000       2.7813
3521.000       2.7363
3522.000       2.6862
3525.000       2.7781
3526.000       2.8589
3527.000       2.9310
3528.000       3.0098
3530.000       3.0063
3532.000       3.1380
3534.000       3.0750
3535.000       3.0138
3536.000       3.1542
3537.000       2.9498
3538.000       2.9420
3539.000       3.0488
3542.000       2.9978
3544.000       2.9359
3545.000       2.8613
3547.000       2.7390
3548.000       2.7079
3550.000       2.6292
3552.000       2.5712
3553.000       2.5192
3556.000       2.6015
3557.000       2.6900
3558.000       2.7535
3559.000       2.9155
3561.000       2.8871
3563.000       3.0246
3565.000       3.0084
3566.000       2.9742
3567.000       3.1510
3568.000       2.9198
3569.000       2.8845
3570.000       2.9817
3573.000       2.8964
3575.000       2.8245
3576.000       2.7043
3578.000       2.5904
3579.000       2.5990
3581.000       2.5253
3582.000       2.4551
3583.000       2.4009
3584.000       2.4075
3585.000       2.3921
3587.000       2.4340
3588.000       2.4641
3591.000       2.4925
3592.000       2.4969
3593.000       2.7923
3595.000       2.7185
3597.000       2.8375
3599.000       2.8918
3600.000       2.8426
3601.000       3.0511
3602.000       2.8311
3603.000       2.6451
3604.000       2.6812
3607.000       2.4912
3609.000       2.4078
3610.000       2.2225
3612.000       2.1305
3613.000       2.2154
3615.000       2.1717
3617.000       2.0332
3618.000       2.0363
3619.000       1.9498
3621.000       1.9956
3622.000       1.9663
3623.000       2.3533
3625.000       2.1954
3627.000       2.2396
3629.000       2.4340
3630.000       2.4249
3631.000       2.6102
3632.000       2.6053
3633.000       2.4089
3634.000       2.2913
3637.000       2.1988
3639.000       2.2670
3640.000       2.1494
3642.000       2.1497
3643.000       2.7481
3645.000       2.7707
3646.000       2.2429
3647.000       2.4419
3648.000       2.6589
3651.000       2.9582
3652.000       3.1452
3654.000       2.6435
3655.000       2.1183
3656.000       2.1078
3658.000       2.1696
3660.000       2.3680
3662.000       2.1109
3663.000       2.0578
3664.000       2.1569
3665.000       2.1157
3666.000       1.9233
3667.000       1.8574
3670.000       1.7405
3672.000       1.7607
3673.000       1.7436
3675.000       1.8182
3676.000       1.9054
3678.000       1.9813
3679.000       1.9368
3680.000       1.9950
3681.000       2.1143
3684.000       1.9675
3685.000       1.8830
3687.000       1.8185
3688.000       1.8449
3689.000       1.7376
3691.000       1.7265
3693.000       1.7121
3695.000       1.7486
3696.000       1.7699
3697.000       1.8460
3698.000       1.8093
3699.000       1.8118
3700.000       1.7608
3703.000       1.8620
3705.000       1.9037
3706.000       1.8452
3708.000       1.8764
3709.000       1.8488
3711.000       1.9434
3713.000       2.0644
3714.000       2.2283
3717.000       2.1695
3718.000       2.0747
3719.000       2.2795
3720.000       1.8424
3722.000       1.7828
3724.000       1.8178
3726.000       1.9772
3727.000       2.1046
3728.000       2.2752
3729.000       2.1182
3730.000       2.0892
3731.000       2.1367
3734.000       2.1777
3736.000       2.0689
3737.000       2.1062
3739.000       1.9953
3740.000       1.9620
3742.000       1.8895
3743.000       1.8777
3744.000       1.8552
3745.000       1.8361
3748.000       1.8999
3749.000       1.9606
3751.000       1.9892
3752.000       1.9434
3753.000       2.3414
3755.000       2.2514
3757.000       2.4031
3759.000       2.4966
3760.000       2.6861
3761.000       2.7731
3762.000       2.9214
3763.000       2.5552
3764.000       2.4733
3767.000       2.4325
3769.000       2.7388
3770.000       2.6664
3772.000       3.0961
3773.000       3.3662
3775.000       3.8639
3777.000       4.1132
3778.000       4.6006
3779.000       3.8290
3781.000       3.3420
3782.000       3.2413
3783.000       2.2416
3785.000       2.3900
3787.000       2.3911
3789.000       2.1780
3790.000       1.9963
3791.000       2.1277
3792.000       1.9926
3793.000       1.8522
3794.000       1.8400
3797.000       1.7202
3799.000       1.6769
3800.000       1.6582
3802.000       1.6788
3803.000       1.7343
3805.000       1.7598
3807.000       1.7334
3808.000       1.7804
3811.000       1.7074
3812.000       1.6782
3813.000       1.6893
3814.000       1.6777
3816.000       1.6517
3818.000       1.6611
3820.000       1.7002
3821.000       1.7123
3822.000       1.7748
3823.000       1.7418
3824.000       1.6839
3825.000       1.6929
3828.000       1.6949
3830.000       1.6813
3831.000       1.6995
3833.000       1.6744
3834.000       1.6442
3836.000       1.6416
3838.000       1.6637
3839.000       1.6805
3842.000       1.6985
3843.000       1.7065
3844.000       1.7693
3845.000       1.7134
3847.000       1.7529
3849.000       1.8469
3851.000       1.7885
3852.000       1.8206
3853.000       1.9586
3854.000       1.7842
3855.000       1.8356
3856.000       1.9141
3859.000       1.9273
3861.000       1.8889
3862.000       1.8864
3864.000       1.8085
3865.000       1.7531
3867.000       1.7040
3868.000       1.7293
3869.000       1.7204
3870.000       1.6850
3871.000       1.7883
3873.000       1.8574
3874.000       1.9404
3877.000       1.8709
3878.000       1.7979
3879.000       1.9321
3881.000       1.9398
3883.000       2.0418
3885.000       2.0148
3886.000       2.0476
3887.000       2.1896
3888.000       2.0247
3889.000       2.0178
3890.000       2.0937
3893.000       2.0607
3895.000       2.0143
3896.000       1.9674
3898.000       1.8821
3899.000       1.8540
3901.000       1.7931
3903.000       1.7553
3904.000       1.7325
3905.000       1.7936
3907.000       1.8589
3908.000       1.9262
3909.000       2.0137
3911.000       1.9923
3913.000       2.0904
3915.000       2.0831
3916.000       2.0589
3917.000       2.1822
3918.000       2.0713
3919.000       1.9745
3920.000       2.0190
3923.000       1.9638
3925.000       1.9238
3926.000       1.8711
3928.000       1.8025
3929.000       1.8063
3931.000       1.7694
3933.000       1.7272
3934.000       1.7290
3937.000       1.7419
3938.000       1.7772
3939.000       1.8299
3940.000       1.9098
3942.000       1.8880
3944.000       1.9859
3946.000       1.9695
3947.000       1.9689
3948.000       2.0826
3949.000       1.9884
3950.000       1.8893
3951.000       1.9163
3954.000       1.8765
3956.000       1.8396
3957.000       1.8061
3959.000       1.7342
3960.000       1.7318
3962.000       1.6960
3964.000       1.6642
3965.000       1.6622
3968.000       1.6758
3969.000       1.7108
3970.000       1.7588
3971.000       1.8652
3973.000       1.8528
3975.000       1.9485
3977.000       1.9502
3978.000       1.9887
3979.000       2.1506
3980.000       2.0161
3981.000       1.9047
3982.000       1.9642
3985.000       1.8991
3987.000       1.7812
3988.000       1.7251
3990.000       1.6456
3991.000       1.6809
3993.000       1.7019
3995.000       1.7003
3996.000       1.8100
3997.000       1.6751
3999.000       1.6425
4000.000       1.7039
4001.000       1.8924
4003.000       1.7850
4005.000       1.8912
4007.000       2.1121
4008.000       2.2203
4009.000       2.5650
4010.000       2.2895
4011.000       2.0025
4012.000       1.9653
4015.000       1.8239
4017.000       1.6981
4018.000       1.6149
4020.000       1.5470
4021.000       1.6132
4023.000       1.6140
4024.000       1.5069
4025.000       1.4938
4026.000       1.5743
4029.000       1.4860
4030.000       1.5153
4032.000       1.5260
4033.000       1.4947
4034.000       1.8155
4036.000       1.6977
4038.000       1.7835
4040.000       1.9691
4041.000       2.0690
4042.000       2.3076
4043.000       2.1787
4044.000       1.8490
4045.000       1.7984
4048.000       1.6176
4050.000       1.5556
4051.000       1.4936
4053.000       1.5450
4054.000       1.6150
4056.000       1.7091
4057.000       1.7106
4058.000       1.8490
4059.000       1.9935
4062.000       1.9013
4063.000       1.8080
4065.000       1.6610
4066.000       1.6145
4067.000       1.5968
4069.000       1.5061
4071.000       1.4993
4073.000       1.6637
4074.000       1.7250
4075.000       1.9901
4076.000       1.8320
4077.000       1.6478
4078.000       1.7046
4081.000       1.6276
4083.000       1.5526
4084.000       1.4929
4086.000       1.4118
4087.000       1.3964
4089.000       1.3723
4091.000       1.3640
4092.000       1.4112
4095.000       1.3981
4096.000       1.4185
4097.000       1.5101
4098.000       1.6017
4100.000       1.5505
4102.000       1.6355
4104.000       1.7216
4105.000       1.7403
4106.000       1.9326
4107.000       1.7189
4108.000       1.6949
4109.000       1.7504
4112.000       1.7204
4114.000       1.7034
4115.000       1.6701
4117.000       1.6334
4118.000       1.6376
4120.000       1.6270
4121.000       1.6082
4122.000       1.6185
4123.000       1.6509
4124.000       1.6281
4126.000       1.6365
4127.000       1.6755
4130.000       1.6387
4131.000       1.6173
4132.000       1.6910
4134.000       1.6876
4136.000       1.7471
4138.000       1.7445
4139.000       1.7601
4140.000       1.8854
4141.000       1.7523
4142.000       1.7219
4143.000       1.7719
4146.000       1.7607
4148.000       1.7245
4149.000       1.7062
4151.000       1.6417
4152.000       1.6108
4154.000       1.5803
4155.000       1.5939
4156.000       1.6025
4157.000       1.6040
4158.000       1.6472
4160.000       1.6815
4161.000       1.7463
4164.000       1.6794
4165.000       1.6304
4166.000       1.7411
4168.000       1.7475
4170.000       1.8528
4172.000       1.8179
4173.000       1.7991
4174.000       1.9127
4175.000       1.7517
4176.000       1.7705
4177.000       1.8510
4180.000       1.8208
4182.000       1.7763
4183.000       1.7285
4185.000       1.6611
4186.000       1.6442
4188.000       1.6176
4190.000       1.6113
4191.000       1.6418
4194.000       1.6377
4195.000       1.6592
4196.000       1.7246
4197.000       1.7868
4199.000       1.7614
4201.000       1.8334
4203.000       1.8710
4204.000       1.9438
4205.000       2.0581
4206.000       2.1305
4207.000       1.8986
4208.000       1.9329
4211.000       1.8854
4213.000       1.8618
4214.000       1.7720
4216.000       1.7610
4217.000       1.8524
4219.000       1.8477
4220.000       1.7807
4221.000       1.8533
4222.000       1.9278
4223.000       1.9416
4225.000       1.9454
4226.000       2.1618
4229.000       1.8293
4230.000       1.7528
4231.000       1.8387
4233.000       1.7631
4235.000       1.7504
4237.000       1.8719
4238.000       1.9703
4239.000       2.1564
4240.000       2.0633
4241.000       1.9691
4242.000       2.1076
4245.000       2.2512
4247.000       2.2695
4248.000       2.3367
4250.000       2.2221
4251.000       2.3952
4253.000       2.4243
4254.000       2.3289
4255.000       2.6114
4256.000       2.8430
4259.000       2.9252
4260.000       2.9113
4262.000       2.5654
4263.000       2.2694
4264.000       2.3005
4266.000       2.4339
4268.000       3.0089
4270.000       2.6526
4271.000       2.8020
4272.000       3.5045
4273.000       2.9118
4274.000       2.5407
4275.000       2.8605
4278.000       2.8978
4280.000       3.2581
4281.000       3.2163
4283.000       3.6424
4284.000       3.7335
4286.000       4.6013
4288.000       5.2894
4289.000       6.2765
4292.000       5.1761
4293.000       4.3912
4294.000       4.6078
4295.000       2.4781
4297.000       2.7290
4299.000       3.1796
4301.000       2.7447
4302.000       2.7531
4303.000       3.2512
4304.000       2.9881
4305.000       2.6704
4306.000       2.7674
4309.000       2.6898
4311.000       2.4011
4312.000       2.5201
4314.000       2.2565
4315.000       2.4007
4317.000       2.3026
4318.000       2.0057
4319.000       1.9504
4320.000       2.0489
4323.000       2.1183
4324.000       2.3307
4326.000       2.2998
4327.000       2.0838
4328.000       2.9940
4330.000       2.7945
4332.000       3.3230
4334.000       3.4895
4335.000       3.7857
4336.000       4.3021
4337.000       4.0030
4338.000       3.4809
4339.000       3.2290
4342.000       3.1512
4344.000       3.0889
4345.000       2.9116
4347.000       2.6847
4348.000       2.6645
4350.000       2.4702
4351.000       2.3571
4352.000       2.1891
4353.000       2.0742
4354.000       2.2312
4356.000       2.3935
4357.000       2.4750
4360.000       2.5263
4361.000       2.5042
4362.000       2.9603
4364.000       2.9000
4366.000       3.1202
4368.000       3.1085
4369.000       3.0041
4370.000       3.2685
4371.000       2.9291
4372.000       2.7944
4373.000       2.9035
4376.000       2.7692
4378.000       2.6538
4379.000       2.5070
4381.000       2.3311
4382.000       2.2996
4384.000       2.1718
4385.000       2.1146
4386.000       2.0483
4387.000       1.9891
4390.000       2.1245
4391.000       2.2494
4393.000       2.3048
4394.000       2.2283
4395.000       2.6447
4397.000       2.5588
4399.000       2.7387
4401.000       2.7881
4402.000       2.7717
4403.000       3.0018
4404.000       2.7353
4405.000       2.6208
4406.000       2.7010
4409.000       2.5909
4411.000       2.4387
4412.000       2.2973
4414.000       2.1324
4415.000       2.1397
4417.000       2.0109
4419.000       1.8577
4420.000       1.7560
4423.000       1.8682
4424.000       2.0117
4425.000       2.0808
4426.000       2.5617
4428.000       2.3720
4430.000       2.3196
4432.000       2.6226
4433.000       2.6857
4434.000       2.9374
4435.000       2.7607
4436.000       2.4681
4437.000       2.4822
4440.000       2.3227
4442.000       2.2016
4443.000       2.0903
4445.000       1.9265
4446.000       1.9652
4448.000       1.8732
4450.000       1.7095
4451.000       1.6716
4452.000       1.6821
4454.000       1.7973
4455.000       1.8511
4456.000       2.2597
4458.000       2.1774
4460.000       2.3892
4462.000       2.4076
4463.000       2.4468
4464.000       2.6481
4465.000       2.5014
4466.000       2.2919
4467.000       2.3302
4470.000       2.2189
4472.000       2.1282
4473.000       2.0027
4475.000       1.8605
4476.000       1.8825
4478.000       1.7735
4479.000       1.6562
4480.000       1.5528
4481.000       1.5480
4482.000       1.5226
4484.000       1.5924
4485.000       1.6193
4488.000       1.6961
4489.000       1.7151
4490.000       2.1511
4492.000       2.0560
4494.000       2.1540
4496.000       2.2647
4497.000       2.2325
4498.000       2.4635
4499.000       2.2394
4500.000       2.0298
4501.000       2.0801
4504.000       1.9440
4506.000       1.8654
4507.000       1.7602
4509.000       1.6251
4510.000       1.6237
4512.000       1.5416
4514.000       1.4505
4515.000       1.4263
4518.000       1.4721
4519.000       1.5624
4520.000       1.6564
4521.000       1.8091
4523.000       1.7537
4525.000       1.9224
4527.000       1.8923
4528.000       1.8160
4529.000       2.0014
4530.000       1.8508
4531.000       1.6231
4532.000       1.6618
4535.000       1.5445
4537.000       1.4837
4538.000       1.3759
4540.000       1.3310
4541.000       1.3124
4543.000       1.2863
4544.000       1.2850
4545.000       1.2912
4546.000       1.3004
4549.000       1.3486
4550.000       1.4097
4552.000       1.4095
4553.000       1.3333
4554.000       1.4481
4556.000       1.3261
4558.000       1.3256
4560.000       1.5453
4561.000       1.6634
4562.000       1.7258
4563.000       1.7157
4564.000       1.7292
4565.000       2.0820
4568.000       2.0009
4570.000       1.9663
4571.000       1.8976
4573.000       1.7356
4574.000       1.7838
4576.000       1.6615
4578.000       1.4948
4579.000       1.4539
4582.000       1.4827
4583.000       1.5981
4584.000       1.6566
4585.000       1.9675
4587.000       2.0281
4589.000       2.2858
4591.000       1.9450
4592.000       1.9344
4593.000       2.0523
4594.000       2.1894
4595.000       1.8758
4596.000       1.9496
4599.000       1.9860
4601.000       2.0130
4602.000       1.9683
4604.000       1.8000
4605.000       1.9221
4607.000       1.7925
4608.000       1.5615
4609.000       1.4113
4610.000       1.4756
4611.000       1.2867
4613.000       1.3124
4614.000       1.3169
4617.000       1.4553
4618.000       1.5683
4619.000       1.8873
4621.000       1.9718
4623.000       2.2043
4625.000       1.9598
4626.000       1.9302
4627.000       2.0297
4628.000       1.8957
4629.000       1.9281
4630.000       2.0333
4633.000       2.0061
4635.000       1.9726
4636.000       1.8973
4638.000       1.8334
4639.000       1.9471
4641.000       1.8819
4642.000       1.7163
4643.000       1.6246
4644.000       1.6715
4645.000       1.5018
4647.000       1.4754
4648.000       1.4081
4651.000       1.5648
4652.000       1.6834
4653.000       1.9571
4655.000       1.9093
4657.000       1.9596
4659.000       2.0316
4660.000       2.0133
4661.000       2.1548
4662.000       1.9814
4663.000       1.9258
4664.000       1.9991
4667.000       1.9415
4669.000       1.8824
4670.000       1.8127
4672.000       1.6992
4673.000       1.6731
4675.000       1.6054
4677.000       1.5626
4678.000       1.5358
4681.000       1.5956
4682.000       1.6633
4683.000       1.7287
4684.000       1.8898
4686.000       1.8384
4688.000       1.9303
4690.000       1.9836
4691.000       2.0004
4692.000       2.1575
4693.000       1.9940
4694.000       1.9271
4695.000       1.9838
4698.000       1.9238
4700.000       1.8668
4701.000       1.8073
4703.000       1.7282
4704.000       1.7217
4706.000       1.6682
4708.000       1.6250
4709.000       1.6035
4712.000       1.6420
4713.000       1.6889
4714.000       1.7300
4715.000       1.8872
4717.000       1.8446
4719.000       1.9308
4721.000       1.9732
4722.000       2.0020
4723.000       2.1427
4724.000       2.0156
4725.000       1.9260
4726.000       1.9621
4729.000       1.8922
4731.000       1.8368
4732.000       1.7861
4734.000       1.7207
4735.000       1.7196
4737.000       1.6882
4739.000       1.6562
4740.000       1.6545
4743.000       1.6646
4744.000       1.6948
4745.000       1.7315
4746.000       1.8607
4748.000       1.8189
4750.000       1.8955
4752.000       1.9387
4753.000       1.9778
4754.000       2.1090
4755.000       2.0284
4756.000       1.8968
4757.000       1.9113
4760.000       1.8650
4762.000       1.8102
4763.000       1.7891
4765.000       1.7617
4766.000       1.7721
4768.000       1.8015
4770.000       1.8226
4771.000       1.9006
4772.000       1.8090
4774.000       1.7812
4775.000       1.8245
4776.000       1.8750
4778.000       1.8512
4780.000       1.9237
4782.000       1.9606
4783.000       2.0209
4784.000       2.1687
4785.000       2.0336
4786.000       1.9930
4787.000       2.0820
4790.000       2.0891
4792.000       2.0163
4793.000       2.0264
4795.000       1.9554
4796.000       1.9088
4798.000       1.8991
4799.000       1.9356
4800.000       1.9880
4801.000       2.0268
4802.000       2.0545
4804.000       2.0812
4805.000       2.1834
4808.000       2.0523
4809.000       1.9719
4810.000       2.1310
4812.000       2.1392
4814.000       2.2640
4816.000       2.2651
4817.000       2.3547
4818.000       2.5314
4819.000       2.3273
4820.000       2.3698
4821.000       2.4656
4824.000       2.4756
4826.000       2.3478
4827.000       2.3671
4829.000       2.2892
4830.000       2.2185
4832.000       2.1862
4834.000       2.2372
4835.000       2.2674
4838.000       2.3066
4839.000       2.3272
4840.000       2.4237
4841.000       2.5596
4843.000       2.5376
4845.000       2.6417
4847.000       2.7380
4848.000       2.8647
4849.000       3.0717
4850.000       2.8080
4851.000       2.8911
4852.000       3.0031
4855.000       3.0349
4857.000       2.8712
4858.000       2.9205
4860.000       2.8034
4861.000       2.6849
4863.000       2.6020
4865.000       2.6601
4866.000       2.6335
4869.000       2.7887
4870.000       2.8550
4871.000       2.9986
4872.000       3.1625
4874.000       3.1443
4876.000       3.2875
4878.000       3.3866
4879.000       3.5759
4880.000       3.7809
4881.000       3.5525
4882.000       3.6347
4883.000       3.7504
4886.000       3.8336
4888.000       3.6780
4889.000       3.7991
4891.000       3.7147
4892.000       3.5930
4894.000       3.5848
4896.000       3.7031
4897.000       3.7637
4898.000       3.8189
4900.000       3.8334
4901.000       3.9986
4902.000       3.9897
4904.000       4.0364
4906.000       4.2412
4908.000       4.2236
4909.000       4.3843
4910.000       4.6697
4911.000       4.3349
4912.000       4.4229
4913.000       4.6381
4916.000       4.7729
4918.000       4.5892
4919.000       4.7677
4921.000       4.5811
4922.000       4.3492
4924.000       4.3229
4926.000       4.5354
4927.000       4.6472
4930.000       4.7644
4931.000       4.7909
4932.000       5.1120
4933.000       4.9364
4935.000       5.0304
4937.000       5.4531
4939.000       5.2598
4942.000       5.4709
4943.000       5.3814
4946.000       5.1688
4948.000       5.2972
4949.000       5.1527
4951.000       5.2337
4952.000       5.8463
4954.000       5.9250
4955.000       5.3277
4956.000       5.2770
4957.000       5.6754
4960.000       5.0912
4961.000       4.9128
4963.000       4.7735
4964.000       4.9751
4965.000       4.8086
4967.000       4.8819
4969.000       5.0814
4971.000       4.7441
4972.000       4.4622
4973.000       4.6703
4974.000       4.5518
4975.000       4.1055
4976.000       4.0828
4979.000       3.9825
4981.000       3.9631
4982.000       3.7765
4984.000       3.5821
4985.000       3.5697
4987.000       3.3873
4988.000       3.2690
4989.000       3.0806
4990.000       2.9649
4991.000       3.0797
4993.000       3.2388
4994.000       3.2604
4997.000       3.3981
4998.000       3.4031
4999.000       3.7315
5001.000       3.6924
5003.000       3.8673
5005.000       3.7630
5006.000       3.5606
5007.000       3.6855
5008.000       3.4714
5009.000       3.4027
5010.000       3.4375
5013.000       3.3195
5015.000       3.3129
5016.000       3.1364
5018.000       2.9882
5019.000       3.0307
5021.000       2.9017
5022.000       2.7567
5023.000       2.6005
5024.000       2.5510
5025.000       2.5405
5027.000       2.6229
5028.000       2.6030
5031.000       2.7646
5032.000       2.8184
5033.000       3.1188
5035.000       3.0610
5037.000       3.1764
5039.000       3.1298
5040.000       2.9848
5041.000       3.0484
5042.000       3.0319
5043.000       2.8055
5044.000       2.7745
5047.000       2.6308
5049.000       2.6493
5050.000       2.5016
5052.000       2.4509
5053.000       2.5502
5055.000       2.5417
5057.000       2.4215
5058.000       2.4430
5059.000       2.3216
5061.000       2.3374
5062.000       2.2980
5063.000       2.4994
5065.000       2.4405
5067.000       2.4403
5069.000       2.4603
5070.000       2.3738
5071.000       2.3910
5072.000       2.3088
5073.000       2.5891
5074.000       2.7006
5077.000       2.8398
5079.000       2.9078
5080.000       2.9660
5082.000       2.8318
5083.000       2.6850
5085.000       2.6499
5086.000       2.7740
5087.000       2.8427
5088.000       2.8161
5089.000       3.0093
5091.000       3.1121
5092.000       3.3004
5095.000       3.0674
5096.000       2.8896
5097.000       2.8040
5099.000       2.9800
5101.000       3.2212
5103.000       2.8914
5104.000       2.8369
5105.000       3.0392
5106.000       2.6499
5107.000       2.8903
5108.000       3.0989
5111.000       3.1665
5113.000       3.1205
5114.000       3.1119
5116.000       2.9008
5117.000       2.7221
5119.000       2.5721
5121.000       2.6077
5122.000       2.5367
5123.000       2.7900
5125.000       2.9348
5126.000       3.1210
5127.000       3.0844
5129.000       3.1576
5131.000       3.4275
5133.000       3.2332
5134.000       3.1873
5135.000       3.4076
5136.000       2.9950
5137.000       3.1968
5138.000       3.3799
5141.000       3.4066
5143.000       3.3207
5144.000       3.2538
5146.000       2.9743
5147.000       2.8032
5149.000       2.5951
5150.000       2.6422
5151.000       2.5450
5152.000       2.3955
5153.000       2.6990
5155.000       2.9025
5156.000       3.0461
5159.000       3.0008
5160.000       2.8680
5161.000       3.3245
5163.000       3.3322
5165.000       3.5902
5167.000       3.5001
5168.000       3.4480
5169.000       3.7333
5170.000       3.2611
5171.000       3.3634
5172.000       3.5719
5175.000       3.5091
5177.000       3.3677
5178.000       3.2109
5180.000       2.8940
5181.000       2.8063
5183.000       2.5582
5185.000       2.4086
5186.000       2.2592
5187.000       2.5422
5189.000       2.7648
5190.000       2.9052
5191.000       3.3630
5193.000       3.2769
5195.000       3.5278
5197.000       3.5738
5198.000       3.4426
5199.000       3.8363
5200.000       3.3254
5201.000       3.1411
5202.000       3.3459
5205.000       3.1493
5207.000       3.0462
5208.000       2.8508
5210.000       2.5980
5211.000       2.5247
5213.000       2.4450
5215.000       2.4640
5216.000       2.5698
5219.000       2.6073
5220.000       2.6615
5221.000       2.9456
5222.000       2.8402
5224.000       2.7846
5226.000       3.1029
5228.000       2.9653
5229.000       2.7822
5230.000       2.9977
5231.000       2.7006
5232.000       2.5764
5233.000       2.6679
5236.000       2.5337
5238.000       2.4838
5239.000       2.3270
5241.000       2.1456
5242.000       2.1243
5244.000       2.0016
5246.000       1.8865
5247.000       1.8082
5250.000       1.9264
5251.000       2.0583
5252.000       2.1550
5253.000       2.3374
5255.000       2.2979
5257.000       2.4760
5259.000       2.4117
5260.000       2.3088
5261.000       2.4656
5262.000       2.2589
5263.000       2.2012
5264.000       2.2275
5267.000       2.1784
5269.000       2.1323
5270.000       2.0423
5272.000       1.9065
5273.000       1.8951
5275.000       1.7865
5276.000       1.7237
5277.000       1.6447
5278.000       1.5924
5281.000       1.6799
5282.000       1.7793
5284.000       1.8482
5285.000       1.8113
5286.000       2.0733
5288.000       2.0672
5290.000       2.2333
5292.000       2.1552
5293.000       2.1040
5294.000       2.2373
5295.000       2.0546
5296.000       2.0378
5297.000       2.1324
5300.000       2.0786
5302.000       1.9838
5303.000       1.9133
5305.000       1.7880
5306.000       1.7781
5308.000       1.6840
5309.000       1.6254
5310.000       1.5645
5311.000       1.5301
5314.000       1.5914
5315.000       1.6720
5317.000       1.7281
5318.000       1.6982
5319.000       2.0535
5321.000       2.0044
5323.000       2.1325
5325.000       2.2203
5326.000       2.0067
5327.000       2.1998
5328.000       2.1795
5329.000       1.8335
5330.000       1.7739
5333.000       1.6519
5335.000       1.6218
5336.000       1.5552
5338.000       1.5408
5339.000       1.5972
5341.000       1.5875
5343.000       1.5225
5344.000       1.5434
5345.000       1.4963
5347.000       1.5071
5348.000       1.5501
5349.000       1.6373
5351.000       1.5979
5353.000       1.6011
5355.000       1.6182
5356.000       1.6739
5357.000       1.7940
5358.000       1.7498
5359.000       1.6001
5360.000       1.6434
5363.000       1.5900
5365.000       1.5907
5366.000       1.5230
5368.000       1.4853
5369.000       1.4574
5371.000       1.4562
5372.000       1.4834
5373.000       1.5315
5374.000       1.5432
5375.000       1.6233
5377.000       1.6558
5378.000       1.7924
5381.000       1.5985
5382.000       1.5114
5383.000       1.5183
5385.000       1.5037
5387.000       1.5809
5389.000       1.5561
5390.000       1.5334
5391.000       1.6403
5392.000       1.5643
5393.000       1.4816
5394.000       1.5703
5397.000       1.4713
5399.000       1.4335
5400.000       1.3917
5402.000       1.3751
5403.000       1.3897
5405.000       1.3953
5406.000       1.3742
5407.000       1.3864
5408.000       1.4218
5411.000       1.3942
5412.000       1.3914
5414.000       1.3794
5415.000       1.3666
5416.000       1.4947
5418.000       1.4684
5420.000       1.5938
5422.000       1.5497
5423.000       1.6626
5424.000       1.8290
5425.000       2.0037
5426.000       1.6099
5427.000       1.6009
5430.000       1.6012
5432.000       1.5646
5433.000       1.5534
5435.000       1.4883
5436.000       1.4767
5438.000       1.4590
5439.000       1.4463
5440.000       1.4659
5441.000       1.5091
5444.000       1.5121
5445.000       1.5460
5447.000       1.5418
5448.000       1.4760
5449.000       1.6362
5451.000       1.6191
5453.000       1.7859
5455.000       1.7717
5456.000       1.8187
5457.000       2.0591
5458.000       2.0374
5459.000       1.8154
5460.000       1.8932
5463.000       1.8433
5465.000       1.8198
5466.000       1.7211
5468.000       1.5818
5469.000       1.5959
5471.000       1.5560
5473.000       1.4905
5474.000       1.5194
5477.000       1.4810
5478.000       1.5258
5479.000       1.5848
5480.000       1.7594
5482.000       1.7854
5484.000       1.9863
5486.000       1.8782
5487.000       1.8547
5488.000       2.0857
5489.000       1.7919
5490.000       1.7746
5491.000       1.9197
5494.000       1.8918
5496.000       1.7865
5497.000       1.7318
5499.000       1.5799
5500.000       1.5259
5502.000       1.4436
5503.000       1.4314
5504.000       1.4217
5505.000       1.4227
5508.000       1.4956
5509.000       1.5825
5511.000       1.6090
5512.000       1.5214
5513.000       1.8540
5515.000       1.8361
5517.000       2.0305
5519.000       2.0311
5520.000       2.0634
5521.000       2.3143
5522.000       1.9503
5523.000       2.0639
5524.000       2.2300
5527.000       2.2521
5529.000       2.1349
5530.000       2.1056
5532.000       1.8796
5533.000       1.7402
5535.000       1.6012
5536.000       1.6461
5537.000       1.6143
5538.000       1.5533
5539.000       1.7492
5541.000       1.9017
5542.000       2.0490
5545.000       1.9528
5546.000       1.8164
5547.000       2.2323
5549.000       2.2457
5551.000       2.5058
5553.000       2.4418
5554.000       2.4464
5555.000       2.7203
5556.000       2.2887
5557.000       2.4613
5558.000       2.7046
5561.000       2.6946
5563.000       2.5239
5564.000       2.4390
5566.000       2.1642
5567.000       2.0402
5569.000       1.8346
5571.000       1.7564
5572.000       1.6635
5573.000       1.9001
5575.000       2.0964
5576.000       2.2659
5577.000       2.6381
5579.000       2.5899
5581.000       2.8572
5583.000       2.8864
5584.000       2.9100
5585.000       3.2341
5586.000       2.7479
5587.000       2.8461
5588.000       3.0600
5591.000       2.9683
5593.000       2.7535
5594.000       2.6360
5596.000       2.3889
5597.000       2.3205
5599.000       2.1457
5601.000       2.0612
5602.000       1.9641
5605.000       2.1502
5606.000       2.2986
5607.000       2.4118
5608.000       2.9129
5610.000       2.8083
5612.000       3.0211
5614.000       3.1663
5615.000       3.2345
5616.000       3.5476
5617.000       3.1740
5618.000       3.1010
5619.000       3.1986
5622.000       3.0999
5624.000       2.9045
5625.000       2.8525
5627.000       2.7249
5628.000       2.6756
5630.000       2.5985
5631.000       2.6002
5632.000       2.5998
5633.000       2.5834
5634.000       2.6919
5636.000       2.7666
5637.000       2.8989
5640.000       2.7682
5641.000       2.6826
5642.000       3.1268
5644.000       3.0340
5646.000       3.1609
5648.000       3.3298
5649.000       3.4338
5650.000       3.6759
5651.000       3.4161
5652.000       3.3361
5653.000       3.4023
5656.000       3.3224
5658.000       3.1426
5659.000       3.0847
5661.000       2.9597
5662.000       2.9599
5664.000       2.8636
5666.000       2.7557
5667.000       2.6944
5668.000       2.7713
5670.000       2.8722
5671.000       2.9147
5672.000       3.3598
5674.000       3.2482
5676.000       3.3502
5678.000       3.5499
5679.000       3.6240
5680.000       3.8644
5681.000       3.5926
5682.000       3.5004
5683.000       3.5797
5686.000       3.4495
5688.000       3.2851
5689.000       3.1610
5691.000       3.0244
5692.000       3.0704
5694.000       2.9665
5696.000       2.8040
5697.000       2.7312
5698.000       2.7759
5700.000       2.8830
5701.000       2.8866
5702.000       3.4096
5704.000       3.2529
5706.000       3.3359
5708.000       3.5659
5709.000       3.6064
5710.000       3.8091
5711.000       3.6107
5712.000       3.4502
5713.000       3.4686
5716.000       3.3210
5718.000       3.1902
5719.000       3.0596
5721.000       2.9762
5722.000       3.0334
5724.000       2.9740
5726.000       2.8497
5727.000       2.8104
5730.000       2.7949
5731.000       2.8577
5732.000       2.8332
5733.000       3.2756
5735.000       3.1184
5737.000       3.1439
5739.000       3.3844
5740.000       3.4121
5741.000       3.5734
5742.000       3.4507
5743.000       3.2411
5744.000       3.2078
5747.000       3.0392
5749.000       2.9283
5750.000       2.8157
5752.000       2.8078
5753.000       2.9129
5755.000       2.9059
5757.000       2.7934
5758.000       2.8053
5761.000       2.6965
5762.000       2.7015
5763.000       2.6280
5764.000       3.0207
5766.000       2.8586
5768.000       2.8127
5770.000       3.1015
5771.000       3.2099
5772.000       3.2838
5773.000       3.3489
5774.000       3.0987
5775.000       3.0087
5778.000       2.9315
5780.000       2.8159
5781.000       2.8135
5783.000       2.8358
5784.000       2.9467
5786.000       2.9790
5787.000       2.8863
5788.000       2.9016
5789.000       3.0005
5790.000       2.8221
5792.000       2.7223
5793.000       2.6667
5796.000       2.6984
5797.000       2.7879
5798.000       3.0516
5800.000       2.9565
5802.000       2.9239
5804.000       3.1772
5805.000       3.3708
5806.000       3.4897
5807.000       3.4621
5808.000       3.3604
5809.000       3.5262
5812.000       3.5282
5814.000       3.5430
5815.000       3.4242
5817.000       3.2672
5818.000       3.2532
5820.000       3.1331
5821.000       3.0612
5822.000       2.9600
5823.000       2.8846
5826.000       2.9776
5827.000       3.0822
5829.000       3.1712
5830.000       3.1543
5831.000       3.3679
5833.000       3.3734
5835.000       3.5312
5837.000       3.4279
5838.000       3.2993
5839.000       3.4279
5840.000       3.2112
5841.000       3.1847
5842.000       3.2708
5845.000       3.1713
5847.000       3.1358
5848.000       2.9818
5850.000       2.8653
5851.000       2.8860
5853.000       2.8024
5854.000       2.7047
5855.000       2.6033
5856.000       2.5695
5859.000       2.5647
5860.000       2.6307
5862.000       2.7264
5863.000       2.7517
5864.000       3.0153
5866.000       2.9334
5868.000       3.0178
5870.000       3.0658
5871.000       2.9600
5872.000       3.0648
5873.000       2.8725
5874.000       2.8894
5875.000       2.9729
5878.000       2.9135
5880.000       2.8836
5881.000       2.7618
5883.000       2.6454
5884.000       2.6114
5886.000       2.5198
5887.000       2.4820
5888.000       2.4080
5889.000       2.3527
5892.000       2.4258
5893.000       2.5141
5895.000       2.5895
5896.000       2.5635
5897.000       2.7874
5899.000       2.7360
5901.000       2.8494
5903.000       2.8554
5904.000       2.8016
5905.000       2.9096
5906.000       2.9103
5907.000       2.6270
5908.000       2.5382
5911.000       2.4040
5913.000       2.4200
5914.000       2.3371
5916.000       2.4029
5917.000       2.5030
5919.000       2.5588
5920.000       2.5003
5921.000       2.5515
5922.000       2.6538
5923.000       2.5090
5925.000       2.4186
5926.000       2.4162
5929.000       2.3560
5930.000       2.4046
5931.000       2.3232
5933.000       2.2498
5935.000       2.1933
5937.000       2.3004
5938.000       2.2822
5939.000       2.3248
5940.000       2.3794
5941.000       2.1967
5942.000       2.1326
5945.000       2.1288
5947.000       2.1837
5948.000       2.2316
5950.000       2.2772
5951.000       2.2912
5953.000       2.3670
5954.000       2.4043
5955.000       2.5098
5956.000       2.5883
5957.000       2.5567
5959.000       2.5125
5960.000       2.6004
5963.000       2.4079
5964.000       2.3549
5965.000       2.1411
5967.000       2.2003
5969.000       2.2248
5971.000       2.1337
5972.000       2.1657
5973.000       2.2174
5974.000       2.1985
5975.000       2.2024
5976.000       2.2478
5979.000       2.2969
5981.000       2.3174
5982.000       2.3682
5984.000       2.3579
5985.000       2.3177
5987.000       2.3555
5988.000       2.4198
5989.000       2.5084
5990.000       2.5579
5993.000       2.5819
5994.000       2.5771
5996.000       2.5083
5997.000       2.4251
5998.000       2.3176
6000.000       2.3917
6002.000       2.4789
6004.000       2.3523
6005.000       2.3697
6006.000       2.4482
6007.000       2.3709
6008.000       2.3880
6009.000       2.4543
6012.000       2.4768
6014.000       2.4718
6015.000       2.5103
6017.000       2.4941
6018.000       2.4622
6020.000       2.4776
6021.000       2.5239
6022.000       2.5970
6023.000       2.6269
6026.000       2.6797
6027.000       2.6939
6029.000       2.6318
6030.000       2.5414
6031.000       2.4926
6033.000       2.5727
6035.000       2.6786
6037.000       2.5566
6038.000       2.5532
6039.000       2.9261
6040.000       2.5426
6041.000       2.3639
6042.000       2.4400
6045.000       2.3755
6047.000       2.1666
6048.000       2.2385
6050.000       2.1252
6051.000       2.1942
6053.000       2.3573
6054.000       2.4042
6055.000       2.8204
6056.000       3.1499
6057.000       3.0740
6059.000       2.9899
6060.000       3.4944
6063.000       2.6149
6064.000       2.2921
6065.000       2.6000
6067.000       2.6516
6069.000       2.9960
6071.000       2.7890
