   2.000       3.9776
   3.000       4.0526
   6.000       3.9756
   8.000       4.0433
   9.000       4.0302
  11.000       4.1655
  12.000       4.3591
  14.000       4.5988
  15.000       4.5773
  16.000       4.9239
  17.000       5.2917
  18.000       4.9519
  20.000       4.6735
  21.000       4.8695
  24.000       4.3423
  25.000       4.3073
  26.000       3.9592
  28.000       3.9594
  30.000       4.1560
  32.000       4.1422
  33.000       4.3366
  34.000       4.3527
  35.000       4.6574
  36.000       4.3723
  37.000       4.6329
  40.000       4.6458
  42.000       4.6751
  43.000       4.6421
  45.000       4.5081
  46.000       4.4339
  48.000       4.3774
  49.000       4.4225
  50.000       4.4605
  51.000       4.4438
  52.000       4.5982
  54.000       4.6881
  55.000       4.8807
  58.000       4.6533
  59.000       4.5144
  60.000       4.5262
  62.000       4.6037
  64.000       4.8185
  66.000       4.6212
  67.000       4.5402
  68.000       4.7386
  69.000       4.4248
  70.000       4.4699
  71.000       4.6348
  74.000       4.6063
  76.000       4.5038
  77.000       4.4546
  79.000       4.1680
  80.000       3.9524
  82.000       3.7533
  84.000       3.7681
  85.000       3.6339
  88.000       3.9936
  89.000       4.1948
  90.000       4.4527
  91.000       4.5380
  93.000       4.5146
  95.000       4.7384
  97.000       4.7158
  98.000       4.6336
  99.000       4.9673
 100.000       4.3372
 101.000       4.6079
 102.000       4.9496
 105.000       4.9413
 107.000       4.7868
 108.000       4.6539
 110.000       4.3553
 111.000       4.1624
 113.000       3.9094
 115.000       3.8642
 116.000       3.6685
 119.000       4.0696
 120.000       4.3113
 121.000       4.5295
 122.000       4.7538
 124.000       4.6829
 126.000       4.9903
 128.000       5.0482
 129.000       4.9675
 130.000       5.3482
 131.000       4.6832
 132.000       4.8794
 133.000       4.9641
 136.000       4.9340
 138.000       4.7934
 139.000       4.6616
 141.000       4.3367
 142.000       4.1762
 144.000       3.9055
 145.000       3.8916
 146.000       3.6952
 147.000       3.4657
 148.000       3.8315
 150.000       4.1089
 151.000       4.2400
 154.000       4.2832
 155.000       4.1656
 156.000       4.7646
 158.000       4.7346
 160.000       5.0350
 162.000       4.9519
 163.000       4.7864
 164.000       5.0726
 165.000       4.5459
 166.000       4.6439
 167.000       4.8764
 170.000       4.7342
 172.000       4.5921
 173.000       4.3612
 175.000       4.0685
 176.000       4.0055
 178.000       3.7456
 179.000       3.6242
 180.000       3.3846
 181.000       3.1832
 184.000       3.3957
 185.000       3.6311
 187.000       3.8536
 188.000       3.8336
 189.000       4.4885
 191.000       4.3667
 193.000       4.5927
 195.000       4.6266
 196.000       4.4628
 197.000       4.7080
 198.000       4.3324
 199.000       4.2233
 200.000       4.3400
 203.000       4.1321
 205.000       4.0111
 206.000       3.7632
 208.000       3.5410
 209.000       3.5832
 211.000       3.3982
 213.000       3.1443
 214.000       2.9699
 217.000       3.1069
 218.000       3.3115
 219.000       3.3244
 220.000       3.8860
 222.000       3.7266
 224.000       3.8672
 226.000       3.9719
 227.000       3.8137
 228.000       3.9882
 229.000       3.7603
 230.000       3.5741
 231.000       3.6289
 234.000       3.4188
 236.000       3.3162
 237.000       3.0816
 239.000       2.9348
 240.000       3.0223
 242.000       2.8679
 243.000       2.6483
 244.000       2.4212
 245.000       2.3610
 246.000       2.2913
 248.000       2.3759
 249.000       2.2839
 252.000       2.5811
 253.000       2.7008
 254.000       3.2039
 256.000       3.0291
 258.000       3.1134
 260.000       3.2699
 261.000       3.1454
 262.000       3.2679
 263.000       3.1811
 264.000       2.8990
 265.000       2.8294
 268.000       2.6136
 270.000       2.5706
 271.000       2.3691
 273.000       2.3285
 274.000       2.4760
 276.000       2.4231
 277.000       2.2094
 278.000       2.0711
 279.000       2.1219
 280.000       1.8965
 282.000       1.8671
 283.000       1.7408
 286.000       1.9945
 287.000       2.1569
 288.000       2.4514
 290.000       2.2990
 292.000       2.2828
 294.000       2.4493
 295.000       2.3555
 296.000       2.4505
 297.000       2.4694
 298.000       2.1008
 299.000       2.0122
 302.000       1.8226
 304.000       1.8222
 305.000       1.7147
 307.000       1.7568
 308.000       1.9324
 310.000       1.9697
 311.000       1.7954
 312.000       1.7541
 313.000       1.8673
 316.000       1.6356
 317.000       1.5659
 319.000       1.5693
 320.000       1.6802
 321.000       1.7388
 323.000       1.6780
 325.000       1.6990
 327.000       1.7009
 328.000       1.7207
 329.000       1.7874
 330.000       1.8655
 331.000       1.6388
 332.000       1.6201
 335.000       1.5865
 337.000       1.5714
 338.000       1.6247
 340.000       1.6162
 341.000       1.5999
 343.000       1.6335
 344.000       1.6917
 345.000       1.8112
 346.000       1.8687
 347.000       1.9226
 349.000       1.9168
 350.000       2.0716
 353.000       1.7964
 354.000       1.6866
 355.000       1.5809
 357.000       1.7857
 359.000       2.1014
 361.000       1.6372
 362.000       1.6414
 363.000       1.8816
 364.000       1.9869
 365.000       1.5916
 366.000       1.9008
 369.000       1.8322
 371.000       1.8445
 372.000       1.8464
 374.000       1.8666
 375.000       1.9171
 377.000       1.9212
 378.000       1.8668
 379.000       1.8606
 380.000       1.9011
 381.000       1.8281
 383.000       1.8075
 384.000       1.7989
 387.000       1.8132
 388.000       1.8398
 389.000       1.8509
 391.000       1.8847
 393.000       1.9493
 395.000       1.8632
 396.000       1.8733
 397.000       1.9154
 398.000       1.9633
 399.000       1.8434
 400.000       1.8875
 403.000       1.9213
 405.000       1.9704
 406.000       2.0105
 408.000       2.0146
 409.000       1.9930
 411.000       2.0500
 413.000       2.1389
 414.000       2.2457
 417.000       2.2124
 418.000       2.1489
 419.000       2.2918
 420.000       1.9146
 422.000       2.0070
 424.000       2.1279
 426.000       1.9361
 427.000       2.0050
 428.000       2.0943
 429.000       2.1515
 430.000       1.9171
 431.000       1.8591
 434.000       1.8123
 436.000       1.8123
 437.000       1.7766
 439.000       1.7899
 440.000       1.8385
 442.000       1.8481
 443.000       1.8046
 444.000       1.8147
 445.000       1.8624
 446.000       1.7968
 448.000       1.7665
 449.000       1.7699
 452.000       1.7543
 453.000       1.7740
 454.000       1.8190
 456.000       1.7926
 458.000       1.7827
 460.000       1.8393
 461.000       1.8583
 462.000       1.9148
 463.000       1.9086
 464.000       1.8257
 465.000       1.8035
 468.000       1.7694
 470.000       1.7557
 471.000       1.7537
 473.000       1.7759
 474.000       1.7974
 476.000       1.8219
 478.000       1.8286
 479.000       1.8730
 482.000       1.8267
 483.000       1.8018
 484.000       1.8375
 485.000       1.7984
 487.000       1.7797
 489.000       1.7915
 491.000       1.8350
 492.000       1.9116
 493.000       1.9780
 494.000       2.0100
 495.000       1.8834
 496.000       1.8576
 499.000       1.9084
 501.000       1.9262
 502.000       2.0973
 504.000       1.9785
 505.000       1.9246
 507.000       1.8867
 508.000       1.9103
 509.000       1.9128
 510.000       1.9008
 511.000       1.9659
 513.000       2.0151
 514.000       2.0769
 517.000       2.0206
 518.000       1.9635
 519.000       2.0415
 521.000       2.3050
 523.000       2.7846
 525.000       1.9505
 526.000       2.0627
 527.000       2.1490
 528.000       2.2538
 529.000       2.0429
 530.000       2.0352
 533.000       2.1171
 535.000       2.0968
 536.000       2.1887
 538.000       2.0855
 539.000       2.0617
 541.000       1.9999
 543.000       1.9684
 544.000       1.9448
 547.000       2.0010
 548.000       2.0587
 549.000       2.1150
 550.000       2.2327
 552.000       2.3623
 554.000       2.6055
 556.000       2.1911
 557.000       2.2792
 558.000       2.4123
 559.000       2.3723
 560.000       2.2180
 561.000       2.2438
 564.000       2.2157
 566.000       2.1675
 567.000       2.1436
 569.000       2.0532
 570.000       2.0156
 572.000       1.9574
 574.000       1.9421
 575.000       1.9168
 578.000       1.9853
 579.000       2.0396
 580.000       2.1062
 581.000       2.2091
 583.000       2.2085
 585.000       2.3208
 587.000       2.3142
 588.000       2.3432
 589.000       2.5074
 590.000       2.2958
 591.000       2.3284
 592.000       2.3542
 595.000       2.3444
 597.000       2.2664
 598.000       2.2357
 600.000       2.1211
 601.000       2.0724
 603.000       1.9933
 605.000       1.9646
 606.000       1.9153
 609.000       2.0127
 610.000       2.0889
 611.000       2.1524
 612.000       2.3344
 614.000       2.3142
 616.000       2.4406
 618.000       2.4627
 619.000       2.5024
 620.000       2.6836
 621.000       2.4769
 622.000       2.4324
 623.000       2.4965
 626.000       2.4245
 628.000       2.3148
 629.000       2.2424
 631.000       2.1667
 632.000       2.1890
 634.000       2.1343
 635.000       2.0657
 636.000       2.0129
 637.000       2.0133
 638.000       1.9904
 640.000       2.0192
 641.000       2.0239
 644.000       2.0717
 645.000       2.0903
 646.000       2.4259
 648.000       2.3294
 650.000       2.3814
 652.000       2.5643
 653.000       2.6200
 654.000       2.8095
 655.000       2.5612
 656.000       2.5770
 657.000       2.6547
 660.000       2.6126
 662.000       2.5098
 663.000       2.4725
 665.000       2.3794
 666.000       2.3417
 668.000       2.2775
 669.000       2.2715
 670.000       2.2408
 671.000       2.2054
 674.000       2.2783
 675.000       2.3354
 677.000       2.3697
 678.000       2.3341
 679.000       2.6265
 681.000       2.5756
 683.000       2.6634
 685.000       2.7593
 686.000       2.8170
 687.000       2.9649
 688.000       2.8522
 689.000       2.7233
 690.000       2.7224
 693.000       2.6469
 695.000       2.5466
 696.000       2.4951
 698.000       2.4479
 699.000       2.4772
 701.000       2.4399
 702.000       2.3797
 703.000       2.3412
 704.000       2.3525
 705.000       2.3183
 707.000       2.3296
 708.000       2.3334
 711.000       2.3641
 712.000       2.3879
 713.000       2.6751
 715.000       2.5886
 717.000       2.6202
 719.000       2.7863
 720.000       2.8618
 721.000       3.0339
 722.000       2.8636
 723.000       2.7985
 724.000       2.8526
 727.000       2.7940
 729.000       2.6636
 730.000       2.6047
 732.000       2.5183
 733.000       2.5208
 735.000       2.4685
 736.000       2.4304
 737.000       2.4055
 738.000       2.4051
 741.000       2.4165
 742.000       2.4488
 744.000       2.4764
 745.000       2.4623
 746.000       2.8292
 748.000       2.7279
 750.000       2.8180
 752.000       3.0186
 753.000       3.0832
 754.000       3.3673
 755.000       3.2094
 756.000       2.7813
 757.000       2.7155
 760.000       2.4624
 762.000       2.3416
 763.000       2.2325
 765.000       2.2849
 766.000       2.4516
 768.000       2.6143
 770.000       2.6337
 771.000       2.8645
 772.000       2.4792
 774.000       2.3039
 775.000       2.2873
 776.000       2.4269
 778.000       2.2831
 780.000       2.2812
 782.000       2.5189
 783.000       2.5517
 784.000       2.7918
 785.000       2.5384
 786.000       2.4563
 787.000       2.5819
 790.000       2.5899
 792.000       2.4808
 793.000       2.5388
 795.000       2.4332
 796.000       2.3531
 798.000       2.3699
 799.000       2.4730
 800.000       2.6582
 801.000       2.7495
 802.000       2.8675
 804.000       2.9046
 805.000       3.2114
 808.000       2.7453
 809.000       2.5215
 810.000       2.6336
 812.000       2.6700
 814.000       2.8630
 816.000       2.7946
 817.000       3.0455
 818.000       3.4738
 819.000       3.4000
 820.000       2.6862
 821.000       2.4670
 824.000       2.2617
 826.000       2.2138
 827.000       2.1726
 829.000       2.2932
 830.000       2.4625
 832.000       2.6434
 833.000       2.5920
 834.000       2.8082
 835.000       3.0930
 838.000       2.8370
 839.000       2.6519
 841.000       2.4235
 842.000       2.3903
 843.000       2.2777
 845.000       2.2396
 847.000       2.2553
 849.000       2.2566
 850.000       2.4025
 851.000       2.5058
 852.000       2.5161
 853.000       2.5954
 854.000       2.4510
 857.000       2.2349
 859.000       2.2985
 860.000       2.1287
 862.000       2.2082
 863.000       2.3569
 865.000       2.4733
 866.000       2.3724
 867.000       2.4576
 868.000       2.6398
 869.000       2.3686
 871.000       2.2412
 872.000       2.2466
 875.000       2.1641
 876.000       2.2207
 877.000       2.0524
 879.000       2.0629
 881.000       2.2396
 883.000       2.1237
 884.000       2.1689
 885.000       2.3419
 886.000       2.4110
 887.000       2.1125
 888.000       2.1874
 891.000       2.1569
 893.000       2.1891
 894.000       2.1519
 896.000       2.0850
 897.000       2.0761
 899.000       2.0708
 901.000       2.0762
 902.000       2.1223
 903.000       2.1019
 905.000       2.1127
 906.000       2.1958
 907.000       2.0583
 909.000       2.1127
 911.000       2.2488
 913.000       2.0839
 914.000       2.0429
 915.000       2.1493
 916.000       2.0151
 917.000       2.0396
 918.000       2.1313
 921.000       2.1600
 923.000       2.1691
 924.000       2.1856
 926.000       2.1100
 927.000       2.0277
 929.000       2.0163
 930.000       2.1019
 931.000       2.1847
 932.000       2.1910
 935.000       2.3094
 936.000       2.3444
 938.000       2.2804
 939.000       2.1580
 940.000       2.1242
 942.000       2.2015
 944.000       2.3455
 946.000       2.1833
 947.000       2.1730
 948.000       2.3027
 949.000       2.1259
 950.000       2.1898
 951.000       2.3019
 954.000       2.3414
 956.000       2.3059
 957.000       2.3259
 959.000       2.2169
 960.000       2.1045
 962.000       2.0593
 963.000       2.1401
 964.000       2.1675
 965.000       2.1270
 966.000       2.2935
 968.000       2.3870
 969.000       2.5332
 972.000       2.3688
 973.000       2.2402
 974.000       2.3363
 976.000       2.3900
 978.000       2.5417
 980.000       2.4343
 981.000       2.4549
 982.000       2.6134
 983.000       2.3727
 984.000       2.4761
 985.000       2.6083
 988.000       2.6312
 990.000       2.5591
 991.000       2.5250
 993.000       2.3627
 994.000       2.2661
 996.000       2.1598
 997.000       2.1876
 998.000       2.1382
 999.000       2.0568
1000.000       2.2308
1002.000       2.3502
1003.000       2.4477
1006.000       2.4007
1007.000       2.3141
1008.000       2.6204
1010.000       2.6213
1012.000       2.7882
1014.000       2.7604
1015.000       2.7752
1016.000       2.9767
1017.000       2.6801
1018.000       2.7410
1019.000       2.8683
1022.000       2.8345
1024.000       2.7076
1025.000       2.6402
1027.000       2.4718
1028.000       2.4089
1030.000       2.2777
1032.000       2.2131
1033.000       2.1146
1036.000       2.2784
1037.000       2.4073
1038.000       2.4934
1039.000       2.8136
1041.000       2.7568
1043.000       2.9051
1045.000       2.9812
1046.000       3.0178
1047.000       3.2335
1048.000       2.9678
1049.000       2.9193
1050.000       3.0089
1053.000       2.9072
1055.000       2.7637
1056.000       2.6651
1058.000       2.5234
1059.000       2.5219
1061.000       2.4180
1063.000       2.3112
1064.000       2.2537
1065.000       2.3196
1067.000       2.4233
1068.000       2.4548
1069.000       2.8812
1071.000       2.7792
1073.000       2.8822
1075.000       3.0304
1076.000       3.0636
1077.000       3.2766
1078.000       3.0383
1079.000       2.9434
1080.000       3.0549
1083.000       2.9222
1085.000       2.7735
1086.000       2.6672
1088.000       2.5563
1089.000       2.5624
1091.000       2.4524
1092.000       2.3735
1093.000       2.2750
1094.000       2.2272
1095.000       2.2705
1097.000       2.3443
1098.000       2.3606
1101.000       2.4317
1102.000       2.4424
1103.000       2.8874
1105.000       2.7606
1107.000       2.8405
1109.000       3.0301
1110.000       3.0888
1111.000       3.2828
1112.000       3.1480
1113.000       2.9806
1114.000       2.9291
1117.000       2.8490
1119.000       2.7331
1120.000       2.6722
1122.000       2.5738
1123.000       2.6020
1125.000       2.5372
1127.000       2.4347
1128.000       2.3929
1129.000       2.4243
1131.000       2.4954
1132.000       2.5216
1133.000       2.8488
1135.000       2.7722
1137.000       2.8638
1139.000       2.9785
1140.000       3.0392
1141.000       3.2055
1142.000       3.0394
1143.000       2.9670
1144.000       3.0175
1147.000       2.9443
1149.000       2.8186
1150.000       2.7590
1152.000       2.6637
1153.000       2.6838
1155.000       2.6175
1157.000       2.5221
1158.000       2.4780
1161.000       2.5123
1162.000       2.5845
1163.000       2.6089
1164.000       2.9602
1166.000       2.8752
1168.000       2.9542
1170.000       3.1031
1171.000       3.1524
1172.000       3.3480
1173.000       3.1359
1174.000       3.0429
1175.000       3.1939
1178.000       3.0701
1180.000       2.9184
1181.000       2.8379
1183.000       2.7559
1184.000       2.7798
1186.000       2.7261
1188.000       2.6404
1189.000       2.6109
1192.000       2.6194
1193.000       2.6778
1194.000       2.6883
1195.000       3.0441
1197.000       2.9278
1199.000       2.9916
1201.000       3.1696
1202.000       3.2193
1203.000       3.3755
1204.000       3.2255
1205.000       3.1203
1206.000       3.1406
1209.000       3.0563
1211.000       2.9404
1212.000       2.8883
1214.000       2.8307
1215.000       2.8583
1217.000       2.8226
1219.000       2.7585
1220.000       2.7487
1223.000       2.7324
1224.000       2.7646
1225.000       2.7552
1226.000       3.0932
1228.000       2.9976
1230.000       3.0447
1232.000       3.2232
1233.000       3.3377
1234.000       3.4856
1235.000       3.3867
1236.000       3.2716
1237.000       3.2538
1240.000       3.2113
1242.000       3.1092
1243.000       3.1539
1245.000       3.1130
1246.000       3.1491
1248.000       3.1253
1249.000       3.0708
1250.000       3.0573
1251.000       3.0858
1254.000       3.0513
1255.000       3.0512
1257.000       3.0565
1258.000       3.0662
1259.000       3.3216
1261.000       3.2966
1263.000       3.3872
1265.000       3.3535
1266.000       3.4350
1267.000       3.4654
1268.000       3.5836
1269.000       3.3507
1270.000       3.2525
1273.000       3.1531
1275.000       3.0787
1276.000       3.1207
1278.000       3.1424
1279.000       3.1939
1281.000       3.2287
1283.000       3.2225
1284.000       3.2821
1285.000       3.1752
1287.000       3.1333
1288.000       3.1149
1289.000       3.2478
1291.000       3.2662
1293.000       3.3361
1295.000       3.1931
1296.000       3.1979
1297.000       3.3504
1298.000       3.2153
1299.000       3.0399
1300.000       2.8973
1303.000       2.7470
1305.000       2.7813
1306.000       2.7032
1308.000       2.7347
1309.000       2.7836
1311.000       2.8212
1313.000       2.8196
1314.000       2.8797
1317.000       2.7862
1318.000       2.7411
1319.000       2.7313
1320.000       2.5881
1322.000       2.6099
1324.000       2.6215
1326.000       2.5256
1327.000       2.5124
1328.000       2.6042
1329.000       2.5721
1330.000       2.4466
1331.000       2.2107
1334.000       2.1530
1336.000       2.1610
1337.000       2.1627
1339.000       2.2141
1340.000       2.3030
1342.000       2.3548
1343.000       2.2919
1344.000       2.3320
1345.000       2.4382
1348.000       2.2969
1349.000       2.2196
1351.000       2.1731
1352.000       2.2102
1353.000       2.1684
1355.000       2.2062
1357.000       2.2437
1359.000       2.1294
1360.000       2.1426
1361.000       2.2014
1362.000       2.2506
1363.000       2.0782
1364.000       2.0250
1367.000       2.0003
1369.000       2.0226
1370.000       2.0643
1372.000       2.1298
1373.000       2.2112
1375.000       2.2851
1376.000       2.2430
1377.000       2.3173
1378.000       2.4230
1379.000       2.3034
1381.000       2.2289
1382.000       2.2826
1385.000       2.1531
1386.000       2.1598
1387.000       2.0445
1389.000       2.1108
1391.000       2.2310
1393.000       2.0620
1394.000       2.1432
1395.000       2.2026
1396.000       2.2306
1397.000       2.2133
1398.000       2.3360
1401.000       2.3770
1403.000       2.3592
1404.000       2.3853
1406.000       2.2889
1407.000       2.2181
1409.000       2.1814
1410.000       2.2273
1411.000       2.2563
1412.000       2.2297
1413.000       2.3726
1415.000       2.4628
1416.000       2.6122
1419.000       2.4415
1420.000       2.3107
1421.000       2.3800
1423.000       2.4452
1425.000       2.6405
1427.000       2.5291
1428.000       2.5954
1429.000       2.8049
1430.000       2.4998
1431.000       2.6274
1432.000       2.7772
1435.000       2.8068
1437.000       2.7066
1438.000       2.7051
1440.000       2.5596
1441.000       2.4328
1443.000       2.3438
1444.000       2.4082
1445.000       2.3878
1446.000       2.3067
1447.000       2.5100
1449.000       2.6325
1450.000       2.7599
1453.000       2.6634
1454.000       2.5440
1455.000       2.8220
1457.000       2.8239
1459.000       2.9931
1461.000       2.9915
1462.000       3.0427
1463.000       3.2626
1464.000       2.9354
1465.000       3.0254
1466.000       3.1687
1469.000       3.1519
1471.000       3.0253
1472.000       2.9736
1474.000       2.7993
1475.000       2.6946
1477.000       2.5610
1478.000       2.5761
1479.000       2.4962
1480.000       2.3927
1481.000       2.5862
1483.000       2.7296
1484.000       2.8228
1487.000       2.8071
1488.000       2.7254
1489.000       3.1317
1491.000       3.0920
1493.000       3.2551
1495.000       3.2965
1496.000       3.3123
1497.000       3.5303
1498.000       3.2033
1499.000       3.2482
1500.000       3.3766
1503.000       3.3094
1505.000       3.1612
1506.000       3.0714
1508.000       2.8869
1509.000       2.8217
1511.000       2.6735
1512.000       2.6411
1513.000       2.5412
1514.000       2.4345
1517.000       2.5829
1518.000       2.7155
1520.000       2.8181
1521.000       2.7747
1522.000       3.2710
1524.000       3.1871
1526.000       3.3400
1528.000       3.4518
1529.000       3.4873
1530.000       3.7153
1531.000       3.4074
1532.000       3.4051
1533.000       3.5155
1536.000       3.4155
1538.000       3.2758
1539.000       3.1642
1541.000       3.0035
1542.000       2.9788
1544.000       2.8389
1545.000       2.7647
1546.000       2.6370
1547.000       2.5522
1548.000       2.6452
1550.000       2.7643
1551.000       2.7981
1554.000       2.8793
1555.000       2.8713
1556.000       3.3579
1558.000       3.2529
1560.000       3.3704
1562.000       3.5063
1563.000       3.4898
1564.000       3.7012
1565.000       3.4476
1566.000       3.3423
1567.000       3.4153
1570.000       3.2777
1572.000       3.1348
1573.000       2.9963
1575.000       2.8669
1576.000       2.8890
1578.000       2.7873
1579.000       2.6768
1580.000       2.5668
1581.000       2.5419
1582.000       2.5346
1584.000       2.6109
1585.000       2.6238
1588.000       2.7108
1589.000       2.7353
1590.000       3.2128
1592.000       3.0803
1594.000       3.1815
1596.000       3.3536
1597.000       3.3777
1598.000       3.5667
1599.000       3.3461
1600.000       3.2652
1601.000       3.3234
1604.000       3.2091
1606.000       3.0641
1607.000       2.9588
1609.000       2.8584
1610.000       2.8727
1612.000       2.7808
1613.000       2.6946
1614.000       2.5904
1615.000       2.5481
1618.000       2.5573
1619.000       2.6275
1621.000       2.7235
1622.000       2.7483
1623.000       3.1902
1625.000       3.0578
1627.000       3.1316
1629.000       3.3369
1630.000       3.4314
1631.000       3.6109
1632.000       3.4731
1633.000       3.3197
1634.000       3.3242
1637.000       3.2153
1639.000       3.0858
1640.000       3.0067
1642.000       2.9587
1643.000       3.0334
1645.000       2.9934
1646.000       2.8712
1647.000       2.7921
1648.000       2.8284
1651.000       2.7033
1652.000       2.6982
1654.000       2.7733
1655.000       2.8532
1656.000       3.2397
1658.000       3.1157
1660.000       3.1373
1662.000       3.3617
1663.000       3.5094
1664.000       3.6640
1665.000       3.5751
1666.000       3.4473
1667.000       3.4403
1670.000       3.4360
1672.000       3.3204
1673.000       3.3447
1675.000       3.2836
1676.000       3.2988
1678.000       3.2722
1680.000       3.2281
1681.000       3.2335
1682.000       3.2194
1684.000       3.2497
1685.000       3.2765
1686.000       3.5666
1688.000       3.5069
1690.000       3.6095
1692.000       3.7205
1693.000       3.4449
1694.000       3.7595
1695.000       3.3095
1696.000       3.3471
1697.000       3.3069
1700.000       3.2917
1702.000       3.4663
1703.000       3.5723
1705.000       3.8637
1706.000       3.9386
1708.000       4.3142
1710.000       4.6492
1711.000       5.1152
1714.000       4.6225
1715.000       4.2181
1716.000       4.2906
1717.000       3.2538
1719.000       3.4976
1721.000       3.6736
1723.000       3.1476
1724.000       3.2678
1725.000       3.3854
1726.000       3.6683
1727.000       3.1164
1728.000       3.0861
1731.000       2.9695
1733.000       2.9946
1734.000       2.8987
1736.000       2.9068
1737.000       2.9911
1739.000       2.9878
1740.000       2.8964
1741.000       2.8719
1742.000       2.9190
1743.000       2.8094
1745.000       2.7686
1746.000       2.7315
1749.000       2.7907
1750.000       2.8528
1751.000       2.8588
1753.000       2.8046
1755.000       2.7905
1757.000       2.8311
1758.000       2.7915
1759.000       2.8110
1760.000       2.8742
1761.000       2.6963
1762.000       2.6413
1765.000       2.5844
1767.000       2.6483
1768.000       2.6057
1770.000       2.6227
1771.000       2.6815
1773.000       2.7003
1774.000       2.6548
1775.000       2.6703
1776.000       2.7195
1777.000       2.6503
1779.000       2.6157
1780.000       2.6277
1783.000       2.5942
1784.000       2.6148
1785.000       2.5183
1787.000       2.5253
1789.000       2.5273
1791.000       2.4654
1792.000       2.3699
1793.000       2.3709
1794.000       2.4120
1795.000       2.3230
1796.000       2.3315
1799.000       2.3540
1801.000       2.4261
1802.000       2.4247
1804.000       2.3969
1805.000       2.3860
1807.000       2.3962
1808.000       2.4107
1809.000       2.4511
1810.000       2.4744
1811.000       2.4948
1813.000       2.5044
1814.000       2.5762
1817.000       2.4728
1818.000       2.4188
1819.000       2.2951
1821.000       2.3720
1823.000       2.4674
1825.000       2.2833
1826.000       2.2426
1827.000       2.3019
1828.000       2.2242
1829.000       2.2671
1830.000       2.3507
1833.000       2.4008
1835.000       2.4305
1836.000       2.4286
1838.000       2.3519
1839.000       2.2951
1841.000       2.2779
1842.000       2.3191
1843.000       2.3455
1844.000       2.3432
1845.000       2.4085
1847.000       2.4512
1848.000       2.5293
1851.000       2.4381
1852.000       2.3652
1853.000       2.3512
1855.000       2.4220
1857.000       2.5615
1859.000       2.3913
1860.000       2.3521
1861.000       2.4604
1862.000       2.3104
1863.000       2.3383
1864.000       2.4482
1867.000       2.4442
1869.000       2.4385
1870.000       2.4053
1872.000       2.3156
1873.000       2.2629
1875.000       2.2252
1876.000       2.2552
1877.000       2.2716
1878.000       2.2614
1881.000       2.3359
1882.000       2.3815
1884.000       2.3796
1885.000       2.3094
1886.000       2.3705
1888.000       2.3985
1890.000       2.5300
1892.000       2.4244
1893.000       2.3675
1894.000       2.4961
1895.000       2.3213
1896.000       2.3212
1897.000       2.4050
1900.000       2.3799
1902.000       2.3586
1903.000       2.3128
1905.000       2.2311
1906.000       2.1947
1908.000       2.1466
1910.000       2.1384
1911.000       2.1299
1914.000       2.1844
1915.000       2.2297
1916.000       2.3104
1917.000       2.3175
1919.000       2.3200
1921.000       2.4357
1923.000       2.3802
1924.000       2.3551
1925.000       2.4842
1926.000       2.3182
1927.000       2.3253
1928.000       2.3655
1931.000       2.3742
1933.000       2.3855
1934.000       2.3773
1936.000       2.2876
1937.000       2.2071
1939.000       2.1594
1940.000       2.2204
1941.000       2.2523
1942.000       2.2252
1943.000       2.3703
1945.000       2.4428
1946.000       2.5778
1949.000       2.4140
1950.000       2.3025
1951.000       2.3216
1953.000       2.3800
1955.000       2.5167
1957.000       2.3724
1958.000       2.3317
1959.000       2.4589
1960.000       2.2754
1961.000       2.3124
1962.000       2.4175
1965.000       2.4378
1967.000       2.4116
1968.000       2.3874
1970.000       2.2680
1971.000       2.1835
1973.000       2.1093
1974.000       2.1475
1975.000       2.1321
1976.000       2.0698
1977.000       2.2374
1979.000       2.3402
1980.000       2.4577
1983.000       2.3546
1984.000       2.2514
1985.000       2.3943
1987.000       2.4265
1989.000       2.5806
1991.000       2.4859
1992.000       2.4820
1993.000       2.6426
1994.000       2.4018
1995.000       2.4730
1996.000       2.5960
1999.000       2.5960
2001.000       2.5238
2002.000       2.4849
2004.000       2.3382
2005.000       2.2548
2007.000       2.1436
2009.000       2.1175
2010.000       2.0360
2013.000       2.2048
2014.000       2.3147
2015.000       2.4233
2016.000       2.5500
2018.000       2.5456
2020.000       2.7079
2022.000       2.6729
2023.000       2.6757
2024.000       2.8765
2025.000       2.6048
2026.000       2.6420
2027.000       2.6180
2030.000       2.6087
2032.000       2.5287
2033.000       2.4592
2035.000       2.2965
2036.000       2.2521
2038.000       2.1423
2040.000       2.0706
2041.000       2.0046
2042.000       2.1244
2044.000       2.2357
2045.000       2.3083
2046.000       2.5429
2048.000       2.5217
2050.000       2.6961
2052.000       2.6837
2053.000       2.6672
2054.000       2.8736
2055.000       2.6264
2056.000       2.5401
2057.000       2.6071
2060.000       2.4812
2062.000       2.3578
2063.000       2.2363
2065.000       2.1559
2066.000       2.2148
2068.000       2.1664
2069.000       2.0613
2070.000       2.0134
2071.000       2.0471
2072.000       1.9771
2074.000       1.9793
2075.000       1.9938
2078.000       2.0167
2079.000       2.0571
2080.000       2.4234
2082.000       2.2995
2084.000       2.3579
2086.000       2.5451
2087.000       2.5644
2088.000       2.7434
2089.000       2.5257
2090.000       2.4965
2091.000       2.5832
2094.000       2.6382
2096.000       2.5339
2097.000       2.5620
2099.000       2.4506
2100.000       2.3605
2102.000       2.3199
2103.000       2.3800
2104.000       2.4121
2105.000       2.3857
2108.000       2.5096
2109.000       2.5804
2111.000       2.5688
2112.000       2.4607
2113.000       2.7445
2115.000       2.7371
2117.000       2.8801
2119.000       2.9452
2120.000       3.0549
2121.000       3.3523
2122.000       3.0027
2123.000       2.9800
2124.000       3.1199
2127.000       3.0631
2129.000       2.8785
2130.000       2.8268
2132.000       2.6767
2133.000       2.6201
2135.000       2.5845
2136.000       2.6114
2137.000       2.6830
2138.000       2.7340
2141.000       2.7981
2142.000       2.8335
2144.000       2.7853
2145.000       2.6675
2146.000       3.0788
2148.000       2.9910
2150.000       3.1708
2152.000       3.3186
2153.000       3.4087
2154.000       3.7268
2155.000       3.5255
2156.000       3.1146
2157.000       3.0759
2160.000       2.9106
2162.000       2.8262
2163.000       2.8128
2165.000       2.8510
2166.000       2.9030
2168.000       3.0385
2169.000       3.0716
2170.000       3.2889
2171.000       3.4951
2174.000       3.3920
2175.000       3.2877
2177.000       3.0856
2178.000       2.9701
2179.000       2.8996
2181.000       2.8630
2183.000       2.9360
2185.000       2.9804
2186.000       2.9506
2187.000       3.1896
2188.000       2.8644
2189.000       2.8588
2190.000       3.0110
2193.000       2.9758
2195.000       2.9357
2196.000       2.8692
2198.000       2.6916
2199.000       2.5687
2201.000       2.4874
2202.000       2.5754
2203.000       2.6654
2204.000       2.6647
2205.000       2.8944
2207.000       3.0132
2208.000       3.3141
2211.000       2.9318
2212.000       2.7113
2213.000       2.8381
2215.000       2.8586
2217.000       3.0977
2219.000       2.9503
2220.000       2.8615
2221.000       3.0414
2222.000       2.8565
2223.000       2.7105
2224.000       2.7412
2227.000       2.6478
2229.000       2.6497
2230.000       2.5532
2232.000       2.4715
2233.000       2.5177
2235.000       2.4623
2236.000       2.3773
2237.000       2.3365
2238.000       2.3493
2239.000       2.3399
2241.000       2.3648
2242.000       2.4324
2245.000       2.3835
2246.000       2.3904
2247.000       2.5095
2249.000       2.4957
2251.000       2.6140
2253.000       2.5237
2254.000       2.4497
2255.000       2.5325
2256.000       2.4417
2257.000       2.3935
2258.000       2.4504
2261.000       2.3928
2263.000       2.3876
2264.000       2.3529
2266.000       2.3022
2267.000       2.3114
2269.000       2.2988
2271.000       2.2861
2272.000       2.3025
2275.000       2.2858
2276.000       2.2908
2277.000       2.3146
2278.000       2.3167
2280.000       2.3167
2282.000       2.3958
2284.000       2.3488
2285.000       2.3159
2286.000       2.4025
2287.000       2.3193
2288.000       2.2512
2289.000       2.2685
2292.000       2.2156
2294.000       2.2279
2295.000       2.1634
2297.000       2.1351
2298.000       2.1347
2300.000       2.1370
2301.000       2.1335
2302.000       2.1613
2303.000       2.1905
2304.000       2.1894
2306.000       2.1912
2307.000       2.2436
2310.000       2.1662
2311.000       2.1355
2312.000       2.1515
2314.000       2.1041
2316.000       2.2152
2318.000       2.2412
2319.000       2.2055
2320.000       2.3223
2321.000       2.1772
2322.000       2.1897
2323.000       2.2451
2326.000       2.2455
2328.000       2.2487
2329.000       2.2518
2331.000       2.1950
2332.000       2.1360
2334.000       2.1255
2335.000       2.1842
2336.000       2.2405
2337.000       2.2387
2340.000       2.3325
2341.000       2.3602
2343.000       2.3178
2344.000       2.2272
2345.000       2.2197
2347.000       2.2596
2349.000       2.3543
2351.000       2.2785
2352.000       2.2696
2353.000       2.3945
2354.000       2.2500
2355.000       2.2326
2356.000       2.2903
2359.000       2.2699
2361.000       2.2245
2362.000       2.1878
2364.000       2.1049
2365.000       2.0623
2367.000       2.0022
2368.000       2.0027
2369.000       1.9729
2370.000       1.9319
2371.000       2.0259
2373.000       2.0983
2374.000       2.1771
2377.000       2.1259
2378.000       2.0730
2379.000       2.2460
2381.000       2.2278
2383.000       2.3220
2385.000       2.3326
2386.000       2.3463
2387.000       2.4853
2388.000       2.3259
2389.000       2.2931
2390.000       2.3365
2393.000       2.2917
2395.000       2.2346
2396.000       2.1905
2398.000       2.1126
2399.000       2.0889
2401.000       2.0324
2402.000       2.0164
2403.000       1.9791
2404.000       1.9494
2405.000       2.0093
2407.000       2.0685
2408.000       2.1169
2411.000       2.1048
2412.000       2.0718
2413.000       2.2704
2415.000       2.2379
2417.000       2.3132
2419.000       2.3537
2420.000       2.3643
2421.000       2.5037
2422.000       2.3542
2423.000       2.2976
2424.000       2.3990
2427.000       2.3295
2429.000       2.2715
2430.000       2.2237
2432.000       2.1555
2433.000       2.1389
2435.000       2.0839
2436.000       2.0596
2437.000       2.0204
2438.000       1.9960
2439.000       2.0385
2441.000       2.0911
2442.000       2.1292
2445.000       2.1299
2446.000       2.1089
2447.000       2.2919
2449.000       2.2599
2451.000       2.3427
2453.000       2.3566
2454.000       2.3670
2455.000       2.4746
2456.000       2.3799
2457.000       2.3179
2458.000       2.3563
2461.000       2.3114
2463.000       2.2472
2464.000       2.2032
2466.000       2.1344
2467.000       2.1404
2469.000       2.0946
2471.000       2.0349
2472.000       2.0108
2475.000       2.0344
2476.000       2.0862
2477.000       2.1143
2478.000       2.2904
2480.000       2.2553
2482.000       2.3274
2484.000       2.3666
2485.000       2.3575
2486.000       2.4946
2487.000       2.3512
2488.000       2.2715
2489.000       2.3468
2492.000       2.2563
2494.000       2.1974
2495.000       2.1241
2497.000       2.0640
2498.000       2.0830
2500.000       2.0334
2501.000       1.9749
2502.000       1.9251
2503.000       1.9241
2504.000       1.9017
2506.000       1.9273
2507.000       1.9231
2510.000       1.9787
2511.000       1.9952
2512.000       2.1958
2514.000       2.1416
2516.000       2.1997
2518.000       2.2478
2519.000       2.2366
2520.000       2.3425
2521.000       2.2606
2522.000       2.1448
2523.000       2.1824
2526.000       2.0838
2528.000       2.0423
2529.000       1.9617
2531.000       1.9374
2532.000       1.9881
2534.000       1.9807
2536.000       1.9155
2537.000       1.9231
2540.000       1.8715
2541.000       1.8807
2542.000       1.8636
2543.000       2.0243
2545.000       1.9542
2547.000       1.9721
2549.000       2.0616
2550.000       2.0498
2551.000       2.1445
2552.000       2.0926
2553.000       1.9354
2554.000       1.9084
2557.000       1.8009
2559.000       1.7796
2560.000       1.7384
2562.000       1.7588
2563.000       1.8112
2565.000       1.8376
2567.000       1.8151
2568.000       1.8611
2571.000       1.7763
2572.000       1.7475
2573.000       1.7422
2574.000       1.7672
2576.000       1.7605
2578.000       1.7588
2580.000       1.7282
2581.000       1.7592
2582.000       1.8366
2583.000       1.7706
2584.000       1.7827
2585.000       1.6949
2588.000       1.6729
2590.000       1.6187
2591.000       1.6433
2593.000       1.5956
2594.000       1.6010
2596.000       1.5736
2597.000       1.5502
2598.000       1.5482
2599.000       1.5646
2600.000       1.5688
2602.000       1.5886
2603.000       1.6426
2606.000       1.5980
2607.000       1.5722
2608.000       1.7456
2610.000       1.7153
2612.000       1.8179
2614.000       1.8109
2615.000       1.8846
2616.000       1.9145
2617.000       1.9816
2618.000       1.8609
2619.000       1.8608
2622.000       1.8368
2624.000       1.7939
2625.000       1.7859
2627.000       1.7642
2628.000       1.7876
2630.000       1.7757
2631.000       1.7488
2632.000       1.7626
2633.000       1.8035
2636.000       1.7762
2637.000       1.7718
2639.000       1.7557
2640.000       1.7442
2641.000       1.8685
2643.000       1.8311
2645.000       1.8637
2647.000       1.9550
2648.000       2.0332
2649.000       2.1535
2650.000       2.0616
2651.000       2.0083
2652.000       1.9934
2655.000       1.9705
2657.000       1.9069
2658.000       1.8907
2660.000       1.8280
2661.000       1.8372
2663.000       1.8012
2664.000       1.7628
2665.000       1.7315
2666.000       1.7224
2669.000       1.7314
2670.000       1.7590
2672.000       1.7873
2673.000       1.7837
2674.000       1.9960
2676.000       1.9741
2678.000       2.0506
2680.000       2.1004
2681.000       2.1755
2682.000       2.3105
2683.000       2.1814
2684.000       2.1517
2685.000       2.2209
2688.000       2.1903
2690.000       2.0992
2691.000       2.0737
2693.000       2.0139
2694.000       2.0186
2696.000       1.9843
2697.000       1.9509
2698.000       1.9267
2699.000       1.9336
2700.000       1.9189
2702.000       1.9368
2703.000       1.9492
2706.000       1.9669
2707.000       1.9688
2708.000       2.2238
2710.000       2.1763
2712.000       2.2410
2714.000       2.3410
2715.000       2.3961
2716.000       2.5555
2717.000       2.3671
2718.000       2.3470
2719.000       2.4384
2722.000       2.3518
2724.000       2.2452
2725.000       2.1862
2727.000       2.1302
2728.000       2.1399
2730.000       2.1010
2731.000       2.0663
2732.000       2.0441
2733.000       2.0499
2734.000       2.0418
2736.000       2.0536
2737.000       2.0645
2740.000       2.0774
2741.000       2.0834
2742.000       2.3380
2744.000       2.2579
2746.000       2.3090
2748.000       2.4451
2749.000       2.5099
2750.000       2.6519
2751.000       2.5377
2752.000       2.4394
2753.000       2.4754
2756.000       2.4265
2758.000       2.3669
2759.000       2.3448
2761.000       2.3044
2762.000       2.2963
2764.000       2.2741
2765.000       2.2697
2766.000       2.2739
2767.000       2.2821
2768.000       2.2999
2770.000       2.3164
2771.000       2.3579
2774.000       2.3150
2775.000       2.2895
2776.000       2.4282
2778.000       2.3994
2780.000       2.4589
2782.000       2.5027
2783.000       2.5330
2784.000       2.6609
2785.000       2.5312
2786.000       2.4845
2787.000       2.5266
2790.000       2.4822
2792.000       2.4337
2793.000       2.3855
2795.000       2.3287
2796.000       2.3308
2798.000       2.2976
2800.000       2.2621
2801.000       2.2547
2802.000       2.2693
2804.000       2.2998
2805.000       2.3270
2806.000       2.4534
2808.000       2.4223
2810.000       2.4908
2812.000       2.5243
2813.000       2.5313
2814.000       2.6637
2815.000       2.5297
2816.000       2.4594
2817.000       2.5036
2820.000       2.4486
2822.000       2.4057
2823.000       2.3569
2825.000       2.3015
2826.000       2.3003
2828.000       2.2664
2829.000       2.2455
2830.000       2.2355
2831.000       2.2427
2832.000       2.2491
2834.000       2.2682
2835.000       2.3027
2838.000       2.2807
2839.000       2.2692
2840.000       2.4116
2842.000       2.3821
2844.000       2.4565
2846.000       2.4742
2847.000       2.4826
2848.000       2.6020
2849.000       2.4882
2850.000       2.4292
2851.000       2.4830
2854.000       2.4436
2856.000       2.4045
2857.000       2.3779
2859.000       2.3220
2860.000       2.3148
2862.000       2.2804
2864.000       2.2570
2865.000       2.2469
2868.000       2.2740
2869.000       2.3045
2870.000       2.3457
2871.000       2.4211
2873.000       2.4089
2875.000       2.4947
2877.000       2.4859
2878.000       2.5019
2879.000       2.6085
2880.000       2.5116
2881.000       2.4662
2882.000       2.5154
2885.000       2.5053
2887.000       2.4773
2888.000       2.4656
2890.000       2.4093
2891.000       2.3743
2893.000       2.3436
2894.000       2.3612
2895.000       2.3767
2896.000       2.3702
2899.000       2.4358
2900.000       2.4776
2902.000       2.4689
2903.000       2.4070
2904.000       2.4855
2906.000       2.4981
2908.000       2.5956
2910.000       2.5533
2911.000       2.5549
2912.000       2.6990
2913.000       2.5269
2914.000       2.5109
2915.000       2.5926
2918.000       2.5732
2920.000       2.5306
2921.000       2.4899
2923.000       2.3949
2924.000       2.3402
2926.000       2.2783
2927.000       2.2860
2928.000       2.2603
2929.000       2.2285
2930.000       2.3142
2932.000       2.3914
2933.000       2.4613
2936.000       2.4254
2937.000       2.3632
2938.000       2.5225
2940.000       2.5151
2942.000       2.6359
2944.000       2.6045
2945.000       2.5884
2946.000       2.7463
2947.000       2.5335
2948.000       2.5378
2949.000       2.6206
2952.000       2.5713
2954.000       2.5184
2955.000       2.4445
2957.000       2.3433
2958.000       2.3209
2960.000       2.2578
2961.000       2.2345
2962.000       2.2114
2963.000       2.2016
2966.000       2.2373
2967.000       2.2842
2969.000       2.3204
2970.000       2.2872
2971.000       2.4954
2973.000       2.4608
2975.000       2.5775
2977.000       2.5824
2978.000       2.5521
2979.000       2.7212
2980.000       2.5148
2981.000       2.4511
2982.000       2.5110
2985.000       2.4116
2987.000       2.3543
2988.000       2.2550
2990.000       2.1881
2991.000       2.2040
2993.000       2.1603
2994.000       2.1150
2995.000       2.0953
2996.000       2.1162
2997.000       2.0956
2999.000       2.1141
3000.000       2.1550
3003.000       2.1352
3004.000       2.1314
3005.000       2.3164
3007.000       2.2403
3009.000       2.3102
3011.000       2.3952
3012.000       2.3890
3013.000       2.5452
3014.000       2.4466
3015.000       2.2411
3016.000       2.2269
3019.000       2.1249
3021.000       2.0933
3022.000       2.0751
3024.000       2.0853
3025.000       2.1273
3027.000       2.1649
3029.000       2.1636
3030.000       2.2308
3031.000       2.1394
3033.000       2.1032
3034.000       2.1439
3035.000       2.1261
3037.000       2.1358
3039.000       2.2242
3041.000       2.1148
3042.000       2.0505
3043.000       2.0758
3044.000       2.1521
3045.000       2.0030
3046.000       1.9612
3049.000       1.9747
3051.000       1.9928
3052.000       2.0411
3054.000       2.0592
3055.000       2.0709
3057.000       2.1145
3059.000       2.1614
3060.000       2.2399
3061.000       2.1634
3063.000       2.1138
3064.000       2.1619
3065.000       2.0442
3067.000       2.1109
3069.000       2.2382
3071.000       2.1247
3072.000       2.2838
3073.000       2.4630
3074.000       2.3844
3075.000       2.2701
3076.000       2.4299
3079.000       2.4194
3081.000       2.4506
3082.000       2.3402
3084.000       2.3738
3085.000       2.5013
3087.000       2.6454
3089.000       2.6697
3090.000       2.8985
3093.000       2.5709
3094.000       2.4173
3095.000       2.4332
3096.000       2.3334
3098.000       2.3198
3100.000       2.4693
3102.000       2.5016
3103.000       2.4404
3104.000       2.5998
3105.000       2.3405
3106.000       2.5139
3107.000       2.6542
3110.000       2.6866
3112.000       2.6603
3113.000       2.6369
3115.000       2.5161
3116.000       2.4327
3118.000       2.3579
3120.000       2.3773
3121.000       2.3562
3124.000       2.4677
3125.000       2.5340
3126.000       2.6502
3127.000       2.6344
3129.000       2.6706
3131.000       2.8459
3133.000       2.7412
3134.000       2.7343
3135.000       2.9019
3136.000       2.6440
3137.000       2.7127
3138.000       2.8313
3141.000       2.8200
3143.000       2.7542
3144.000       2.7200
3146.000       2.5915
3147.000       2.5098
3149.000       2.4104
3151.000       2.3956
3152.000       2.3398
3153.000       2.4926
3155.000       2.5887
3156.000       2.6958
3157.000       2.7772
3159.000       2.7719
3161.000       2.9118
3163.000       2.8863
3164.000       2.8717
3165.000       3.0534
3166.000       2.7668
3167.000       2.8517
3168.000       2.9827
3171.000       2.9738
3173.000       2.8952
3174.000       2.8546
3176.000       2.6937
3177.000       2.5983
3179.000       2.4756
3181.000       2.4508
3182.000       2.3618
3185.000       2.5542
3186.000       2.6755
3187.000       2.7974
3188.000       2.9169
3190.000       2.9148
3192.000       3.0965
3194.000       3.0387
3195.000       3.0104
3196.000       3.1853
3197.000       2.9061
3198.000       2.9766
3199.000       3.1164
3202.000       3.0847
3204.000       2.9998
3205.000       2.9320
3207.000       2.7614
3208.000       2.6870
3210.000       2.5513
3212.000       2.4853
3213.000       2.3788
3216.000       2.5639
3217.000       2.7017
3218.000       2.8018
3219.000       3.0111
3221.000       2.9864
3223.000       3.1573
3225.000       3.1288
3226.000       3.1019
3227.000       3.2696
3228.000       3.0092
3229.000       3.0481
3230.000       3.1320
3233.000       3.0823
3235.000       3.0028
3236.000       2.9005
3238.000       2.7330
3239.000       2.6958
3241.000       2.5596
3243.000       2.4579
3244.000       2.3531
3247.000       2.4983
3248.000       2.6391
3249.000       2.7013
3250.000       2.9883
3252.000       2.9440
3254.000       3.0950
3256.000       3.0975
3257.000       3.0346
3258.000       3.2191
3259.000       2.9760
3260.000       2.9029
3261.000       2.9763
3264.000       2.8517
3266.000       2.7464
3267.000       2.6076
3269.000       2.4962
3270.000       2.5364
3272.000       2.4406
3273.000       2.3259
3274.000       2.2263
3275.000       2.2211
3276.000       2.1806
3278.000       2.2182
3279.000       2.2035
3282.000       2.3110
3283.000       2.3627
3284.000       2.7537
3286.000       2.6449
3288.000       2.7335
3290.000       2.8563
3291.000       2.8493
3292.000       3.0110
3293.000       2.8565
3294.000       2.7081
3295.000       2.7218
3298.000       2.5944
3300.000       2.4908
3301.000       2.3878
3303.000       2.3216
3304.000       2.3920
3306.000       2.3520
3308.000       2.2368
3309.000       2.2194
3312.000       2.1820
3313.000       2.2236
3314.000       2.2100
3315.000       2.5541
3317.000       2.4421
3319.000       2.4838
3321.000       2.6542
3322.000       2.6882
3323.000       2.8388
3324.000       2.7232
3325.000       2.5731
3326.000       2.5766
3329.000       2.5000
3331.000       2.4094
3332.000       2.3699
3334.000       2.3144
3335.000       2.3473
3337.000       2.3287
3339.000       2.2708
3340.000       2.2799
3341.000       2.2569
3343.000       2.2778
3344.000       2.3071
3345.000       2.5077
3347.000       2.4556
3349.000       2.5359
3351.000       2.6240
3352.000       2.6982
3353.000       2.8622
3354.000       2.7054
3355.000       2.6444
3356.000       2.6966
3359.000       2.6593
3361.000       2.5462
3362.000       2.5303
3364.000       2.4355
3365.000       2.4245
3367.000       2.3708
3369.000       2.3181
3370.000       2.2942
3373.000       2.3372
3374.000       2.3976
3375.000       2.4588
3376.000       2.7033
3378.000       2.6706
3380.000       2.7963
3382.000       2.8583
3383.000       2.9616
3384.000       3.1617
3385.000       2.9424
3386.000       2.9315
3387.000       3.0141
3390.000       3.0029
3392.000       2.9173
3393.000       3.0645
3395.000       2.8194
3396.000       2.8068
3398.000       2.6943
3400.000       2.5702
3401.000       2.5220
3402.000       2.5659
3404.000       2.6810
3405.000       2.6996
3406.000       3.0466
3408.000       3.4786
3410.000       4.2759
3412.000       3.0655
3413.000       2.9803
3414.000       3.1139
3415.000       2.9827
3416.000       2.8452
3417.000       2.8860
3420.000       2.7864
3422.000       2.6967
3423.000       2.6044
3425.000       2.5088
3426.000       2.5001
3428.000       2.4290
3429.000       2.3787
3430.000       2.3147
3431.000       2.2862
3432.000       2.3167
3434.000       2.3690
3435.000       2.3897
3438.000       2.4294
3439.000       2.4298
3440.000       2.7231
3442.000       2.6401
3444.000       2.7168
3446.000       2.8205
3447.000       2.8173
3448.000       2.9721
3449.000       2.8100
3450.000       2.7150
3451.000       2.7309
3454.000       2.6443
3456.000       2.5692
3457.000       2.4897
3459.000       2.4145
3460.000       2.4428
3462.000       2.3958
3464.000       2.3192
3465.000       2.2968
3468.000       2.3041
3469.000       2.3481
3470.000       2.3615
3471.000       2.5960
3473.000       2.5249
3475.000       2.5928
3477.000       2.6814
3478.000       2.6870
3479.000       2.8298
3480.000       2.6947
3481.000       2.5811
3482.000       2.5834
3485.000       2.4939
3487.000       2.4334
3488.000       2.3713
3490.000       2.3291
3491.000       2.3534
3493.000       2.3268
3494.000       2.2769
3495.000       2.2551
3496.000       2.2696
3499.000       2.2537
3500.000       2.2687
3502.000       2.2833
3503.000       2.2838
3504.000       2.4569
3506.000       2.4004
3508.000       2.4558
3510.000       2.5251
3511.000       2.5677
3512.000       2.6816
3513.000       2.6331
3514.000       2.4877
3515.000       2.4878
3518.000       2.4456
3520.000       2.3692
3521.000       2.3657
3523.000       2.3229
3524.000       2.3452
3526.000       2.3390
3528.000       2.3095
3529.000       2.3360
3530.000       2.2918
3532.000       2.3011
3533.000       2.3276
3534.000       2.5048
3536.000       2.4621
3538.000       2.5472
3540.000       2.6321
3541.000       2.6354
3542.000       2.8755
3543.000       2.6912
3544.000       2.5058
3545.000       2.7094
3548.000       2.4587
3550.000       2.3615
3551.000       2.2721
3553.000       2.2576
3554.000       2.2567
3556.000       2.3393
3557.000       2.3926
3558.000       2.5799
3559.000       2.6880
3560.000       2.7650
3562.000       2.7947
3563.000       3.1283
3566.000       2.6017
3567.000       2.3820
3568.000       2.4318
3570.000       2.3319
3572.000       2.4358
3574.000       2.5610
3575.000       2.5802
3576.000       2.7460
3577.000       2.7113
3578.000       2.4459
3579.000       2.3720
3582.000       2.2245
3584.000       2.2222
3585.000       2.1470
3587.000       2.1116
3588.000       2.1528
3590.000       2.1329
3592.000       2.0753
3593.000       2.0731
3596.000       2.0539
3597.000       2.0700
3598.000       2.0730
3599.000       2.1335
3601.000       2.0952
3603.000       2.1210
3605.000       2.1274
3606.000       2.0440
3607.000       2.1082
3608.000       2.0292
3609.000       1.9826
3610.000       2.0166
3613.000       1.9803
3615.000       2.0286
3616.000       1.9604
3618.000       1.9382
3619.000       1.9579
3621.000       1.9529
3623.000       1.9294
3624.000       1.9445
3627.000       1.9218
3628.000       1.9238
3629.000       1.9419
3630.000       1.8699
3632.000       1.8958
3634.000       1.9626
3636.000       1.8451
3637.000       1.7323
3638.000       1.7726
3639.000       1.7162
3640.000       1.6679
3641.000       1.6768
3644.000       1.6259
3646.000       1.6777
3647.000       1.6240
3649.000       1.6324
3650.000       1.6304
3652.000       1.6495
3654.000       1.6720
3655.000       1.7125
3656.000       1.6801
3658.000       1.6624
3659.000       1.7049
3660.000       1.5322
3662.000       1.5389
3664.000       1.5629
3666.000       1.5073
3667.000       1.4764
3668.000       1.5198
3669.000       1.5148
3670.000       1.4279
3671.000       1.4242
3674.000       1.3964
3676.000       1.3863
3677.000       1.3377
3679.000       1.2961
3680.000       1.3160
3682.000       1.3049
3683.000       1.2675
3684.000       1.2723
3685.000       1.3086
3686.000       1.2815
3688.000       1.2925
3689.000       1.3491
3692.000       1.2903
3693.000       1.2713
3694.000       1.3892
3696.000       1.3574
3698.000       1.4292
3700.000       1.4682
3701.000       1.4851
3702.000       1.6011
3703.000       1.5024
3704.000       1.4246
3705.000       1.4614
3708.000       1.3966
3710.000       1.3573
3711.000       1.3161
3713.000       1.2919
3714.000       1.3050
3716.000       1.3135
3717.000       1.2968
3718.000       1.3267
3719.000       1.3797
3720.000       1.3411
3722.000       1.3348
3723.000       1.3916
3726.000       1.3170
3727.000       1.2894
3728.000       1.3539
3730.000       1.3219
3732.000       1.4036
3734.000       1.4294
3735.000       1.5080
3736.000       1.6331
3737.000       1.5426
3738.000       1.5229
3739.000       1.5684
3742.000       1.6167
3744.000       1.6327
3745.000       1.7141
3747.000       1.7093
3748.000       1.6384
3750.000       1.7128
3751.000       1.8339
3752.000       2.0082
3753.000       2.0957
3754.000       2.1466
3756.000       2.1356
3757.000       2.3313
3760.000       1.9929
3761.000       1.8356
3762.000       1.6398
3764.000       1.7676
3766.000       1.8994
3768.000       1.6456
3769.000       1.6411
3770.000       1.7234
3771.000       1.7048
3772.000       1.5673
3773.000       1.5825
3776.000       1.5736
3778.000       1.5729
3779.000       1.5969
3781.000       1.5962
3782.000       1.5949
3784.000       1.6605
3785.000       1.7016
3786.000       1.8226
3787.000       1.9305
3788.000       1.8620
3790.000       1.8104
3791.000       1.8951
3794.000       1.7208
3795.000       1.6615
3796.000       1.5818
3798.000       1.6273
3800.000       1.7222
3802.000       1.6393
3803.000       1.6876
3804.000       1.7984
3805.000       1.6886
3806.000       1.7370
3807.000       1.8267
3810.000       1.8964
3812.000       1.8614
3813.000       1.9296
3815.000       1.8824
3816.000       1.8057
3818.000       1.8380
3819.000       1.9370
3820.000       2.0549
3821.000       2.1082
3822.000       2.1651
3824.000       2.1710
3825.000       2.3081
3828.000       2.0849
3829.000       1.9620
3830.000       1.9639
3832.000       2.0346
3834.000       2.1709
3836.000       2.0821
3837.000       2.1700
3838.000       2.3375
3839.000       2.1073
3840.000       2.2603
3841.000       2.4142
3844.000       2.5078
3846.000       2.4187
3847.000       2.4932
3849.000       2.3805
3850.000       2.2408
3852.000       2.1831
3854.000       2.2825
3855.000       2.2951
3856.000       2.4211
3858.000       2.4743
3859.000       2.6392
3860.000       2.5822
3862.000       2.6572
3864.000       2.8545
3866.000       2.7604
3867.000       2.8513
3868.000       3.0534
3869.000       2.7327
3870.000       2.9342
3871.000       3.1275
3874.000       3.2092
3876.000       3.0783
3877.000       3.1216
3879.000       2.9405
3880.000       2.7664
3882.000       2.6515
3883.000       2.7733
3884.000       2.7947
3885.000       2.6822
3888.000       2.9838
3889.000       3.1317
3891.000       3.1314
3892.000       2.9491
3893.000       3.2745
3895.000       3.3134
3897.000       3.5312
3899.000       3.4844
3900.000       3.5553
3901.000       3.8001
3902.000       3.3964
3903.000       3.5940
3904.000       3.8064
3907.000       3.8318
3909.000       3.6592
3910.000       3.6405
3912.000       3.4073
3913.000       3.2672
3915.000       3.0840
3917.000       3.0373
3918.000       2.9070
3919.000       3.1981
3921.000       3.3801
3922.000       3.5424
3923.000       3.8496
3925.000       3.8330
3927.000       4.0756
3929.000       4.0859
3930.000       4.1395
3931.000       4.4227
3932.000       3.9770
3933.000       4.1132
3934.000       4.3151
3937.000       4.2734
3939.000       4.0853
3940.000       3.9889
3942.000       3.7509
3943.000       3.6499
3945.000       3.4610
3946.000       3.4340
3947.000       3.2940
3948.000       3.1493
3949.000       3.3724
3951.000       3.5615
3952.000       3.6564
3955.000       3.6910
3956.000       3.6171
3957.000       4.2239
3959.000       4.1446
3961.000       4.3651
3963.000       4.4400
3964.000       4.4484
3965.000       4.7118
3966.000       4.3248
3967.000       4.3380
3968.000       4.4789
3971.000       4.3629
3973.000       4.1782
3974.000       4.0410
3976.000       3.8482
3977.000       3.8162
3979.000       3.6561
3980.000       3.5757
3981.000       3.4320
3982.000       3.3385
3983.000       3.4441
3985.000       3.5793
3986.000       3.6154
3989.000       3.7109
3990.000       3.6994
3991.000       4.2935
3993.000       4.1584
3995.000       4.3031
3997.000       4.4869
3998.000       4.4983
3999.000       4.7501
4000.000       4.4317
4001.000       4.3375
4002.000       4.4219
4005.000       4.2718
4007.000       4.0487
4008.000       3.8965
4010.000       3.7144
4011.000       3.7186
4013.000       3.5634
4014.000       3.4339
4015.000       3.2623
4016.000       3.1823
4017.000       3.2285
4019.000       3.3558
4020.000       3.3617
4023.000       3.5102
4024.000       3.5373
4025.000       4.2639
4027.000       4.0737
4029.000       4.1881
4031.000       4.5093
4032.000       4.5705
4033.000       4.9194
4034.000       4.5904
4035.000       4.2428
4036.000       4.2724
4039.000       3.9948
4041.000       3.7005
4042.000       3.4544
4044.000       3.2877
4045.000       3.4774
4047.000       3.4126
4048.000       3.1335
4049.000       3.0640
4050.000       3.2510
4051.000       2.8946
4053.000       2.8109
4054.000       2.7882
4057.000       2.8958
4058.000       3.0463
4059.000       3.9593
4061.000       3.6444
4063.000       3.7360
4065.000       4.2682
4066.000       4.4636
4067.000       4.8330
4068.000       4.6771
4069.000       4.0940
4070.000       4.1982
4073.000       3.8782
4075.000       3.8620
4076.000       3.5515
4078.000       3.5943
4079.000       3.8638
4081.000       4.0180
4082.000       3.8529
4083.000       4.0702
4084.000       4.4715
4087.000       4.0429
4088.000       3.7595
4090.000       3.5194
4091.000       3.5833
4092.000       3.5342
4094.000       3.3728
4096.000       3.4746
4098.000       3.6198
4099.000       3.5079
4100.000       3.7755
4101.000       3.5186
4102.000       3.2528
4103.000       3.3177
4106.000       3.2072
4108.000       3.1371
4109.000       3.1259
4111.000       3.0939
4112.000       3.0568
4114.000       3.1978
4115.000       3.3379
4116.000       3.6659
4117.000       3.8899
4120.000       3.9032
4121.000       3.8262
4123.000       3.5380
4124.000       3.2858
4125.000       3.1544
4127.000       3.1887
4129.000       3.4470
4131.000       3.3745
4132.000       3.4766
4133.000       3.8730
4134.000       3.2080
4135.000       3.6364
4136.000       4.1505
4139.000       4.3758
4141.000       4.4842
4142.000       4.6274
4144.000       4.6973
4145.000       4.8739
4147.000       4.9907
4149.000       5.0950
4150.000       5.3950
4151.000       5.1159
4153.000       4.8648
4154.000       5.0587
4155.000       4.2155
4157.000       4.4867
4159.000       4.7585
4161.000       4.4164
4162.000       4.0496
4163.000       4.5659
4164.000       3.9538
4165.000       3.6218
4166.000       3.9556
4169.000       3.9166
4171.000       3.7337
4172.000       3.7272
4174.000       3.4560
4175.000       3.2724
4177.000       3.0909
4178.000       3.1739
4179.000       3.2014
4180.000       3.1182
4183.000       3.4542
4184.000       3.6537
4186.000       3.6648
4187.000       3.4098
4188.000       4.0566
4190.000       4.0201
4192.000       4.2038
4194.000       4.3439
4195.000       4.9103
4196.000       5.7891
4197.000       5.0684
4198.000       4.4126
4199.000       4.7270
4202.000       4.3284
4204.000       3.6447
4205.000       3.3324
4207.000       2.7512
4208.000       2.7095
4210.000       2.5851
4212.000       2.4720
4213.000       2.7876
4216.000       2.5390
4217.000       2.6797
4218.000       3.1327
4219.000       4.1683
4221.000       3.7439
4223.000       4.3912
4225.000       4.8900
4226.000       4.9683
4227.000       5.7920
4228.000       4.7422
4229.000       4.5256
4230.000       4.9371
4233.000       4.6021
4235.000       4.0945
4236.000       3.7674
4238.000       3.1663
4239.000       2.9589
4241.000       2.6747
4243.000       2.6168
4244.000       2.7142
4247.000       2.8512
4248.000       3.1117
4249.000       3.5629
4250.000       4.2860
4252.000       3.9689
4254.000       4.5593
4256.000       4.8209
4257.000       4.7045
4258.000       5.3532
4259.000       4.4200
4260.000       4.3392
4261.000       4.6771
4264.000       4.4009
4266.000       4.1274
4267.000       3.8178
4269.000       3.3383
4270.000       3.1124
4272.000       2.8212
4274.000       2.7779
4275.000       2.7055
4278.000       3.0335
4279.000       3.3006
4280.000       3.6620
4281.000       4.0023
4283.000       3.8240
4285.000       4.3041
4287.000       4.3201
4288.000       4.1290
4289.000       4.5288
4290.000       3.8780
4291.000       3.9208
4292.000       4.2006
4295.000       4.0465
4297.000       3.9433
4298.000       3.6263
4300.000       3.3900
4301.000       3.2324
4303.000       3.0711
4304.000       3.1285
4305.000       3.0670
4306.000       2.9169
4309.000       3.2071
4310.000       3.3952
4312.000       3.4712
4313.000       3.3271
4314.000       3.7402
4316.000       3.4694
4318.000       3.8197
4320.000       4.1153
4321.000       4.0413
4322.000       4.3827
4323.000       3.8624
4324.000       3.9043
4325.000       4.1231
4328.000       4.0068
4330.000       3.8525
4331.000       3.7062
4333.000       3.4508
4334.000       3.3458
4336.000       3.1324
4338.000       3.0023
4339.000       2.8332
4340.000       3.1353
4342.000       3.3556
4343.000       3.4926
4344.000       3.8203
4346.000       3.7345
4348.000       3.9671
4350.000       3.9689
4351.000       3.8497
4352.000       4.0902
4353.000       3.6968
4354.000       3.7028
4355.000       3.8512
4358.000       3.7143
4360.000       3.6237
4361.000       3.4235
4363.000       3.2107
4364.000       3.1777
4366.000       2.9952
4367.000       2.8935
4368.000       2.7192
4369.000       2.5851
4372.000       2.7203
4373.000       2.8843
4375.000       3.0429
4376.000       3.0347
4377.000       3.5038
4379.000       3.3981
4381.000       3.5567
4383.000       3.5918
4384.000       3.4607
4385.000       3.6378
4386.000       3.3950
4387.000       3.2650
4388.000       3.3316
4391.000       3.1607
4393.000       3.1015
4394.000       2.8969
4396.000       2.7583
4397.000       2.8108
4399.000       2.7054
4401.000       2.5260
4402.000       2.4371
4405.000       2.4771
4406.000       2.5979
4407.000       2.5978
4408.000       2.9583
4410.000       2.8350
4412.000       2.9269
4414.000       3.0054
4415.000       2.8684
4416.000       2.9925
4417.000       2.8645
4418.000       2.6760
4419.000       2.6790
4422.000       2.5311
4424.000       2.5027
4425.000       2.3441
4427.000       2.2613
4428.000       2.3450
4430.000       2.3148
4432.000       2.1828
4433.000       2.1809
4436.000       2.0977
4437.000       2.1390
4438.000       2.1036
4439.000       2.3637
4441.000       2.2860
4443.000       2.3694
4445.000       2.3905
4446.000       2.3339
4447.000       2.4463
4448.000       2.4178
4449.000       2.1895
4450.000       2.1554
4453.000       2.0398
4455.000       2.0297
4456.000       2.0037
4458.000       2.0793
4459.000       2.1748
4461.000       2.2922
4462.000       2.2731
4463.000       2.4161
4464.000       2.5987
4467.000       2.4403
4468.000       2.3205
4470.000       2.1712
4471.000       2.1506
4472.000       2.0092
4474.000       1.9941
4476.000       2.0002
4478.000       2.0256
4479.000       2.0040
4480.000       2.1464
4481.000       2.0244
4482.000       1.8769
4483.000       1.9013
4486.000       1.7922
4488.000       1.7238
4489.000       1.6232
4491.000       1.5517
4492.000       1.6038
4494.000       1.5704
4496.000       1.4818
4497.000       1.4921
4500.000       1.4364
4501.000       1.4705
4502.000       1.4723
4503.000       1.7320
4505.000       1.6524
4507.000       1.7160
4509.000       1.8153
4510.000       1.8093
4511.000       1.9616
4512.000       1.8446
4513.000       1.6713
4514.000       1.6816
4517.000       1.5697
4519.000       1.5018
4520.000       1.4294
4522.000       1.3830
4523.000       1.4274
4525.000       1.4261
4527.000       1.3836
4528.000       1.4382
4529.000       1.3482
4531.000       1.3459
4532.000       1.3723
4533.000       1.5357
4535.000       1.4726
4537.000       1.5370
4539.000       1.6161
4540.000       1.6333
4541.000       1.7819
4542.000       1.6966
4543.000       1.5414
4544.000       1.5386
4547.000       1.4562
4549.000       1.4327
4550.000       1.3862
4552.000       1.3870
4553.000       1.4505
4555.000       1.4719
4556.000       1.4171
4557.000       1.4598
4558.000       1.5577
4559.000       1.4488
4561.000       1.4027
4562.000       1.4455
4565.000       1.3684
4566.000       1.3705
4567.000       1.4080
4569.000       1.3718
4571.000       1.4196
4573.000       1.4498
4574.000       1.4693
4575.000       1.5923
4576.000       1.5494
4577.000       1.3905
4578.000       1.4055
4581.000       1.3774
4583.000       1.3420
4584.000       1.3503
4586.000       1.3477
4587.000       1.3823
4589.000       1.4493
4591.000       1.4859
4592.000       1.6022
4593.000       1.4815
4595.000       1.4202
4596.000       1.5180
4597.000       1.3944
4599.000       1.4188
4601.000       1.5334
4603.000       1.4831
4604.000       1.5754
4605.000       1.7337
4606.000       1.6349
4607.000       1.5441
4608.000       1.5743
4611.000       1.5925
4613.000       1.5538
4614.000       1.6077
4616.000       1.5780
4617.000       1.5479
4619.000       1.5544
4621.000       1.5963
4622.000       1.6420
4625.000       1.6490
4626.000       1.6378
4627.000       1.7325
4628.000       1.6575
4630.000       1.7035
4632.000       1.8221
4634.000       1.7777
4635.000       1.8914
4636.000       2.0636
4637.000       1.8724
4638.000       1.9486
4639.000       2.0763
4642.000       2.1596
4644.000       2.0685
4645.000       2.1331
4647.000       2.0069
4648.000       1.8920
4650.000       1.8405
4651.000       1.9266
4652.000       1.9742
4653.000       1.9398
4656.000       2.1135
4657.000       2.2036
4659.000       2.1812
4660.000       2.0331
4661.000       2.2423
4663.000       2.2981
4665.000       2.4952
4667.000       2.4295
4668.000       2.5475
4669.000       2.7729
4670.000       2.4621
4671.000       2.6123
4672.000       2.8029
4675.000       2.8610
4677.000       2.6989
4678.000       2.7276
4680.000       2.5311
4681.000       2.4023
4683.000       2.2870
4685.000       2.3088
4686.000       2.2623
4689.000       2.4353
4690.000       2.5439
4691.000       2.7054
4692.000       2.9338
4694.000       2.9469
4696.000       3.1824
4698.000       3.1815
4699.000       3.3052
4700.000       3.5810
4701.000       3.1817
4702.000       3.3444
4703.000       3.5517
4706.000       3.5798
4708.000       3.3607
4709.000       3.3556
4711.000       3.1298
4712.000       2.9864
4714.000       2.8497
4715.000       2.9150
4716.000       2.8987
4717.000       2.8255
4718.000       3.0432
4720.000       3.1826
4721.000       3.3400
4724.000       3.2202
4725.000       3.0810
4726.000       3.6504
4728.000       3.6173
4730.000       3.8562
4732.000       3.9429
4733.000       4.0789
4734.000       4.4061
4735.000       3.9266
4736.000       4.0782
4737.000       4.3025
4740.000       4.2889
4742.000       4.0157
4743.000       3.9846
4745.000       3.7551
4746.000       3.6195
4748.000       3.4654
4749.000       3.5125
4750.000       3.4702
4751.000       3.3784
4752.000       3.6090
4754.000       3.7589
4755.000       3.9097
4758.000       3.8092
4759.000       3.6845
4760.000       4.3815
4762.000       4.2911
4764.000       4.5113
4766.000       4.7174
4767.000       4.8886
4768.000       5.2485
4769.000       4.7508
4770.000       4.8525
4771.000       5.0489
4774.000       5.0110
4776.000       4.7079
4777.000       4.6735
4779.000       4.4353
4780.000       4.3128
4782.000       4.1429
4783.000       4.1613
4784.000       4.0894
4785.000       3.9548
4788.000       4.2057
4789.000       4.3730
4791.000       4.4504
4792.000       4.3407
4793.000       5.1177
4795.000       4.9999
4797.000       5.2087
4799.000       5.4681
4800.000       5.6638
4801.000       6.0455
4802.000       5.5019
4803.000       5.6571
4804.000       5.8591
4807.000       5.8028
4809.000       5.4777
4810.000       5.4097
4812.000       5.1511
4813.000       5.0434
4815.000       4.8469
4816.000       4.8325
4817.000       4.7093
4818.000       4.5690
4819.000       4.8199
4821.000       5.0116
4822.000       5.1428
4825.000       5.1193
4826.000       5.0227
4827.000       5.8858
4829.000       5.7425
4831.000       5.9612
4833.000       6.2497
4834.000       6.4257
4835.000       6.8231
4836.000       6.3113
4837.000       6.3206
4838.000       6.4921
4841.000       6.3711
4843.000       6.0185
4844.000       5.9106
4846.000       5.6794
4847.000       5.6015
4849.000       5.4238
4850.000       5.3765
4851.000       5.2489
4852.000       5.1355
4853.000       5.3239
4855.000       5.4977
4856.000       5.6161
4859.000       5.6108
4860.000       5.5402
4861.000       6.4659
4863.000       6.2463
4865.000       6.4099
4867.000       6.8332
4868.000       7.0698
4869.000       7.4423
4870.000       7.1029
4871.000       6.8803
4872.000       6.8963
4875.000       6.7224
4877.000       6.3767
4878.000       6.3720
4880.000       6.1790
4881.000       6.2451
4883.000       6.1537
4885.000       5.9814
4886.000       5.9539
4887.000       5.9120
4889.000       6.0070
4890.000       5.9950
4891.000       6.9349
4893.000       6.7452
4895.000       6.8443
4897.000       6.9736
4898.000       7.3301
4899.000       7.5000
4900.000       7.7175
4901.000       7.1602
4902.000       7.1362
4905.000       7.1776
4907.000       7.5883
4908.000       7.6918
4910.000       8.0443
4911.000       8.0606
4913.000       8.4824
4915.000       8.8884
4916.000       9.3731
4919.000       8.9202
4920.000       8.5053
4921.000       8.6569
4922.000       6.9359
4924.000       7.3368
4926.000       7.7044
4928.000       6.9948
4929.000       6.5048
4930.000       6.3380
4931.000       6.7157
4932.000       6.2506
4933.000       5.9641
4936.000       5.9067
4938.000       6.2768
4939.000       6.4281
4941.000       6.9308
4942.000       7.1341
4944.000       7.7106
4946.000       8.1224
4947.000       8.7164
4948.000       7.9257
4950.000       7.3621
4951.000       7.3895
4952.000       5.8485
4954.000       6.1502
4956.000       6.0234
4958.000       5.5511
4959.000       5.4837
4960.000       5.7686
4961.000       5.3164
4962.000       5.3985
4963.000       5.5875
4966.000       5.5154
4968.000       5.4983
4969.000       5.3390
4971.000       5.0715
4972.000       4.9698
4974.000       4.7601
4976.000       4.6657
4977.000       4.5223
4980.000       4.7747
4981.000       4.9733
4982.000       5.1060
4983.000       5.2647
4985.000       5.2557
4987.000       5.4915
4989.000       5.3423
4990.000       5.1032
4991.000       5.3305
4992.000       4.8598
4993.000       4.9687
4994.000       5.1595
4997.000       5.0520
4999.000       5.0121
5000.000       4.8098
5002.000       4.5426
5003.000       4.4345
5005.000       4.2177
5007.000       4.1066
5008.000       3.9576
5009.000       4.2394
5011.000       4.4458
5012.000       4.5752
5013.000       4.7498
5015.000       4.7063
5017.000       4.9462
5019.000       4.8294
5020.000       4.5813
5021.000       4.7931
5022.000       4.3895
5023.000       4.4108
5024.000       4.5427
5027.000       4.4275
5029.000       4.4070
5030.000       4.2174
5032.000       3.9891
5033.000       3.9149
5035.000       3.7345
5037.000       3.6253
5038.000       3.4798
5041.000       3.7142
5042.000       3.8945
5043.000       4.0123
5044.000       4.1491
5046.000       4.1164
5048.000       4.3242
5050.000       4.1950
5051.000       3.9710
5052.000       4.1357
5053.000       3.8490
5054.000       3.8012
5055.000       3.9276
5058.000       3.8235
5060.000       3.8030
5061.000       3.6356
5063.000       3.4311
5064.000       3.3948
5066.000       3.2485
5068.000       3.1182
5069.000       3.0010
5072.000       3.1671
5073.000       3.3280
5074.000       3.4243
5075.000       3.5909
5077.000       3.5687
5079.000       3.7666
5081.000       3.6387
5082.000       3.4680
5083.000       3.6403
5084.000       3.3635
5085.000       3.3388
5086.000       3.4794
5089.000       3.4023
5091.000       3.3464
5092.000       3.2005
5094.000       2.9941
5095.000       2.9425
5097.000       2.7785
5098.000       2.7044
5099.000       2.5559
5100.000       2.4441
5101.000       2.5990
5103.000       2.7713
5104.000       2.8508
5107.000       2.9028
5108.000       2.8542
5109.000       3.2251
5111.000       3.1928
5113.000       3.4001
5115.000       3.3294
5116.000       3.2105
5117.000       3.4251
5118.000       3.1053
5119.000       3.0677
5120.000       3.2055
5123.000       3.0881
5125.000       2.9859
5126.000       2.8248
5128.000       2.6253
5129.000       2.5996
5131.000       2.4516
5133.000       2.2981
5134.000       2.1939
5135.000       2.3385
5137.000       2.5044
5138.000       2.5820
5139.000       2.9275
5141.000       2.8394
5143.000       3.0129
5145.000       3.0440
5146.000       2.9518
5147.000       3.1472
5148.000       2.8651
5149.000       2.8163
5150.000       2.8913
5153.000       2.7666
5155.000       2.6793
5156.000       2.5165
5158.000       2.3534
5159.000       2.3526
5161.000       2.2132
5162.000       2.0949
5163.000       1.9366
5164.000       1.8737
5165.000       1.8966
5167.000       2.0043
5168.000       1.9923
5171.000       2.1579
5172.000       2.1895
5173.000       2.6230
5175.000       2.5265
5177.000       2.6607
5179.000       2.7226
5180.000       2.6591
5181.000       2.8407
5182.000       2.6193
5183.000       2.5039
5184.000       2.5673
5187.000       2.4106
5189.000       2.3235
5190.000       2.1607
5192.000       2.0432
5193.000       2.0867
5195.000       1.9843
5196.000       1.8590
5197.000       1.7495
5198.000       1.7450
5199.000       1.6916
5201.000       1.7345
5202.000       1.7186
5205.000       1.8399
5206.000       1.8942
5207.000       2.2889
5209.000       2.1680
5211.000       2.2413
5213.000       2.3633
5214.000       2.3277
5215.000       2.4977
5216.000       2.4202
5217.000       2.0811
5218.000       2.0237
5221.000       1.8209
5223.000       1.7542
5224.000       1.6428
5226.000       1.6543
5227.000       1.8129
5229.000       1.8425
5230.000       1.6888
5231.000       1.6955
5232.000       1.8477
5235.000       1.6249
5236.000       1.5373
5238.000       1.5086
5239.000       1.5825
5240.000       1.7620
5242.000       1.6369
5244.000       1.7292
5246.000       1.8303
5247.000       1.8111
5248.000       1.9444
5249.000       1.9143
5250.000       1.6939
5251.000       1.6450
5254.000       1.5857
5256.000       1.5565
5257.000       1.5242
5259.000       1.4695
5260.000       1.4817
5262.000       1.4495
5263.000       1.4154
5264.000       1.4061
5265.000       1.4168
5266.000       1.4349
5268.000       1.4676
5269.000       1.5351
5272.000       1.4696
5273.000       1.4376
5274.000       1.6148
5276.000       1.6062
5278.000       1.6834
5280.000       1.6252
5281.000       1.6711
5282.000       1.7473
5283.000       1.7384
5284.000       1.6364
5285.000       1.6167
5288.000       1.6609
5290.000       1.7404
5291.000       1.8328
5293.000       1.8481
5294.000       1.8209
5296.000       1.9056
5297.000       2.0750
5298.000       2.3951
5299.000       2.5394
5302.000       2.6789
5303.000       2.6153
5305.000       2.3025
5306.000       2.0482
5307.000       1.6911
5309.000       1.9018
5311.000       2.2835
5313.000       1.7327
5314.000       1.7971
5315.000       2.1414
5316.000       2.0813
5317.000       1.6611
5318.000       1.6451
5321.000       1.5597
5323.000       1.5718
5324.000       1.5063
5326.000       1.4998
5327.000       1.5577
5329.000       1.5840
5330.000       1.5283
5331.000       1.5579
5332.000       1.6581
5333.000       1.5047
5335.000       1.4492
5336.000       1.4452
5339.000       1.4440
5340.000       1.4769
5341.000       1.4818
5343.000       1.4531
5345.000       1.4910
5347.000       1.4991
5348.000       1.5039
5349.000       1.5782
5350.000       1.5710
5351.000       1.4443
5352.000       1.4143
5355.000       1.3624
5357.000       1.3655
5358.000       1.3661
5360.000       1.4135
5361.000       1.4358
5363.000       1.5098
5365.000       1.5882
5366.000       1.7211
5369.000       1.5894
5370.000       1.4873
5371.000       1.5163
5372.000       1.3896
5374.000       1.3904
5376.000       1.3975
5378.000       1.4274
5379.000       1.5065
5380.000       1.5989
5381.000       1.5517
5382.000       1.5415
5383.000       1.5857
5386.000       1.6485
5388.000       1.6066
5389.000       1.6946
5391.000       1.6892
5392.000       1.6130
5394.000       1.6456
5396.000       1.7691
5397.000       1.8512
5400.000       1.8624
5401.000       1.8140
5402.000       1.9267
5403.000       1.7640
5405.000       1.8237
5407.000       1.9320
5409.000       1.8963
5410.000       2.0182
5411.000       2.1971
5412.000       1.9668
5413.000       2.1115
5414.000       2.2617
5417.000       2.3703
5419.000       2.2637
5420.000       2.3806
5422.000       2.2941
5423.000       2.1305
5425.000       2.1324
5426.000       2.3184
5427.000       2.4646
5428.000       2.4682
5429.000       2.6751
5431.000       2.7370
5432.000       2.9665
5435.000       2.6207
5436.000       2.4103
5437.000       2.5040
5439.000       2.5831
5441.000       2.7654
5443.000       2.7077
5444.000       2.8472
5445.000       3.0968
5446.000       2.7098
5447.000       2.9502
5448.000       3.1683
5451.000       3.2763
5453.000       3.1038
5454.000       3.2078
5456.000       3.0224
5457.000       2.8034
5459.000       2.6716
5461.000       2.7768
5462.000       2.7298
5463.000       3.0060
5465.000       3.1293
5466.000       3.3658
5467.000       3.3960
5469.000       3.4547
5471.000       3.7132
5473.000       3.6588
5474.000       3.8043
5475.000       4.0990
5476.000       3.6140
5477.000       3.9006
5478.000       4.1663
5481.000       4.2364
5483.000       4.0191
5484.000       4.0471
5486.000       3.7852
5487.000       3.5680
5489.000       3.3546
5491.000       3.3804
5492.000       3.2289
5495.000       3.6078
5496.000       3.8037
5497.000       4.0375
5498.000       4.2962
5500.000       4.2981
5502.000       4.5912
5504.000       4.5910
5505.000       4.6839
5506.000       5.0086
5507.000       4.4599
5508.000       4.7236
5509.000       5.0048
5512.000       5.0235
5514.000       4.7987
5515.000       4.7505
5517.000       4.4410
5518.000       4.2348
5520.000       4.0006
5521.000       4.0647
5522.000       3.9492
5523.000       3.7489
5524.000       4.1367
5526.000       4.4003
5527.000       4.5882
5530.000       4.5142
5531.000       4.3386
5532.000       5.0195
5534.000       4.9835
5536.000       5.2757
5538.000       5.3104
5539.000       5.3418
5540.000       5.6918
5541.000       5.1125
5542.000       5.2903
5543.000       5.5267
5546.000       5.4594
5548.000       5.1839
5549.000       5.0531
5551.000       4.7332
5552.000       4.5947
5554.000       4.3326
5555.000       4.3020
5556.000       4.1126
5557.000       3.9172
5558.000       4.2290
5560.000       4.4820
5561.000       4.6102
5564.000       4.6552
5565.000       4.5534
5566.000       5.4373
5568.000       5.2999
5570.000       5.5618
5572.000       5.7552
5573.000       5.8449
5574.000       6.2076
5575.000       5.7428
5576.000       5.6848
5577.000       5.8186
5580.000       5.6670
5582.000       5.3607
5583.000       5.2472
5585.000       4.9814
5586.000       4.9754
5588.000       4.7916
5590.000       4.5972
5591.000       4.4786
5592.000       4.6178
5594.000       4.8017
5595.000       4.8525
5596.000       5.7048
5598.000       5.5249
5600.000       5.7317
5602.000       5.9532
