   2.000       3.6134
   3.000       3.7144
   6.000       3.7199
   8.000       3.7871
   9.000       3.7198
  11.000       3.5458
  12.000       3.4593
  14.000       3.3663
  15.000       3.3862
  16.000       3.3643
  17.000       3.3255
  18.000       3.4543
  20.000       3.5677
  21.000       3.6896
  24.000       3.6068
  25.000       3.5016
  26.000       3.5147
  28.000       3.6281
  30.000       3.8947
  32.000       3.5619
  33.000       3.3747
  34.000       3.5692
  35.000       3.1971
  36.000       3.3068
  37.000       3.5050
  40.000       3.4583
  42.000       3.4407
  43.000       3.3181
  45.000       3.1072
  46.000       2.9999
  48.000       2.8581
  50.000       2.8321
  51.000       2.7597
  54.000       2.9369
  55.000       3.0701
  56.000       3.2025
  57.000       3.2438
  59.000       3.2537
  61.000       3.4825
  63.000       3.3273
  64.000       3.1431
  65.000       3.3574
  66.000       2.9694
  67.000       3.0186
  68.000       3.1757
  71.000       3.0960
  73.000       3.0920
  74.000       2.9456
  76.000       2.7458
  77.000       2.6435
  79.000       2.4841
  80.000       2.4968
  81.000       2.4291
  82.000       2.3321
  83.000       2.5515
  85.000       2.6944
  86.000       2.8253
  89.000       2.7528
  90.000       2.6561
  91.000       2.8619
  93.000       2.8596
  95.000       3.0558
  97.000       2.9104
  98.000       2.7273
  99.000       2.9073
 100.000       2.5914
 101.000       2.6075
 102.000       2.7574
 105.000       2.6903
 107.000       2.7145
 108.000       2.6026
 110.000       2.4201
 111.000       2.3137
 113.000       2.1786
 114.000       2.2182
 115.000       2.1969
 116.000       2.1136
 117.000       2.3551
 119.000       2.4970
 120.000       2.6788
 123.000       2.5071
 124.000       2.3710
 125.000       2.4677
 127.000       2.5140
 129.000       2.7237
 131.000       2.4938
 132.000       2.3276
 133.000       2.4746
 134.000       2.2562
 135.000       2.2137
 136.000       2.3376
 139.000       2.3135
 141.000       2.3369
 142.000       2.2567
 144.000       2.0797
 145.000       1.9875
 147.000       1.8769
 148.000       1.8839
 149.000       1.8434
 150.000       1.7432
 153.000       1.9791
 154.000       2.1484
 156.000       2.1805
 157.000       2.0342
 158.000       2.1520
 160.000       2.2232
 162.000       2.4602
 164.000       2.2103
 165.000       2.1042
 166.000       2.2855
 167.000       2.0169
 168.000       2.0808
 169.000       2.2929
 172.000       2.3455
 174.000       2.2791
 175.000       2.2415
 177.000       1.9844
 178.000       1.8288
 180.000       1.6964
 182.000       1.6720
 183.000       1.6170
 184.000       1.8196
 186.000       1.9941
 187.000       2.2131
 188.000       2.2694
 190.000       2.3484
 192.000       2.6936
 194.000       2.4913
 195.000       2.5372
 196.000       2.9118
 197.000       2.3313
 198.000       2.5833
 199.000       2.9121
 202.000       2.9676
 204.000       2.7386
 205.000       2.6521
 207.000       2.3381
 208.000       2.1809
 210.000       2.0189
 212.000       2.0145
 213.000       2.0068
 214.000       2.1737
 216.000       2.3339
 217.000       2.5607
 218.000       2.9554
 220.000       2.8668
 222.000       3.1509
 224.000       3.3651
 225.000       3.4927
 226.000       4.0759
 227.000       3.6114
 228.000       3.0907
 229.000       2.6230
 232.000       2.3645
 234.000       2.4100
 235.000       2.4480
 237.000       2.6715
 238.000       3.0926
 240.000       3.2410
 242.000       2.9915
 243.000       3.1179
 244.000       2.6388
 246.000       2.4771
 247.000       2.2339
 248.000       2.5683
 250.000       2.5137
 252.000       2.2807
 254.000       2.4973
 255.000       2.7475
 256.000       2.7897
 257.000       3.0361
 258.000       2.6556
 259.000       2.5697
 262.000       2.5385
 264.000       2.3493
 265.000       2.4700
 267.000       2.3611
 268.000       2.4556
 270.000       2.3601
 271.000       2.1841
 272.000       2.0597
 273.000       2.0758
 276.000       1.9845
 277.000       2.0257
 279.000       2.1244
 280.000       2.1957
 281.000       2.7669
 283.000       2.7209
 285.000       2.9448
 287.000       2.8654
 288.000       3.0528
 289.000       3.1208
 290.000       3.1860
 291.000       3.1816
 292.000       3.2575
 295.000       3.2780
 297.000       3.2660
 298.000       3.2028
 300.000       3.0312
 301.000       3.0077
 303.000       2.8901
 305.000       2.7891
 306.000       2.6993
 309.000       2.8338
 310.000       2.9609
 311.000       3.0537
 312.000       3.2038
 314.000       3.2405
 316.000       3.4441
 318.000       3.3185
 319.000       3.2472
 320.000       3.4410
 321.000       3.0895
 322.000       3.2028
 323.000       3.3511
 326.000       3.2854
 328.000       3.1825
 329.000       3.0796
 331.000       2.9114
 332.000       2.8565
 334.000       2.7187
 336.000       2.6270
 337.000       2.5322
 338.000       2.6959
 340.000       2.8352
 341.000       2.9139
 342.000       3.1907
 344.000       3.1249
 346.000       3.2771
 348.000       3.3209
 349.000       3.3046
 350.000       3.5082
 351.000       3.2211
 352.000       3.2137
 353.000       3.2839
 356.000       3.1636
 358.000       3.0313
 359.000       2.9071
 361.000       2.7454
 362.000       2.7434
 364.000       2.6241
 366.000       2.4989
 367.000       2.3961
 370.000       2.5120
 371.000       2.6372
 372.000       2.6804
 373.000       3.0841
 375.000       2.9844
 377.000       3.1018
 379.000       3.2333
 380.000       3.2176
 381.000       3.4558
 382.000       3.1463
 383.000       3.0610
 384.000       3.1377
 387.000       3.0392
 389.000       2.9085
 390.000       2.8091
 392.000       2.6465
 393.000       2.6296
 395.000       2.4966
 396.000       2.4118
 397.000       2.2887
 398.000       2.2181
 401.000       2.2804
 402.000       2.3990
 404.000       2.5164
 405.000       2.5119
 406.000       2.9674
 408.000       2.8855
 410.000       3.0442
 412.000       3.1287
 413.000       3.0874
 414.000       3.3242
 415.000       3.1017
 416.000       2.8586
 417.000       3.0119
 420.000       2.7849
 422.000       2.7156
 423.000       2.6475
 425.000       2.5842
 426.000       2.6055
 428.000       2.5845
 429.000       2.5536
 430.000       2.5796
 431.000       2.6138
 432.000       2.6260
 434.000       2.6369
 435.000       2.7289
 438.000       2.5987
 439.000       2.5602
 440.000       2.6547
 442.000       2.7160
 444.000       2.9596
 446.000       2.7387
 447.000       2.7551
 448.000       2.7580
 449.000       3.2442
 450.000       2.5867
 451.000       2.6629
 454.000       2.5831
 456.000       2.5075
 457.000       2.5232
 459.000       2.4843
 460.000       2.6134
 462.000       2.5697
 463.000       2.3947
 464.000       2.3079
 465.000       2.3766
 466.000       2.1781
 468.000       2.1419
 469.000       2.0613
 472.000       2.2229
 473.000       2.3423
 474.000       2.7028
 476.000       2.6712
 478.000       2.7589
 480.000       2.7258
 481.000       2.6875
 482.000       2.6718
 483.000       2.9164
 484.000       2.5779
 485.000       2.4445
 488.000       2.3959
 490.000       2.4236
 491.000       2.5429
 493.000       2.6656
 494.000       2.8093
 496.000       2.8976
 497.000       2.7990
 498.000       2.8394
 499.000       2.9732
 500.000       2.7402
 502.000       2.6252
 503.000       2.5888
 506.000       2.5901
 507.000       2.6684
 508.000       2.4751
 510.000       2.6008
 512.000       2.7283
 514.000       2.4692
 515.000       2.4814
 516.000       2.5995
 517.000       2.6018
 518.000       2.4980
 519.000       2.7384
 522.000       2.7533
 524.000       2.8735
 525.000       2.8828
 527.000       2.8455
 528.000       2.9095
 530.000       2.9051
 531.000       2.8421
 532.000       2.8915
 533.000       2.9641
 534.000       2.9500
 536.000       2.9601
 537.000       3.1330
 540.000       2.8890
 541.000       2.8256
 542.000       2.6446
 544.000       2.8209
 546.000       2.9980
 548.000       2.6267
 549.000       2.5637
 550.000       2.7341
 551.000       2.6476
 552.000       2.3989
 553.000       2.4869
 556.000       2.3819
 558.000       2.2859
 559.000       2.2078
 561.000       2.1156
 562.000       2.0272
 564.000       1.9606
 565.000       2.0252
 566.000       2.0698
 567.000       2.0269
 570.000       2.2428
 571.000       2.3523
 573.000       2.3133
 574.000       2.1453
 575.000       2.4127
 577.000       2.3386
 579.000       2.4418
 581.000       2.4678
 582.000       2.5475
 583.000       2.6457
 584.000       2.7923
 585.000       2.5059
 586.000       2.6161
 589.000       2.6276
 591.000       2.5657
 592.000       2.5387
 594.000       2.3995
 595.000       2.2864
 597.000       2.2090
 598.000       2.2793
 599.000       2.2914
 600.000       2.2391
 601.000       2.4214
 603.000       2.5249
 604.000       2.6641
 607.000       2.5216
 608.000       2.3946
 609.000       2.6030
 611.000       2.6162
 613.000       2.7835
 615.000       2.7239
 616.000       2.7351
 617.000       2.8951
 618.000       2.6698
 619.000       2.7148
 620.000       2.8232
 623.000       2.8380
 625.000       2.7784
 626.000       2.7754
 628.000       2.6448
 629.000       2.5471
 631.000       2.4642
 632.000       2.5117
 633.000       2.5028
 634.000       2.4289
 637.000       2.6061
 638.000       2.7139
 640.000       2.7365
 641.000       2.6281
 642.000       2.8300
 644.000       2.8585
 646.000       3.0170
 648.000       2.9403
 649.000       2.9642
 650.000       3.1210
 651.000       2.8780
 652.000       2.9925
 653.000       3.1727
 656.000       3.2089
 658.000       3.1056
 659.000       3.0901
 661.000       2.9062
 662.000       2.7930
 664.000       2.6810
 665.000       2.7197
 666.000       2.6734
 667.000       2.5871
 668.000       2.7821
 670.000       2.9166
 671.000       3.0357
 674.000       2.9628
 675.000       2.8583
 676.000       3.2107
 678.000       3.2208
 680.000       3.4217
 682.000       3.3861
 683.000       3.4146
 684.000       3.6781
 685.000       3.2971
 686.000       3.4025
 687.000       3.6184
 690.000       3.6744
 692.000       3.5542
 693.000       3.5871
 695.000       3.3911
 696.000       3.2138
 698.000       3.1593
 700.000       3.2957
 701.000       3.3711
 704.000       3.4610
 705.000       3.5051
 706.000       3.7330
 707.000       3.6521
 709.000       3.7312
 711.000       4.0532
 713.000       3.8675
 714.000       3.8466
 715.000       4.1632
 716.000       3.7495
 717.000       3.7091
 718.000       3.9338
 721.000       3.8859
 723.000       3.7382
 724.000       3.6913
 726.000       3.4705
 727.000       3.3582
 729.000       3.2812
 731.000       3.3284
 732.000       3.3899
 735.000       3.4443
 736.000       3.5092
 737.000       3.7118
 738.000       3.8116
 740.000       3.8229
 742.000       4.1447
 744.000       4.0411
 745.000       4.0064
 746.000       4.3609
 747.000       3.8848
 748.000       3.8376
 749.000       4.0370
 752.000       3.9362
 754.000       3.7296
 755.000       3.6194
 757.000       3.3485
 758.000       3.3086
 760.000       3.1664
 762.000       3.0733
 763.000       3.0710
 766.000       3.1274
 767.000       3.2562
 768.000       3.4014
 769.000       3.8655
 771.000       3.7770
 773.000       4.0857
 775.000       4.1552
 776.000       4.1729
 777.000       4.5682
 778.000       4.0364
 779.000       4.0072
 780.000       4.2212
 783.000       4.0846
 785.000       3.8314
 786.000       3.6350
 788.000       3.3473
 789.000       3.3720
 791.000       3.1579
 792.000       2.9843
 793.000       2.8476
 794.000       2.8370
 797.000       2.8630
 798.000       2.9683
 800.000       3.0958
 801.000       3.1012
 802.000       4.0083
 804.000       3.7920
 806.000       4.0039
 808.000       4.3335
 809.000       4.4271
 810.000       4.8389
 811.000       4.2027
 812.000       4.4035
 813.000       4.6963
 816.000       4.6713
 818.000       4.3340
 819.000       4.2751
 821.000       3.9587
 822.000       3.8746
 824.000       3.6663
 825.000       3.6119
 826.000       3.5114
 827.000       3.4566
 828.000       3.5931
 830.000       3.7366
 831.000       3.8552
 834.000       3.8431
 835.000       3.7796
 836.000       4.7522
 838.000       4.6192
 840.000       4.9122
 842.000       5.1754
 843.000       5.3782
 844.000       5.8126
 845.000       5.1121
 846.000       5.4760
 847.000       5.8469
 850.000       5.9425
 852.000       5.6554
 853.000       5.6994
 855.000       5.3873
 856.000       5.0577
 858.000       4.9205
 859.000       5.2075
 860.000       5.3896
 861.000       5.2846
 864.000       5.8094
 865.000       6.0236
 867.000       5.9036
 868.000       5.4919
 869.000       5.9941
 871.000       6.0058
 873.000       6.3724
 875.000       6.4015
 876.000       6.6009
 877.000       7.1407
 878.000       6.5183
 879.000       6.4000
 880.000       6.5373
 883.000       6.3110
 885.000       5.9441
 886.000       5.6935
 888.000       5.2866
 889.000       5.2544
 891.000       4.9374
 893.000       4.6156
 894.000       4.3702
 895.000       4.6823
 897.000       5.0088
 898.000       5.1092
 899.000       6.2520
 901.000       5.9541
 903.000       6.2122
 905.000       6.1443
 906.000       6.2738
 907.000       6.3177
 908.000       6.6729
 909.000       5.9555
 910.000       5.6067
 913.000       5.5262
 915.000       5.8864
 916.000       6.1148
 918.000       6.5610
 919.000       6.8426
 921.000       7.2418
 922.000       7.2606
 923.000       7.6786
 924.000       8.0903
 927.000       7.7817
 928.000       7.4510
 930.000       6.9642
 931.000       6.8888
 932.000       5.5133
 934.000       5.9684
 936.000       6.1430
 938.000       5.3584
 939.000       4.9349
 940.000       4.9329
 941.000       4.7193
 942.000       4.9657
 943.000       4.8032
 946.000       4.9013
 948.000       5.3365
 949.000       5.5121
 951.000       5.7572
 952.000       5.7106
 954.000       6.0617
 955.000       6.3746
 956.000       6.9093
 957.000       7.1681
 960.000       7.3040
 961.000       7.1785
 963.000       6.6514
 964.000       6.2428
 965.000       4.7904
 967.000       5.1894
 969.000       5.2296
 971.000       4.5006
 972.000       4.1123
 973.000       4.1390
 974.000       4.0335
 975.000       4.0131
 976.000       3.8133
 979.000       3.8933
 981.000       4.2382
 982.000       4.4579
 984.000       4.6810
 985.000       4.6823
 987.000       5.0294
 988.000       5.2534
 989.000       5.7052
 990.000       6.0116
 993.000       5.9330
 994.000       5.7393
 996.000       5.3197
 997.000       5.0679
 998.000       3.8838
1000.000       4.2593
1002.000       4.3768
1004.000       3.7106
1005.000       3.7040
1006.000       4.0034
1007.000       3.8029
1008.000       3.4351
1009.000       3.3570
1012.000       3.2626
1014.000       3.2027
1015.000       3.1218
1017.000       3.0533
1018.000       2.9533
1020.000       2.9991
1022.000       3.1817
1023.000       3.3440
1024.000       3.2982
1026.000       3.2350
1027.000       3.4399
1028.000       3.1768
1030.000       3.0705
1032.000       3.1858
1034.000       3.2528
1035.000       3.3300
1036.000       3.7161
1037.000       3.4251
1038.000       3.0816
1039.000       3.1183
1042.000       2.9152
1044.000       2.8487
1045.000       2.6570
1047.000       2.5402
1048.000       2.5276
1050.000       2.4916
1051.000       2.4743
1052.000       2.5194
1053.000       2.5637
1054.000       2.6164
1056.000       2.6665
1057.000       2.8469
1060.000       2.6220
1061.000       2.5192
1062.000       2.7270
1064.000       2.5888
1066.000       2.6884
1068.000       2.8172
1069.000       2.7141
1070.000       2.9287
1071.000       2.6772
1072.000       2.5367
1073.000       2.6227
1076.000       2.5145
1078.000       2.5060
1079.000       2.3759
1081.000       2.2961
1082.000       2.2560
1084.000       2.2630
1085.000       2.2980
1086.000       2.3887
1087.000       2.4427
1088.000       2.5164
1090.000       2.5680
1091.000       2.7844
1094.000       2.4860
1095.000       2.3371
1096.000       2.3533
1098.000       2.3089
1100.000       2.4294
1102.000       2.4091
1103.000       2.3364
1104.000       2.4890
1105.000       2.3006
1106.000       2.2721
1107.000       2.3883
1110.000       2.3974
1112.000       2.4133
1113.000       2.3816
1115.000       2.2749
1116.000       2.1922
1118.000       2.1990
1119.000       2.2702
1120.000       2.3703
1121.000       2.4017
1124.000       2.5208
1125.000       2.5854
1127.000       2.5096
1128.000       2.3345
1129.000       2.3181
1131.000       2.3767
1133.000       2.5629
1135.000       2.4050
1136.000       2.3905
1137.000       2.5504
1138.000       2.3552
1139.000       2.3623
1140.000       2.4655
1143.000       2.4890
1145.000       2.4897
1146.000       2.4484
1148.000       2.3230
1149.000       2.2768
1151.000       2.2439
1152.000       2.2601
1153.000       2.3259
1154.000       2.3785
1155.000       2.4329
1157.000       2.4858
1158.000       2.6684
1161.000       2.4448
1162.000       2.3199
1163.000       2.4778
1165.000       2.4013
1167.000       2.8888
1169.000       2.7860
1170.000       2.8677
1171.000       3.2876
1172.000       3.0455
1173.000       2.7352
1174.000       2.8215
1177.000       2.8550
1179.000       2.9490
1180.000       2.9382
1182.000       2.8949
1183.000       2.8908
1185.000       3.1593
1187.000       3.4160
1188.000       3.8364
1189.000       3.4023
1191.000       3.1838
1192.000       3.4734
1193.000       2.6617
1195.000       2.8243
1197.000       3.5005
1199.000       2.8987
1200.000       2.7103
1201.000       2.6457
1202.000       2.8982
1203.000       2.5726
1204.000       2.5316
1207.000       2.4960
1209.000       2.8538
1210.000       2.9518
1212.000       3.2316
1213.000       3.1613
1215.000       3.4901
1217.000       3.9436
1218.000       4.3332
1221.000       4.1170
1222.000       3.7587
1223.000       4.0201
1224.000       2.2602
1226.000       2.7119
1228.000       2.9500
1230.000       2.2239
1231.000       2.1989
1232.000       2.6443
1233.000       2.2466
1234.000       2.1286
1235.000       2.3086
1238.000       2.1766
1240.000       2.1320
1241.000       2.0112
1243.000       1.9502
1244.000       2.0143
1246.000       1.9945
1248.000       1.9168
1249.000       1.9485
1250.000       1.8722
1252.000       1.8866
1253.000       1.8961
1254.000       2.0773
1256.000       2.0072
1258.000       2.0860
1260.000       2.1556
1261.000       2.1335
1262.000       2.3259
1263.000       2.1487
1264.000       1.9759
1265.000       2.0078
1268.000       1.8889
1270.000       1.8203
1271.000       1.7380
1273.000       1.6770
1274.000       1.7084
1276.000       1.6855
1277.000       1.6366
1278.000       1.6554
1279.000       1.7118
1280.000       1.6713
1282.000       1.6699
1283.000       1.7451
1286.000       1.6550
1287.000       1.6358
1288.000       1.8411
1290.000       1.7837
1292.000       1.8658
1294.000       1.9400
1295.000       1.9706
1296.000       2.1574
1297.000       2.0144
1298.000       1.8528
1299.000       1.8920
1302.000       1.8495
1304.000       1.7747
1305.000       1.7804
1307.000       1.7073
1308.000       1.6768
1310.000       1.6612
1312.000       1.6784
1313.000       1.7166
1314.000       1.7259
1316.000       1.7432
1317.000       1.8513
1318.000       1.8681
1320.000       1.8697
1322.000       2.0057
1324.000       1.9967
1325.000       2.0598
1326.000       2.2285
1327.000       2.0162
1328.000       2.0614
1329.000       2.1707
1332.000       2.1951
1334.000       2.1017
1335.000       2.1182
1337.000       2.0001
1338.000       1.9266
1340.000       1.8805
1341.000       1.9156
1342.000       1.9347
1343.000       1.9202
1344.000       2.0276
1346.000       2.1049
1347.000       2.2322
1350.000       2.0970
1351.000       1.9936
1352.000       2.2343
1354.000       2.2404
1356.000       2.4126
1358.000       2.3951
1359.000       2.5285
1360.000       2.7028
1361.000       2.5673
1362.000       2.4821
1363.000       2.3900
1366.000       2.4090
1368.000       2.5692
1369.000       2.5485
1371.000       2.5811
1372.000       2.6268
1374.000       2.7055
1376.000       2.7205
1377.000       2.8246
1380.000       2.6895
1381.000       2.6272
1382.000       2.6561
1383.000       2.3111
1385.000       2.3978
1387.000       2.4440
1389.000       2.2145
1390.000       2.1396
1391.000       2.1589
1392.000       2.4532
1393.000       2.1489
1394.000       2.2502
1397.000       2.2364
1399.000       2.3681
1400.000       2.3000
1402.000       2.3128
1403.000       2.3188
1405.000       2.3831
1406.000       2.4133
1407.000       2.5184
1408.000       2.6082
1409.000       2.5600
1411.000       2.5213
1412.000       2.6076
1415.000       2.4367
1416.000       2.3749
1417.000       2.1099
1419.000       2.1549
1421.000       2.2165
1423.000       2.0905
1424.000       2.3876
1425.000       3.2870
1426.000       2.5765
1427.000       2.2432
1428.000       2.6946
1431.000       2.4728
1433.000       2.5137
1434.000       2.5661
1436.000       2.6418
1437.000       2.6629
1439.000       2.8310
1441.000       2.9710
1442.000       3.1709
1443.000       2.9285
1445.000       2.7845
1446.000       2.8433
1447.000       2.4846
1449.000       2.5462
1451.000       2.6516
1453.000       2.3579
1454.000       2.2831
1455.000       2.2565
1456.000       2.2047
1457.000       2.4904
1458.000       2.6699
1461.000       2.7671
1463.000       2.7752
1464.000       2.7516
1466.000       2.7288
1467.000       2.6524
1469.000       2.7020
1471.000       2.8831
1472.000       3.0432
1475.000       3.0111
1476.000       2.9141
1477.000       3.0899
1478.000       2.7030
1480.000       2.6728
1482.000       2.8237
1484.000       2.9171
1485.000       2.9526
1486.000       3.1981
1487.000       2.9595
1488.000       2.8055
1489.000       2.9166
1492.000       2.8195
1494.000       2.7090
1495.000       2.5656
1497.000       2.3911
1498.000       2.4135
1500.000       2.2920
1502.000       2.1294
1503.000       2.0393
1506.000       2.1241
1507.000       2.2556
1508.000       2.2988
1509.000       2.7217
1511.000       2.6196
1513.000       2.7712
1515.000       2.8711
1516.000       2.8640
1517.000       3.0808
1518.000       2.8175
1519.000       2.7266
1520.000       2.8256
1523.000       2.7114
1525.000       2.5818
1526.000       2.4229
1528.000       2.2562
1529.000       2.2557
1531.000       2.1261
1532.000       2.0219
1533.000       1.9015
1534.000       1.8562
1537.000       1.8815
1538.000       1.9798
1540.000       2.0986
1541.000       2.1080
1542.000       2.6147
1544.000       2.4831
1546.000       2.6141
1548.000       2.7774
1549.000       2.7639
1550.000       3.0158
1551.000       2.7349
1552.000       2.5737
1553.000       2.6362
1556.000       2.4637
1558.000       2.3282
1559.000       2.1626
1561.000       2.0276
1562.000       2.0871
1564.000       2.0192
1566.000       1.8835
1567.000       1.8594
1570.000       1.8325
1571.000       1.9003
1572.000       1.9041
1573.000       2.3636
1575.000       2.2188
1577.000       2.3203
1579.000       2.4926
1580.000       2.4980
1581.000       2.7092
1582.000       2.5345
1583.000       2.3074
1584.000       2.3283
1587.000       2.2000
1589.000       2.1042
1590.000       2.0065
1592.000       1.9364
1593.000       1.9799
1595.000       1.9335
1596.000       1.8556
1597.000       1.8272
1598.000       1.8512
1601.000       1.8265
1602.000       1.8372
1604.000       1.8520
1605.000       1.8624
1606.000       2.1443
1608.000       2.0475
1610.000       2.1203
1612.000       2.2510
1613.000       2.2580
1614.000       2.4339
1615.000       2.2758
1616.000       2.1429
1617.000       2.1560
1620.000       2.0981
1622.000       2.0428
1623.000       2.0048
1625.000       1.9405
1626.000       1.9294
1628.000       1.9193
1629.000       1.9254
1630.000       1.9675
1631.000       2.0017
1632.000       2.0232
1634.000       2.0376
1635.000       2.1191
1638.000       1.9994
1639.000       1.9417
1640.000       2.0488
1642.000       2.0432
1644.000       2.1602
1646.000       2.1334
1647.000       2.1045
1648.000       2.2827
1649.000       2.0518
1650.000       2.0286
1651.000       2.1118
1654.000       2.0844
1656.000       2.0441
1657.000       2.0029
1659.000       1.8747
1660.000       1.8094
1662.000       1.7168
1663.000       1.7211
1664.000       1.6864
1665.000       1.6233
1668.000       1.7673
1669.000       1.8776
1671.000       1.9142
1672.000       1.8282
1673.000       2.0213
1675.000       2.0410
1677.000       2.2036
1679.000       2.1124
1680.000       2.0720
1681.000       2.2447
1682.000       1.9754
1683.000       2.0646
1684.000       2.2239
1687.000       2.2777
1689.000       2.1965
1690.000       2.1681
1692.000       1.9466
1693.000       1.8061
1695.000       1.6736
1696.000       1.7117
1697.000       1.6737
1698.000       1.5778
1701.000       1.8081
1702.000       1.9876
1704.000       2.0486
1705.000       1.8920
1706.000       2.2446
1708.000       2.2917
1710.000       2.5572
1712.000       2.4263
1713.000       2.4684
1714.000       2.7222
1715.000       2.3074
1716.000       2.5176
1717.000       2.7599
1720.000       2.7929
1722.000       2.6033
1723.000       2.5569
1725.000       2.2894
1726.000       2.1554
1728.000       1.9627
1730.000       1.8858
1731.000       1.7737
1732.000       2.0281
1734.000       2.2303
1735.000       2.3963
1736.000       2.8035
1738.000       2.7696
1740.000       3.0305
1742.000       3.0773
1743.000       3.1678
1744.000       3.5033
1745.000       3.0330
1746.000       3.0909
1747.000       3.2694
1750.000       3.1599
1752.000       2.8893
1753.000       2.7772
1755.000       2.5413
1756.000       2.5168
1758.000       2.3399
1760.000       2.1894
1761.000       2.0916
1762.000       2.2327
1764.000       2.3987
1765.000       2.4622
1766.000       3.1896
1768.000       3.0170
1770.000       3.1772
1772.000       3.4843
1773.000       3.6299
1774.000       3.9642
1775.000       3.5328
1776.000       3.5403
1777.000       3.6945
1780.000       3.5789
1782.000       3.2966
1783.000       3.2013
1785.000       2.9845
1786.000       2.9671
1788.000       2.7845
1790.000       2.6284
1791.000       2.4855
1794.000       2.6668
1795.000       2.8387
1796.000       2.8994
1797.000       3.6345
1799.000       3.4639
1801.000       3.6122
1803.000       3.9384
1804.000       4.0912
1805.000       4.4282
1806.000       4.0092
1807.000       3.9935
1808.000       4.1121
1811.000       4.0032
1813.000       3.7167
1814.000       3.6310
1816.000       3.4366
1817.000       3.4055
1819.000       3.2268
1820.000       3.1454
1821.000       2.9990
1822.000       2.8874
1823.000       3.0438
1825.000       3.1957
1826.000       3.2729
1829.000       3.3157
1830.000       3.2863
1831.000       4.0759
1833.000       3.9039
1835.000       4.0543
1837.000       4.3835
1838.000       4.5769
1839.000       4.9127
1840.000       4.5407
1841.000       4.4610
1842.000       4.5714
1845.000       4.4418
1847.000       4.1388
1848.000       4.0456
1850.000       3.8615
1851.000       3.8736
1853.000       3.7447
1855.000       3.5875
1856.000       3.4875
1859.000       3.5791
1860.000       3.7193
1861.000       3.7582
1862.000       4.5220
1864.000       4.3201
1866.000       4.4508
1868.000       4.8294
1869.000       5.0612
1870.000       5.3407
1871.000       5.1042
1872.000       4.9841
1873.000       5.0433
1876.000       5.0057
1878.000       4.7664
1879.000       4.8327
1881.000       4.7909
1882.000       4.7641
1884.000       4.8047
1885.000       4.8539
1886.000       4.9755
1887.000       5.0689
1890.000       5.0738
1891.000       5.0551
1893.000       4.9569
1894.000       4.8496
1895.000       5.1751
1897.000       5.0983
1899.000       5.2137
1901.000       5.4345
1902.000       5.6733
1903.000       5.9685
1904.000       5.7012
1905.000       5.6344
1906.000       5.7313
1909.000       5.7313
1911.000       5.4915
1912.000       5.5506
1914.000       5.4366
1915.000       5.3603
1917.000       5.3497
1919.000       5.4268
1920.000       5.5116
1923.000       5.5123
1924.000       5.5107
1925.000       5.6583
1926.000       5.9252
1928.000       5.8207
1930.000       6.0060
1932.000       6.2124
1933.000       6.5734
1934.000       6.8982
1935.000       6.7571
1936.000       6.5648
1937.000       6.6484
1940.000       6.7762
1942.000       6.5556
1943.000       6.8306
1945.000       6.7044
1946.000       6.4958
1948.000       6.5020
1950.000       6.7179
1951.000       6.8321
1954.000       6.9551
1955.000       6.9552
1956.000       7.3054
1957.000       7.1209
1959.000       7.2501
1961.000       7.6003
1963.000       7.4971
1964.000       7.8203
1965.000       8.1767
1966.000       7.9588
1967.000       7.8410
1968.000       7.9552
1971.000       8.1069
1973.000       8.5376
1974.000       8.5731
1976.000       8.9024
1977.000       9.2535
1979.000       9.7126
1980.000       9.6496
1981.000      10.1544
1982.000      10.7735
1985.000      10.2357
1986.000       9.8246
1988.000       9.2917
1989.000       9.2007
1990.000       7.8528
1992.000       8.0506
1994.000       8.1750
1996.000       8.0360
