   2.000       7.0981
   3.000       7.0724
   6.000       6.5095
   8.000       6.4587
   9.000       6.0702
  11.000       6.1395
  12.000       6.4047
  14.000       6.7245
  15.000       6.6756
  16.000       7.2051
  17.000       7.7556
  18.000       7.3299
  20.000       7.0095
  21.000       7.4589
  24.000       6.5072
  25.000       6.3346
  26.000       5.9787
  28.000       5.7948
  30.000       5.9174
  32.000       6.0789
  33.000       5.8260
  34.000       6.3052
  35.000       5.8941
  36.000       5.2537
  37.000       5.3473
  40.000       5.0690
  42.000       5.0101
  43.000       4.8804
  45.000       4.9021
  46.000       4.9890
  48.000       5.3401
  50.000       5.6264
  51.000       6.1580
  52.000       5.5152
  54.000       5.1863
  55.000       5.4029
  56.000       4.7431
  58.000       4.7522
  60.000       5.0994
  62.000       4.9292
  63.000       4.7949
  64.000       5.1884
  65.000       4.7468
  66.000       4.4876
  67.000       4.6704
  70.000       4.5308
  72.000       4.4615
  73.000       4.3234
  75.000       4.1226
  76.000       4.0698
  78.000       4.0521
  80.000       4.1003
  81.000       4.2424
  84.000       4.1669
  85.000       4.1708
  86.000       4.3605
  87.000       4.2656
  89.000       4.2802
  91.000       4.6164
  93.000       4.4001
  94.000       4.1947
  95.000       4.4220
  96.000       4.0298
  97.000       4.0361
  98.000       4.1994
 101.000       4.1110
 103.000       4.0975
 104.000       3.9230
 106.000       3.6963
 107.000       3.6128
 109.000       3.4577
 111.000       3.3682
 112.000       3.2882
 113.000       3.4653
 115.000       3.6352
 116.000       3.7858
 117.000       3.8310
 119.000       3.8229
 121.000       4.0463
 123.000       3.8863
 124.000       3.6975
 125.000       3.8030
 126.000       3.4625
 127.000       3.7725
 128.000       3.9849
 131.000       4.0860
 133.000       4.1113
 134.000       4.1101
 136.000       3.9243
 137.000       3.6375
 139.000       3.5405
 140.000       3.7972
 141.000       3.9053
 142.000       3.7365
 145.000       4.2394
 146.000       4.4517
 148.000       4.3748
 149.000       4.0415
 150.000       3.9817
 152.000       4.1142
 154.000       4.3681
 156.000       4.0732
 157.000       3.9255
 158.000       4.1363
 159.000       3.7812
 160.000       3.7849
 161.000       3.9298
 164.000       3.8623
 166.000       3.7911
 167.000       3.6216
 169.000       3.3688
 170.000       3.3243
 172.000       3.1360
 174.000       2.9773
 175.000       2.8325
 178.000       3.0099
 179.000       3.2141
 180.000       3.2936
 181.000       3.6587
 183.000       3.6222
 185.000       3.8712
 187.000       3.7841
 188.000       3.6457
 189.000       3.8904
 190.000       3.4585
 191.000       3.5160
 192.000       3.7052
 195.000       3.5925
 197.000       3.4285
 198.000       3.2081
 200.000       2.9063
 201.000       2.9047
 203.000       2.6986
 205.000       2.4958
 206.000       2.3700
 209.000       2.4817
 210.000       2.6800
 211.000       2.7021
 212.000       3.4230
 214.000       3.2813
 216.000       3.5297
 218.000       3.6632
 219.000       3.6257
 220.000       3.9882
 221.000       3.5255
 222.000       3.3581
 223.000       3.4284
 226.000       3.1607
 228.000       2.9111
 229.000       2.6447
 231.000       2.4369
 232.000       2.6035
 234.000       2.4779
 236.000       2.2075
 237.000       2.1806
 238.000       2.0683
 240.000       2.1460
 241.000       2.0469
 242.000       3.0646
 244.000       2.7529
 246.000       2.7916
 248.000       3.2878
 249.000       3.2704
 250.000       3.2848
 251.000       3.4754
 252.000       3.1776
 253.000       3.4895
 256.000       3.4095
 258.000       3.4679
 259.000       3.3984
 261.000       3.2641
 262.000       3.2482
 264.000       3.2013
 265.000       3.1934
 266.000       3.2349
 267.000       3.2762
 270.000       3.3190
 271.000       3.3476
 273.000       3.3146
 274.000       3.2349
 275.000       3.2514
 277.000       3.3226
 279.000       3.5232
 281.000       3.2987
 282.000       3.2253
 283.000       3.5377
 284.000       3.1403
 285.000       3.0466
 286.000       3.1484
 289.000       3.0400
 291.000       3.0900
 292.000       2.9687
 294.000       2.9144
 295.000       2.8972
 297.000       2.9142
 299.000       2.9328
 300.000       3.0046
 301.000       2.9556
 303.000       2.9554
 304.000       3.0611
 305.000       2.8189
 307.000       2.8289
 309.000       3.0014
 311.000       2.8581
 312.000       2.8258
 313.000       3.0218
 314.000       3.0197
 315.000       2.6755
 316.000       2.5542
 319.000       2.3843
 321.000       2.3119
 322.000       2.1875
 324.000       2.0888
 325.000       2.1586
 327.000       2.1162
 329.000       1.9834
 330.000       1.9714
 333.000       1.9385
 334.000       1.9948
 335.000       2.0254
 336.000       2.3356
 338.000       2.2570
 340.000       2.3781
 342.000       2.4665
 343.000       2.5398
 344.000       2.7669
 345.000       2.5802
 346.000       2.4093
 347.000       2.4807
 350.000       2.4168
 352.000       2.2948
 353.000       2.2169
 355.000       2.0630
 356.000       2.0576
 358.000       1.9466
 359.000       1.8614
 360.000       1.7638
 361.000       1.7232
 362.000       1.7825
 364.000       1.8968
 365.000       1.9776
 368.000       1.9861
 369.000       1.9525
 370.000       2.4117
 372.000       2.3355
 374.000       2.4862
 376.000       2.5930
 377.000       2.6385
 378.000       2.8915
 379.000       2.5988
 380.000       2.5174
 381.000       2.6477
 384.000       2.5258
 386.000       2.3654
 387.000       2.2323
 389.000       2.0651
 390.000       2.0687
 392.000       1.9549
 393.000       1.8466
 394.000       1.7376
 395.000       1.7229
 396.000       1.7170
 398.000       1.8079
 399.000       1.8443
 402.000       1.9204
 403.000       1.9238
 404.000       2.4639
 406.000       2.3373
 408.000       2.4822
 410.000       2.6465
 411.000       2.6652
 412.000       2.9217
 413.000       2.6375
 414.000       2.4975
 415.000       2.5681
 418.000       2.4048
 420.000       2.2485
 421.000       2.0971
 423.000       1.9835
 424.000       2.0347
 426.000       1.9601
 427.000       1.8440
 428.000       1.7808
 429.000       1.8189
 430.000       1.7380
 432.000       1.7525
 433.000       1.7646
 436.000       1.8191
 437.000       1.8573
 438.000       2.3277
 440.000       2.1682
 442.000       2.2658
 444.000       2.4790
 445.000       2.5144
 446.000       2.7255
 447.000       2.5800
 448.000       2.3251
 449.000       2.3011
 452.000       2.1450
 454.000       2.0339
 455.000       1.9483
 457.000       1.9415
 458.000       2.0260
 460.000       2.0673
 462.000       2.0258
 463.000       2.1164
 466.000       1.9616
 467.000       1.9128
 468.000       1.9083
 469.000       2.1406
 471.000       2.0253
 473.000       2.0581
 475.000       2.2573
 476.000       2.3692
 477.000       2.5066
 478.000       2.5585
 479.000       2.2853
 480.000       2.1965
 483.000       2.2477
 485.000       2.2153
 486.000       2.4172
 488.000       2.5172
 489.000       2.4951
 491.000       2.7126
 493.000       2.9482
 494.000       3.2114
 495.000       2.9538
 497.000       2.7682
 498.000       2.9193
 499.000       2.4172
 501.000       2.5749
 503.000       2.7275
 505.000       2.5079
 506.000       2.6436
 507.000       2.8275
 508.000       2.6481
 509.000       2.6321
 510.000       2.6999
 513.000       2.7162
 515.000       2.6081
 516.000       2.6145
 518.000       2.5227
 519.000       2.5048
 521.000       2.4838
 522.000       2.4819
 523.000       2.5195
 524.000       2.5617
 527.000       2.5760
 528.000       2.5966
 530.000       2.5698
 531.000       2.5085
 532.000       2.8025
 534.000       2.7224
 536.000       2.8368
 538.000       2.9215
 539.000       3.0648
 540.000       3.1876
 541.000       3.1614
 542.000       3.0820
 543.000       3.2094
 546.000       3.2620
 548.000       3.2094
 549.000       3.1708
 551.000       3.0023
 552.000       2.8943
 554.000       2.7888
 555.000       2.8334
 556.000       2.8206
 557.000       2.7462
 560.000       2.9325
 561.000       3.0489
 563.000       3.0791
 564.000       2.9644
 565.000       3.2358
 567.000       3.2537
 569.000       3.4505
 571.000       3.3894
 572.000       3.3903
 573.000       3.5811
 574.000       3.3337
 575.000       3.3047
 576.000       3.3827
 579.000       3.3116
 581.000       3.2369
 582.000       3.1411
 584.000       3.0296
 585.000       3.0198
 587.000       2.9312
 588.000       2.8760
 589.000       2.8037
 590.000       2.7674
 591.000       2.8118
 593.000       2.8795
 594.000       2.9192
 597.000       2.9472
 598.000       2.9398
 599.000       3.2412
 601.000       3.1803
 603.000       3.2787
 605.000       3.3398
 606.000       3.3450
 607.000       3.4986
 608.000       3.3295
 609.000       3.2457
 610.000       3.2915
 613.000       3.2126
 615.000       3.1131
 616.000       3.0362
 618.000       2.9564
 619.000       2.9692
 621.000       2.9047
 622.000       2.8419
 623.000       2.7751
 624.000       2.7599
 625.000       2.7550
 627.000       2.7959
 628.000       2.8002
 631.000       2.8589
 632.000       2.8754
 633.000       3.1878
 635.000       3.1050
 637.000       3.1817
 639.000       3.3032
 640.000       3.3443
 641.000       3.5113
 642.000       3.3421
 643.000       3.2511
 644.000       3.2877
 647.000       3.2054
 649.000       3.1117
 650.000       3.0455
 652.000       2.9773
 653.000       2.9992
 655.000       2.9522
 656.000       2.8929
 657.000       2.8482
 658.000       2.8474
 661.000       2.8290
 662.000       2.8511
 664.000       2.8938
 665.000       2.9094
 666.000       3.1820
 668.000       3.1055
 670.000       3.1722
 672.000       3.2881
 673.000       3.3862
 674.000       3.4990
 675.000       3.5032
 676.000       3.4008
 677.000       3.4304
 680.000       3.3343
 682.000       3.2827
 683.000       3.1806
 685.000       3.0948
 686.000       3.1102
 688.000       3.0508
 689.000       2.9878
 690.000       2.9408
 691.000       2.9454
 692.000       2.9275
 694.000       2.9585
 695.000       2.9768
 698.000       3.0061
 699.000       3.0160
 700.000       3.2397
 702.000       3.1796
 704.000       3.2684
 706.000       3.3063
 707.000       3.2743
 708.000       3.4023
 709.000       3.2665
 710.000       3.1753
 711.000       3.2060
 714.000       3.1224
 716.000       3.0803
 717.000       2.9956
 719.000       2.9308
 720.000       2.9534
 722.000       2.9126
 724.000       2.8511
 725.000       2.8386
 728.000       2.8378
 729.000       2.8751
 730.000       2.8846
 731.000       3.0432
 733.000       2.9872
 735.000       3.0524
 737.000       3.0988
 738.000       3.0681
 739.000       3.1802
 740.000       3.0696
 741.000       2.9802
 742.000       3.0054
 745.000       2.9393
 747.000       2.9385
 748.000       2.8740
 750.000       2.8293
 751.000       2.8434
 753.000       2.8234
 755.000       2.7860
 756.000       2.7915
 759.000       2.7794
 760.000       2.7977
 761.000       2.8133
 762.000       2.8592
 764.000       2.8500
 766.000       2.9129
 768.000       2.8754
 769.000       2.8023
 770.000       2.9166
 771.000       2.8157
 772.000       2.6717
 773.000       2.6956
 776.000       2.6130
 778.000       2.6143
 779.000       2.5445
 781.000       2.5101
 782.000       2.5281
 784.000       2.5188
 785.000       2.4984
 786.000       2.5244
 787.000       2.5687
 788.000       2.5427
 790.000       2.5360
 791.000       2.5863
 794.000       2.5173
 795.000       2.4967
 796.000       2.5152
 798.000       2.5045
 800.000       2.5877
 802.000       2.5412
 803.000       2.4942
 804.000       2.6167
 805.000       2.5064
 806.000       2.4097
 807.000       2.4572
 810.000       2.4215
 812.000       2.4080
 813.000       2.3923
 815.000       2.3482
 816.000       2.3120
 818.000       2.3047
 820.000       2.3417
 821.000       2.3864
 822.000       2.3887
 824.000       2.3942
 825.000       2.4858
 826.000       2.3759
 828.000       2.3982
 830.000       2.5147
 832.000       2.4484
 833.000       2.4354
 834.000       2.5968
 835.000       2.3831
 836.000       2.4113
 837.000       2.5217
 840.000       2.5287
 842.000       2.4949
 843.000       2.4925
 845.000       2.3845
 846.000       2.2892
 848.000       2.2419
 849.000       2.3184
 850.000       2.3701
 851.000       2.3450
 854.000       2.5025
 855.000       2.5775
 857.000       2.5440
 858.000       2.4083
 859.000       2.4928
 861.000       2.5344
 863.000       2.7038
 865.000       2.6011
 866.000       2.6089
 867.000       2.8100
 868.000       2.5372
 869.000       2.5871
 870.000       2.7241
 873.000       2.7093
 875.000       2.6198
 876.000       2.5738
 878.000       2.4136
 879.000       2.3354
 881.000       2.2255
 883.000       2.1929
 884.000       2.1453
 885.000       2.2948
 887.000       2.4031
 888.000       2.5320
 889.000       2.6665
 891.000       2.6359
 893.000       2.8054
 895.000       2.8158
 896.000       2.8387
 897.000       3.0259
 898.000       2.7309
 899.000       2.8634
 900.000       3.0392
 903.000       3.1039
 905.000       3.0263
 906.000       3.0357
 908.000       2.8495
 909.000       2.6808
 911.000       2.5691
 912.000       2.6709
 913.000       2.6619
 914.000       2.5592
 915.000       2.8381
 917.000       3.0018
 918.000       3.1854
 921.000       3.0208
 922.000       2.8473
 923.000       3.0916
 925.000       3.1375
 927.000       3.3772
 929.000       3.2633
 930.000       3.2979
 931.000       3.5312
 932.000       3.1549
 933.000       3.3255
 934.000       3.5280
 937.000       3.5478
 939.000       3.3989
 940.000       3.3614
 942.000       3.1278
 943.000       2.9951
 945.000       2.8220
 947.000       2.7839
 948.000       2.6661
 951.000       2.9111
 952.000       3.0864
 953.000       3.2480
 954.000       3.5312
 956.000       3.5157
 958.000       3.7626
 960.000       3.7539
 961.000       3.7970
 962.000       4.0829
 963.000       3.6536
 964.000       3.7628
 965.000       4.0206
 968.000       3.9756
 970.000       3.7852
 971.000       3.6985
 973.000       3.4518
 974.000       3.3239
 976.000       3.1506
 977.000       3.1644
 978.000       3.0776
 979.000       2.9659
 980.000       3.1919
 982.000       3.3651
 983.000       3.5011
 986.000       3.4546
 987.000       3.3485
 988.000       3.9494
 990.000       3.8791
 992.000       4.1047
 994.000       4.1916
 995.000       4.2582
 996.000       4.5592
 997.000       4.1381
 998.000       4.1939
 999.000       4.3670
1002.000       4.3104
1004.000       4.0735
1005.000       4.0031
1007.000       3.7764
1008.000       3.6774
1010.000       3.5076
1011.000       3.5000
1012.000       3.4170
1013.000       3.3029
1016.000       3.5159
1017.000       3.6734
1019.000       3.7608
1020.000       3.6672
1021.000       4.3505
1023.000       4.2453
1025.000       4.4501
1027.000       4.6413
1028.000       4.7847
1029.000       5.1164
1030.000       4.6995
1031.000       4.7050
1032.000       4.8590
1035.000       4.7889
1037.000       4.4950
1038.000       4.4405
1040.000       4.1961
1041.000       4.1568
1043.000       4.0006
1045.000       3.8750
1046.000       3.7902
1047.000       3.9230
1049.000       4.0795
1050.000       4.1660
1051.000       4.8755
1053.000       4.7347
1055.000       4.9602
1057.000       5.2178
1058.000       5.4299
1059.000       5.7795
1060.000       5.3502
1061.000       5.3894
1062.000       5.5916
1065.000       5.5504
1067.000       5.2427
1068.000       5.1735
1070.000       4.8850
1071.000       4.8341
1073.000       4.6264
1074.000       4.5289
1075.000       4.3630
1076.000       4.2587
1077.000       4.3791
1079.000       4.5255
1080.000       4.5463
1083.000       4.6833
1084.000       4.6785
1085.000       5.6245
1087.000       5.4795
1089.000       5.7183
1091.000       5.9867
1092.000       6.1762
1093.000       6.5423
1094.000       6.0553
1095.000       6.1278
1096.000       6.2309
1099.000       6.2769
1101.000       6.5560
1102.000       6.4805
1104.000       6.4328
1105.000       6.4476
1107.000       6.4678
1108.000       6.4838
1109.000       6.5779
1110.000       6.6611
1113.000       6.6532
1114.000       6.6254
1116.000       6.5348
1117.000       6.4670
1118.000       5.9746
1120.000       6.1769
1122.000       6.3327
1124.000       5.8260
1125.000       5.3806
1126.000       5.4606
1127.000       5.3258
1128.000       5.1266
1129.000       5.1828
1132.000       5.2492
1134.000       5.5077
1135.000       5.5106
1137.000       5.5224
1138.000       5.4391
1140.000       5.5482
1141.000       5.7068
1142.000       5.9245
1143.000       6.0274
1146.000       6.0927
1147.000       6.0512
1149.000       5.8633
1150.000       5.6906
1151.000       5.0137
1153.000       5.2478
1155.000       5.3936
1157.000       4.8409
1158.000       4.5401
1159.000       4.4859
1160.000       4.3597
1161.000       4.6363
1162.000       4.7834
1165.000       4.9371
1167.000       5.1594
1168.000       5.1832
1170.000       5.0825
1171.000       4.8720
1173.000       4.8720
1174.000       5.0961
1175.000       5.2564
1176.000       5.2144
1179.000       5.5152
1180.000       5.6148
1182.000       5.4923
1183.000       5.2264
1184.000       4.7355
1186.000       4.9981
1188.000       5.2317
1190.000       4.6536
1191.000       4.3668
1192.000       4.4698
1193.000       4.2339
1194.000       4.2830
1195.000       4.4417
1198.000       4.4585
1200.000       4.5195
1201.000       4.4137
1203.000       4.2167
1204.000       4.0928
1206.000       3.9676
1207.000       4.0125
1208.000       3.9756
1209.000       3.8895
1210.000       4.1088
1212.000       4.2527
1213.000       4.4085
1216.000       4.2917
1217.000       4.1656
1218.000       4.2265
1220.000       4.3114
1222.000       4.5537
1224.000       4.2578
1225.000       4.0460
1226.000       4.2207
1227.000       3.8532
1228.000       3.9751
1229.000       4.1731
1232.000       4.1275
1234.000       4.1027
1235.000       3.9610
1237.000       3.7439
1238.000       3.6482
1240.000       3.4876
1242.000       3.4135
1243.000       3.3142
1244.000       3.5259
1246.000       3.6869
1247.000       3.8210
1248.000       3.9183
1250.000       3.9134
1252.000       4.1384
1254.000       4.0087
1255.000       3.8473
1256.000       4.0533
1257.000       3.6996
1258.000       3.7333
1259.000       3.9048
1262.000       3.8368
1264.000       3.7734
1265.000       3.6465
1267.000       3.4300
1268.000       3.3568
1270.000       3.1993
1272.000       3.1169
1273.000       3.0046
1276.000       3.2122
1277.000       3.3667
1278.000       3.5030
1279.000       3.6794
1281.000       3.6612
1283.000       3.8798
1285.000       3.8009
1286.000       3.7304
1287.000       3.9687
1288.000       3.6576
1289.000       3.6280
1290.000       3.8069
1293.000       3.7525
1295.000       3.6245
1296.000       3.5279
1298.000       3.2929
1299.000       3.1867
1301.000       2.9964
1302.000       2.9795
1303.000       2.8530
1304.000       2.7074
1305.000       2.9682
1307.000       3.1697
1308.000       3.3081
1311.000       3.2751
1312.000       3.1731
1313.000       3.6806
1315.000       3.6350
1317.000       3.8644
1319.000       3.8776
1320.000       3.9190
1321.000       4.1981
1322.000       3.8227
1323.000       3.8438
1324.000       3.9819
1327.000       3.9145
1329.000       3.7073
1330.000       3.6004
1332.000       3.3210
1333.000       3.2488
1335.000       3.0353
1337.000       2.8794
1338.000       2.7050
1341.000       2.9587
1342.000       3.1823
1343.000       3.3011
1344.000       3.9302
1346.000       3.7842
1348.000       4.0200
1350.000       4.2561
1351.000       4.4077
1352.000       4.2789
1353.000       4.8141
1354.000       4.4716
1355.000       4.5562
1358.000       4.7202
1360.000       5.2146
1361.000       5.5246
1363.000       6.0011
1364.000       6.3018
1366.000       6.8729
1367.000       6.9620
1368.000       7.5910
1369.000       8.2061
1372.000       7.7437
1373.000       7.2959
1375.000       6.6454
1376.000       6.4785
1377.000       4.6671
1379.000       5.1831
1381.000       5.6601
1383.000       4.6135
1384.000       4.4738
1385.000       4.9933
1386.000       4.4217
1387.000       4.2577
1388.000       4.1652
1391.000       3.9970
1393.000       4.2263
1394.000       4.0717
1396.000       4.2913
1397.000       4.6103
1399.000       4.9677
1401.000       4.9869
1402.000       5.4225
1405.000       4.7137
1406.000       4.3739
1407.000       4.2991
1408.000       3.7526
1410.000       3.7961
1412.000       3.7190
1414.000       3.5493
1415.000       3.3701
1416.000       3.6892
1417.000       3.1120
1418.000       3.2972
1419.000       3.5796
1422.000       3.6002
1424.000       3.4133
1425.000       3.3345
1427.000       3.0534
1428.000       2.9126
1430.000       2.7022
1431.000       2.6977
1432.000       2.5600
1433.000       2.4012
1434.000       2.6837
1436.000       2.9090
1437.000       3.0463
1440.000       3.0406
1441.000       2.9239
1442.000       3.5768
1444.000       3.5276
1446.000       3.8116
1448.000       3.8713
1449.000       3.8979
1450.000       4.2413
1451.000       3.8040
1452.000       3.7029
1453.000       3.8334
1456.000       3.6674
1458.000       3.4356
1459.000       3.2752
1461.000       3.0653
1462.000       3.0707
1464.000       2.9132
1466.000       2.7239
1467.000       2.6118
1468.000       2.7316
1470.000       2.9016
1471.000       2.9394
1472.000       3.5945
1474.000       3.4106
1476.000       3.5564
1478.000       3.8158
1479.000       3.8658
1480.000       4.1335
1481.000       3.8357
1482.000       3.6883
1483.000       3.6846
1486.000       3.5207
1488.000       3.3581
1489.000       3.2118
1491.000       3.0758
1492.000       3.1113
1494.000       2.9823
1495.000       2.8415
1496.000       2.6854
1497.000       2.6272
1500.000       2.6240
1501.000       2.7093
1503.000       2.8502
1504.000       2.9071
1505.000       3.4567
1507.000       3.3000
1509.000       3.3766
1511.000       3.5963
1512.000       3.6097
1513.000       3.8171
1514.000       3.6277
1515.000       3.4212
1516.000       3.4362
1519.000       3.2714
1521.000       3.1356
1522.000       3.0042
1524.000       2.9182
1525.000       3.0138
1527.000       2.9677
1529.000       2.8168
1530.000       2.8007
1533.000       2.7285
1534.000       2.7797
1535.000       2.7398
1536.000       3.2193
1538.000       3.0742
1540.000       3.1363
1542.000       3.3379
1543.000       3.3980
1544.000       3.5791
1545.000       3.5130
1546.000       3.2209
1547.000       3.1580
1550.000       3.0774
1552.000       3.0086
1553.000       2.9543
1555.000       2.9083
1556.000       2.9492
1558.000       2.9088
1559.000       2.8397
1560.000       2.8000
1561.000       2.8101
1562.000       2.7831
1564.000       2.7970
1565.000       2.8076
1568.000       2.8279
1569.000       2.8471
1570.000       3.0544
1572.000       2.9961
1574.000       3.0469
1576.000       3.1341
1577.000       3.1520
1578.000       3.2870
1579.000       3.1702
1580.000       3.0525
1581.000       3.0678
1584.000       2.9900
1586.000       2.9396
1587.000       2.8891
1589.000       2.8505
1590.000       2.8743
1592.000       2.8477
1593.000       2.8054
1594.000       2.7919
1595.000       2.8078
1596.000       2.7898
1598.000       2.7987
1599.000       2.8232
1602.000       2.8113
1603.000       2.8131
1604.000       2.9591
1606.000       2.9105
1608.000       2.9539
1610.000       3.0140
1611.000       3.0220
1612.000       3.1159
1613.000       3.0537
1614.000       2.9528
1615.000       2.9627
1618.000       2.9167
1620.000       2.8846
1621.000       2.8547
1623.000       2.8267
1624.000       2.8503
1626.000       2.8543
1628.000       2.8321
1629.000       2.8638
1630.000       2.8161
1632.000       2.8156
1633.000       2.8388
1634.000       2.8931
1636.000       2.8761
1638.000       2.9422
1640.000       2.9424
1641.000       2.9571
1642.000       3.0551
1643.000       2.9897
1644.000       2.8926
1645.000       2.9096
1648.000       2.8654
1650.000       2.8500
1651.000       2.8201
1653.000       2.7841
1654.000       2.7824
1656.000       2.7685
1658.000       2.7554
1659.000       2.7680
1660.000       2.7665
1662.000       2.7823
1663.000       2.8208
1664.000       2.8247
1666.000       2.8153
1668.000       2.8743
1670.000       2.8589
1671.000       2.8515
1672.000       2.9436
1673.000       2.8673
1674.000       2.8015
1675.000       2.7859
1678.000       2.7613
1680.000       2.7537
1681.000       2.7321
1683.000       2.6893
1684.000       2.6750
1686.000       2.6627
1688.000       2.6616
1689.000       2.6711
1692.000       2.6821
1693.000       2.6959
1694.000       2.7441
1695.000       2.7259
1697.000       2.7302
1699.000       2.8045
1701.000       2.7639
1702.000       2.7571
1703.000       2.8628
1704.000       2.7598
1705.000       2.7076
1706.000       2.7603
1709.000       2.7317
1711.000       2.7198
1712.000       2.6908
1714.000       2.6415
1715.000       2.6197
1717.000       2.6013
1719.000       2.6081
1720.000       2.6291
1721.000       2.6380
1723.000       2.6521
1724.000       2.7059
1725.000       2.6831
1727.000       2.6946
1729.000       2.7805
1731.000       2.7157
1732.000       2.6848
1733.000       2.8210
1734.000       2.7287
1735.000       2.5738
1736.000       2.6392
1739.000       2.5216
1741.000       2.4764
1742.000       2.4514
1744.000       2.4588
1745.000       2.4892
1747.000       2.5604
1748.000       2.5813
1749.000       2.7179
1750.000       2.8502
1753.000       2.7976
1754.000       2.7391
1756.000       2.6068
1757.000       2.5253
1758.000       2.5376
1760.000       2.4945
1762.000       2.5533
1764.000       2.6562
1765.000       2.8061
1766.000       3.0737
1767.000       2.8599
1768.000       2.8182
1769.000       2.9331
1772.000       2.9741
1774.000       3.1862
1775.000       3.2032
1777.000       3.4676
1778.000       3.5660
1780.000       3.8655
1782.000       4.1082
1783.000       4.4417
1784.000       4.0272
1786.000       3.7159
1787.000       3.7484
1788.000       2.8068
1790.000       2.9763
1792.000       3.0328
1794.000       2.8011
1795.000       2.6900
1796.000       2.7368
1797.000       2.7509
1798.000       2.5887
1799.000       2.6327
1802.000       2.5497
1804.000       2.5593
1805.000       2.4111
1807.000       2.3060
1808.000       2.3694
1810.000       2.3132
1811.000       2.1877
1812.000       2.1140
1813.000       2.1530
1814.000       2.0357
1816.000       2.0407
1817.000       2.0052
1820.000       2.1236
1821.000       2.1856
1822.000       2.4206
1824.000       2.3762
1826.000       2.5166
1828.000       2.5329
1829.000       2.4455
1830.000       2.6790
1831.000       2.3903
1832.000       2.2778
1833.000       2.3415
1836.000       2.2096
1838.000       2.1310
1839.000       1.9849
1841.000       1.8872
1842.000       1.9359
1844.000       1.9009
1846.000       1.8113
1847.000       1.8276
1850.000       1.7684
1851.000       1.8014
1852.000       1.8090
1853.000       2.1187
1855.000       2.0125
1857.000       2.1095
1859.000       2.2439
1860.000       2.2502
1861.000       2.4699
1862.000       2.2514
1863.000       2.0929
1864.000       2.1381
1867.000       2.0314
1869.000       1.9229
1870.000       1.8440
1872.000       1.7429
1873.000       1.7536
1875.000       1.7113
1877.000       1.6514
1878.000       1.6658
1881.000       1.6514
1882.000       1.6986
1883.000       1.7622
1884.000       2.0077
1886.000       1.9320
1888.000       2.0650
1890.000       2.1614
1891.000       2.2233
1892.000       2.4561
1893.000       2.2180
1894.000       2.1296
1895.000       2.2337
1898.000       2.1784
1900.000       2.0398
1901.000       1.9947
1903.000       1.8441
1904.000       1.7925
1906.000       1.7098
1908.000       1.6679
1909.000       1.6465
1912.000       1.7215
1913.000       1.8134
1914.000       1.9230
1915.000       2.1743
1917.000       2.1231
1919.000       2.3102
1921.000       2.3703
1922.000       2.4357
1923.000       2.6921
1924.000       2.3899
1925.000       2.3610
1926.000       2.4893
1929.000       2.4228
1931.000       2.2754
1932.000       2.1816
1934.000       2.0088
1935.000       1.9595
1937.000       1.8482
1938.000       1.8191
1939.000       1.7728
1940.000       1.7636
1941.000       1.8145
1943.000       1.8943
1944.000       1.9710
1947.000       1.9609
1948.000       1.9140
1949.000       2.3730
1951.000       2.2826
1953.000       2.4624
1955.000       2.5720
1956.000       2.6052
1957.000       2.8871
1958.000       2.5516
1959.000       2.4609
1960.000       2.5372
1963.000       2.3777
1965.000       2.2222
1966.000       2.0630
1968.000       1.9440
1969.000       1.9764
1971.000       1.8953
1972.000       1.8131
1973.000       1.7910
1974.000       1.8330
1975.000       1.8044
1977.000       1.8092
1978.000       1.8667
1981.000       1.8300
1982.000       1.8374
1983.000       2.3074
1985.000       2.1522
1987.000       2.2479
1989.000       2.4756
1990.000       2.5368
1991.000       2.7716
1992.000       2.5774
1993.000       2.3692
1994.000       2.3824
1997.000       2.2694
1999.000       2.1086
2000.000       2.0761
2002.000       2.0239
2003.000       2.0340
2005.000       2.0251
2006.000       2.0209
2007.000       2.0819
2008.000       2.1244
2009.000       2.1687
2011.000       2.1792
2012.000       2.3335
2015.000       2.1079
2016.000       2.0314
2017.000       2.3355
2019.000       2.2389
2021.000       2.3176
2023.000       2.5260
2024.000       2.7001
2025.000       2.9139
2026.000       2.7301
2027.000       2.6727
2028.000       2.7196
2031.000       2.7287
2033.000       2.5623
2034.000       2.6379
2036.000       2.5761
2037.000       2.4893
2039.000       2.4786
2040.000       2.5620
2041.000       2.6270
2042.000       2.6134
2043.000       2.7776
2045.000       2.8624
2046.000       3.0665
2049.000       2.7981
2050.000       2.6387
2051.000       2.9039
2053.000       2.8739
2055.000       2.9847
2057.000       3.1332
2058.000       3.3542
2059.000       3.5954
2060.000       3.3403
2061.000       3.3793
2062.000       3.4939
2065.000       3.5175
2067.000       3.2806
2068.000       3.3066
2070.000       3.1441
2071.000       3.0811
2073.000       2.9936
2074.000       2.9830
2075.000       2.9363
2076.000       2.9076
2077.000       2.9854
2079.000       3.0778
2080.000       3.1523
2083.000       3.1362
2084.000       3.0776
2085.000       3.6818
2087.000       3.6033
2089.000       3.7701
2091.000       3.9751
2092.000       4.2267
2093.000       4.5919
2094.000       4.0527
2095.000       4.3731
2096.000       4.5526
2099.000       4.5370
2101.000       4.4391
2102.000       4.6075
2104.000       4.5699
2105.000       4.4275
2107.000       4.4598
2108.000       4.6271
2109.000       4.7746
2110.000       4.7761
2113.000       4.9717
2114.000       5.0242
2116.000       4.9010
2117.000       4.6994
2118.000       4.8251
2120.000       4.8642
2122.000       5.0586
2124.000       4.8908
2125.000       4.9692
2126.000       5.0388
2127.000       5.2248
2128.000       4.7066
2129.000       4.5185
2132.000       4.2080
2134.000       4.0994
2135.000       3.9440
2137.000       4.1085
2138.000       4.3637
2140.000       4.4940
2141.000       4.3123
2142.000       4.3484
2143.000       4.5914
2146.000       4.1578
2147.000       3.9255
2149.000       3.8644
2150.000       4.0695
2151.000       4.2138
2153.000       3.9357
2155.000       3.6555
2157.000       4.2553
2158.000       4.3981
2159.000       4.5226
2160.000       4.6022
2161.000       4.2318
2162.000       4.0867
2165.000       3.9772
2167.000       3.8714
2168.000       3.9206
2170.000       3.9867
2171.000       3.8969
2173.000       4.0799
2174.000       4.3488
2175.000       4.8024
2176.000       4.8919
2179.000       5.3608
2180.000       5.4590
2182.000       4.9835
2183.000       4.4016
2184.000       4.1646
2186.000       4.1410
2188.000       4.0896
2190.000       4.2364
2191.000       4.4455
2192.000       4.8386
2193.000       4.3386
2194.000       4.6554
2195.000       4.5762
2198.000       5.0120
2200.000       4.7495
2201.000       5.2483
2203.000       5.0219
2204.000       4.7855
2206.000       4.9492
2207.000       5.2189
2208.000       5.6511
2209.000       5.8698
2212.000       6.1055
2213.000       6.2081
2215.000       5.8811
2216.000       5.3208
2217.000       5.4564
2219.000       5.7430
2221.000       6.4155
2223.000       6.0350
2224.000       6.6055
2225.000       7.0969
2226.000       6.3620
2227.000       7.1430
2228.000       7.7733
2231.000       8.3320
2233.000       8.0310
2234.000       8.3910
2236.000       7.8589
2237.000       7.2088
2239.000       6.9190
2241.000       7.3242
2242.000       7.2770
2245.000       7.9455
2246.000       8.2098
2247.000       8.9063
2248.000       8.6876
2250.000       8.8414
2252.000       9.6881
2254.000       9.4433
