   2.000       3.6562
   3.000       3.7338
   6.000       3.6862
   8.000       3.7134
   9.000       3.5532
  11.000       3.3178
  12.000       3.2493
  14.000       3.0762
  15.000       3.0206
  16.000       2.8931
  17.000       2.7958
  18.000       2.9515
  20.000       3.1084
  21.000       3.1884
  24.000       3.2298
  25.000       3.1756
  26.000       3.4316
  28.000       3.4594
  30.000       3.7198
  32.000       3.5082
  33.000       3.3226
  34.000       3.5546
  35.000       3.1593
  36.000       3.1782
  37.000       3.3422
  40.000       3.2098
  42.000       3.1420
  43.000       2.9271
  45.000       2.7043
  46.000       2.6765
  48.000       2.4998
  49.000       2.4010
  50.000       2.2618
  51.000       2.1718
  54.000       2.2861
  55.000       2.4305
  57.000       2.5567
  58.000       2.5339
  59.000       2.9845
  61.000       2.8851
  63.000       3.0649
  65.000       3.1066
  66.000       3.0009
  67.000       3.2571
  68.000       2.9385
  69.000       2.7698
  70.000       2.8494
  73.000       2.6494
  75.000       2.5287
  76.000       2.3193
  78.000       2.1426
  79.000       2.1766
  81.000       2.0395
  83.000       1.8465
  84.000       1.7598
  85.000       1.8414
  87.000       1.9878
  88.000       2.0382
  89.000       2.4955
  91.000       2.3326
  93.000       2.4561
  95.000       2.6431
  96.000       2.6352
  97.000       2.8933
  98.000       2.6301
  99.000       2.4386
 100.000       2.4522
 103.000       2.3468
 105.000       2.2331
 106.000       2.1944
 108.000       1.9156
 109.000       1.9011
 111.000       1.7144
 112.000       1.5759
 113.000       1.4111
 114.000       1.3348
 117.000       1.4151
 118.000       1.5697
 120.000       1.7132
 121.000       1.7056
 122.000       2.3572
 124.000       2.3858
 126.000       2.9335
 128.000       2.4089
 129.000       2.5393
 130.000       2.8762
 131.000       2.7626
 132.000       2.2532
 133.000       2.3158
 136.000       2.1653
 138.000       1.9518
 139.000       1.8763
 141.000       1.7214
 142.000       1.7731
 144.000       1.6250
 145.000       1.4591
 146.000       1.3004
 147.000       1.2549
 150.000       1.2618
 151.000       1.3599
 153.000       1.4888
 154.000       1.5318
 155.000       2.1977
 157.000       1.9869
 159.000       2.1700
 161.000       2.4097
 162.000       2.8873
 163.000       3.3662
 164.000       3.1670
 165.000       2.7963
 166.000       2.6670
 169.000       2.7332
 171.000       3.0030
 172.000       3.1966
 174.000       3.5595
 175.000       3.7897
 177.000       4.3879
 179.000       4.6640
 180.000       5.3137
 183.000       4.4421
 184.000       3.9316
 185.000       3.9871
 186.000       2.7384
 188.000       3.2663
 190.000       3.7492
 192.000       2.7611
 193.000       2.7733
 194.000       3.1150
 195.000       3.0797
 196.000       2.4190
 197.000       2.3114
 200.000       1.9822
 202.000       1.8762
 203.000       1.6443
 205.000       1.5704
 206.000       1.7227
 208.000       1.7069
 210.000       1.5252
 211.000       1.5527
 212.000       1.4115
 214.000       1.4309
 215.000       1.4183
 216.000       1.7917
 218.000       1.5981
 220.000       1.6979
 222.000       1.8688
 223.000       2.0158
 224.000       2.2704
 225.000       2.2351
 226.000       1.8296
 227.000       1.7991
 230.000       1.6515
 232.000       1.5046
 233.000       1.4517
 235.000       1.3814
 236.000       1.4250
 238.000       1.3798
 239.000       1.3010
 240.000       1.2700
 241.000       1.2981
 242.000       1.2589
 244.000       1.2725
 245.000       1.3044
 248.000       1.2997
 249.000       1.3104
 250.000       1.7227
 252.000       1.6055
 254.000       1.6606
 256.000       1.9009
 257.000       1.9902
 258.000       2.2071
 259.000       2.0545
 260.000       2.0781
 261.000       2.0716
 264.000       2.4004
 266.000       2.6706
 267.000       3.0375
 269.000       3.1185
 270.000       3.1284
 272.000       3.4021
 273.000       3.6000
 274.000       4.0882
 275.000       4.3810
 278.000       4.4559
 279.000       4.3630
 281.000       3.8994
 282.000       3.4909
 283.000       2.6973
 285.000       3.1064
 287.000       3.7085
 289.000       2.8245
 290.000       2.8625
 291.000       2.9230
 292.000       3.1757
 293.000       2.5973
 294.000       2.6233
 297.000       2.4295
 299.000       2.6063
 300.000       2.4706
 302.000       2.6150
 303.000       2.7395
 305.000       2.9742
 306.000       3.0545
 307.000       3.4243
 308.000       3.7548
 311.000       3.5583
 312.000       3.3046
 314.000       2.9360
 315.000       2.8307
 316.000       2.0773
 318.000       2.2097
 320.000       2.3054
 322.000       1.9361
 323.000       1.7555
 324.000       1.7670
 325.000       1.9375
 326.000       1.6907
 327.000       1.6054
 330.000       1.4877
 332.000       1.4323
 333.000       1.4044
 335.000       1.3963
 336.000       1.4448
 338.000       1.4491
 340.000       1.4108
 341.000       1.4475
 342.000       1.3886
 344.000       1.3813
 345.000       1.4120
 346.000       1.5035
 348.000       1.4522
 350.000       1.4931
 352.000       1.5779
 353.000       1.6615
 354.000       1.7919
 355.000       1.7363
 356.000       1.5865
 357.000       1.5865
 360.000       1.5407
 362.000       1.5020
 363.000       1.4875
 365.000       1.4617
 366.000       1.4787
 368.000       1.4758
 370.000       1.4496
 371.000       1.4701
 374.000       1.4509
 375.000       1.4564
 376.000       1.4979
 377.000       1.5472
 379.000       1.5319
 381.000       1.6147
 383.000       1.6147
 384.000       1.6651
 385.000       1.7820
 386.000       1.7269
 387.000       1.6122
 388.000       1.6459
 391.000       1.6010
 393.000       1.5936
 394.000       1.5657
 396.000       1.5387
 397.000       1.5431
 399.000       1.5187
 400.000       1.5022
 401.000       1.5039
 402.000       1.5178
 403.000       1.5234
 405.000       1.5411
 406.000       1.5797
 409.000       1.5435
 410.000       1.5208
 411.000       1.5732
 413.000       1.5664
 415.000       1.6292
 417.000       1.6136
 418.000       1.6169
 419.000       1.7181
 420.000       1.6600
 421.000       1.5627
 422.000       1.5700
 425.000       1.5362
 427.000       1.5419
 428.000       1.5036
 430.000       1.4614
 431.000       1.4641
 433.000       1.4493
 435.000       1.4361
 436.000       1.4519
 439.000       1.4461
 440.000       1.4556
 441.000       1.4953
 442.000       1.4902
 444.000       1.4957
 446.000       1.5730
 448.000       1.5262
 449.000       1.5150
 450.000       1.6390
 451.000       1.5450
 452.000       1.4444
 453.000       1.4804
 456.000       1.4439
 458.000       1.4343
 459.000       1.4027
 461.000       1.3551
 462.000       1.3433
 464.000       1.3384
 466.000       1.3474
 467.000       1.3887
 468.000       1.3649
 470.000       1.3690
 471.000       1.4289
 472.000       1.3907
 474.000       1.3935
 476.000       1.5019
 478.000       1.4509
 479.000       1.4432
 480.000       1.5864
 481.000       1.4530
 482.000       1.3687
 483.000       1.4169
 486.000       1.3613
 488.000       1.3238
 489.000       1.2765
 491.000       1.2574
 492.000       1.2732
 494.000       1.2860
 495.000       1.2795
 496.000       1.3348
 497.000       1.3998
 500.000       1.3747
 501.000       1.3601
 503.000       1.3082
 504.000       1.2643
 505.000       1.3381
 507.000       1.2836
 509.000       1.3224
 511.000       1.3897
 512.000       1.4748
 513.000       1.6182
 514.000       1.5985
 515.000       1.5061
 516.000       1.6222
 519.000       1.7028
 521.000       1.7188
 522.000       1.7268
 524.000       1.6060
 525.000       1.5141
 527.000       1.4532
 528.000       1.5089
 529.000       1.5329
 530.000       1.4901
 533.000       1.6498
 534.000       1.7379
 536.000       1.7328
 537.000       1.6107
 538.000       1.6886
 540.000       1.7693
 542.000       1.9430
 544.000       1.7844
 545.000       1.7631
 546.000       1.9224
 547.000       1.7077
 548.000       1.7203
 549.000       1.8291
 552.000       1.8022
 554.000       1.7630
 555.000       1.6894
 557.000       1.5519
 558.000       1.5076
 560.000       1.4061
 561.000       1.3838
 562.000       1.3212
 563.000       1.2663
 564.000       1.3770
 566.000       1.4773
 567.000       1.5540
 570.000       1.5332
 571.000       1.4797
 572.000       1.7280
 574.000       1.7162
 576.000       1.8619
 578.000       1.8319
 579.000       1.8104
 580.000       1.9882
 581.000       1.7618
 582.000       1.7239
 583.000       1.8149
 586.000       1.7438
 588.000       1.6750
 589.000       1.5756
 591.000       1.4429
 592.000       1.4288
 594.000       1.3355
 595.000       1.2746
 596.000       1.1925
 597.000       1.1620
 598.000       1.2006
 600.000       1.2866
 601.000       1.3353
 604.000       1.3660
 605.000       1.3486
 606.000       1.6714
 608.000       1.6131
 610.000       1.7425
 612.000       1.7878
 613.000       1.7911
 614.000       1.9818
 615.000       1.7778
 616.000       1.6914
 617.000       1.7683
 620.000       1.6813
 622.000       1.5796
 623.000       1.4824
 625.000       1.3674
 626.000       1.3735
 628.000       1.3090
 629.000       1.2386
 630.000       1.1922
 631.000       1.2043
 634.000       1.2003
 635.000       1.2536
 637.000       1.3023
 638.000       1.2828
 639.000       1.6483
 641.000       1.5642
 643.000       1.6873
 645.000       1.8040
 646.000       1.8994
 647.000       2.1044
 648.000       1.9501
 649.000       1.8104
 650.000       1.8548
 653.000       1.8014
 655.000       1.6589
 656.000       1.6240
 658.000       1.5233
 659.000       1.5537
 661.000       1.5423
 663.000       1.5027
 664.000       1.5693
 665.000       1.4591
 667.000       1.4723
 668.000       1.5064
 669.000       1.8763
 671.000       1.8181
 673.000       1.9564
 675.000       2.0696
 676.000       2.2399
 677.000       2.4746
 678.000       2.2842
 679.000       2.1794
 680.000       2.2737
 683.000       2.2466
 685.000       2.0559
 686.000       2.0545
 688.000       1.9108
 689.000       1.9256
 691.000       1.8551
 692.000       1.7939
 693.000       1.7968
 694.000       1.8535
 695.000       1.8116
 697.000       1.8131
 698.000       1.8670
 701.000       1.8237
 702.000       1.8166
 703.000       2.3484
 705.000       2.2952
 707.000       2.4620
 709.000       2.5748
 710.000       2.7098
 711.000       2.9874
 712.000       2.6961
 713.000       2.6441
 714.000       2.7618
 717.000       2.7655
 719.000       2.9156
 720.000       2.8900
 722.000       2.8823
 723.000       2.9379
 725.000       3.0509
 726.000       3.0649
 727.000       3.2591
 728.000       3.4609
 731.000       3.3585
 732.000       3.2738
 734.000       3.0917
 735.000       2.9763
 736.000       2.5933
 738.000       2.7553
 740.000       2.9585
 742.000       2.5868
 743.000       2.4508
 744.000       2.5700
 745.000       2.6323
 746.000       2.4019
 747.000       2.5346
 750.000       2.5634
 752.000       2.6594
 753.000       2.5774
 755.000       2.4208
 756.000       2.3247
 758.000       2.2874
 759.000       2.3532
 760.000       2.4216
 761.000       2.4476
 764.000       2.5385
 765.000       2.5955
 767.000       2.5630
 768.000       2.4318
 769.000       2.3449
 771.000       2.4661
 773.000       2.7538
 775.000       2.3932
 776.000       2.2380
 777.000       2.4271
 778.000       2.0417
 779.000       2.2420
 780.000       2.4752
 783.000       2.4795
 785.000       2.5176
 786.000       2.4252
 788.000       2.2487
 789.000       2.1051
 791.000       2.0281
 792.000       2.1557
 793.000       2.2712
 794.000       2.2577
 797.000       2.4931
 798.000       2.5736
 800.000       2.4866
 801.000       2.2820
 802.000       2.2692
 804.000       2.3275
 806.000       2.5717
 808.000       2.3548
 809.000       2.3074
 810.000       2.6597
 811.000       2.6133
 812.000       2.0016
 813.000       1.9408
 816.000       1.8117
 818.000       1.7993
 819.000       1.6683
 821.000       1.5670
 822.000       1.5913
 824.000       1.5287
 825.000       1.4592
 826.000       1.4368
 827.000       1.4573
 828.000       1.4697
 830.000       1.5184
 831.000       1.6222
 834.000       1.5310
 835.000       1.4960
 836.000       1.6371
 838.000       1.6061
 840.000       1.7562
 842.000       1.7041
 843.000       1.6472
 844.000       1.8409
 845.000       1.6591
 846.000       1.5010
 847.000       1.5673
 850.000       1.4875
 852.000       1.4375
 853.000       1.3706
 855.000       1.2757
 856.000       1.2781
 858.000       1.2374
 860.000       1.1859
 861.000       1.2007
 862.000       1.2075
 864.000       1.2542
 865.000       1.3413
 866.000       1.4135
 868.000       1.3958
 870.000       1.5487
 872.000       1.5144
 873.000       1.5139
 874.000       1.7019
 875.000       1.5155
 876.000       1.4314
 877.000       1.5204
 880.000       1.4641
 882.000       1.3941
 883.000       1.3345
 885.000       1.2222
 886.000       1.2059
 888.000       1.1439
 890.000       1.0973
 891.000       1.0880
 894.000       1.1332
 895.000       1.1974
 896.000       1.2958
 897.000       1.4059
 899.000       1.3790
 901.000       1.5209
 903.000       1.5195
 904.000       1.5222
 905.000       1.7107
 906.000       1.5134
 907.000       1.4344
 908.000       1.5092
 911.000       1.4421
 913.000       1.3686
 914.000       1.3171
 916.000       1.2260
 917.000       1.2034
 919.000       1.1514
 921.000       1.1212
 922.000       1.1238
 923.000       1.1603
 925.000       1.2087
 926.000       1.2821
 927.000       1.4130
 929.000       1.3698
 931.000       1.4874
 933.000       1.5273
 934.000       1.5364
 935.000       1.7301
 936.000       1.4916
 937.000       1.5447
 938.000       1.7594
 941.000       1.5955
 943.000       1.5610
 944.000       1.5568
 946.000       1.4937
 947.000       1.4464
 949.000       1.4435
 950.000       1.4925
 951.000       1.5605
 952.000       1.5973
 955.000       1.6384
 956.000       1.6507
 958.000       1.6061
 959.000       1.5222
 960.000       1.6399
 962.000       1.6502
 964.000       1.9037
 966.000       1.8339
 967.000       1.8664
 968.000       2.0601
 969.000       1.9050
 970.000       1.8909
 971.000       1.9941
 974.000       2.0102
 976.000       2.0312
 977.000       1.9999
 979.000       1.9789
 980.000       1.9496
 982.000       2.0643
 984.000       2.2960
 985.000       2.5710
 986.000       2.2996
 988.000       2.1243
 989.000       2.2022
 990.000       1.9682
 992.000       2.1237
 994.000       2.5468
 996.000       2.1111
 997.000       2.0957
 998.000       2.3972
 999.000       2.0763
1000.000       1.9599
1001.000       2.0183
1004.000       1.9011
1006.000       1.8057
1007.000       1.7150
1009.000       1.6448
1010.000       1.6575
1012.000       1.6065
1013.000       1.5479
1014.000       1.5012
1015.000       1.5023
1016.000       1.4855
1018.000       1.5112
1019.000       1.5182
1022.000       1.5595
1023.000       1.5734
1024.000       1.8510
1026.000       1.7580
1028.000       1.8233
1030.000       1.9531
1031.000       2.0008
1032.000       2.1597
1033.000       2.0410
1034.000       1.8983
1035.000       1.9006
1038.000       1.8142
1040.000       1.7484
1041.000       1.6957
1043.000       1.6471
1044.000       1.6789
1046.000       1.6550
1048.000       1.5933
1049.000       1.5919
1052.000       1.5725
1053.000       1.6007
1054.000       1.6147
1055.000       1.8032
1057.000       1.7491
1059.000       1.8097
1061.000       1.8888
1062.000       1.9335
1063.000       2.0745
1064.000       1.9936
1065.000       1.8354
1066.000       1.8488
1069.000       1.7830
1071.000       1.7458
1072.000       1.6858
1074.000       1.6327
1075.000       1.6467
1077.000       1.5970
1078.000       1.5472
1079.000       1.5034
1080.000       1.4991
1081.000       1.4975
1083.000       1.5261
1084.000       1.5405
1087.000       1.5677
1088.000       1.5754
1089.000       1.7392
1091.000       1.7003
1093.000       1.7679
1095.000       1.7967
1096.000       1.7714
1097.000       1.9115
1098.000       1.7737
1099.000       1.6820
1100.000       1.7239
1103.000       1.6435
1105.000       1.6331
1106.000       1.5523
1108.000       1.4909
1109.000       1.5083
1111.000       1.4750
1112.000       1.4281
1113.000       1.4092
1114.000       1.4228
1117.000       1.4157
1118.000       1.4378
1120.000       1.4560
1121.000       1.4447
1122.000       1.5326
1124.000       1.5119
1126.000       1.6012
1128.000       1.5656
1129.000       1.5243
1130.000       1.6604
1131.000       1.5661
1132.000       1.4296
1133.000       1.4524
1136.000       1.3881
1138.000       1.3938
1139.000       1.3257
1141.000       1.2860
1142.000       1.3101
1144.000       1.3030
1146.000       1.2689
1147.000       1.2970
1150.000       1.2620
1151.000       1.2715
1152.000       1.3139
1153.000       1.3032
1155.000       1.2937
1157.000       1.3870
1159.000       1.3437
1160.000       1.3156
1161.000       1.4657
1162.000       1.3456
1163.000       1.2302
1164.000       1.3153
1167.000       1.2567
1169.000       1.2398
1170.000       1.1967
1172.000       1.1219
1173.000       1.1400
1175.000       1.1275
1176.000       1.0934
1177.000       1.1275
1178.000       1.2055
1181.000       1.1534
1182.000       1.1449
1184.000       1.1260
1185.000       1.0913
1186.000       1.2055
1188.000       1.2205
1190.000       1.3761
1192.000       1.3105
1193.000       1.3611
1194.000       1.5668
1195.000       1.3587
1196.000       1.3408
1197.000       1.4662
1200.000       1.4530
1202.000       1.3508
1203.000       1.3111
1205.000       1.1620
1206.000       1.1245
1208.000       1.0659
1210.000       1.0621
1211.000       1.1012
1212.000       1.1166
1214.000       1.1618
1215.000       1.2725
1216.000       1.4548
1218.000       1.4333
1220.000       1.6386
1222.000       1.6616
1223.000       1.7740
1224.000       2.0482
1225.000       1.7734
1226.000       1.7378
1227.000       1.8929
1230.000       1.8241
1232.000       1.6567
1233.000       1.5815
1235.000       1.4014
1236.000       1.3858
1238.000       1.2926
1240.000       1.2198
1241.000       1.2318
1242.000       1.2604
1244.000       1.3458
1245.000       1.4607
1246.000       1.8380
1248.000       1.7536
1250.000       1.9371
1252.000       2.0690
1253.000       2.2010
1254.000       2.4760
1255.000       2.2391
1256.000       2.1168
1257.000       2.2166
1260.000       2.1540
1262.000       1.9557
1263.000       1.9161
1265.000       1.7558
1266.000       1.7277
1268.000       1.6269
1269.000       1.5891
1270.000       1.5757
1271.000       1.5570
1274.000       1.6792
1275.000       1.7651
1277.000       1.7714
1278.000       1.6810
1279.000       2.2356
1281.000       2.1435
1283.000       2.3119
1285.000       2.5015
1286.000       2.7155
1287.000       3.0088
1288.000       2.7345
1289.000       2.6681
1290.000       2.7682
1293.000       2.7337
1295.000       2.4837
1296.000       2.4916
1298.000       2.3364
1299.000       2.3141
1301.000       2.2272
1303.000       2.1637
1304.000       2.1460
1305.000       2.2077
1307.000       2.2963
1308.000       2.4021
1309.000       2.8908
1311.000       2.7920
1313.000       2.9606
1315.000       3.1873
1316.000       3.4465
1317.000       3.7579
1318.000       3.4395
1319.000       3.4208
1320.000       3.5586
1323.000       3.5449
1325.000       3.2585
1326.000       3.3045
1328.000       3.0903
1329.000       3.0374
1331.000       2.9017
1333.000       2.8189
1334.000       2.7460
1337.000       2.8831
1338.000       3.0153
1339.000       3.1242
1340.000       3.7449
1342.000       3.6629
1344.000       3.9276
1346.000       4.0703
