   2.000       3.5058
   3.000       3.3754
   6.000       3.0724
   8.000       3.1578
   9.000       2.9226
  11.000       2.9353
  12.000       3.1548
  14.000       3.2633
  15.000       3.1061
  16.000       3.2632
  17.000       3.5256
  18.000       3.2537
  20.000       3.1198
  21.000       3.3230
  24.000       2.9422
  25.000       2.9288
  26.000       2.7356
  28.000       2.6953
  30.000       2.8250
  32.000       2.6897
  33.000       2.5010
  34.000       2.6855
  35.000       2.7348
  36.000       2.0443
  37.000       1.8910
  40.000       1.5955
  42.000       1.6684
  43.000       1.5819
  45.000       1.7974
  46.000       2.0811
  48.000       2.3895
  49.000       2.3245
  50.000       2.6874
  51.000       3.0636
  52.000       2.7364
  54.000       2.5196
  55.000       2.8432
  58.000       2.1382
  59.000       2.0114
  60.000       1.4265
  62.000       1.4122
  64.000       1.4342
  66.000       1.4022
  67.000       1.3962
  68.000       1.6025
  69.000       1.5723
  70.000       1.1697
  71.000       1.1303
  74.000       1.0115
  76.000       0.9866
  77.000       0.9636
  79.000       1.0076
  80.000       1.1051
  82.000       1.2083
  84.000       1.2273
  85.000       1.3755
  86.000       1.1702
  88.000       1.0709
  89.000       1.1461
  90.000       1.0001
  92.000       1.0078
  94.000       1.1043
  96.000       1.0763
  97.000       1.1408
  98.000       1.3118
  99.000       1.2403
 100.000       1.0309
 101.000       1.0225
 104.000       0.9251
 106.000       0.8903
 107.000       0.8347
 109.000       0.8214
 110.000       0.8813
 112.000       0.8599
 113.000       0.7801
 114.000       0.7577
 115.000       0.7988
 116.000       0.7361
 118.000       0.7330
 119.000       0.7636
 122.000       0.7487
 123.000       0.7669
 124.000       0.8865
 126.000       0.8431
 128.000       0.8987
 130.000       0.9398
 131.000       0.9646
 132.000       1.0924
 133.000       1.0522
 134.000       0.8649
 135.000       0.8469
 138.000       0.7528
 140.000       0.7571
 141.000       0.6992
 143.000       0.6925
 144.000       0.7424
 146.000       0.7405
 147.000       0.6840
 148.000       0.6842
 149.000       0.7339
 150.000       0.6785
 152.000       0.6746
 153.000       0.7162
 156.000       0.6700
 157.000       0.6664
 158.000       0.6967
 160.000       0.6728
 162.000       0.7469
 164.000       0.7356
 165.000       0.7635
 166.000       0.9088
 167.000       0.8724
 168.000       0.6641
 169.000       0.6744
 172.000       0.6296
 174.000       0.6442
 175.000       0.6169
 177.000       0.5814
 178.000       0.6041
 180.000       0.6197
 181.000       0.5920
 182.000       0.6238
 183.000       0.6916
 184.000       0.6360
 186.000       0.6273
 187.000       0.6864
 190.000       0.6106
 191.000       0.5778
 192.000       0.5935
 194.000       0.6180
 196.000       0.7598
 198.000       0.6739
 199.000       0.7200
 200.000       0.9013
 201.000       0.7784
 202.000       0.6587
 203.000       0.7485
 206.000       0.7094
 208.000       0.6745
 209.000       0.6506
 211.000       0.5669
 212.000       0.5509
 214.000       0.5562
 215.000       0.5616
 216.000       0.6249
 217.000       0.6988
 218.000       0.6645
 220.000       0.6583
 221.000       0.7299
 224.000       0.6288
 225.000       0.5680
 226.000       0.7007
 228.000       0.7166
 230.000       0.8884
 232.000       0.8315
 233.000       0.9427
 234.000       1.0449
 235.000       1.1292
 236.000       0.8818
 237.000       0.8918
 240.000       0.9839
 242.000       1.1980
 243.000       1.4630
 245.000       1.5444
 246.000       2.0034
 248.000       2.1752
 249.000       1.9116
 250.000       2.2580
 251.000       2.5668
 254.000       2.6315
 255.000       2.6391
 257.000       2.1503
 258.000       1.7070
 259.000       1.1113
 261.000       1.6986
 263.000       2.4247
 265.000       1.0249
 266.000       1.2590
 267.000       1.7291
 268.000       1.5195
 269.000       1.1391
 270.000       1.3012
 273.000       1.3434
 275.000       1.3157
 276.000       1.3830
 278.000       1.3900
 279.000       1.2716
 281.000       1.5049
 283.000       1.8163
 284.000       2.1376
 287.000       1.9418
 288.000       1.7523
 289.000       2.0342
 290.000       1.2873
 292.000       1.3871
 294.000       1.7718
 296.000       1.6485
 297.000       1.7172
 298.000       2.2117
 299.000       1.6817
 300.000       1.4567
 301.000       1.6085
 304.000       1.3665
 306.000       1.2344
 307.000       1.0177
 309.000       0.8860
 310.000       0.8461
 312.000       0.9491
 313.000       1.0351
 314.000       1.3033
 315.000       1.4946
 316.000       1.4729
 318.000       1.4491
 319.000       1.7429
 322.000       1.2512
 323.000       1.0125
 324.000       1.1744
 326.000       0.9996
 328.000       1.1914
 330.000       1.3830
 331.000       1.3849
 332.000       1.7180
 333.000       1.3226
 334.000       1.2487
 335.000       1.3734
 338.000       1.3873
 340.000       1.6035
 341.000       1.6004
 343.000       1.9560
 344.000       2.7823
 346.000       3.0342
 347.000       2.4640
 348.000       2.7402
 349.000       3.1715
 352.000       3.0484
 353.000       3.0534
 355.000       2.4586
 356.000       2.0511
 357.000       1.2213
 359.000       1.3722
 361.000       1.5564
 363.000       1.3221
 364.000       1.3457
 365.000       1.5091
 366.000       1.4705
 367.000       1.2089
 368.000       1.2057
 371.000       1.1123
 373.000       1.0708
 374.000       0.9780
 376.000       0.9076
 377.000       0.9760
 379.000       0.9319
 381.000       0.8096
 382.000       0.8017
 385.000       0.7766
 386.000       0.8285
 387.000       0.8612
 388.000       1.0693
 390.000       1.0062
 392.000       1.0888
 394.000       1.1496
 395.000       1.1844
 396.000       1.3386
 397.000       1.2609
 398.000       1.0683
 399.000       1.0679
 402.000       0.9775
 404.000       0.9296
 405.000       0.8595
 407.000       0.8062
 408.000       0.8500
 410.000       0.8291
 412.000       0.7573
 413.000       0.7692
 416.000       0.7243
 417.000       0.7514
 418.000       0.7694
 419.000       0.9457
 421.000       0.8969
 423.000       0.9779
 425.000       1.0172
 426.000       1.0474
 427.000       1.1804
 428.000       1.1381
 429.000       0.9384
 430.000       0.9294
 433.000       0.8585
 435.000       0.8371
 436.000       0.7948
 438.000       0.7573
 439.000       0.7987
 441.000       0.7935
 443.000       0.7461
 444.000       0.7801
 447.000       0.7159
 448.000       0.7203
 449.000       0.7422
 450.000       0.8427
 452.000       0.8410
 454.000       0.9486
 456.000       0.8941
 457.000       0.9436
 458.000       1.0688
 459.000       1.0516
 460.000       0.8694
 461.000       0.8759
 464.000       0.8694
 466.000       0.8592
 467.000       0.8518
 469.000       0.7815
 470.000       0.8114
 472.000       0.8003
 474.000       0.7624
 475.000       0.8064
 478.000       0.7418
 479.000       0.7480
 480.000       0.7861
 481.000       0.9100
 483.000       0.9644
 485.000       1.1433
 487.000       1.0039
 488.000       1.0925
 489.000       1.2807
 490.000       1.1736
 491.000       1.0303
 492.000       1.1122
 495.000       1.1167
 497.000       1.0134
 498.000       1.0362
 500.000       0.9021
 501.000       0.9354
 503.000       0.8929
 504.000       0.8428
 505.000       0.9109
 506.000       1.0192
 509.000       0.9683
 510.000       0.9412
 512.000       0.8851
 513.000       0.8381
 514.000       1.2246
 516.000       1.2208
 518.000       1.5735
 520.000       1.4985
 522.000       3.6581
 523.000       4.1758
 524.000       3.8675
 525.000       2.9833
 526.000       3.3078
 529.000       3.0835
 531.000       2.7126
 532.000       2.5685
 534.000       2.5368
 535.000       2.5661
 537.000       3.2871
 539.000       3.8735
 540.000       4.8114
 543.000       3.8273
 544.000       3.2015
 545.000       3.6231
 546.000       3.0117
 548.000       2.6632
 550.000       3.3450
 552.000       3.8801
