   2.000       5.6122
   3.000       5.8257
   6.000       5.6305
   8.000       5.5324
   9.000       5.1564
  11.000       4.7111
  12.000       4.6877
  14.000       4.3082
  15.000       4.0476
  16.000       3.6528
  17.000       3.3888
  20.000       3.6047
  21.000       3.9359
  23.000       4.2928
  24.000       4.3212
  25.000       5.1792
  27.000       5.0743
  29.000       5.4777
  31.000       5.3500
  32.000       5.1341
  33.000       5.5102
  34.000       4.9211
  35.000       4.8184
  36.000       5.0202
  39.000       4.7534
  41.000       4.5495
  42.000       4.2171
  44.000       3.9172
  45.000       3.9380
  47.000       3.6739
  48.000       3.4351
  49.000       3.1197
  50.000       2.9842
  51.000       3.0250
  53.000       3.2275
  54.000       3.1866
  57.000       3.5173
  58.000       3.5981
  59.000       4.4435
  61.000       4.2102
  63.000       4.4361
  65.000       4.6238
  66.000       4.4542
  67.000       4.7380
  68.000       4.3642
  69.000       4.1335
  70.000       4.2168
  73.000       3.9347
  75.000       3.7442
  76.000       3.4495
  78.000       3.2335
  79.000       3.3416
  81.000       3.2132
  83.000       2.9462
  84.000       2.8693
  87.000       2.8273
  88.000       2.9759
  89.000       2.9362
  90.000       3.7219
  92.000       3.4645
  94.000       3.5911
  96.000       3.8875
  97.000       3.7986
  98.000       4.0932
  99.000       3.7682
 100.000       3.4917
 101.000       3.5761
 104.000       3.3259
 106.000       3.1362
 107.000       2.8548
 109.000       2.6714
 110.000       2.7970
 112.000       2.6993
 113.000       2.4700
 114.000       2.3685
 115.000       2.4861
 118.000       2.2606
 119.000       2.2382
 121.000       2.3364
 122.000       2.4447
 123.000       3.1407
 125.000       2.9041
 127.000       3.0768
 129.000       3.3316
 130.000       3.2759
 131.000       3.5786
 132.000       3.2716
 133.000       2.9953
 134.000       3.0850
 137.000       2.8679
 139.000       2.7072
 140.000       2.4933
 142.000       2.3704
 143.000       2.4839
 145.000       2.4831
 146.000       2.3692
 147.000       2.4861
 148.000       2.7130
 151.000       2.5307
 152.000       2.4268
 154.000       2.3095
 155.000       2.2883
 156.000       2.7093
 158.000       2.5415
 160.000       2.7151
 162.000       2.8735
 163.000       2.8270
 164.000       3.0957
 165.000       2.9229
 166.000       2.5398
 167.000       2.5482
 170.000       2.4176
 172.000       2.4119
 173.000       2.4248
 175.000       2.4813
 176.000       2.5051
 178.000       2.7062
 180.000       2.8761
 181.000       3.1702
 184.000       2.8815
 185.000       2.6901
 186.000       2.8397
 187.000       2.3270
 189.000       2.3949
 191.000       2.5451
 193.000       2.3403
 194.000       2.2544
 195.000       2.4035
 196.000       2.2921
 197.000       2.0876
 198.000       2.1146
 201.000       2.0203
 203.000       1.9851
 204.000       1.9023
 206.000       1.8279
 207.000       1.8641
 209.000       1.8520
 211.000       1.7968
 212.000       1.8396
 213.000       1.7772
 215.000       1.7946
 216.000       1.8513
 217.000       1.9527
 219.000       1.9145
 221.000       2.0346
 223.000       2.0267
 224.000       2.0389
 225.000       2.1898
 226.000       2.0172
 227.000       1.9967
 228.000       2.1034
 231.000       2.0880
 233.000       1.9889
 234.000       1.9422
 236.000       1.8294
 237.000       1.8106
 239.000       1.7643
 241.000       1.7486
 242.000       1.7811
 243.000       1.7883
 245.000       1.8245
 246.000       1.9262
 247.000       2.0855
 249.000       2.0336
 251.000       2.1819
 253.000       2.2573
 254.000       2.3090
 255.000       2.5199
 256.000       2.4026
 257.000       2.2304
 258.000       2.3220
 261.000       2.2735
 263.000       2.2420
 264.000       2.1109
 266.000       2.0412
 267.000       2.1184
 269.000       2.0603
 270.000       1.9347
 271.000       1.8883
 272.000       1.9344
 275.000       1.8848
 276.000       1.9067
 278.000       1.9289
 279.000       1.9392
 280.000       2.1806
 282.000       2.0668
 284.000       2.0553
 286.000       2.2521
 287.000       2.3740
 288.000       2.4795
 289.000       2.5105
 290.000       2.3543
 291.000       2.5267
 294.000       2.5434
 296.000       2.5671
 297.000       2.5508
 299.000       2.4731
 300.000       2.4307
 302.000       2.3922
 303.000       2.4136
 304.000       2.4188
 305.000       2.4112
 306.000       2.4745
 308.000       2.5251
 309.000       2.5978
 312.000       2.5273
 313.000       2.4671
 314.000       2.4903
 316.000       2.5519
 318.000       2.6952
 320.000       2.5421
 321.000       2.4820
 322.000       2.5865
 323.000       2.4030
 324.000       2.4784
 325.000       2.5892
 328.000       2.6162
 330.000       2.6019
 331.000       2.5909
 333.000       2.4847
 334.000       2.4096
 336.000       2.3565
 337.000       2.3922
 338.000       2.3907
 339.000       2.3634
 340.000       2.4688
 342.000       2.5454
 343.000       2.6455
 346.000       2.5575
 347.000       2.4738
 348.000       2.5633
 350.000       2.6135
 352.000       2.7805
 354.000       2.6545
 355.000       2.6332
 356.000       2.8182
 357.000       2.5505
 358.000       2.5965
 359.000       2.7125
 362.000       2.6757
 364.000       2.6105
 365.000       2.5415
 367.000       2.4170
 368.000       2.3614
 370.000       2.2806
 371.000       2.2783
 372.000       2.2435
 373.000       2.1965
 376.000       2.2921
 377.000       2.3712
 379.000       2.4148
 380.000       2.3615
 381.000       2.6060
 383.000       2.5806
 385.000       2.7222
 387.000       2.7126
 388.000       2.6908
 389.000       2.8736
 390.000       2.6609
 391.000       2.5718
 392.000       2.6421
 395.000       2.5423
 397.000       2.4599
 398.000       2.3602
 400.000       2.2612
 401.000       2.2665
 403.000       2.1874
 405.000       2.1036
 406.000       2.0630
 407.000       2.1185
 409.000       2.1935
 410.000       2.2368
 411.000       2.4706
 413.000       2.3884
 415.000       2.4768
 417.000       2.5695
 418.000       2.5551
 419.000       2.7218
 420.000       2.5550
 421.000       2.4192
 422.000       2.4427
 425.000       2.3201
 427.000       2.2473
 428.000       2.1445
 430.000       2.0796
 431.000       2.1067
 433.000       2.0631
 435.000       1.9893
 436.000       1.9763
 437.000       1.9840
 439.000       2.0265
 440.000       2.0614
 441.000       2.2593
 443.000       2.1638
 445.000       2.2079
 447.000       2.3399
 448.000       2.3440
 449.000       2.4876
 450.000       2.3568
 451.000       2.2434
 452.000       2.2602
 455.000       2.1617
 457.000       2.0990
 458.000       2.0216
 460.000       1.9875
 461.000       2.0365
 463.000       2.0344
 465.000       1.9851
 466.000       2.0154
 467.000       1.9576
 469.000       1.9574
 470.000       1.9869
 471.000       2.1244
 473.000       2.0453
 475.000       2.0881
 477.000       2.1971
 478.000       2.2485
 479.000       2.3827
 480.000       2.3106
 481.000       2.1558
 482.000       2.1686
 485.000       2.1067
 487.000       2.0615
 488.000       2.0374
 490.000       2.0453
 491.000       2.0519
 493.000       2.0876
 495.000       2.1505
 496.000       2.2529
 497.000       2.2219
 499.000       2.1719
 500.000       2.3468
 501.000       2.1027
 503.000       2.0585
 505.000       2.1109
 507.000       2.1682
 508.000       2.1860
 509.000       2.2998
 510.000       2.2006
 511.000       2.1427
 512.000       2.2130
 515.000       2.2539
 517.000       2.2558
 518.000       2.2903
 520.000       2.3526
 521.000       2.6128
 523.000       2.8210
 524.000       2.6949
 525.000       3.0277
 526.000       3.3126
 529.000       3.3716
 530.000       3.4220
 532.000       3.0129
 533.000       2.5684
 534.000       2.2747
 536.000       2.4505
 538.000       2.8068
 540.000       2.4766
 541.000       2.4126
 542.000       2.7506
 543.000       2.4031
 544.000       2.2112
 545.000       2.3218
 548.000       2.2405
 550.000       2.2637
 551.000       2.2333
 553.000       2.1521
 554.000       2.1357
 556.000       2.1343
 557.000       2.1614
 558.000       2.2656
 559.000       2.3310
 560.000       2.3872
 562.000       2.4007
 563.000       2.5985
 566.000       2.3021
 567.000       2.1807
 568.000       2.1173
 570.000       2.1965
 572.000       2.3909
 574.000       2.1621
 575.000       2.1572
 576.000       2.3010
 577.000       2.1775
 578.000       2.1130
 579.000       2.1912
 582.000       2.2124
 584.000       2.1707
 585.000       2.1981
 587.000       2.1225
 588.000       2.0829
 590.000       2.1153
 591.000       2.1726
 592.000       2.3056
 593.000       2.4039
 594.000       2.4032
 596.000       2.3952
 597.000       2.5582
 600.000       2.3004
 601.000       2.1782
 602.000       2.2330
 604.000       2.2734
 606.000       2.4519
 608.000       2.3880
 609.000       2.4439
 610.000       2.6838
 611.000       2.3635
 612.000       2.4571
 613.000       2.6237
 616.000       2.6713
 618.000       2.5697
 619.000       2.6128
 621.000       2.4672
 622.000       2.3233
 624.000       2.2859
 626.000       2.4178
 627.000       2.4908
 630.000       2.5622
 631.000       2.5806
 632.000       2.7782
 633.000       2.6787
 635.000       2.7355
 637.000       2.9812
 639.000       2.8732
 640.000       2.9085
 641.000       3.1877
 642.000       2.7630
 643.000       2.9234
 644.000       3.1573
 647.000       3.2174
 649.000       3.1113
 650.000       3.1643
 652.000       2.9639
 653.000       2.7395
 655.000       2.6357
 657.000       2.7815
 658.000       2.8030
 659.000       3.0120
 661.000       3.1057
 662.000       3.3755
 663.000       3.1939
 665.000       3.2961
 667.000       3.6185
 669.000       3.3894
 670.000       3.4260
 671.000       3.6456
 672.000       3.3516
 673.000       3.4007
 674.000       3.5275
 677.000       3.5450
 679.000       3.4570
 680.000       3.4683
 682.000       3.3228
 683.000       3.1980
 685.000       3.1135
 687.000       3.1742
 688.000       3.1619
 691.000       3.3148
 692.000       3.3818
 693.000       3.5541
 694.000       3.5239
 696.000       3.5689
 698.000       3.7886
 700.000       3.6736
 701.000       3.6698
 702.000       3.9086
 703.000       3.5619
 704.000       3.6053
 705.000       3.7654
 708.000       3.7088
 710.000       3.5887
 711.000       3.4693
 713.000       3.2497
 714.000       3.1906
 716.000       3.0255
 718.000       2.9093
 719.000       2.7886
 722.000       2.9723
 723.000       3.1462
 724.000       3.2513
 725.000       3.6094
 727.000       3.5446
 729.000       3.7436
 731.000       3.7667
 732.000       3.6855
 733.000       3.9263
 734.000       3.5499
 735.000       3.5668
 736.000       3.7280
 739.000       3.6196
 741.000       3.5047
 742.000       3.3316
 744.000       3.0929
 745.000       3.0578
 747.000       2.8912
 749.000       2.7446
 750.000       2.6250
 753.000       2.7775
 754.000       2.9550
 755.000       3.0391
 756.000       3.4574
 758.000       3.3708
 760.000       3.5682
 762.000       3.5954
 763.000       3.4657
 764.000       3.7063
 765.000       3.3435
 766.000       3.2936
 767.000       3.4507
 770.000       3.3147
 772.000       3.1990
 773.000       3.0140
 775.000       2.7875
 776.000       2.7791
 778.000       2.6466
 780.000       2.5056
 781.000       2.4392
 784.000       2.5097
 785.000       2.6537
 786.000       2.7258
 787.000       3.1222
 789.000       3.0406
 791.000       3.2605
 793.000       3.2609
 794.000       3.1598
 795.000       3.4045
 796.000       3.0475
 797.000       3.0390
 798.000       3.2155
 801.000       3.1440
 803.000       3.0096
 804.000       2.8852
 806.000       2.6568
 807.000       2.5897
 809.000       2.4592
 810.000       2.4345
 811.000       2.4001
 812.000       2.3906
 813.000       2.4882
 815.000       2.5980
 816.000       2.7460
 819.000       2.6494
 820.000       2.5560
 821.000       3.0464
 823.000       3.0070
 825.000       3.2566
 827.000       3.2540
 828.000       3.2473
 829.000       3.5479
 830.000       3.0910
 831.000       3.2023
 832.000       3.4530
 835.000       3.4274
 837.000       3.2112
 838.000       3.1586
 840.000       2.9224
 841.000       2.7825
 843.000       2.6496
 844.000       2.7120
 845.000       2.7253
 846.000       2.6857
 847.000       2.8973
 849.000       3.0325
 850.000       3.2430
 853.000       3.0396
 854.000       2.8756
 855.000       3.4416
 857.000       3.3969
 859.000       3.6578
 861.000       3.7347
 862.000       3.8342
 863.000       4.1854
 864.000       3.6518
 865.000       3.8378
 866.000       4.0881
 869.000       4.0852
 871.000       3.7955
 872.000       3.7843
 874.000       3.5190
 875.000       3.3482
 877.000       3.1639
 879.000       3.1771
 880.000       3.0878
 883.000       3.3559
 884.000       3.5183
 885.000       3.7266
 886.000       4.1702
 888.000       4.1073
 890.000       4.3840
 892.000       4.5373
 893.000       4.7014
 894.000       5.1021
 895.000       4.4764
 896.000       4.7559
 897.000       5.0736
 900.000       5.0979
 902.000       4.7843
 903.000       4.7991
 905.000       4.5040
 906.000       4.2580
 908.000       4.0853
 909.000       4.2415
 910.000       4.2597
 911.000       4.1275
 912.000       4.5429
 914.000       4.7663
 915.000       5.0706
 918.000       4.7636
 919.000       4.4965
 920.000       5.1992
 922.000       5.1619
 924.000       5.4900
 926.000       5.5941
 927.000       5.7670
 928.000       6.1967
 929.000       5.5694
 930.000       5.7331
 931.000       5.9908
 934.000       5.9583
 936.000       5.6137
 937.000       5.5698
 939.000       5.2391
 940.000       5.0843
 942.000       4.8303
 944.000       4.7173
 945.000       4.5438
 946.000       4.8927
 948.000       5.1506
 949.000       5.3408
 950.000       6.0360
 952.000       5.9041
 954.000       6.2694
 956.000       6.4366
 957.000       6.6514
 958.000       7.0706
 959.000       6.5469
 960.000       6.5627
 961.000       6.7659
 964.000       6.6925
 966.000       6.3508
 967.000       6.2621
 969.000       5.9336
 970.000       5.8189
 972.000       5.5630
 973.000       5.5029
 974.000       5.3085
 975.000       5.1377
 976.000       5.3863
 978.000       5.6256
 979.000       5.7268
 982.000       5.8116
 983.000       5.7350
 984.000       6.7700
 986.000       6.5733
 988.000       6.8420
 990.000       7.1396
 993.000       6.4016
 994.000       6.2405
 997.000       5.8259
 999.000       5.9577
1000.000       5.9248
1002.000       6.2249
1003.000       6.6688
1005.000       7.1410
1006.000       7.0242
1007.000       7.5997
1008.000       8.3247
1011.000       7.6926
1012.000       7.2023
1014.000       6.5846
1015.000       6.4977
1016.000       5.5261
1018.000       5.7402
1020.000       6.0370
1022.000       5.4283
1023.000       5.2882
1024.000       5.5825
1025.000       5.2834
1026.000       5.1615
1027.000       5.2975
1030.000       5.3832
1032.000       5.4350
1033.000       5.5311
1035.000       5.4539
1036.000       5.2521
1038.000       5.3745
1040.000       5.7120
1041.000       5.9889
1044.000       5.9122
1045.000       5.7857
1046.000       6.1053
1047.000       5.2393
1049.000       5.5000
1051.000       5.9078
1053.000       5.3757
1054.000       5.2351
1055.000       5.5337
1056.000       4.9754
1057.000       5.2250
1058.000       5.5189
1061.000       5.5614
1063.000       5.5015
1064.000       5.4499
1066.000       5.1713
1067.000       4.9368
1069.000       4.7402
1071.000       4.7960
1072.000       4.6835
1075.000       5.0351
1076.000       5.2168
1077.000       5.4812
1078.000       5.3916
1080.000       5.4785
1082.000       5.8466
1084.000       5.5662
1085.000       5.4337
1086.000       5.7101
1087.000       5.1671
1088.000       5.4009
1089.000       5.6880
1092.000       5.6749
1094.000       5.5832
1095.000       5.4564
1097.000       5.1480
1098.000       4.9638
1100.000       4.7471
1101.000       4.7935
1102.000       4.7077
1103.000       4.5305
1106.000       4.8686
1107.000       5.0994
1109.000       5.2046
1110.000       5.0394
1111.000       5.4735
1113.000       5.4788
1115.000       5.8014
1117.000       5.6488
1118.000       5.4906
1119.000       5.7963
1120.000       5.2802
1121.000       5.3118
1122.000       5.5259
1125.000       5.3755
1127.000       5.2393
1128.000       5.0177
1130.000       4.7339
1131.000       4.6718
1133.000       4.4610
1135.000       4.2912
1136.000       4.1558
1137.000       4.3723
1139.000       4.5912
1140.000       4.7106
1141.000       5.1251
1143.000       4.9972
1145.000       5.2335
1147.000       5.2886
1148.000       5.0984
1149.000       5.4186
1150.000       4.8428
1151.000       4.9292
1152.000       5.1484
1155.000       5.0109
1157.000       4.8992
1158.000       4.6489
1160.000       4.3175
1161.000       4.2237
1163.000       3.9428
1164.000       3.8361
1165.000       3.5903
1166.000       3.3982
1167.000       3.6476
1169.000       3.9056
1170.000       3.9881
1173.000       4.1266
1174.000       4.0787
1175.000       4.7130
1177.000       4.6174
1179.000       4.8966
1181.000       4.8502
1182.000       4.6174
1183.000       4.8885
1184.000       4.4437
1185.000       4.3665
1186.000       4.4972
1189.000       4.2991
1191.000       4.1929
1192.000       3.9223
1194.000       3.6364
1195.000       3.6404
1197.000       3.4306
1199.000       3.1934
1200.000       3.0283
1203.000       3.1979
1204.000       3.4237
1205.000       3.4922
1206.000       4.0077
1208.000       3.8750
1210.000       4.0931
1212.000       4.1151
1213.000       3.9012
1214.000       4.1315
1215.000       3.7990
1216.000       3.6455
1217.000       3.7566
1220.000       3.5626
1222.000       3.4758
1223.000       3.2339
1225.000       3.0109
1226.000       3.0491
1228.000       2.9237
1230.000       2.7279
1231.000       2.6583
1234.000       2.6899
1235.000       2.8409
1236.000       2.8920
1237.000       3.3056
1239.000       3.1977
1241.000       3.3907
1243.000       3.3973
1244.000       3.2414
1245.000       3.4519
1246.000       3.1782
1247.000       3.0497
1248.000       3.1801
1251.000       3.0532
1253.000       2.9608
1254.000       2.8116
1256.000       2.6384
1257.000       2.6235
1259.000       2.5160
1260.000       2.4381
1261.000       2.3737
1262.000       2.3649
1263.000       2.4185
1265.000       2.5244
1266.000       2.6433
1269.000       2.5854
1270.000       2.5288
1271.000       2.9019
1273.000       2.8481
1275.000       3.0438
1277.000       3.0223
1278.000       2.9629
1279.000       3.1755
1280.000       2.8835
1281.000       2.8807
1282.000       3.0365
1285.000       2.9980
1287.000       2.8597
1288.000       2.7997
1290.000       2.6289
1291.000       2.5436
1293.000       2.4599
1294.000       2.4811
1295.000       2.4837
1296.000       2.4726
1297.000       2.5963
1299.000       2.7040
1300.000       2.8726
1303.000       2.7149
1304.000       2.5914
1305.000       2.9737
1307.000       2.9453
1309.000       3.1624
1311.000       3.1690
1312.000       3.1795
1313.000       3.4402
1314.000       3.0779
1315.000       3.1112
1316.000       3.2876
1319.000       3.2748
1321.000       3.1255
1322.000       3.0919
1324.000       2.8830
1325.000       2.7618
1327.000       2.6648
1328.000       2.7139
1329.000       2.7152
1330.000       2.6809
1331.000       2.8465
1333.000       2.9718
1334.000       3.1352
1337.000       2.9909
1338.000       2.8501
1339.000       3.2377
1341.000       3.2151
1343.000       3.7902
1345.000       3.6907
1346.000       3.7834
1347.000       4.4211
1348.000       3.7779
1349.000       3.4274
1350.000       3.6513
1353.000       3.3288
1355.000       3.2221
1356.000       2.9828
1358.000       2.8904
1359.000       2.7945
1361.000       2.9705
1363.000       3.3012
1364.000       3.7022
1367.000       3.5391
1368.000       3.3223
1369.000       3.7865
1370.000       2.9165
1372.000       2.8454
1374.000       3.0676
1376.000       2.9670
1377.000       2.8606
1378.000       3.0372
1379.000       2.9707
1380.000       2.6005
1381.000       2.4910
1384.000       2.3763
1386.000       2.4760
1387.000       2.4711
1389.000       2.6386
1390.000       2.7163
1392.000       2.9839
1394.000       3.1785
1395.000       3.5235
1398.000       3.1468
1399.000       2.8759
1400.000       2.9689
1401.000       2.3457
1403.000       2.3897
1405.000       2.3614
1407.000       2.2895
1408.000       2.3982
1409.000       2.6239
1410.000       2.4751
1411.000       2.2769
1412.000       2.2741
1415.000       2.1861
1417.000       2.1858
1418.000       2.1583
1420.000       2.1444
1421.000       2.1647
1423.000       2.2009
1424.000       2.1998
1425.000       2.2792
1426.000       2.3580
1429.000       2.3415
1430.000       2.3256
1432.000       2.2448
1433.000       2.1780
1434.000       2.1433
1436.000       2.1402
1438.000       2.2104
1440.000       2.1911
1441.000       2.2222
1442.000       2.3426
1443.000       2.2431
1444.000       2.1917
1445.000       2.2390
1448.000       2.2454
1450.000       2.2122
1451.000       2.2407
1453.000       2.2239
1454.000       2.1963
1456.000       2.2404
1457.000       2.2892
1458.000       2.3867
1459.000       2.4601
1462.000       2.4631
1463.000       2.4524
1465.000       2.3722
1466.000       2.2851
1467.000       2.2748
1469.000       2.2985
1471.000       2.3988
1473.000       2.3744
1474.000       2.4348
1475.000       2.5917
1476.000       2.4212
1477.000       2.4279
1478.000       2.5081
1481.000       2.5226
1483.000       2.4784
1484.000       2.4847
1486.000       2.4046
1487.000       2.3566
1489.000       2.3290
1490.000       2.3614
1491.000       2.3983
1492.000       2.4043
1495.000       2.4767
1496.000       2.5129
1498.000       2.4879
1499.000       2.4109
1500.000       2.5241
1502.000       2.5435
1504.000       2.6755
1506.000       2.6268
1507.000       2.6400
1508.000       2.7949
1509.000       2.6093
1510.000       2.6023
1511.000       2.6879
1514.000       2.6689
1516.000       2.6578
1517.000       2.6257
1519.000       2.5443
1520.000       2.5010
1522.000       2.4686
1524.000       2.4886
1525.000       2.5053
1528.000       2.5460
1529.000       2.5685
1530.000       2.6607
1531.000       2.5999
1533.000       2.6250
1535.000       2.7509
1537.000       2.6601
1538.000       2.6076
1539.000       2.7478
1540.000       2.5558
1541.000       2.5626
1542.000       2.6534
1545.000       2.6360
1547.000       2.6108
1548.000       2.5873
1550.000       2.4958
1551.000       2.4215
1553.000       2.3629
1555.000       2.3905
1556.000       2.3737
1559.000       2.4763
1560.000       2.5253
1561.000       2.6345
1562.000       2.5743
1564.000       2.5991
1566.000       2.7338
1568.000       2.6492
1569.000       2.6239
1570.000       2.7758
1571.000       2.5564
1572.000       2.6102
1573.000       2.6987
1576.000       2.7098
1578.000       2.6567
1579.000       2.6467
1581.000       2.5101
1582.000       2.4179
1584.000       2.3264
1586.000       2.3287
1587.000       2.2816
1590.000       2.4297
1591.000       2.5203
1592.000       2.6524
1593.000       2.6869
1595.000       2.7178
1597.000       2.8895
1599.000       2.8033
1600.000       2.8202
1601.000       3.0043
1602.000       2.7276
1603.000       2.8325
1604.000       2.9952
1607.000       3.0264
1609.000       2.9381
1610.000       2.9185
1612.000       2.7386
1613.000       2.6229
1615.000       2.5102
1616.000       2.5550
1617.000       2.5304
1618.000       2.4428
1621.000       2.6498
1622.000       2.7860
1624.000       2.8252
1625.000       2.7005
1626.000       3.0061
1628.000       3.0272
1630.000       3.2391
1632.000       3.1624
1633.000       3.1758
1634.000       3.3884
1635.000       3.0639
1636.000       3.1556
1637.000       3.3236
1640.000       3.2999
1642.000       3.1582
1643.000       3.0863
1645.000       2.8811
1646.000       2.8144
1648.000       2.6672
1650.000       2.5755
1651.000       2.4929
1652.000       2.6505
1654.000       2.7998
1655.000       2.8990
1656.000       3.2620
1658.000       3.2120
1660.000       3.4137
1662.000       3.4555
1663.000       3.4745
1664.000       3.7312
1665.000       3.3436
1666.000       3.4286
1667.000       3.6131
1670.000       3.5640
1672.000       3.4114
1673.000       3.3118
1675.000       3.0945
1676.000       3.0080
1678.000       2.8401
1679.000       2.8213
1680.000       2.7304
1681.000       2.6304
1684.000       2.7991
1685.000       2.9399
1687.000       3.0420
1688.000       2.9753
1689.000       3.5027
1691.000       3.4418
1693.000       3.6509
1695.000       3.7041
1696.000       3.7171
1697.000       3.9920
1698.000       3.5796
1699.000       3.6436
1700.000       3.8291
1703.000       3.7501
1705.000       3.5465
1706.000       3.4430
1708.000       3.2312
1709.000       3.1535
1711.000       2.9991
1712.000       2.9759
1713.000       2.8874
1714.000       2.8111
1715.000       2.9582
1717.000       3.0886
1718.000       3.1866
1721.000       3.1762
1722.000       3.1151
1723.000       3.7271
1725.000       3.6219
1727.000       3.8071
1729.000       3.9673
1730.000       4.0387
1731.000       4.3420
1732.000       3.9217
1733.000       3.9583
1734.000       4.1169
1737.000       4.0258
1739.000       3.7839
1740.000       3.6995
1742.000       3.5050
1743.000       3.4364
1745.000       3.2915
1746.000       3.2704
1747.000       3.1917
1748.000       3.1048
1749.000       3.2818
1751.000       3.4142
1752.000       3.5305
1755.000       3.4838
1756.000       3.4077
1757.000       4.0552
1759.000       3.9264
1761.000       4.0848
1763.000       4.3324
1764.000       4.4615
1765.000       4.7851
1766.000       4.3692
1767.000       4.3747
1768.000       4.5196
1771.000       4.4491
1773.000       4.1807
1774.000       4.1290
1776.000       3.9338
1777.000       3.8389
1779.000       3.6926
1780.000       3.6893
1781.000       3.6108
1782.000       3.5136
1783.000       3.7118
1785.000       3.8663
1786.000       3.9956
1789.000       3.9399
1790.000       3.8443
1791.000       4.5463
1793.000       4.4108
1795.000       4.5812
1797.000       4.8671
1798.000       5.0423
1799.000       5.3239
1800.000       5.0495
1801.000       4.9652
1802.000       5.0827
1805.000       5.0169
1807.000       4.7183
1808.000       4.6793
1810.000       4.4773
1811.000       4.4486
1813.000       4.3247
1815.000       4.2250
1816.000       4.1728
1819.000       4.2549
1820.000       4.3800
1821.000       4.4698
1822.000       5.1522
1824.000       5.0027
1826.000       5.1824
1828.000       5.4872
1829.000       5.7506
1830.000       6.0866
1831.000       5.8233
1832.000       5.5764
1833.000       5.5987
1836.000       5.4119
1838.000       5.0782
1839.000       4.9932
1841.000       4.8745
1842.000       5.0143
1844.000       4.9830
1846.000       4.8198
1847.000       4.8680
1848.000       4.6814
1850.000       4.6963
1851.000       4.6242
1852.000       5.5674
1854.000       5.3154
1856.000       5.3493
1858.000       5.8660
1859.000       6.2187
1860.000       6.4648
1861.000       6.3757
1862.000       6.1876
1863.000       6.2448
1866.000       6.3615
1868.000       6.7396
1869.000       6.7642
1871.000       6.7923
1872.000       6.8013
1874.000       6.9170
1875.000       6.9879
1876.000       7.1839
1877.000       7.3335
1878.000       7.2713
1880.000       7.1994
1881.000       7.3637
1884.000       7.0308
1885.000       6.9208
1886.000       6.0587
1888.000       6.3946
1890.000       6.5830
1892.000       5.7991
1893.000       5.4319
1894.000       5.3183
1895.000       5.2850
1896.000       5.5381
1897.000       5.7172
1900.000       5.8531
1902.000       6.0796
1903.000       6.0728
1905.000       5.9900
1906.000       5.9078
1908.000       5.9707
1909.000       6.0898
1910.000       6.2690
1911.000       6.3666
1912.000       6.4166
1914.000       6.4104
1915.000       6.6210
1918.000       6.2680
1919.000       6.1005
1920.000       5.6154
1922.000       5.8651
1924.000       6.1297
1926.000       5.5652
1927.000       5.3050
1928.000       5.4343
1929.000       5.0930
1930.000       5.3038
1931.000       5.5264
1934.000       5.5759
1936.000       5.6651
1937.000       5.6384
1939.000       5.5087
1940.000       5.3522
1942.000       5.3259
1944.000       5.4748
1945.000       5.5484
1948.000       5.6285
1949.000       5.6415
1950.000       5.8461
1951.000       5.3638
1953.000       5.5176
1955.000       5.8015
1957.000       5.4118
1958.000       5.2015
1959.000       5.4182
1960.000       5.0291
1961.000       5.0814
1962.000       5.2792
1965.000       5.2433
1967.000       5.2725
1968.000       5.1583
1970.000       4.9489
1971.000       4.8123
1973.000       4.7060
1974.000       4.7785
1975.000       4.8105
1976.000       4.7699
1977.000       4.9930
1979.000       5.1284
1980.000       5.3647
1983.000       5.1091
1984.000       4.9285
1985.000       4.9847
1987.000       5.0528
1989.000       5.3410
1991.000       5.0475
1992.000       4.8254
1993.000       5.0508
1994.000       4.6634
1995.000       4.6743
1996.000       4.8595
1999.000       4.7862
2001.000       4.7812
2002.000       4.6320
2004.000       4.4170
2005.000       4.2965
2007.000       4.1789
2008.000       4.2197
2009.000       4.2153
2010.000       4.1698
2011.000       4.3720
2013.000       4.5240
2014.000       4.7319
2017.000       4.5373
2018.000       4.3736
2019.000       4.5151
2021.000       4.5321
2023.000       4.8098
2025.000       4.6010
2026.000       4.4124
2027.000       4.6505
2028.000       4.3691
2029.000       4.2252
2030.000       4.3949
2033.000       4.3961
2035.000       4.4223
2036.000       4.4499
2038.000       4.3493
2039.000       4.1899
2041.000       4.2832
2043.000       4.5442
2044.000       4.7781
2045.000       4.6880
2047.000       4.6141
2048.000       4.9182
2049.000       4.1941
2051.000       4.3624
2053.000       4.7209
2055.000       4.2918
2056.000       4.0982
2057.000       4.3524
2058.000       3.8703
2059.000       4.0232
2060.000       4.2427
2063.000       4.2229
2065.000       4.1819
2066.000       4.0661
2068.000       3.8180
2069.000       3.6501
2071.000       3.4735
2073.000       3.4801
2074.000       3.3761
2077.000       3.6507
2078.000       3.8174
2079.000       4.0157
2080.000       4.0086
2082.000       4.0300
2084.000       4.3162
2086.000       4.1280
2087.000       3.9644
2088.000       4.1944
2089.000       3.7627
2090.000       3.8740
2091.000       4.0746
2094.000       4.0051
2096.000       3.9398
2097.000       3.7977
2099.000       3.5631
2100.000       3.4652
2102.000       3.2911
2104.000       3.2249
2105.000       3.1052
2108.000       3.3276
2109.000       3.4907
2110.000       3.6148
2111.000       3.7966
2113.000       3.7699
2115.000       3.9946
2117.000       3.9081
2118.000       3.7564
2119.000       3.9727
2120.000       3.6145
2121.000       3.6140
2122.000       3.7456
2125.000       3.6350
2127.000       3.5741
2128.000       3.4172
2130.000       3.2183
2131.000       3.1746
2133.000       3.0314
2135.000       2.9305
2136.000       2.8300
2139.000       2.9839
2140.000       3.1255
2141.000       3.2122
2142.000       3.4480
2144.000       3.3956
2146.000       3.5794
2148.000       3.5430
2149.000       3.4201
2150.000       3.6159
2151.000       3.3386
2152.000       3.2669
2153.000       3.3870
2156.000       3.2766
2158.000       3.2061
2159.000       3.0891
2161.000       2.9353
2162.000       2.9023
2164.000       2.7994
2166.000       2.7163
2167.000       2.6649
2168.000       2.7770
2170.000       2.8846
2171.000       2.9833
2172.000       3.1361
2174.000       3.0939
2176.000       3.2661
2178.000       3.2356
2179.000       3.1770
2180.000       3.3688
2181.000       3.0815
2182.000       3.1202
2183.000       3.2476
2186.000       3.2508
2188.000       3.1848
2189.000       3.1515
2191.000       2.9765
2192.000       2.8661
2194.000       2.7459
2195.000       2.7840
2196.000       2.7458
2197.000       2.6514
2198.000       2.8811
2200.000       3.0366
2201.000       3.2066
2204.000       3.0712
2205.000       2.9359
2206.000       3.1847
2208.000       3.2117
2210.000       3.4243
2212.000       3.3104
2213.000       3.2772
2214.000       3.4801
2215.000       3.1624
2216.000       3.2361
2217.000       3.4025
2220.000       3.3714
2222.000       3.2642
2223.000       3.1819
2225.000       2.9696
2226.000       2.8853
2228.000       2.7269
2230.000       2.6318
2231.000       2.5218
2232.000       2.7294
2234.000       2.8996
2235.000       3.0220
2236.000       3.2873
2238.000       3.2561
2240.000       3.4598
2242.000       3.4412
2243.000       3.4104
2244.000       3.6465
2245.000       3.2818
2246.000       3.3340
2247.000       3.4956
2250.000       3.4206
2252.000       3.3104
2253.000       3.1815
2255.000       2.9753
2256.000       2.9083
2258.000       2.7293
2259.000       2.6753
2260.000       2.5316
2261.000       2.4165
2262.000       2.5837
2264.000       2.7477
2265.000       2.8069
2268.000       2.8797
2269.000       2.8350
2270.000       3.3023
2272.000       3.2230
2274.000       3.4199
2276.000       3.4595
2277.000       3.3828
2278.000       3.5970
2279.000       3.2732
2280.000       3.4193
2281.000       3.3711
2284.000       3.5124
2286.000       3.5413
2287.000       3.7589
2289.000       3.8758
2290.000       3.8116
2292.000       4.0176
2294.000       4.2987
2295.000       4.5842
2298.000       4.3900
2299.000       4.1773
2300.000       4.3605
2301.000       3.7457
2303.000       3.8386
2305.000       3.9845
2307.000       3.9348
2308.000       4.0340
2309.000       4.0687
2310.000       4.5097
2311.000       3.7320
2312.000       3.6544
2315.000       3.4856
2317.000       3.3398
2318.000       3.1913
2320.000       3.0186
2321.000       2.9980
2323.000       2.8507
2324.000       2.7709
2325.000       2.6362
2326.000       2.5456
2327.000       2.6396
2329.000       2.7528
2330.000       2.7705
2333.000       2.8739
2334.000       2.8769
2335.000       3.3790
2337.000       3.2483
2339.000       3.3954
2341.000       3.5418
2342.000       3.5454
2343.000       3.7661
2344.000       3.4973
2345.000       3.4182
2346.000       3.4974
2349.000       3.3930
2351.000       3.2778
2352.000       3.1549
2354.000       3.0076
2355.000       2.9996
2357.000       2.8711
2358.000       2.7870
2359.000       2.6669
2360.000       2.6015
2361.000       2.6685
2363.000       2.7648
2364.000       2.7868
2367.000       2.8715
2368.000       2.8768
2369.000       3.3279
2371.000       3.2274
2373.000       3.3435
2375.000       3.4742
2376.000       3.4656
2377.000       3.6703
2378.000       3.4317
2379.000       3.3173
2380.000       3.3670
2383.000       3.2338
2385.000       3.0998
2386.000       2.9707
2388.000       2.8353
2389.000       2.8741
2391.000       2.7823
2393.000       2.6362
2394.000       2.5775
2395.000       2.6119
2397.000       2.7078
2398.000       2.7178
2399.000       3.1878
2401.000       3.0570
2403.000       3.1571
2405.000       3.3437
2406.000       3.3993
2407.000       3.7211
2408.000       3.5798
2409.000       3.0340
2410.000       2.9996
2413.000       2.7218
2415.000       2.5715
2416.000       2.4223
2418.000       2.4217
2419.000       2.6009
2421.000       2.7703
2423.000       2.7615
2424.000       3.0541
2427.000       2.6125
2428.000       2.4344
2429.000       2.4514
2430.000       2.6071
2432.000       2.4587
2434.000       2.5747
2436.000       2.7236
2437.000       2.7125
2438.000       2.8735
2439.000       2.8545
2440.000       2.4939
2441.000       2.4137
2444.000       2.2999
2446.000       2.2332
2447.000       2.2487
2449.000       2.3127
2450.000       2.4146
2452.000       2.5293
2453.000       2.5047
2454.000       2.6740
2455.000       2.8563
2456.000       2.7212
2458.000       2.6305
2459.000       2.8047
2462.000       2.4585
2463.000       2.3907
2464.000       2.3944
2466.000       2.3074
2468.000       2.2432
2470.000       2.3452
2471.000       2.4851
2472.000       2.7145
2473.000       2.5289
2474.000       2.4008
2475.000       2.2874
2478.000       2.1550
2480.000       2.0674
2481.000       1.9791
2483.000       1.8926
2484.000       1.8783
2486.000       1.8347
2487.000       1.8267
2488.000       1.8348
2489.000       1.8490
2492.000       1.8699
2493.000       1.8923
2495.000       1.8916
2496.000       1.8575
2497.000       2.0961
2499.000       2.0141
2501.000       2.1000
2503.000       2.1888
2504.000       2.2143
2505.000       2.3490
2506.000       2.2242
2507.000       2.1408
2508.000       2.1748
2511.000       2.1056
2513.000       2.0337
2514.000       1.9715
2516.000       1.9080
2517.000       1.8939
2519.000       1.8496
2520.000       1.8423
2521.000       1.8434
2522.000       1.8449
2525.000       1.8846
2526.000       1.9152
2528.000       1.9175
2529.000       1.8777
2530.000       2.0902
2532.000       2.0266
2534.000       2.0926
2536.000       2.1991
2537.000       2.2359
2538.000       2.3968
2539.000       2.2276
2540.000       2.1712
2541.000       2.2170
2544.000       2.1662
2546.000       2.0786
2547.000       2.0531
2549.000       1.9894
2550.000       1.9656
2552.000       1.9286
2553.000       1.9310
2554.000       1.9422
2555.000       1.9391
2558.000       2.0005
2559.000       2.0397
2561.000       2.0297
2562.000       1.9727
2563.000       2.1826
2565.000       2.1403
2567.000       2.2362
2569.000       2.3029
2570.000       2.3792
2571.000       2.5364
2572.000       2.3911
2573.000       2.3449
2574.000       2.4055
2577.000       2.3924
2579.000       2.3080
2580.000       2.3122
2582.000       2.2348
2583.000       2.1989
2585.000       2.1588
2587.000       2.1543
2588.000       2.1553
2589.000       2.2044
2591.000       2.2480
2592.000       2.3417
2593.000       2.4286
2595.000       2.4182
2597.000       2.5395
2599.000       2.5603
2600.000       2.6413
2601.000       2.8113
2602.000       2.6374
2603.000       2.6063
2604.000       2.6786
2607.000       2.6553
2609.000       2.5408
2610.000       2.5239
2612.000       2.4278
2613.000       2.4022
2615.000       2.3591
2617.000       2.3339
2618.000       2.3349
2619.000       2.3612
2621.000       2.4161
2622.000       2.4967
2623.000       2.6970
2625.000       2.6557
2627.000       2.7800
2629.000       2.8585
2630.000       2.9598
2631.000       3.1482
2632.000       2.9286
2633.000       2.9346
2634.000       3.0152
2637.000       2.9561
2639.000       2.8502
2640.000       2.7908
2642.000       2.6884
2643.000       2.6914
2645.000       2.6147
2647.000       2.5351
2648.000       2.4864
2651.000       2.5414
2652.000       2.6151
2653.000       2.6466
2654.000       2.9625
2656.000       2.8909
2658.000       2.9792
2660.000       3.0854
2661.000       3.1327
2662.000       3.3486
2663.000       3.1317
2664.000       3.0218
2665.000       3.0795
2668.000       2.9946
2670.000       2.9204
2671.000       3.0191
2673.000       2.8677
2674.000       2.8601
2676.000       2.7678
2677.000       2.7091
2678.000       2.6752
2679.000       2.6764
2682.000       2.7103
2683.000       2.7714
2685.000       2.8097
2686.000       2.7736
2687.000       3.0533
2689.000       3.2557
2691.000       3.6234
2693.000       2.9147
2694.000       3.1018
2695.000       3.1897
2696.000       3.5081
2697.000       3.2618
2698.000       3.7016
2701.000       4.0271
2703.000       4.3191
2704.000       4.9137
2706.000       5.2520
2707.000       5.0271
2709.000       5.7365
2711.000       6.6086
2712.000       7.3899
2713.000       6.7279
2715.000       6.1626
2716.000       6.6693
2717.000       4.1768
2719.000       4.9161
2721.000       5.5045
2723.000       4.3333
2724.000       4.3121
2725.000       4.8118
2726.000       3.8335
2727.000       4.8402
2728.000       5.6570
2731.000       6.2859
2733.000       6.3337
2734.000       6.7845
2736.000       6.4318
2737.000       5.6204
2739.000       5.6322
2741.000       6.4994
2742.000       6.8216
2745.000       7.2005
2746.000       7.1773
2747.000       7.9816
2748.000       6.2567
2750.000       6.9538
2752.000       7.8831
2754.000       6.6531
2755.000       6.3809
2756.000       7.0565
2757.000       5.6850
2758.000       6.4901
2759.000       7.3305
2762.000       7.5734
2764.000       7.4392
2765.000       7.4648
2767.000       6.7572
2768.000       6.0009
2770.000       5.5083
2772.000       5.8909
2773.000       5.6926
2776.000       6.6688
2777.000       7.0728
2778.000       7.8752
2779.000       7.2531
2781.000       7.6192
2783.000       8.5502
2785.000       7.6863
2786.000       7.3066
2787.000       8.0103
2788.000       6.6316
2789.000       7.2031
2790.000       7.9840
2793.000       8.0466
2795.000       7.7613
2796.000       7.4907
2798.000       6.5864
2799.000       5.9941
2801.000       5.3834
2802.000       5.5885
2803.000       5.3809
2804.000       4.9185
2805.000       6.0389
2807.000       6.7763
2808.000       7.4868
2811.000       6.9785
2812.000       6.3590
2813.000       7.6757
2815.000       7.7550
2817.000       8.6887
2819.000       8.2472
2820.000       8.0491
2821.000       8.7707
2822.000       7.3403
2823.000       8.1351
2824.000       8.9816
2827.000       9.1591
2829.000       8.7790
2830.000       8.6952
2832.000       7.8878
2833.000       7.2123
2835.000       6.6379
2837.000       6.7861
2838.000       6.4617
2841.000       7.4570
2842.000       8.0007
2843.000       8.7365
2844.000       8.9469
2846.000       8.9848
2848.000       9.8358
2850.000       9.6102
2851.000       9.6311
2852.000      10.4994
2853.000       9.2818
2854.000       9.2778
2855.000       9.8204
2858.000       9.5037
2860.000       8.9195
2861.000       8.5334
2863.000       7.8206
2864.000       7.6200
2866.000       7.2015
2868.000       6.9662
2869.000       6.8114
2872.000       7.1581
2873.000       7.5878
2874.000       7.9715
2875.000       9.2389
2877.000       8.8925
2879.000       9.5127
2881.000       9.9140
2882.000       9.9338
2883.000      10.7651
2884.000       9.3986
2885.000       9.8136
2886.000      10.4619
2889.000      10.3681
2891.000       9.7808
2892.000       9.5202
2894.000       8.8354
2895.000       8.5486
2897.000       8.0871
2898.000       8.0256
2899.000       7.7402
2900.000       7.4993
2901.000       7.9471
2903.000       8.4073
2904.000       8.6983
2907.000       8.7219
2908.000       8.4919
2909.000      10.3056
2911.000      10.0435
2913.000      10.6761
2915.000      11.0578
2916.000      11.2305
2917.000      12.0837
2918.000      10.6600
2919.000      11.2795
2920.000      11.9994
2923.000      12.1014
2925.000      11.4484
2926.000      11.3119
2928.000      10.5384
2929.000      10.1611
2931.000       9.5931
2932.000       9.5681
2933.000       9.1756
2934.000       8.7754
2935.000       9.4302
2937.000      10.0113
2938.000      10.2954
2941.000      10.4141
2942.000      10.1521
2943.000      12.2647
2945.000      12.0472
2947.000      12.7472
2949.000      13.1549
2950.000      13.5196
2951.000      14.4534
2952.000      12.8568
2953.000      13.7153
2954.000      14.5509
2957.000      14.6771
2959.000      13.8823
2960.000      13.6653
2962.000      12.7219
2963.000      12.3740
2965.000      11.6038
2966.000      11.4100
2967.000      10.7838
2968.000      10.1801
2971.000      10.8825
2972.000      11.5864
2974.000      12.2339
2975.000      12.0964
2976.000      14.8496
2978.000      14.5052
2980.000      15.2907
2982.000      15.8856
2983.000      16.2746
2984.000      17.0399
2985.000      16.0368
2986.000      16.1971
2987.000      17.0452
2990.000      16.9235
2992.000      16.4382
2993.000      15.8052
2995.000      14.9145
2996.000      14.7258
2998.000      14.0284
2999.000      13.6771
3000.000      12.9985
3001.000      12.5681
3002.000      13.0003
3004.000      13.6301
3005.000      13.7279
3008.000      14.2845
3009.000      14.2458
3010.000      16.4566
3012.000      15.9147
3014.000      16.3778
3016.000      17.1531
