   2.000       3.6838
   3.000       3.7162
   6.000       3.5736
   8.000       3.5823
   9.000       3.3787
  11.000       3.1668
  12.000       3.1641
  14.000       2.9939
  15.000       2.8736
  16.000       2.7211
  17.000       2.6392
  18.000       2.7440
  20.000       2.8941
  21.000       2.9696
  24.000       3.0178
  25.000       2.9984
  26.000       3.2856
  28.000       3.2647
  30.000       3.4905
  32.000       3.3451
  33.000       3.1772
  34.000       3.3817
  35.000       3.0935
  36.000       3.0002
  37.000       3.1037
  40.000       2.9934
  42.000       2.9359
  43.000       2.7721
  45.000       2.5578
  46.000       2.5441
  48.000       2.4115
  50.000       2.2601
  51.000       2.1732
  54.000       2.2834
  55.000       2.4440
  56.000       2.5455
  57.000       2.8001
  59.000       2.7551
  61.000       2.9790
  63.000       2.9141
  64.000       2.8086
  65.000       3.0528
  66.000       2.6912
  67.000       2.6802
  68.000       2.8358
  71.000       2.7361
  73.000       2.6028
  74.000       2.4250
  76.000       2.1739
  77.000       2.1413
  79.000       1.9507
  80.000       1.8303
  81.000       1.6551
  82.000       1.5687
  83.000       1.6713
  85.000       1.8407
  86.000       1.9054
  89.000       2.0076
  90.000       1.9840
  91.000       2.5846
  93.000       2.4863
  95.000       2.7206
  97.000       2.7778
  98.000       2.7182
  99.000       3.0151
 100.000       2.6292
 101.000       2.5036
 102.000       2.6164
 105.000       2.3954
 107.000       2.1943
 108.000       1.9776
 110.000       1.7737
 111.000       1.8067
 113.000       1.6625
 115.000       1.4778
 116.000       1.4079
 119.000       1.4492
 120.000       1.5996
 121.000       1.6399
 122.000       2.2716
 124.000       2.0431
 126.000       2.1562
 128.000       2.4818
 129.000       2.5716
 130.000       2.8062
 131.000       2.7100
 132.000       2.2886
 133.000       2.1787
 136.000       1.9509
 138.000       1.7861
 139.000       1.7842
 141.000       1.7947
 142.000       1.9939
 144.000       2.0219
 145.000       1.8128
 146.000       1.7925
 147.000       1.9727
 150.000       1.6710
 151.000       1.5671
 153.000       1.5595
 154.000       1.6803
 155.000       2.0523
 157.000       2.0299
 159.000       2.0944
 161.000       1.9730
 162.000       2.0384
 163.000       2.2167
 164.000       2.1062
 165.000       1.9013
 166.000       1.9721
 169.000       1.8880
 171.000       1.8160
 172.000       1.7124
 174.000       1.5778
 175.000       1.5905
 177.000       1.5013
 179.000       1.3894
 180.000       1.3480
 183.000       1.4075
 184.000       1.5045
 185.000       1.5847
 186.000       1.8154
 188.000       1.7654
 190.000       1.9262
 192.000       1.9506
 193.000       1.9968
 194.000       2.2136
 195.000       2.0337
 196.000       1.8784
 197.000       1.9007
 200.000       1.7935
 202.000       1.6774
 203.000       1.6373
 205.000       1.5904
 206.000       1.6727
 208.000       1.7031
 210.000       1.6458
 211.000       1.7347
 212.000       1.5636
 214.000       1.5374
 215.000       1.5472
 216.000       1.8129
 218.000       1.7743
 220.000       1.8710
 222.000       1.8815
 223.000       1.9461
 224.000       2.0899
 225.000       2.0465
 226.000       1.9044
 227.000       1.9476
 230.000       1.9341
 232.000       1.8645
 233.000       1.8334
 235.000       1.7892
 236.000       1.8110
 238.000       1.8765
 239.000       1.8853
 240.000       2.0368
 241.000       2.1828
 242.000       2.1254
 244.000       2.1110
 245.000       2.3314
 248.000       1.9789
 249.000       1.8486
 250.000       1.9783
 252.000       1.8817
 254.000       2.0113
 256.000       2.1682
 257.000       2.4318
 258.000       2.5128
 259.000       2.6884
 260.000       2.4461
 261.000       2.2433
 264.000       2.2752
 266.000       2.2364
 267.000       2.2160
 269.000       2.0716
 270.000       1.9746
 272.000       1.8873
 273.000       1.9276
 274.000       1.9266
 275.000       1.8946
 276.000       2.0365
 278.000       2.1474
 279.000       2.2862
 282.000       2.1638
 283.000       2.0469
 284.000       2.2377
 286.000       2.2625
 288.000       2.4274
 290.000       2.3552
 291.000       2.3611
 292.000       2.5376
 293.000       2.2910
 294.000       2.3152
 295.000       2.4308
 298.000       2.3782
 300.000       2.3101
 301.000       2.2203
 303.000       2.0670
 304.000       2.0347
 306.000       1.9152
 308.000       1.8379
 309.000       1.7669
 312.000       1.8901
 313.000       1.9994
 314.000       2.0800
 315.000       2.2905
 317.000       2.2517
 319.000       2.4148
 321.000       2.4123
 322.000       2.3847
 323.000       2.5723
 324.000       2.3372
 325.000       2.2831
 326.000       2.3630
 329.000       2.2660
 331.000       2.2013
 332.000       2.0761
 334.000       1.9474
 335.000       1.9507
 337.000       1.8403
 338.000       1.7591
 339.000       1.6620
 340.000       1.6240
 341.000       1.6566
 343.000       1.7331
 344.000       1.7516
 347.000       1.8233
 348.000       1.8302
 349.000       2.1663
 351.000       2.0861
 353.000       2.2012
 355.000       2.2760
 356.000       2.2666
 357.000       2.4623
 358.000       2.2666
 359.000       2.1142
 360.000       2.1308
 363.000       1.9998
 365.000       1.9020
 366.000       1.7755
 368.000       1.6741
 369.000       1.7280
 371.000       1.6700
 373.000       1.5529
 374.000       1.5307
 377.000       1.5056
 378.000       1.5669
 379.000       1.5698
 380.000       1.9320
 382.000       1.8127
 384.000       1.8977
 386.000       2.0468
 387.000       2.0874
 388.000       2.2569
 389.000       2.1928
 390.000       1.9009
 391.000       1.8540
 394.000       1.6888
 396.000       1.5895
 397.000       1.4981
 399.000       1.5226
 400.000       1.6544
 402.000       1.7474
 404.000       1.7217
 405.000       1.8640
 406.000       1.5987
 408.000       1.4947
 409.000       1.4646
 410.000       1.6882
 412.000       1.5414
 414.000       1.5090
 416.000       1.7851
 417.000       1.8549
 418.000       2.0687
 419.000       1.9441
 420.000       1.6691
 421.000       1.6596
 424.000       1.5481
 426.000       1.4824
 427.000       1.4556
 429.000       1.4549
 430.000       1.5148
 432.000       1.5822
 433.000       1.5580
 434.000       1.6704
 435.000       1.8115
 436.000       1.6938
 438.000       1.6293
 439.000       1.7360
 442.000       1.5306
 443.000       1.4887
 444.000       1.5596
 446.000       1.5392
 448.000       1.6384
 450.000       1.6600
 451.000       1.6989
 452.000       1.9277
 453.000       1.6839
 454.000       1.6153
 455.000       1.7476
 458.000       1.7010
 460.000       1.6092
 461.000       1.5874
 463.000       1.4459
 464.000       1.3921
 466.000       1.3291
 468.000       1.3211
 469.000       1.3370
 472.000       1.3871
 473.000       1.4504
 474.000       1.5838
 475.000       1.7051
 477.000       1.7060
 479.000       1.9124
 481.000       1.8898
 482.000       1.8945
 483.000       2.1578
 484.000       1.8379
 485.000       1.8238
 486.000       1.9614
 489.000       1.9327
 491.000       1.8820
 492.000       1.7862
 494.000       1.6103
 495.000       1.5828
 497.000       1.4707
 498.000       1.4207
 499.000       1.3781
 500.000       1.3699
 501.000       1.4444
 503.000       1.5388
 504.000       1.6562
 507.000       1.5856
 508.000       1.5173
 509.000       1.8620
 511.000       1.8396
 513.000       2.0437
 515.000       2.0320
 516.000       2.0570
 517.000       2.3124
 518.000       2.0218
 519.000       1.9474
 520.000       2.0583
 523.000       1.9757
 525.000       1.8247
 526.000       1.7288
 528.000       1.5569
 529.000       1.5337
 531.000       1.4492
 533.000       1.3872
 534.000       1.3899
 537.000       1.4201
 538.000       1.5025
 539.000       1.6051
 540.000       1.9649
 542.000       1.8719
 544.000       2.0399
 546.000       2.1841
 547.000       2.2877
 548.000       2.5662
 549.000       2.2602
 550.000       2.2106
 551.000       2.3297
 554.000       2.2615
 556.000       2.0586
 557.000       2.0168
 559.000       1.8547
 560.000       1.8158
 562.000       1.7295
 564.000       1.6873
 565.000       1.6791
 568.000       1.7423
 569.000       1.8218
 570.000       1.9345
 571.000       2.3228
 573.000       2.2227
 575.000       2.3887
 577.000       2.5809
 578.000       2.7971
 579.000       3.0298
 580.000       2.8527
 581.000       2.8218
 582.000       2.9429
 585.000       3.0489
 587.000       2.8792
 588.000       3.0358
 590.000       2.9534
 591.000       2.8532
 593.000       2.8848
 595.000       3.0251
 596.000       3.1415
 597.000       3.1291
 599.000       3.1043
 600.000       3.3001
 601.000       3.2670
 603.000       3.3245
 605.000       3.5495
 607.000       3.5485
 608.000       3.7575
 609.000       4.1547
 610.000       3.6703
 611.000       3.7070
 612.000       3.8589
 615.000       3.9027
 617.000       4.1613
 618.000       4.0810
 620.000       4.2731
 621.000       4.2665
 623.000       4.5216
 625.000       4.8159
 626.000       5.1244
 627.000       4.8485
 629.000       4.5985
 630.000       4.7765
 631.000       3.6325
 633.000       3.6911
 635.000       3.6994
 637.000       3.7620
 638.000       3.7672
 639.000       4.0431
 640.000       3.8292
 641.000       3.5113
 642.000       3.5020
 645.000       3.3411
 647.000       3.1029
 648.000       3.0828
 650.000       3.0302
 651.000       3.1287
 653.000       3.2306
 655.000       3.2240
 656.000       3.4358
 659.000       3.1417
 660.000       3.0367
 661.000       3.0826
 662.000       3.4694
 664.000       3.3331
 666.000       3.4776
 668.000       3.5804
 669.000       3.9657
 670.000       4.3183
 671.000       4.1599
 672.000       3.8815
 673.000       3.8830
 676.000       3.7966
 678.000       3.8084
 679.000       3.7892
 681.000       3.6708
 682.000       3.9530
 684.000       3.9960
 685.000       3.6796
 686.000       3.7323
 687.000       4.1200
 688.000       3.4396
 690.000       3.1390
 691.000       2.9806
 694.000       3.1654
 695.000       3.4329
 696.000       3.5202
 698.000       3.6924
 700.000       4.1217
 702.000       3.6538
 703.000       3.5455
 704.000       3.7181
 705.000       3.8420
 706.000       3.2205
 707.000       3.2203
 710.000       2.9257
 712.000       2.7278
 713.000       2.5390
 715.000       2.3761
 716.000       2.3958
 718.000       2.2398
 719.000       2.0980
 720.000       1.9334
 721.000       1.8776
 722.000       1.9072
 724.000       2.0266
 725.000       2.0560
 728.000       2.1670
 729.000       2.1929
 730.000       2.9000
 732.000       2.7074
 734.000       2.6265
 736.000       2.8620
 737.000       2.9810
 738.000       3.0784
 739.000       3.2925
 740.000       2.7534
 741.000       2.5812
 744.000       2.4228
 746.000       2.3065
 747.000       2.1381
 749.000       1.9596
 750.000       1.9922
 752.000       1.8505
 753.000       1.7021
 754.000       1.5560
 755.000       1.5212
 756.000       1.5291
 758.000       1.6330
 759.000       1.6705
 762.000       1.7605
 763.000       1.7841
 764.000       2.3090
 766.000       2.1896
 768.000       2.3448
 770.000       2.4740
 771.000       2.5084
 772.000       2.7619
 773.000       2.5093
 774.000       2.3431
 775.000       2.4088
 778.000       2.2664
 780.000       2.0950
 781.000       1.9696
 783.000       1.8242
 784.000       1.8726
 786.000       1.7985
 788.000       1.6564
 789.000       1.6392
 792.000       1.6153
 793.000       1.7022
 794.000       1.7390
 795.000       2.2397
 797.000       2.1067
 799.000       2.2414
 801.000       2.4310
 802.000       2.5204
 803.000       2.7848
 804.000       2.5566
 805.000       2.3507
 806.000       2.4040
 809.000       2.2683
 811.000       2.0630
 812.000       1.9496
 814.000       1.8086
 815.000       1.8617
 817.000       1.7716
 818.000       1.6345
 819.000       1.5430
 820.000       1.5652
 821.000       1.5029
 823.000       1.5519
 824.000       1.5885
 827.000       1.6376
 828.000       1.6673
 829.000       2.3093
 831.000       2.1434
 833.000       2.2558
 835.000       2.5514
 836.000       2.6893
 837.000       3.0280
 838.000       2.8010
 839.000       2.4426
 840.000       2.4658
 843.000       2.3302
 845.000       2.1829
 846.000       2.1918
 848.000       2.1878
 849.000       2.2294
 851.000       2.3847
 853.000       2.4975
 854.000       2.7595
 857.000       2.4875
 858.000       2.3333
 859.000       2.4712
 860.000       2.3511
 862.000       2.2818
 864.000       2.4919
 866.000       2.5673
 867.000       2.5052
 868.000       2.9195
 869.000       2.4413
 870.000       2.2992
 871.000       2.4754
 874.000       2.4324
 876.000       2.4562
 877.000       2.5402
 879.000       2.6001
 880.000       2.4973
 882.000       2.7776
 884.000       3.1699
 885.000       3.5824
 888.000       3.2979
 889.000       3.0155
 890.000       3.2874
 891.000       2.2941
 893.000       2.4662
 895.000       2.7111
 897.000       2.3641
 898.000       2.3225
 899.000       2.5837
 900.000       2.3995
 901.000       2.1071
 902.000       2.1965
 905.000       2.0671
 907.000       2.0021
 908.000       1.8889
 910.000       1.8132
 911.000       1.8629
 913.000       1.9233
 914.000       1.9324
 915.000       2.1605
 916.000       2.3314
 919.000       2.3833
 920.000       2.3727
 922.000       2.1391
 923.000       1.9053
 924.000       1.9501
 926.000       1.9019
 928.000       2.0710
 930.000       2.0939
 931.000       2.0970
 932.000       2.3631
 933.000       2.1451
 934.000       1.9921
 935.000       2.1422
 938.000       2.1545
 940.000       2.0709
 941.000       2.0641
 943.000       1.9308
 944.000       1.8688
 946.000       1.9237
 947.000       2.0223
 948.000       2.2831
 949.000       2.3912
 952.000       2.6184
 953.000       2.7047
 955.000       2.4657
 956.000       2.0920
 957.000       2.1729
 959.000       2.1985
 961.000       2.4295
 963.000       2.3897
 964.000       2.5298
 965.000       2.7893
 966.000       2.5661
 967.000       2.4683
 968.000       2.5842
 971.000       2.5530
 973.000       2.4343
 974.000       2.3673
 976.000       2.4393
 977.000       2.4951
 979.000       2.6680
 981.000       2.8349
 982.000       3.0905
 983.000       2.8137
 985.000       2.6134
 986.000       2.7138
 987.000       2.5914
 989.000       2.4087
 991.000       2.5794
 993.000       3.0591
 994.000       3.3932
 995.000       4.0895
 996.000       3.6502
 997.000       2.9658
 998.000       3.0244
1001.000       2.8671
1003.000       2.8585
1004.000       2.8560
1006.000       3.0148
1007.000       3.0408
1009.000       3.3650
1011.000       3.7128
1012.000       4.1858
1015.000       3.7565
1016.000       3.3934
1017.000       3.5855
1018.000       2.6743
1020.000       2.6813
1022.000       2.7895
1024.000       2.8688
1025.000       2.9279
1026.000       3.3986
1027.000       3.0523
1028.000       2.4812
1029.000       2.5473
1032.000       2.1760
1034.000       1.9700
1035.000       1.7032
1037.000       1.5546
1038.000       1.6341
1040.000       1.6056
1041.000       1.4812
1042.000       1.5349
1043.000       1.6936
1044.000       1.5415
1046.000       1.5109
1047.000       1.6631
1050.000       1.4751
1051.000       1.4499
1052.000       1.9413
1054.000       1.6452
1056.000       1.8131
1058.000       2.1569
1059.000       2.1965
1060.000       2.5573
1061.000       2.3390
1062.000       1.8583
1063.000       1.8399
1066.000       1.6254
1068.000       1.6001
1069.000       1.6097
1071.000       1.6738
1072.000       1.7422
1074.000       1.9724
1076.000       2.1560
1077.000       2.4764
1078.000       2.1159
1080.000       1.9013
1081.000       2.0863
1082.000       1.5393
1084.000       1.6672
1086.000       1.9652
1088.000       1.6143
1089.000       1.6456
1090.000       2.0163
1091.000       1.7397
1092.000       1.5067
1093.000       1.4699
1096.000       1.4084
1098.000       1.4258
1099.000       1.3715
1101.000       1.3230
1102.000       1.3253
1104.000       1.3334
1105.000       1.3320
1106.000       1.3946
1107.000       1.4607
1110.000       1.4562
1111.000       1.4577
1113.000       1.4052
1114.000       1.3349
1115.000       1.3515
1117.000       1.3628
1119.000       1.4756
1121.000       1.4234
1122.000       1.4347
1123.000       1.5545
1124.000       1.5059
1125.000       1.3882
1126.000       1.4263
1129.000       1.4197
1131.000       1.3749
1132.000       1.3593
1134.000       1.2992
1135.000       1.3006
1137.000       1.2897
1138.000       1.2837
1139.000       1.3211
1140.000       1.3685
1141.000       1.3618
1143.000       1.3657
1144.000       1.4480
1147.000       1.3386
1148.000       1.2933
1149.000       1.4584
1151.000       1.4599
1153.000       1.5772
1155.000       1.5997
1156.000       1.7041
1157.000       1.9021
1158.000       1.6971
1159.000       1.6884
1160.000       1.7790
1163.000       1.7576
1165.000       1.6535
1166.000       1.6470
1168.000       1.5720
1169.000       1.5389
1171.000       1.5104
1173.000       1.5156
1174.000       1.5328
1177.000       1.5593
1178.000       1.5864
1179.000       1.6706
1180.000       1.8111
1182.000       1.7761
1184.000       1.8879
1186.000       1.9763
1187.000       2.0961
1188.000       2.3105
1189.000       2.1017
1190.000       2.0505
1191.000       2.1490
1194.000       2.1084
1196.000       2.0101
1197.000       1.9881
1199.000       1.9008
1200.000       1.8638
1202.000       1.8117
1203.000       1.8084
1204.000       1.7901
1205.000       1.7690
1206.000       1.8456
1208.000       1.9107
1209.000       1.9915
1212.000       1.9298
1213.000       1.8702
1214.000       2.1331
1216.000       2.0911
1218.000       2.2063
1220.000       2.2794
1221.000       2.3652
1222.000       2.5773
1223.000       2.3547
1224.000       2.3011
1225.000       2.4077
1228.000       2.3327
1230.000       2.2207
1231.000       2.1457
1233.000       2.0582
1234.000       2.0656
1236.000       2.0213
1238.000       1.9603
1239.000       1.9585
1240.000       1.9564
1242.000       2.0058
1243.000       2.0403
1244.000       2.2861
1246.000       2.1892
1248.000       2.3470
1250.000       2.4379
1251.000       2.5509
1252.000       2.6587
1253.000       2.6505
1254.000       2.5441
1255.000       2.5417
1258.000       2.5754
1260.000       2.5167
1261.000       2.6086
1263.000       2.5671
1264.000       2.5779
1266.000       2.6056
1267.000       2.5993
1268.000       2.6632
1269.000       2.7353
1270.000       2.6958
1272.000       2.6868
1273.000       2.7731
1276.000       2.6381
1277.000       2.5847
1278.000       2.7443
1280.000       2.8354
1282.000       3.1214
1284.000       2.8538
1285.000       2.7353
1286.000       3.2631
1287.000       2.6180
1288.000       2.3902
1289.000       2.6465
1292.000       2.6620
1294.000       2.6040
1295.000       2.4864
1297.000       2.0645
1298.000       1.8180
1300.000       1.6637
1302.000       1.6535
1303.000       1.6938
1304.000       1.7963
1306.000       2.0461
1307.000       2.3421
1308.000       2.5124
1310.000       2.4727
1312.000       3.1643
1314.000       2.6790
1315.000       2.5723
1316.000       2.4622
1317.000       2.8277
1318.000       2.6146
1319.000       2.9269
1322.000       3.0680
1324.000       3.0998
1325.000       3.0695
1327.000       2.8427
1328.000       2.6260
1330.000       2.4632
1332.000       2.5208
1333.000       2.4389
1336.000       2.7343
1337.000       2.8986
1338.000       3.1429
1339.000       2.9100
1341.000       3.0530
1343.000       3.3811
1345.000       3.0230
1346.000       2.9152
1347.000       2.9297
1348.000       3.1952
1349.000       2.6791
1350.000       2.7466
1353.000       2.5457
1355.000       2.4932
1356.000       2.2260
1358.000       1.9828
1359.000       1.9582
1361.000       1.7418
1362.000       1.6295
1363.000       1.4712
1364.000       1.3878
1365.000       1.5107
1367.000       1.6470
1368.000       1.7169
1371.000       1.7814
1372.000       1.7754
1373.000       2.2901
1375.000       2.1636
1377.000       2.3419
1379.000       2.4066
1380.000       2.3085
1381.000       2.5618
1382.000       2.2916
1383.000       2.0576
1384.000       2.1218
1387.000       1.9603
1389.000       1.8064
1390.000       1.6504
1392.000       1.4860
1393.000       1.5024
1395.000       1.3858
1396.000       1.2821
1397.000       1.2129
1398.000       1.2146
1399.000       1.2584
1401.000       1.3425
1402.000       1.4614
1405.000       1.3931
1406.000       1.3584
1407.000       1.9034
1409.000       1.7654
1411.000       1.9129
1413.000       2.1078
1414.000       2.2060
1415.000       2.4887
1416.000       2.2010
1417.000       2.0904
1418.000       2.2015
1421.000       2.1287
1423.000       1.9229
1424.000       1.8704
1426.000       1.6873
1427.000       1.6503
1429.000       1.5600
1431.000       1.4867
1432.000       1.4685
1435.000       1.5328
1436.000       1.6370
1437.000       1.7644
1438.000       2.1701
1440.000       2.0867
1442.000       2.2918
1444.000       2.4267
1445.000       2.5717
1446.000       2.8769
1447.000       2.5187
1448.000       2.5315
1449.000       2.7023
1452.000       2.6881
1454.000       2.4704
1455.000       2.4440
1457.000       2.2365
1458.000       2.1281
1460.000       2.0078
1461.000       2.0317
1462.000       2.0078
1463.000       1.9627
1464.000       2.1310
1466.000       2.2713
1467.000       2.4325
1470.000       2.3097
1471.000       2.1794
1472.000       2.7522
1474.000       2.6879
1476.000       2.9095
1478.000       3.0358
1479.000       3.1810
1480.000       3.5059
1481.000       3.0900
1482.000       3.1382
1483.000       3.3430
1486.000       3.2860
1488.000       3.0217
1489.000       2.9833
1491.000       2.7751
1492.000       2.6891
1494.000       2.5627
1496.000       2.5306
1497.000       2.4861
1500.000       2.6151
1501.000       2.7314
1502.000       2.8614
1503.000       3.3735
1505.000       3.2611
1507.000       3.4829
1509.000       3.6953
1510.000       3.8864
1511.000       4.2409
1512.000       3.8778
1513.000       3.8152
1514.000       3.9706
1517.000       3.9810
1519.000       3.7355
1520.000       3.8182
1522.000       3.6424
1523.000       3.4974
1525.000       3.4545
1527.000       3.5726
1528.000       3.6580
1531.000       3.7297
1532.000       3.7578
1533.000       3.9951
1534.000       4.1469
1536.000       4.1188
1538.000       4.4308
1540.000       4.4877
