   2.000       3.5106
   3.000       3.1792
   6.000       2.7196
   8.000       2.8677
   9.000       2.7477
  11.000       2.9749
  12.000       3.1372
  14.000       3.5242
  16.000       3.6631
  17.000       4.0372
  18.000       3.6512
  20.000       3.4118
  21.000       3.8422
  22.000       2.4612
  24.000       2.6784
  26.000       2.9950
  28.000       2.5482
  29.000       2.6577
  30.000       2.8418
  31.000       2.9331
  32.000       2.6040
  33.000       2.7533
  36.000       2.6819
  38.000       2.5312
  39.000       2.3536
  41.000       2.0882
  42.000       2.0223
  44.000       1.8143
  45.000       1.7264
  46.000       1.5551
  47.000       1.4413
  48.000       1.5973
  50.000       1.7829
  51.000       1.8612
  54.000       1.9444
  55.000       1.9023
  56.000       2.6120
  58.000       2.4752
  60.000       2.7080
  62.000       2.8752
  63.000       2.9162
  64.000       3.2661
  65.000       2.8709
  66.000       2.6769
  67.000       2.7688
  70.000       2.5368
  72.000       2.2362
  73.000       1.9549
  75.000       1.7534
  76.000       1.8265
  78.000       1.6774
  80.000       1.4280
  81.000       1.3191
  84.000       1.3559
  85.000       1.5253
  86.000       1.5316
  87.000       2.4964
  89.000       2.0245
  91.000       2.0921
  93.000       2.8837
  96.000       2.1528
  97.000       2.0889
 100.000       1.9349
 102.000       1.9212
 103.000       1.7812
 105.000       1.6953
 106.000       1.7643
 108.000       1.7190
 110.000       1.5919
 111.000       1.5772
 114.000       1.5361
 115.000       1.5964
 116.000       1.6043
 117.000       1.7555
 119.000       1.7084
 121.000       1.8154
 123.000       1.7766
 124.000       1.6884
 125.000       1.8079
 126.000       1.6968
 127.000       1.5510
 128.000       1.5740
 131.000       1.4442
 133.000       1.4399
 134.000       1.3060
 136.000       1.2558
 137.000       1.3424
 139.000       1.3298
 141.000       1.2318
 142.000       1.2561
 145.000       1.1617
 146.000       1.1661
 147.000       1.1385
 148.000       1.3197
 150.000       1.2514
 152.000       1.3100
 154.000       1.3526
 155.000       1.3103
 156.000       1.4658
 157.000       1.3491
 158.000       1.1743
 159.000       1.2101
 162.000       1.1322
 164.000       1.0738
 165.000       1.0589
 167.000       1.0524
 168.000       1.0761
 170.000       1.1614
 172.000       1.2377
 173.000       1.3870
 174.000       1.2305
 176.000       1.1445
 177.000       1.2389
 178.000       1.1129
 180.000       1.1025
 182.000       1.2451
 184.000       1.2738
 185.000       1.2749
 186.000       1.5861
 187.000       1.6290
 188.000       1.2009
 189.000       1.2551
 192.000       1.2517
 194.000       1.1807
 195.000       1.1527
 197.000       1.1247
 198.000       1.1517
 200.000       1.2012
 201.000       1.2064
 202.000       1.3317
 203.000       1.4638
 206.000       1.4032
 207.000       1.3523
 209.000       1.2428
 210.000       1.1640
 211.000       1.2782
 213.000       1.1707
 215.000       1.2490
 217.000       1.4163
 218.000       1.5441
 219.000       1.6514
 220.000       1.8261
 221.000       1.5195
 222.000       1.7505
 225.000       1.4462
 227.000       1.4708
 228.000       1.3840
 230.000       1.4102
 231.000       1.5615
 233.000       1.6053
 234.000       1.4656
 235.000       1.4811
 236.000       1.6278
 237.000       1.3602
 239.000       1.2419
 240.000       1.1784
 243.000       1.2337
 244.000       1.3426
 245.000       1.4474
 247.000       1.5110
 249.000       1.7924
 251.000       1.4995
 252.000       1.7054
 253.000       2.1554
 254.000       1.9457
 255.000       1.6088
 256.000       1.6630
 259.000       1.5059
 261.000       1.4613
 262.000       1.2799
 264.000       1.1277
 265.000       1.1495
 267.000       1.0723
 269.000       0.9699
 270.000       0.9873
 271.000       0.9556
 273.000       1.0310
 274.000       1.0901
 275.000       1.3165
 277.000       1.2400
 279.000       1.4026
 281.000       1.3971
 282.000       1.3269
 283.000       1.5245
 284.000       1.3394
 285.000       1.1592
 286.000       1.2371
 289.000       1.1330
 291.000       1.0552
 292.000       0.9624
 294.000       0.8418
 295.000       0.8375
 297.000       0.7959
 298.000       0.7661
 299.000       0.8087
 300.000       0.8827
 303.000       0.8834
 304.000       0.9095
 306.000       0.8826
 307.000       0.8016
 308.000       1.0410
 310.000       1.0044
 312.000       1.1954
 314.000       1.1939
 315.000       1.2165
 316.000       1.4437
 317.000       1.2565
 318.000       1.0789
 319.000       1.1403
 322.000       1.0620
 324.000       0.9655
 325.000       0.9126
 327.000       0.8119
 328.000       0.8228
 330.000       0.8308
 332.000       0.8108
 333.000       0.9020
 336.000       0.8135
 337.000       0.8173
 338.000       0.9194
 339.000       1.0466
 341.000       1.0064
 343.000       1.1831
 345.000       1.2083
 346.000       1.2976
 347.000       1.5100
 348.000       1.3289
 349.000       1.2256
 350.000       1.3147
 353.000       1.2735
 355.000       1.1354
 356.000       1.0729
 358.000       0.9231
 359.000       0.9513
 361.000       0.9304
 362.000       0.8565
 363.000       0.8979
 364.000       1.0262
 365.000       0.8840
 367.000       0.8558
 368.000       0.9220
 371.000       0.8541
 372.000       0.8407
 373.000       1.3068
 375.000       1.2394
 377.000       1.4155
 379.000       1.5340
 380.000       1.6587
 381.000       1.9259
 382.000       1.6785
 383.000       1.5928
 384.000       1.7309
 387.000       1.7240
 389.000       1.8331
 390.000       1.7681
 392.000       1.7403
 393.000       1.7690
 395.000       1.8620
 396.000       1.8957
 397.000       2.0870
 398.000       2.2521
 401.000       2.2115
 402.000       2.1544
 404.000       1.9769
 405.000       1.8375
 406.000       1.5285
 408.000       1.6320
 410.000       1.8129
 412.000       1.5398
 413.000       1.3876
 414.000       1.5565
 415.000       1.3444
 416.000       1.3310
 417.000       1.4852
 420.000       1.4428
 422.000       1.4853
 423.000       1.4100
 425.000       1.3237
 426.000       1.2358
 428.000       1.2652
 429.000       1.3967
 430.000       1.5896
 431.000       1.6766
 432.000       1.7705
 434.000       1.7685
 435.000       2.0030
 438.000       1.6092
 439.000       1.4251
 440.000       1.2608
 442.000       1.3341
 444.000       1.5404
 446.000       1.3206
 447.000       1.2345
 448.000       1.4123
 449.000       1.1125
 450.000       1.2431
 451.000       1.4047
 454.000       1.4485
 456.000       1.4531
 457.000       1.4902
 459.000       1.3764
 460.000       1.2115
 462.000       1.1781
 463.000       1.3813
 464.000       1.5771
 465.000       1.5660
 468.000       1.8681
 469.000       1.9440
 471.000       1.7786
 472.000       1.5058
 473.000       1.4316
 475.000       1.5330
 477.000       1.7547
 479.000       1.6100
 480.000       1.5874
 481.000       1.7818
 482.000       1.8878
 483.000       1.6820
 484.000       1.9153
 487.000       1.7448
 489.000       1.6286
 490.000       1.4650
 492.000       1.3180
 493.000       1.3478
 495.000       1.2426
 496.000       1.1046
 497.000       0.9765
 498.000       0.9796
 499.000       0.9213
 501.000       1.0124
 502.000       1.0461
 505.000       1.1414
 506.000       1.1634
 507.000       1.5815
 509.000       1.4770
 511.000       1.6175
 513.000       1.6910
 514.000       1.6759
 515.000       1.8678
 516.000       1.7411
 517.000       1.4770
 518.000       1.4542
 521.000       1.2653
 523.000       1.1393
 524.000       1.0168
 526.000       1.0237
 527.000       1.1427
 529.000       1.1606
 530.000       1.0489
 531.000       1.0703
 532.000       1.1856
 533.000       1.0061
 535.000       0.9184
 536.000       0.9190
 539.000       0.8935
 540.000       0.9626
 541.000       1.2368
 543.000       1.0666
 545.000       1.0386
 547.000       1.3271
 548.000       1.3737
 549.000       1.5225
 550.000       1.4654
 551.000       1.2412
 552.000       1.2275
 555.000       1.1599
 557.000       1.0931
 558.000       1.0583
 560.000       0.9709
 561.000       0.9678
 563.000       0.9723
 564.000       0.9691
 565.000       1.0577
 566.000       1.1416
 569.000       1.1551
 570.000       1.1669
 572.000       1.0945
 573.000       0.9834
 574.000       1.1592
 576.000       1.1516
 578.000       1.3315
 580.000       1.3322
 581.000       1.4038
 582.000       1.7080
 583.000       1.3942
 584.000       1.3024
 585.000       1.4348
 588.000       1.3927
 590.000       1.2875
 591.000       1.2487
 593.000       1.1104
 594.000       1.0305
 596.000       0.9813
 598.000       1.0147
 599.000       1.0621
 602.000       1.1038
 603.000       1.1508
 604.000       1.3066
 605.000       1.3472
 607.000       1.3312
 609.000       1.5342
 611.000       1.5084
 612.000       1.5070
 613.000       1.7198
 614.000       1.5364
 615.000       1.3572
 616.000       1.4065
 619.000       1.3080
 621.000       1.2467
 622.000       1.1668
 624.000       1.0843
 625.000       1.0815
 627.000       1.0858
 629.000       1.0968
 630.000       1.1925
 633.000       1.1132
 634.000       1.1036
 635.000       1.2032
 636.000       1.2263
 638.000       1.1823
 640.000       1.3127
 642.000       1.3107
 643.000       1.3148
 644.000       1.4436
 645.000       1.4164
 646.000       1.1663
 647.000       1.1304
 650.000       1.0255
 652.000       1.0166
 653.000       0.9521
 655.000       0.9602
 656.000       1.0367
 658.000       1.0605
 659.000       0.9983
 660.000       1.0311
 661.000       1.1271
 662.000       0.9973
 664.000       0.9406
 665.000       0.9570
 668.000       0.9125
 669.000       0.9366
 670.000       0.9814
 672.000       0.9362
 674.000       0.9805
 676.000       1.0196
 677.000       1.0553
 678.000       1.1734
 679.000       1.1524
 680.000       0.9815
 681.000       0.9668
 684.000       0.9358
 686.000       0.9467
 687.000       0.9693
 689.000       1.0120
 690.000       1.0423
 692.000       1.1180
 693.000       1.1417
 694.000       1.2541
 695.000       1.3548
 696.000       1.2933
 698.000       1.2403
 699.000       1.3303
 702.000       1.1403
 703.000       1.0860
 704.000       0.9383
 706.000       0.9669
 708.000       1.0369
 710.000       0.9913
 711.000       0.9954
 712.000       1.1904
 713.000       0.9719
 714.000       0.9668
 715.000       1.1277
 718.000       1.1431
 720.000       1.1001
 721.000       1.1517
 723.000       1.0990
 724.000       1.0659
 726.000       1.1421
 727.000       1.2056
 728.000       1.3738
 729.000       1.4904
 732.000       1.5219
 733.000       1.5262
 735.000       1.3951
 736.000       1.2090
 737.000       1.1079
 739.000       1.1902
 741.000       1.4079
 743.000       1.2372
 744.000       1.2348
 745.000       1.4586
 746.000       1.1781
 747.000       1.1642
 748.000       1.2957
 751.000       1.2455
 753.000       1.1383
 754.000       1.0712
 756.000       0.9230
 757.000       0.8983
 759.000       0.8544
 760.000       0.8579
 761.000       0.9458
 762.000       1.0238
 763.000       1.0539
 765.000       1.0830
 766.000       1.2610
 769.000       1.0215
 770.000       0.9025
 771.000       1.2268
 773.000       1.1867
 775.000       1.3734
 777.000       1.4330
 778.000       1.5319
 779.000       1.8031
 780.000       1.5255
 781.000       1.4532
 782.000       1.5617
 785.000       1.5303
 787.000       1.3661
 788.000       1.3630
 790.000       1.2061
 791.000       1.1504
 793.000       1.0974
 795.000       1.1084
 796.000       1.1795
 797.000       1.1824
 799.000       1.2341
 800.000       1.3872
 801.000       1.5977
 803.000       1.5669
 805.000       1.7786
 807.000       1.8332
 808.000       2.0043
 809.000       2.2825
 810.000       2.0014
 811.000       2.0033
 812.000       2.1712
 815.000       2.2481
 817.000       2.1060
 818.000       2.1952
 820.000       2.0300
 821.000       1.9002
 823.000       1.8852
 824.000       2.0075
 825.000       2.1585
 826.000       2.2230
 827.000       2.3539
 829.000       2.4186
 830.000       2.6804
 833.000       2.3137
 834.000       2.0960
 835.000       2.3649
 837.000       2.4241
 839.000       2.7277
 841.000       2.6284
