   2.000       2.5481
   3.000       2.6182
   6.000       2.5212
   8.000       2.5137
   9.000       2.3604
  11.000       2.1942
  12.000       2.1867
  14.000       2.0469
  15.000       1.9446
  16.000       1.8000
  17.000       1.7372
  18.000       1.7742
  20.000       1.8869
  21.000       1.8828
  24.000       2.0281
  25.000       2.0430
  26.000       2.3138
  28.000       2.2871
  30.000       2.4588
  32.000       2.3599
  33.000       2.2192
  34.000       2.3723
  35.000       2.1441
  36.000       2.0833
  37.000       2.1594
  40.000       2.0202
  42.000       1.9680
  43.000       1.7810
  45.000       1.6459
  46.000       1.6837
  48.000       1.5698
  49.000       1.4365
  50.000       1.3050
  51.000       1.2873
  52.000       1.2392
  54.000       1.2959
  55.000       1.2624
  58.000       1.4216
  59.000       1.4846
  60.000       1.8293
  62.000       1.7258
  64.000       1.8344
  66.000       1.8928
  67.000       1.7939
  68.000       1.9518
  69.000       1.7922
  70.000       1.5994
  71.000       1.6123
  74.000       1.4441
  76.000       1.3698
  77.000       1.2123
  79.000       1.1389
  80.000       1.2262
  82.000       1.1919
  84.000       1.0631
  85.000       1.0799
  88.000       0.9931
  89.000       1.0323
  90.000       1.0384
  91.000       1.3395
  93.000       1.2142
  95.000       1.2626
  97.000       1.4163
  98.000       1.4243
  99.000       1.5802
 100.000       1.4919
 101.000       1.2769
 102.000       1.2564
 105.000       1.1759
 107.000       1.0985
 108.000       1.0512
 110.000       0.9774
 111.000       1.0018
 113.000       0.9622
 114.000       0.9042
 115.000       0.8904
 116.000       0.9201
 117.000       0.9073
 119.000       0.9376
 120.000       1.0091
 123.000       0.9481
 124.000       0.9237
 125.000       1.1843
 127.000       1.1393
 129.000       1.2587
 131.000       1.3263
 132.000       1.2511
 133.000       1.2956
 134.000       1.3814
 135.000       1.1816
 136.000       1.2011
 139.000       1.1280
 141.000       1.1627
 142.000       1.1795
 144.000       1.1368
 145.000       1.2058
 147.000       1.1728
 148.000       1.0878
 149.000       1.0658
 150.000       1.1084
 153.000       1.0505
 154.000       1.0488
 156.000       1.0616
 157.000       1.0753
 158.000       1.1557
 160.000       1.2293
 162.000       1.3809
 164.000       1.2717
 165.000       1.2449
 166.000       1.4354
 167.000       1.2863
 168.000       1.2893
 169.000       1.3852
 172.000       1.3540
 174.000       1.3388
 175.000       1.2434
 177.000       1.1445
 178.000       1.0830
 180.000       1.0777
 182.000       1.1323
 183.000       1.2165
 184.000       1.1954
 186.000       1.2115
 187.000       1.3674
 188.000       1.2513
 190.000       1.2021
 192.000       1.3285
 194.000       1.4816
 195.000       1.6197
 196.000       2.0461
 197.000       1.6842
 198.000       1.4427
 199.000       1.4103
 202.000       1.3415
 204.000       1.2715
 205.000       1.2037
 207.000       1.0863
 208.000       1.0549
 210.000       0.9700
 211.000       0.9400
 212.000       0.8864
 213.000       0.8592
 214.000       0.9314
 216.000       1.0198
 217.000       1.0965
 220.000       1.0709
 221.000       1.0241
 222.000       1.3012
 224.000       1.2662
 226.000       1.4010
 228.000       1.4227
 229.000       1.4575
 230.000       1.6593
 231.000       1.4481
 232.000       1.3908
 233.000       1.4755
 236.000       1.4390
 238.000       1.3790
 239.000       1.3226
 241.000       1.1954
 242.000       1.1536
 244.000       1.0788
 245.000       1.0596
 246.000       1.0304
 247.000       1.0024
 250.000       1.0958
 251.000       1.1887
 253.000       1.2201
 254.000       1.1446
 255.000       1.4102
 257.000       1.3963
 259.000       1.5566
 261.000       1.5481
 262.000       1.5636
 263.000       1.7639
 264.000       1.5397
 265.000       1.4952
 266.000       1.5826
 269.000       1.5334
 271.000       1.4551
 272.000       1.3875
 274.000       1.2548
 275.000       1.2099
 277.000       1.1095
 278.000       1.0816
 279.000       1.0131
 280.000       0.9573
 281.000       1.0645
 283.000       1.1693
 284.000       1.2479
 287.000       1.2351
 288.000       1.1811
 289.000       1.4946
 291.000       1.4626
 293.000       1.5998
 295.000       1.6155
 296.000       1.6244
 297.000       1.8175
 298.000       1.6107
 299.000       1.5342
 300.000       1.6101
 303.000       1.5490
 305.000       1.4745
 306.000       1.4029
 308.000       1.2678
 309.000       1.2367
 311.000       1.1330
 312.000       1.0862
 313.000       1.0137
 314.000       0.9688
 315.000       1.0597
 317.000       1.1603
 318.000       1.2323
 321.000       1.2243
 322.000       1.1816
 323.000       1.4998
 325.000       1.4642
 327.000       1.6071
 329.000       1.6092
 330.000       1.6201
 331.000       1.7945
 332.000       1.6068
 333.000       1.5469
 334.000       1.6220
 337.000       1.5614
 339.000       1.4881
 340.000       1.4141
 342.000       1.2914
 343.000       1.2867
 345.000       1.2003
 347.000       1.1176
 348.000       1.0762
 351.000       1.1371
 352.000       1.2232
 353.000       1.2875
 354.000       1.5049
 356.000       1.4643
 358.000       1.5913
 360.000       1.6064
 361.000       1.6022
 362.000       1.7703
 363.000       1.6004
 364.000       1.5021
 365.000       1.5769
 368.000       1.4901
 370.000       1.4154
 371.000       1.3203
 373.000       1.1990
 374.000       1.2131
 376.000       1.1453
 378.000       1.0556
 379.000       1.0395
 382.000       1.0468
 383.000       1.1196
 384.000       1.1604
 385.000       1.4248
 387.000       1.3706
 389.000       1.5012
 391.000       1.5242
 392.000       1.5203
 393.000       1.6956
 394.000       1.5178
 395.000       1.4222
 396.000       1.4964
 399.000       1.4211
 401.000       1.3450
 402.000       1.2508
 404.000       1.1185
 405.000       1.1214
 407.000       1.0468
 409.000       0.9620
 410.000       0.9429
 413.000       0.9662
 414.000       1.0423
 415.000       1.0935
 416.000       1.3616
 418.000       1.3123
 420.000       1.4546
 422.000       1.4884
 423.000       1.4994
 424.000       1.7087
 425.000       1.4868
 426.000       1.3997
 427.000       1.5020
 430.000       1.3874
 432.000       1.2901
 433.000       1.1791
 435.000       1.0822
 436.000       1.1147
 438.000       1.0495
 439.000       0.9637
 440.000       0.9220
 441.000       0.9600
 442.000       0.9080
 444.000       0.9264
 445.000       0.9638
 448.000       0.9721
 449.000       0.9864
 450.000       1.3201
 452.000       1.2272
 454.000       1.3209
 456.000       1.4376
 457.000       1.4740
 458.000       1.6647
 459.000       1.5188
 460.000       1.3636
 461.000       1.3860
 464.000       1.2960
 466.000       1.1939
 467.000       1.1491
 469.000       1.1078
 470.000       1.1400
 472.000       1.1466
 474.000       1.1241
 475.000       1.1789
 478.000       1.1107
 479.000       1.0984
 480.000       1.1406
 481.000       1.3264
 483.000       1.2575
 485.000       1.3233
 487.000       1.4572
 488.000       1.5780
 489.000       1.7385
 490.000       1.6304
 491.000       1.5392
 492.000       1.5720
 495.000       1.5778
 497.000       1.4747
 498.000       1.5272
 500.000       1.4905
 501.000       1.4455
 503.000       1.4469
 505.000       1.4915
 506.000       1.5353
 509.000       1.5452
 510.000       1.5479
 511.000       1.6431
 512.000       1.6854
 514.000       1.6858
 516.000       1.7756
 518.000       1.8341
 519.000       1.9981
 520.000       2.1551
 521.000       1.9997
 522.000       2.0601
 523.000       2.1280
 526.000       2.2205
 528.000       2.1367
 529.000       2.2402
 531.000       2.1687
 532.000       2.0572
 534.000       2.0522
 536.000       2.1548
 537.000       2.2067
 540.000       2.2751
 541.000       2.2858
 542.000       2.4585
 543.000       2.3888
 545.000       2.3467
 547.000       2.5302
 549.000       2.5671
 550.000       2.7323
 551.000       2.7598
 552.000       2.9683
 553.000       2.6682
 554.000       2.5436
 557.000       2.4786
 559.000       2.3825
 560.000       2.4960
 562.000       2.5137
 563.000       2.5110
 565.000       2.5752
 566.000       2.6246
 567.000       2.7490
 568.000       2.8382
 571.000       2.8405
 572.000       2.8101
 574.000       2.6946
 575.000       2.5977
 576.000       2.6509
 578.000       2.6935
 580.000       2.8379
 582.000       2.6461
 583.000       2.6708
 584.000       2.8090
 585.000       2.7894
 586.000       2.4610
 587.000       2.3299
 590.000       2.1442
 592.000       2.1706
 593.000       1.9958
 595.000       2.0207
 596.000       2.1151
 598.000       2.1563
 599.000       2.0752
 600.000       2.0949
 601.000       2.2012
 604.000       2.0444
 605.000       1.9709
 607.000       1.9418
 608.000       1.9944
 609.000       2.0142
 611.000       1.8962
 613.000       1.8300
 615.000       1.9906
 616.000       1.9056
 617.000       1.9935
 618.000       1.9588
 619.000       1.7205
 620.000       1.6772
 623.000       1.5083
 625.000       1.4904
 626.000       1.3922
 628.000       1.4638
 629.000       1.5366
 631.000       1.6150
 632.000       1.5973
 633.000       1.6919
 634.000       1.8173
 637.000       1.6971
 638.000       1.6073
 640.000       1.5082
 641.000       1.5077
 642.000       1.4165
 644.000       1.3310
 646.000       1.2895
 648.000       1.4158
 649.000       1.4896
 650.000       1.5718
 651.000       1.6265
 652.000       1.4818
 653.000       1.4608
 656.000       1.5678
 658.000       1.6506
 659.000       1.7694
 661.000       1.7679
 662.000       1.6981
 664.000       1.8216
 666.000       2.0035
 667.000       2.2219
 670.000       2.0666
 671.000       1.9557
 672.000       2.1142
 673.000       1.7149
 675.000       1.8250
 677.000       2.1890
 679.000       1.5670
 680.000       1.7757
 681.000       1.8881
 682.000       2.1788
 683.000       1.5944
 684.000       1.3795
 687.000       1.4184
 689.000       1.5817
 690.000       1.7766
 692.000       1.9043
 693.000       1.8988
 695.000       2.0903
 697.000       2.3055
 698.000       2.5410
 699.000       2.3445
 701.000       2.1684
 702.000       2.3548
 703.000       1.5194
 705.000       1.8086
 707.000       2.1187
 709.000       1.5706
 710.000       1.6920
 711.000       1.9761
 712.000       1.8852
 713.000       1.5710
 714.000       1.6131
 717.000       1.5465
 719.000       1.4976
 720.000       1.3964
 722.000       1.2756
 723.000       1.2984
 725.000       1.2281
 726.000       1.1426
 727.000       1.0888
 728.000       1.1112
 729.000       1.0723
 731.000       1.1160
 732.000       1.1512
 735.000       1.1756
 736.000       1.1793
 737.000       1.4922
 739.000       1.4439
 741.000       1.6072
 743.000       1.6501
 744.000       1.6526
 745.000       1.9058
 746.000       1.6392
 747.000       1.5087
 748.000       1.5914
 751.000       1.4784
 753.000       1.3894
 754.000       1.2573
 756.000       1.1241
 757.000       1.1530
 759.000       1.1068
 761.000       1.0233
 762.000       1.0538
 765.000       0.9958
 766.000       1.0451
 767.000       1.0915
 768.000       1.3758
 770.000       1.2933
 772.000       1.4470
 774.000       1.4980
 775.000       1.4807
 776.000       1.6851
 777.000       1.4874
 778.000       1.3349
 779.000       1.3976
 782.000       1.2926
 784.000       1.2079
 785.000       1.1086
 787.000       0.9910
 788.000       1.0072
 790.000       0.9823
 792.000       0.9416
 793.000       1.0053
 796.000       0.9378
 797.000       0.9567
 798.000       1.0262
 799.000       1.2287
 801.000       1.1739
 803.000       1.3338
 805.000       1.3643
 806.000       1.3897
 807.000       1.6081
 808.000       1.4247
 809.000       1.2667
 810.000       1.3462
 813.000       1.2915
 815.000       1.1930
 816.000       1.1650
 818.000       1.0661
 819.000       1.0355
 821.000       1.0271
 823.000       1.0507
 824.000       1.1234
 827.000       1.0908
 828.000       1.0963
 829.000       1.2068
 830.000       1.3000
 832.000       1.2893
 834.000       1.4719
 836.000       1.4704
 837.000       1.5659
 838.000       1.7952
 839.000       1.5678
 840.000       1.5437
 841.000       1.6755
 844.000       1.7103
 846.000       1.6045
 847.000       1.6449
 849.000       1.5190
 850.000       1.4135
 852.000       1.3687
 854.000       1.4336
 855.000       1.4735
 856.000       1.5433
 858.000       1.5919
 859.000       1.7589
 860.000       1.7693
 862.000       1.8057
 864.000       2.0160
 866.000       1.9667
 867.000       2.0827
 868.000       2.3141
 869.000       2.0315
 870.000       2.0963
 871.000       2.2497
 874.000       2.2852
 876.000       2.1514
 877.000       2.1672
 879.000       1.9955
 880.000       1.8891
 882.000       1.8157
 883.000       1.8773
 884.000       1.9127
 885.000       1.9039
 886.000       2.0428
 888.000       2.1269
 889.000       2.2689
 892.000       2.1100
 893.000       1.9821
 894.000       2.3404
 896.000       2.3433
 898.000       2.5444
 900.000       2.5549
 901.000       2.6426
 902.000       2.9015
 903.000       2.5495
 904.000       2.6457
 905.000       2.7116
 908.000       2.7998
 910.000       2.9792
 911.000       3.0242
 913.000       3.0324
 914.000       3.0075
 916.000       3.1174
 917.000       3.2136
 918.000       3.4114
 919.000       3.5428
 922.000       3.5509
 923.000       3.5060
 925.000       3.3287
 926.000       3.1748
 927.000       2.6783
 929.000       2.8933
 931.000       3.0566
 933.000       2.6033
 934.000       2.4142
 935.000       2.4565
 936.000       2.2801
 937.000       2.4844
 938.000       2.6499
 941.000       2.7675
 943.000       2.8575
 944.000       2.8824
 946.000       2.7796
 947.000       2.6226
 949.000       2.6272
 950.000       2.7952
 951.000       2.9386
 952.000       2.9425
 955.000       3.1329
 956.000       3.1903
 958.000       3.0891
 959.000       2.8853
 960.000       2.6590
 962.000       2.8253
 964.000       3.0436
 966.000       2.6793
 967.000       2.5683
 968.000       2.6579
 969.000       2.3554
 970.000       2.6944
 971.000       2.9124
 974.000       3.0482
 976.000       3.0665
 977.000       3.0932
 979.000       2.9166
 980.000       2.7066
 982.000       2.6134
 983.000       2.7955
 984.000       2.8844
 985.000       2.7919
 988.000       3.1251
 989.000       3.2634
 991.000       3.2102
 992.000       2.9758
 993.000       2.9798
 995.000       3.1174
 997.000       3.3713
 999.000       3.0868
1000.000       2.9964
1001.000       3.2829
1002.000       2.9549
1003.000       2.8291
1004.000       2.9451
1007.000       2.8023
1009.000       2.7050
1010.000       2.5068
1012.000       2.3186
1013.000       2.3316
1015.000       2.1689
1016.000       2.0266
1017.000       1.8467
1018.000       1.7584
1021.000       1.8031
1022.000       1.9376
1024.000       2.1017
1025.000       2.1300
1026.000       2.6206
1028.000       2.5012
1030.000       2.6495
1032.000       2.7315
1033.000       2.6337
1034.000       2.8469
1035.000       2.5714
1036.000       2.4424
1037.000       2.5232
1040.000       2.3571
1042.000       2.2459
1043.000       2.0419
1045.000       1.8773
1046.000       1.9165
1048.000       1.7700
1049.000       1.6027
1050.000       1.4224
1051.000       1.3782
1052.000       1.3516
1054.000       1.4582
1055.000       1.4421
1058.000       1.6250
1059.000       1.6819
1060.000       2.2030
1062.000       2.0549
1064.000       2.1797
1066.000       2.3292
1067.000       2.2865
1068.000       2.4924
1069.000       2.3445
1070.000       2.0793
1071.000       2.0655
1074.000       1.9017
1076.000       1.7824
1077.000       1.6092
1079.000       1.4730
1080.000       1.5294
1082.000       1.4192
1083.000       1.2622
1084.000       1.1271
1085.000       1.1292
1086.000       1.0573
1088.000       1.1234
1089.000       1.1212
1092.000       1.2526
1093.000       1.3061
1094.000       1.8017
1096.000       1.6618
1098.000       1.7692
1100.000       1.9392
1101.000       1.9218
1102.000       2.1465
1103.000       1.9194
1104.000       1.7425
1105.000       1.7870
1108.000       1.6266
1110.000       1.5067
1111.000       1.3586
1113.000       1.2519
1114.000       1.3074
1116.000       1.2304
1117.000       1.1029
1118.000       1.0247
1119.000       1.0576
1120.000       0.9883
1122.000       1.0239
1123.000       1.0595
1126.000       1.0967
1127.000       1.1243
1128.000       1.5264
1130.000       1.4041
1132.000       1.5148
1134.000       1.6363
1135.000       1.6240
1136.000       1.8091
1137.000       1.6744
1138.000       1.4566
1139.000       1.4788
1142.000       1.3636
1144.000       1.2822
1145.000       1.2006
1147.000       1.1362
1148.000       1.1741
1150.000       1.1617
1152.000       1.1011
1153.000       1.1374
1156.000       1.0764
1157.000       1.0957
1158.000       1.1413
1159.000       1.3097
1161.000       1.2496
1163.000       1.3528
1165.000       1.4033
1166.000       1.4086
1167.000       1.5574
1168.000       1.4521
1169.000       1.3186
1170.000       1.3271
1173.000       1.2611
1175.000       1.2101
1176.000       1.1663
1178.000       1.1097
1179.000       1.1307
1181.000       1.1208
1183.000       1.0815
1184.000       1.1237
1185.000       1.0696
1187.000       1.0873
1188.000       1.1338
1189.000       1.2306
1191.000       1.2092
1193.000       1.3152
1195.000       1.3180
1196.000       1.3289
1197.000       1.5220
1198.000       1.3385
1199.000       1.2226
1200.000       1.2881
1203.000       1.1900
1205.000       1.1342
1206.000       1.0346
1208.000       0.9791
1209.000       1.0129
1211.000       1.0108
1212.000       0.9630
1213.000       0.9985
1214.000       1.0829
1215.000       1.0090
1217.000       0.9966
1218.000       1.0653
1221.000       0.9718
1222.000       0.9473
1223.000       1.1031
1225.000       1.0316
1227.000       1.1081
1229.000       1.1731
1230.000       1.1503
1231.000       1.2592
1232.000       1.2644
1233.000       0.9903
1234.000       0.9281
1237.000       0.8556
1239.000       0.9074
1240.000       0.9110
1242.000       0.8969
1243.000       0.8422
1245.000       0.8868
1246.000       0.9771
1247.000       1.1014
1248.000       1.1532
1251.000       1.2208
1252.000       1.2223
1254.000       1.1210
1255.000       0.9919
1256.000       0.8606
1258.000       0.9330
1260.000       1.1804
1262.000       0.8893
1263.000       0.9092
1264.000       0.9993
1265.000       0.9649
1266.000       0.9026
1267.000       0.9288
1270.000       0.9668
1272.000       1.0573
1273.000       1.2000
1275.000       1.1647
1276.000       1.3273
1278.000       1.4901
1280.000       1.4933
1281.000       1.7505
1282.000       1.4626
1284.000       1.3336
1285.000       1.6075
1286.000       1.0408
1288.000       1.4155
1290.000       2.0172
1292.000       1.0787
1293.000       1.2578
1294.000       1.5705
1295.000       1.6546
1296.000       1.2087
1297.000       1.2624
1300.000       1.2569
1302.000       1.1934
1303.000       1.1203
1305.000       1.0187
1306.000       1.0172
1308.000       0.9716
1309.000       0.9269
1310.000       0.9132
1311.000       0.9331
1312.000       0.9508
1314.000       1.0028
1315.000       1.0912
1318.000       1.0214
1319.000       0.9706
1320.000       1.2572
1322.000       1.1977
1324.000       1.3403
1326.000       1.4212
1327.000       1.5140
1328.000       1.7010
1329.000       1.6529
1330.000       1.4099
1331.000       1.4125
1334.000       1.3824
1336.000       1.3994
1337.000       1.3662
1339.000       1.2332
1340.000       1.1948
1342.000       1.1098
1343.000       1.0893
1344.000       1.0510
1345.000       1.0282
1346.000       1.1056
1348.000       1.1865
1349.000       1.2678
1352.000       1.2273
1353.000       1.1712
1354.000       1.3781
1356.000       1.4547
1358.000       1.6360
1360.000       1.4537
1361.000       1.4460
1362.000       1.6097
1363.000       1.4331
1364.000       1.3746
1365.000       1.4643
1368.000       1.4079
1370.000       1.3433
1371.000       1.2754
1373.000       1.1556
1374.000       1.1311
1376.000       1.0433
1378.000       0.9867
1379.000       0.9422
1382.000       1.0366
1383.000       1.1177
1384.000       1.2099
1385.000       1.3481
1387.000       1.3200
1389.000       1.4549
1391.000       1.4415
1392.000       1.4380
1393.000       1.6021
1394.000       1.4368
1395.000       1.3523
1396.000       1.4183
1399.000       1.3619
1401.000       1.2997
1402.000       1.2387
1404.000       1.1142
1405.000       1.0687
1407.000       0.9733
1409.000       0.9250
1410.000       0.8778
1413.000       0.9904
1414.000       1.0821
1415.000       1.1828
1416.000       1.3055
1418.000       1.2838
1420.000       1.4275
1422.000       1.4072
1423.000       1.4099
1424.000       1.5796
1425.000       1.4138
1426.000       1.3343
1427.000       1.4121
1430.000       1.3756
1432.000       1.3371
1433.000       1.2862
1435.000       1.1805
1436.000       1.1463
1438.000       1.0843
1440.000       1.0558
1441.000       1.0556
1442.000       1.1043
1444.000       1.1685
1445.000       1.2588
1446.000       1.3131
1448.000       1.3234
1450.000       1.4867
1452.000       1.3910
1453.000       1.3765
1454.000       1.5303
1455.000       1.3789
1456.000       1.2960
1457.000       1.3672
1460.000       1.3195
1462.000       1.2678
1463.000       1.2058
1465.000       1.0831
1466.000       1.0624
1468.000       0.9756
1470.000       0.9108
1471.000       0.8717
1474.000       0.9490
1475.000       1.0349
1476.000       1.1169
1477.000       1.2689
1479.000       1.2495
1481.000       1.3878
1483.000       1.3604
1484.000       1.3554
1485.000       1.5324
1486.000       1.3520
1487.000       1.2690
1488.000       1.3609
1491.000       1.2981
1493.000       1.2215
1494.000       1.1417
1496.000       0.9950
1497.000       0.9783
1499.000       0.9065
1501.000       0.8452
1502.000       0.8633
1503.000       0.8703
1505.000       0.9473
1506.000       1.0303
1507.000       1.2338
1509.000       1.2021
1511.000       1.3787
1513.000       1.3591
1514.000       1.3724
1515.000       1.5647
1516.000       1.3643
1517.000       1.2995
1518.000       1.4083
1521.000       1.3876
1523.000       1.3225
1524.000       1.2860
1526.000       1.1399
1527.000       1.0910
1529.000       1.0443
1530.000       1.0518
1531.000       1.1010
1532.000       1.1505
1535.000       1.2022
1536.000       1.2573
1538.000       1.2367
1539.000       1.1193
1540.000       1.3573
1542.000       1.3809
1544.000       1.6021
1546.000       1.5110
1547.000       1.5643
1548.000       1.8078
1549.000       1.5347
1550.000       1.5170
1551.000       1.6689
1554.000       1.6557
1556.000       1.5061
1557.000       1.4826
1559.000       1.2731
1560.000       1.2277
1562.000       1.1524
1564.000       1.1243
1565.000       1.1754
1568.000       1.1712
1569.000       1.2384
1570.000       1.3666
1571.000       1.6897
1573.000       1.6825
1575.000       1.9532
1577.000       1.9261
1578.000       2.0190
1579.000       2.3841
1580.000       2.0935
1581.000       2.0765
1582.000       2.3880
1585.000       2.7165
1587.000       2.8207
1588.000       3.1614
1590.000       3.1413
1591.000       2.7954
1593.000       3.0319
1595.000       3.5961
1596.000       3.9576
1597.000       3.8790
1599.000       3.7084
1600.000       4.1778
1601.000       2.7769
1603.000       3.1992
1605.000       3.9506
1607.000       3.1199
1608.000       3.0515
1609.000       3.1498
1610.000       3.4665
1611.000       3.3454
1612.000       3.8349
1615.000       4.5424
1617.000       4.8041
1618.000       5.7259
1620.000       6.2439
1621.000       6.9661
1623.000       7.5571
1624.000       7.2654
1625.000       7.9112
1626.000       8.8138
1627.000       7.6309
1629.000       6.7769
1630.000       6.8253
1633.000       6.1240
1634.000       6.4259
1635.000       5.3879
1637.000       6.0453
1639.000       6.8710
1641.000       6.0081
