   2.000       2.7944
   3.000       2.7915
   6.000       2.6742
   8.000       2.6695
   9.000       2.5778
  11.000       2.5152
  12.000       2.5410
  14.000       2.5060
  15.000       2.4515
  16.000       2.4264
  17.000       2.4360
  18.000       2.4256
  20.000       2.4415
  21.000       2.4698
  24.000       2.4629
  25.000       2.4635
  26.000       2.5325
  28.000       2.5148
  30.000       2.6129
  32.000       2.5552
  33.000       2.4949
  34.000       2.5996
  35.000       2.4951
  36.000       2.4259
  37.000       2.4747
  40.000       2.4443
  42.000       2.4422
  43.000       2.4050
  45.000       2.3410
  46.000       2.3362
  48.000       2.3109
  49.000       2.2961
  50.000       2.2996
  51.000       2.3108
  54.000       2.3246
  55.000       2.3482
  57.000       2.3466
  58.000       2.3166
  59.000       2.3779
  61.000       2.3930
  63.000       2.4981
  65.000       2.4151
  66.000       2.3761
  67.000       2.4838
  68.000       2.3636
  69.000       2.3253
  70.000       2.3901
  73.000       2.3766
  75.000       2.3637
  76.000       2.3394
  78.000       2.2562
  79.000       2.2182
  81.000       2.1757
  83.000       2.1689
  84.000       2.1577
  87.000       2.2100
  88.000       2.2577
  89.000       2.3364
  90.000       2.3137
  92.000       2.3374
  94.000       2.4577
  96.000       2.3706
  97.000       2.3394
  98.000       2.5168
  99.000       2.3261
 100.000       2.3220
 101.000       2.4203
 104.000       2.4049
 106.000       2.4081
 107.000       2.3450
 109.000       2.2177
 110.000       2.1805
 112.000       2.0929
 113.000       2.0729
 114.000       2.0192
 115.000       1.9728
 116.000       2.0556
 118.000       2.1358
 119.000       2.1892
 122.000       2.1928
 123.000       2.1531
 124.000       2.2842
 126.000       2.3247
 128.000       2.4990
 130.000       2.3543
 131.000       2.2758
 132.000       2.4555
 133.000       2.2129
 134.000       2.1706
 135.000       2.2508
 138.000       2.1396
 140.000       2.0801
 141.000       1.9398
 143.000       1.8494
 144.000       1.8940
 146.000       1.8334
 147.000       1.7405
 148.000       1.6819
 149.000       1.7035
 150.000       1.6381
 152.000       1.6524
 153.000       1.6508
 156.000       1.7123
 157.000       1.7523
 158.000       2.0313
 160.000       1.9278
 162.000       1.9975
 164.000       2.1320
 165.000       2.1316
 166.000       2.3400
 167.000       2.1937
 168.000       1.9463
 169.000       1.9276
 172.000       1.7954
 174.000       1.7113
 175.000       1.6842
 177.000       1.7170
 178.000       1.8614
 180.000       1.8739
 181.000       1.7272
 182.000       1.7038
 183.000       1.8011
 184.000       1.6083
 186.000       1.5396
 187.000       1.5056
 190.000       1.5492
 191.000       1.6418
 192.000       1.8086
 194.000       1.7911
 196.000       1.8265
 198.000       1.7997
 199.000       1.7911
 200.000       1.9886
 201.000       1.8821
 202.000       1.7155
 203.000       1.7413
 206.000       1.6387
 208.000       1.5544
 209.000       1.4706
 211.000       1.4122
 212.000       1.4607
 214.000       1.4272
 215.000       1.3484
 216.000       1.3243
 217.000       1.3601
 220.000       1.3177
 221.000       1.3222
 223.000       1.3377
 224.000       1.3482
 225.000       1.6389
 227.000       1.5437
 229.000       1.5714
 231.000       1.6786
 232.000       1.8593
 233.000       2.0100
 234.000       1.9270
 235.000       1.8981
 236.000       1.8698
 239.000       1.7799
 241.000       1.6284
 242.000       1.5359
 244.000       1.4260
 245.000       1.4456
 247.000       1.3861
 248.000       1.3179
 249.000       1.3159
 250.000       1.3674
 251.000       1.3556
 253.000       1.3902
 254.000       1.5096
 257.000       1.3983
 258.000       1.3528
 259.000       1.7854
 261.000       1.6843
 263.000       1.8604
 265.000       2.0057
 266.000       2.1042
 267.000       2.3936
 268.000       2.0861
 269.000       1.9953
 270.000       2.1228
 273.000       2.0706
 275.000       1.8580
 276.000       1.8368
 278.000       1.6792
 279.000       1.6178
 281.000       1.5441
 283.000       1.5335
 284.000       1.5479
 287.000       1.6099
 288.000       1.6805
 289.000       1.8232
 290.000       2.1130
 292.000       2.0467
 294.000       2.2699
 296.000       2.3815
 297.000       2.5241
 298.000       2.8334
 299.000       2.4495
 300.000       2.4842
 301.000       2.6491
 304.000       2.6338
 306.000       2.4371
 307.000       2.4219
 309.000       2.2175
 310.000       2.1157
 312.000       1.9887
 314.000       1.9673
 315.000       1.9347
 316.000       2.0827
 318.000       2.2064
 319.000       2.3605
 320.000       2.6735
 322.000       2.6316
 324.000       2.8702
 326.000       2.9354
 327.000       3.0032
 328.000       3.3341
 329.000       2.8409
 330.000       2.9673
 331.000       3.2099
 334.000       3.1904
 336.000       2.9755
 337.000       2.9145
 339.000       2.6729
 340.000       2.5657
 342.000       2.4099
 343.000       2.4232
 344.000       2.3831
 345.000       2.3213
 346.000       2.5088
 348.000       2.6434
 349.000       2.7950
 352.000       2.6946
 353.000       2.5806
 354.000       3.1808
 356.000       3.1121
 358.000       3.3939
 360.000       3.4742
 361.000       3.5309
 362.000       3.4343
 363.000       3.8893
 364.000       3.3938
 365.000       3.5516
 368.000       3.4656
 370.000       3.6945
 371.000       3.8942
 373.000       4.2480
 374.000       4.3914
 376.000       4.8478
 377.000       5.0861
 378.000       5.8023
 379.000       6.2227
 382.000       6.3189
 383.000       6.1223
 385.000       5.3659
 386.000       4.8275
 387.000       3.4350
 389.000       3.9151
 391.000       4.2271
 393.000       3.2419
 394.000       3.1391
 395.000       3.3308
 396.000       3.2452
 397.000       3.3707
 398.000       3.7040
 401.000       4.2142
 403.000       4.5249
 404.000       4.8565
 406.000       5.0603
 407.000       5.0180
 409.000       5.4288
 410.000       5.7673
 411.000       6.4289
 412.000       6.8032
 415.000       6.8915
 416.000       6.7220
 418.000       6.0971
 419.000       5.6016
 420.000       4.1855
 422.000       4.6139
 424.000       5.2800
 426.000       4.6966
 427.000       4.5553
 428.000       5.3358
 429.000       4.2476
 430.000       4.2165
 431.000       4.6669
 434.000       4.5697
 436.000       4.6230
 437.000       4.4491
 439.000       4.1309
 440.000       3.7170
 442.000       3.5467
 444.000       3.8423
 445.000       3.8433
 448.000       4.2793
 449.000       4.4152
 450.000       4.9156
 451.000       4.0832
 453.000       4.2435
 455.000       4.7200
 457.000       4.2657
 458.000       4.1008
 459.000       4.4169
 460.000       4.0704
 461.000       3.8705
 462.000       4.0212
 465.000       3.9273
 467.000       3.9464
 468.000       3.7571
 470.000       3.5852
 471.000       3.5237
 473.000       3.5340
 475.000       3.6096
 476.000       3.7680
 479.000       3.6761
 480.000       3.6558
 481.000       3.8325
 482.000       3.6771
 484.000       3.6261
 486.000       3.9107
 488.000       3.8547
 489.000       3.8204
 490.000       4.1943
 491.000       3.6138
 492.000       3.8183
 493.000       4.2503
 496.000       4.3233
 498.000       4.1357
 499.000       3.9039
 501.000       3.4552
 502.000       3.2806
 504.000       3.1240
 505.000       3.1830
 506.000       3.3600
 507.000       3.4786
 510.000       3.6960
 511.000       3.8437
 513.000       3.7441
 514.000       3.3933
 515.000       4.2078
 517.000       4.0646
 519.000       4.5708
 521.000       4.7593
 522.000       5.0141
 523.000       5.7121
 524.000       4.8399
 525.000       5.0207
 526.000       5.4327
 529.000       5.6203
 531.000       6.1457
 532.000       6.3291
 534.000       6.6758
 535.000       6.5313
 537.000       7.2298
 539.000       8.0840
 540.000       8.9169
 541.000       8.1024
 543.000       7.4763
 544.000       7.8326
 545.000       5.2469
 547.000       5.8680
 549.000       6.4496
 551.000       5.1118
 552.000       4.9802
 553.000       5.3121
 554.000       5.6104
 555.000       4.3032
 556.000       4.1391
 559.000       3.9094
 561.000       3.7649
 562.000       3.6284
 564.000       3.4728
 565.000       3.4556
 567.000       3.5014
 569.000       3.5778
 570.000       3.7988
 573.000       3.6150
 574.000       3.5534
 575.000       3.7389
 576.000       3.6971
 578.000       3.6537
 580.000       3.9517
 582.000       3.8777
 583.000       3.7815
 584.000       4.0694
 585.000       3.7390
 586.000       3.5381
 587.000       3.6405
 590.000       3.4632
 592.000       3.3355
 593.000       3.1680
 595.000       2.9801
 596.000       2.9866
 598.000       2.8813
 600.000       2.7640
 601.000       2.7291
 604.000       2.7808
 605.000       2.8857
 606.000       2.9773
 607.000       3.3074
 609.000       3.2011
 611.000       3.3788
 613.000       3.4572
 614.000       3.3709
 615.000       3.6410
 616.000       3.2595
 617.000       3.1900
 618.000       3.3401
 621.000       3.2048
 623.000       3.0780
 624.000       2.8970
 626.000       2.6596
 627.000       2.6207
 629.000       2.4274
 630.000       2.3259
 631.000       2.1724
 632.000       2.0517
 635.000       2.2171
 636.000       2.3960
 638.000       2.5312
 639.000       2.4852
 640.000       3.0346
 642.000       2.9339
 644.000       3.1415
 646.000       3.1869
 647.000       3.0832
 648.000       3.3233
 649.000       2.9898
 650.000       2.8981
 651.000       3.0271
 654.000       2.8793
 656.000       2.7791
 657.000       2.5803
 659.000       2.3597
 660.000       2.3491
 662.000       2.1700
 663.000       2.0354
 664.000       1.8498
 665.000       1.7618
 666.000       1.8392
 668.000       1.9998
 669.000       2.0416
 672.000       2.1667
 673.000       2.1657
 674.000       2.6870
 676.000       2.5801
 678.000       2.7609
 680.000       2.7967
 681.000       2.6708
 682.000       2.8815
 683.000       2.6132
 684.000       2.4573
 685.000       2.5389
 688.000       2.3595
 690.000       2.2776
 691.000       2.0623
 693.000       1.8907
 694.000       1.9552
 696.000       1.8514
 698.000       1.6581
 699.000       1.5997
 702.000       1.5962
 703.000       1.7191
 704.000       1.7345
 705.000       2.1547
 707.000       2.0198
 709.000       2.1580
 711.000       2.2309
 712.000       2.1287
 713.000       2.2905
 714.000       2.1918
 715.000       1.8713
 716.000       1.8398
 719.000       1.6275
 721.000       1.5817
 722.000       1.4107
 724.000       1.3893
 725.000       1.5312
 727.000       1.5420
 728.000       1.3872
 729.000       1.3995
 730.000       1.5463
 731.000       1.3285
 733.000       1.2637
 734.000       1.3135
 737.000       1.2475
 738.000       1.3006
 739.000       1.4971
 741.000       1.3753
 743.000       1.4029
 745.000       1.5225
 746.000       1.5750
 747.000       1.7702
 748.000       1.6219
 749.000       1.5206
 750.000       1.4510
 753.000       1.5308
 755.000       1.5666
 756.000       1.6491
 758.000       1.6744
 759.000       1.8640
 761.000       1.9039
 762.000       1.7623
 763.000       1.8514
 764.000       2.0247
 767.000       1.8876
 768.000       1.7896
 770.000       1.6378
 771.000       1.6395
 772.000       1.6574
 774.000       1.6698
 776.000       1.8788
 778.000       1.8119
 779.000       2.0260
 780.000       2.1683
 781.000       2.2248
 782.000       1.9677
 783.000       1.9542
 786.000       1.9814
 788.000       2.2366
 789.000       2.3095
 791.000       2.6270
 792.000       2.9580
 794.000       3.2656
 795.000       3.2011
 796.000       3.6138
 797.000       3.9625
 800.000       3.8832
 801.000       3.7359
 803.000       3.2180
 804.000       2.9263
 805.000       1.8427
 807.000       2.0429
 809.000       2.1694
 811.000       1.9375
 812.000       1.8756
 813.000       2.1856
 814.000       2.1134
 815.000       1.6720
 816.000       1.6149
 819.000       1.5143
 821.000       1.4443
 822.000       1.4727
 824.000       1.5235
 825.000       1.6388
 827.000       1.7227
 828.000       1.6523
 829.000       1.7403
 830.000       1.9114
 831.000       1.6814
 833.000       1.5622
 834.000       1.5722
 837.000       1.4918
 838.000       1.5311
 839.000       1.6014
 841.000       1.5808
 843.000       1.6915
 845.000       1.6566
 846.000       1.7440
 847.000       1.9186
 848.000       1.9053
 849.000       1.6618
 850.000       1.6692
 853.000       1.5809
 855.000       1.4766
 856.000       1.4464
 858.000       1.4174
 859.000       1.4171
 861.000       1.4392
 862.000       1.4464
 863.000       1.5074
 864.000       1.5709
 867.000       1.5493
 868.000       1.5256
 870.000       1.4766
 871.000       1.4337
 872.000       1.6171
 874.000       1.5461
 876.000       1.5952
 878.000       1.7537
 879.000       1.8723
 880.000       2.0774
 881.000       1.8722
 882.000       1.8463
 883.000       1.9288
 886.000       1.9043
 888.000       1.7843
 889.000       1.8108
 891.000       1.7663
 892.000       1.7213
 894.000       1.7114
 895.000       1.7576
 896.000       1.8205
 897.000       1.8289
 900.000       1.9209
 901.000       1.9481
 903.000       1.8921
 904.000       1.7954
 905.000       1.9920
 907.000       1.9588
 909.000       2.0360
 911.000       2.1475
 912.000       2.2891
 913.000       2.4556
 914.000       2.3294
 915.000       2.2754
 916.000       2.3251
 919.000       2.3217
 921.000       2.2024
 922.000       2.2132
 924.000       2.1239
 925.000       2.0897
 927.000       2.0399
 929.000       2.0131
 930.000       1.9913
 933.000       2.0599
 934.000       2.1166
 935.000       2.2013
 936.000       2.4162
 938.000       2.3834
 940.000       2.4969
 942.000       2.5886
 943.000       2.7010
 944.000       2.9095
 945.000       2.6844
 946.000       2.6624
 947.000       2.7503
 950.000       2.7124
 952.000       2.6020
 953.000       2.5503
 955.000       2.4352
 956.000       2.3994
 958.000       2.3141
 959.000       2.2868
 960.000       2.2268
 961.000       2.1846
 962.000       2.2584
 964.000       2.3389
 965.000       2.3886
 968.000       2.4001
 969.000       2.3658
 970.000       2.7266
 972.000       2.6652
 974.000       2.7773
 976.000       2.8729
 977.000       2.9147
 978.000       3.1106
 979.000       2.9015
 980.000       2.8131
 981.000       2.8726
 984.000       2.7829
 986.000       2.6566
 987.000       2.5819
 989.000       2.4887
 990.000       2.4939
 992.000       2.4364
 994.000       2.3667
 995.000       2.3453
 996.000       2.3693
 998.000       2.4268
 999.000       2.4586
1000.000       2.7660
1002.000       2.6664
1004.000       2.7465
1006.000       2.8995
1007.000       2.9413
1008.000       3.1173
1009.000       2.9352
1010.000       2.8462
1011.000       2.8688
1014.000       2.7497
1016.000       2.6495
1017.000       2.5694
1019.000       2.5366
1020.000       2.5582
1022.000       2.5309
1024.000       2.4835
1025.000       2.4805
1028.000       2.4717
1029.000       2.4980
1030.000       2.5173
1031.000       2.7075
1033.000       2.5870
1035.000       2.5963
1037.000       2.7944
1038.000       2.7150
1039.000       2.9923
1040.000       2.8027
1041.000       2.3606
1042.000       2.4655
1045.000       2.2754
1047.000       2.2355
1048.000       2.2242
1050.000       2.3960
1051.000       2.3103
1053.000       2.7965
1055.000       3.4540
1056.000       4.1425
1059.000       3.6937
1060.000       3.1562
1061.000       3.6131
1062.000       2.1380
1064.000       2.2142
1066.000       2.5691
1068.000       2.3386
1069.000       2.4147
1070.000       2.7735
1071.000       2.4916
1072.000       2.3327
1073.000       2.5500
1076.000       2.5980
1078.000       2.4779
1079.000       2.5461
1081.000       2.3383
1082.000       2.1278
1084.000       2.1057
1086.000       2.3004
1087.000       2.4386
1090.000       2.5070
1091.000       2.5249
1092.000       2.8268
1093.000       2.6059
1095.000       2.7020
1097.000       3.0637
1099.000       2.8814
1100.000       2.8517
1101.000       3.3013
1102.000       2.5337
1103.000       2.8760
1104.000       3.3246
1107.000       3.4462
1109.000       3.3222
1110.000       3.3420
1112.000       2.9532
1113.000       2.5677
1115.000       2.3894
1116.000       2.6996
1117.000       2.8568
1118.000       2.7765
1119.000       3.2758
1121.000       3.5227
1122.000       3.9551
1125.000       3.4426
1126.000       3.0258
1127.000       3.3168
1129.000       3.4869
1131.000       4.0053
1133.000       3.5994
1134.000       3.4363
1135.000       3.8581
1136.000       3.0394
1137.000       3.4144
1138.000       3.8622
1141.000       3.8995
1143.000       3.7777
1144.000       3.6870
1146.000       3.2391
1147.000       2.8766
1149.000       2.5953
1150.000       2.8315
1151.000       2.8974
1152.000       2.7041
1155.000       3.2985
1156.000       3.5926
1158.000       3.5897
1159.000       3.2111
1160.000       3.6499
1162.000       3.7451
1164.000       4.2457
1166.000       3.8914
1167.000       3.6512
1168.000       4.0409
1169.000       3.2826
1170.000       3.5561
1171.000       3.9351
1174.000       3.9238
1176.000       3.8295
1177.000       3.7038
1179.000       3.2756
1180.000       2.9477
1182.000       2.6024
1184.000       2.6397
1185.000       2.4274
1188.000       3.0116
1189.000       3.3112
1190.000       3.6983
1191.000       3.6067
1193.000       3.6925
1195.000       4.1887
1197.000       3.7992
1198.000       3.5422
1199.000       3.8649
1200.000       3.1997
1201.000       3.5086
1202.000       3.9045
1205.000       3.9686
1207.000       3.9344
1208.000       3.8411
1210.000       3.4243
1211.000       3.0750
1213.000       2.7942
1214.000       2.9959
1215.000       2.9742
1216.000       2.7437
1217.000       3.3779
1219.000       3.7301
1220.000       4.1318
1223.000       3.7580
1224.000       3.3881
1225.000       3.7028
1227.000       3.8493
1229.000       4.3426
1231.000       3.8912
1232.000       3.7372
1233.000       3.7130
1234.000       4.0867
1235.000       3.4284
1236.000       3.4001
1239.000       3.3974
1241.000       3.5924
1242.000       3.5587
1244.000       3.5771
1245.000       3.6228
1247.000       3.8415
1248.000       3.9250
1249.000       4.2785
1250.000       4.5750
1251.000       4.4212
1253.000       4.2887
1254.000       4.6080
1257.000       3.9842
1258.000       3.7811
1259.000       3.1667
1261.000       3.3832
1263.000       3.6626
1265.000       3.1818
1266.000       3.0231
1267.000       3.2843
1268.000       2.7943
1269.000       3.1433
1270.000       3.4980
1273.000       3.7000
1275.000       3.6800
1276.000       3.8193
1278.000       3.6267
1279.000       3.3348
1281.000       3.4462
1282.000       3.8020
1283.000       4.2136
1284.000       4.3715
1287.000       4.6106
1288.000       4.6472
1290.000       4.3565
1291.000       3.9087
1292.000       3.6934
1294.000       3.9486
1296.000       4.4158
1298.000       3.9829
1299.000       4.0117
1300.000       4.4262
1301.000       3.6580
1302.000       4.2598
1303.000       4.7980
1306.000       5.1257
1308.000       5.0530
1309.000       5.3046
1311.000       5.0247
1312.000       4.5076
1314.000       4.4402
1316.000       4.9204
1317.000       5.0675
1318.000       5.3813
1320.000       5.4600
1321.000       6.0096
1322.000       5.0990
1324.000       5.4662
1326.000       6.1092
1328.000       5.4227
1329.000       5.3314
1330.000       5.7698
1331.000       4.8912
1332.000       5.3940
1333.000       5.8731
1336.000       5.9362
1338.000       5.7923
1339.000       5.6701
1341.000       5.1988
1342.000       4.8651
1344.000       4.5431
1345.000       4.6865
1346.000       4.5876
1347.000       4.3335
1348.000       4.9259
1350.000       5.3007
1351.000       5.6520
1354.000       5.4069
1355.000       5.0893
1356.000       5.7012
1358.000       5.7709
1360.000       6.2864
1362.000       5.9809
1363.000       5.7695
1364.000       6.1793
1365.000       5.3718
1366.000       5.6807
1367.000       6.0864
1370.000       6.0385
1372.000       5.8551
1373.000       5.6217
1375.000       5.1370
1376.000       4.8957
1378.000       4.5356
1379.000       4.5428
1380.000       4.3423
1381.000       4.0942
1382.000       4.5805
1384.000       4.9492
1385.000       5.2203
1388.000       5.1356
1389.000       4.9202
1390.000       5.7619
1392.000       5.7146
1394.000       6.1805
1396.000       6.0567
1397.000       5.8643
1398.000       6.3180
1399.000       5.5569
1400.000       5.6406
1401.000       5.9602
1404.000       5.8027
1406.000       5.5756
1407.000       5.3368
1409.000       4.9230
1410.000       4.7690
1412.000       4.5090
1414.000       4.3962
1415.000       4.3087
1416.000       4.5694
1418.000       4.8312
1419.000       5.0930
1420.000       5.5179
1422.000       5.4080
1424.000       5.8202
1426.000       5.8049
1427.000       5.5820
1428.000       6.0703
1429.000       5.2867
1430.000       5.3013
1431.000       5.6438
1434.000       5.4562
1436.000       5.1831
1437.000       4.9357
1439.000       4.4982
1440.000       4.3418
1442.000       4.0945
1444.000       3.9891
1445.000       3.9406
1446.000       4.1538
1448.000       4.4078
1449.000       4.6881
1450.000       5.1784
1452.000       5.0515
1454.000       5.4978
1456.000       5.5093
1457.000       5.3564
1458.000       5.8235
1459.000       4.9970
1460.000       5.2019
1461.000       5.5759
1464.000       5.4456
1466.000       5.1283
1467.000       4.8827
1469.000       4.3849
1470.000       4.2126
1472.000       3.8157
1474.000       3.5817
1475.000       3.2757
1478.000       3.7582
1479.000       4.1617
1480.000       4.3932
1481.000       5.2568
1483.000       5.1000
1485.000       5.5078
1487.000       5.6418
1488.000       5.5813
1489.000       6.0848
1490.000       5.1923
1491.000       5.4744
1492.000       5.8791
1495.000       5.7402
1497.000       5.3540
1498.000       5.0800
1500.000       4.5626
1501.000       4.3820
1503.000       3.9139
1504.000       3.7823
1505.000       3.3729
1506.000       2.9991
1507.000       3.5059
1509.000       3.9443
1510.000       4.0892
1513.000       4.2940
1514.000       4.1995
1515.000       5.6013
1517.000       5.3768
1519.000       5.7673
1521.000       6.0407
1522.000       6.0386
1523.000       6.5836
1524.000       5.7342
1525.000       5.8187
1526.000       6.1269
1529.000       5.8836
1531.000       5.4336
1532.000       5.1297
1534.000       4.6405
1535.000       4.5884
1537.000       4.1651
1539.000       3.7387
1540.000       3.3723
1541.000       3.8466
1543.000       4.2863
1544.000       4.4074
1545.000       5.7754
1547.000       5.4466
1549.000       5.7561
1551.000       6.2306
1552.000       6.2972
1553.000       6.8407
1554.000       6.0915
1555.000       6.0134
1556.000       6.2525
1559.000       5.9603
1561.000       5.4987
1562.000       5.1768
1564.000       4.7089
1565.000       4.7179
1567.000       4.3330
1569.000       3.8896
1570.000       3.5324
1573.000       3.8891
1574.000       4.3119
1575.000       4.3959
1576.000       5.8679
1578.000       5.5025
1580.000       5.7757
1582.000       6.3152
1583.000       6.3828
1584.000       6.9580
1585.000       6.2074
1586.000       6.0328
1587.000       6.2397
1590.000       5.9185
1592.000       5.3946
1593.000       5.0566
1595.000       4.6061
1596.000       4.6317
1598.000       4.2484
1599.000       3.8978
1600.000       3.4325
1601.000       3.2384
1602.000       3.2909
1604.000       3.6035
1605.000       3.5548
1608.000       4.0332
1609.000       4.1408
1610.000       5.8614
1612.000       5.4076
1614.000       5.6615
1616.000       6.3431
