   2.000       5.1107
   3.000       5.2408
   6.000       5.2436
   8.000       5.3591
   9.000       5.2707
  11.000       5.1102
  12.000       5.0441
  14.000       4.9508
  15.000       4.9678
  16.000       4.9567
  17.000       4.9166
  18.000       5.0539
  20.000       5.1415
  21.000       5.2599
  24.000       5.1552
  25.000       5.0673
  26.000       4.9921
  28.000       5.1124
  30.000       5.3411
  32.000       4.9793
  33.000       4.7297
  34.000       4.8599
  35.000       4.5553
  36.000       4.6522
  37.000       4.8206
  40.000       4.7997
  42.000       4.8581
  43.000       4.7514
  45.000       4.5735
  46.000       4.4692
  48.000       4.3453
  50.000       4.3304
  51.000       4.2478
  54.000       4.4457
  55.000       4.5667
  56.000       4.7083
  57.000       4.5570
  59.000       4.6300
  61.000       4.8503
  63.000       4.5650
  64.000       4.3411
  65.000       4.4772
  66.000       4.1776
  67.000       4.2626
  68.000       4.4372
  71.000       4.4208
  73.000       4.4392
  74.000       4.3310
  76.000       4.1271
  77.000       4.0189
  79.000       3.8777
  81.000       3.8375
  82.000       3.7325
  85.000       3.9429
  86.000       4.0905
  87.000       4.2279
  88.000       4.1945
  90.000       4.2466
  92.000       4.4926
  94.000       4.2440
  95.000       4.0427
  96.000       4.2109
  97.000       3.8658
  98.000       3.9642
  99.000       4.1580
 102.000       4.1104
 104.000       4.0834
 105.000       3.9442
 107.000       3.7164
 108.000       3.6242
 110.000       3.4652
 112.000       3.3883
 113.000       3.2787
 116.000       3.4705
 117.000       3.6414
 118.000       3.7665
 119.000       3.8875
 121.000       3.8862
 123.000       4.1217
 125.000       3.9685
 126.000       3.8048
 127.000       4.0024
 128.000       3.6330
 129.000       3.7134
 130.000       3.8973
 133.000       3.8229
 135.000       3.7724
 136.000       3.5958
 138.000       3.3602
 139.000       3.2782
 141.000       3.0852
 142.000       3.0299
 143.000       2.8754
 144.000       2.7532
 145.000       2.9240
 147.000       3.0987
 148.000       3.1616
 151.000       3.2504
 152.000       3.2038
 153.000       3.5990
 155.000       3.5576
 157.000       3.7737
 159.000       3.6954
 160.000       3.5027
 161.000       3.7374
 162.000       3.3275
 163.000       3.3399
 164.000       3.5115
 167.000       3.3613
 169.000       3.2791
 170.000       3.0647
 172.000       2.8408
 173.000       2.8025
 175.000       2.6234
 176.000       2.5323
 177.000       2.3972
 178.000       2.3238
 179.000       2.4303
 181.000       2.5686
 182.000       2.6487
 185.000       2.6929
 186.000       2.6679
 187.000       3.1188
 189.000       3.0244
 191.000       3.2141
 193.000       3.2164
 194.000       3.0751
 195.000       3.2908
 196.000       3.0145
 197.000       2.8425
 198.000       2.9024
 201.000       2.6983
 203.000       2.6419
 204.000       2.4365
 206.000       2.3166
 207.000       2.3849
 209.000       2.2770
 210.000       2.1227
 211.000       2.0035
 212.000       1.9921
 215.000       1.9631
 216.000       2.0235
 218.000       2.1166
 219.000       2.1590
 220.000       2.4835
 222.000       2.3619
 224.000       2.4662
 226.000       2.5378
 227.000       2.4237
 228.000       2.5989
 229.000       2.5356
 230.000       2.1206
 231.000       2.0795
 234.000       1.8849
 236.000       1.8229
 237.000       1.7051
 239.000       1.6918
 240.000       1.8347
 242.000       1.9644
 244.000       1.9524
 245.000       2.1591
 246.000       1.8160
 248.000       1.6948
 249.000       1.7354
 250.000       1.7813
 252.000       1.7243
 254.000       1.8776
 256.000       1.8652
 257.000       1.9207
 258.000       2.1611
 259.000       1.9636
 260.000       1.8118
 261.000       1.9122
 264.000       1.8388
 266.000       1.7575
 267.000       1.7094
 269.000       1.6405
 270.000       1.6255
 272.000       1.6029
 273.000       1.5997
 274.000       1.6321
 275.000       1.6527
 276.000       1.7224
 278.000       1.7763
 279.000       1.9245
 282.000       1.7375
 283.000       1.6410
 284.000       1.8360
 286.000       1.7836
 288.000       1.8945
 290.000       1.9722
 291.000       2.1051
 292.000       2.4347
 293.000       2.2313
 294.000       2.0150
 295.000       2.1231
 298.000       2.0972
 300.000       2.1336
 301.000       2.1591
 303.000       2.1591
 304.000       2.2720
 306.000       2.3125
 307.000       2.2013
 308.000       2.2238
 309.000       2.3532
 312.000       2.1952
 313.000       2.1521
 315.000       2.1165
 316.000       2.1275
 317.000       2.1051
 319.000       2.1875
 321.000       2.4742
 323.000       2.1986
 324.000       2.0692
 325.000       2.1440
 326.000       2.2032
 327.000       1.9754
 328.000       1.9190
 331.000       1.8781
 333.000       1.9224
 334.000       1.9534
 336.000       2.0360
 337.000       2.0425
 339.000       2.1564
 341.000       2.2830
 342.000       2.4385
 343.000       2.2955
 345.000       2.1765
 346.000       2.2642
 347.000       1.8678
 349.000       1.9344
 351.000       2.0044
 353.000       1.8699
 354.000       1.8753
 355.000       1.9287
 356.000       1.9430
 357.000       1.8388
 358.000       1.8586
 361.000       1.8679
 363.000       1.8743
 364.000       1.8512
 366.000       1.7826
 367.000       1.7511
 369.000       1.7149
 371.000       1.7058
 372.000       1.7013
 375.000       1.7478
 376.000       1.7861
 377.000       1.8568
 378.000       1.8497
 380.000       1.8790
 382.000       1.9807
 384.000       1.8979
 385.000       1.9092
 386.000       2.0165
 387.000       1.8930
 388.000       1.8986
 389.000       1.9754
 392.000       1.9878
 394.000       1.9415
 395.000       1.9401
 397.000       1.8619
 398.000       1.8067
 400.000       1.7639
 402.000       1.7754
 403.000       1.7686
 406.000       1.8322
 407.000       1.8783
 408.000       1.9676
 409.000       1.9876
 411.000       2.0027
 413.000       2.1267
 415.000       2.0939
 416.000       2.1276
 417.000       2.2740
 418.000       2.0943
 419.000       2.1091
 420.000       2.1910
 423.000       2.1814
 425.000       2.1059
 426.000       2.0936
 428.000       1.9990
 429.000       1.9526
 431.000       1.8952
 433.000       1.8806
 434.000       1.8728
 435.000       1.9324
 437.000       1.9933
 438.000       2.0725
 439.000       2.1864
 441.000       2.1756
 443.000       2.2990
 445.000       2.3048
 446.000       2.3560
 447.000       2.5052
 448.000       2.3123
 449.000       2.3575
 450.000       2.4350
 453.000       2.4399
 455.000       2.3610
 456.000       2.3458
 458.000       2.2258
 459.000       2.1726
 461.000       2.0868
 463.000       2.0594
 464.000       2.0115
 467.000       2.1191
 468.000       2.1999
 469.000       2.2790
 470.000       2.4380
 472.000       2.4388
 474.000       2.5860
 476.000       2.5612
 477.000       2.5894
 478.000       2.7601
 479.000       2.5111
 480.000       2.5814
 481.000       2.6670
 484.000       2.6698
 486.000       2.5736
 487.000       2.5366
 489.000       2.3819
 490.000       2.3277
 492.000       2.2233
 493.000       2.2128
 494.000       2.1664
 495.000       2.1114
 498.000       2.2170
 499.000       2.3045
 501.000       2.3607
 502.000       2.3100
 503.000       2.6461
 505.000       2.6394
 507.000       2.8188
 509.000       2.7990
 510.000       2.8272
 511.000       3.0414
 512.000       2.7229
 513.000       2.8057
 514.000       2.9544
 517.000       2.8980
 519.000       2.7395
 520.000       2.6554
 522.000       2.5007
 523.000       2.4628
 525.000       2.3626
 526.000       2.3327
 527.000       2.2759
 528.000       2.2382
 529.000       2.3199
 531.000       2.3972
 532.000       2.4622
 535.000       2.4522
 536.000       2.4168
 537.000       2.8848
 539.000       2.7917
 541.000       2.9210
 543.000       3.0813
 544.000       3.1605
 545.000       3.4242
 546.000       3.1138
 547.000       3.0485
 548.000       3.1402
 551.000       3.0415
 553.000       2.8542
 554.000       2.7645
 556.000       2.5961
 557.000       2.6133
 559.000       2.4745
 561.000       2.3105
 562.000       2.2107
 563.000       2.3317
 565.000       2.4664
 566.000       2.5107
 567.000       3.0546
 569.000       2.9147
 571.000       3.1005
 573.000       3.2857
 574.000       3.3208
 575.000       3.5999
 576.000       3.2224
 577.000       3.2393
 578.000       3.2168
 581.000       3.1809
 583.000       3.1216
 584.000       3.2489
 586.000       3.1665
 587.000       3.1603
 589.000       3.1209
 590.000       3.1015
 591.000       3.1130
 592.000       3.1325
 593.000       3.1665
 595.000       3.2022
 596.000       3.3039
 599.000       3.1864
 600.000       3.1345
 601.000       3.4085
 603.000       3.5002
 605.000       3.7762
 607.000       3.4193
 608.000       3.5633
 609.000       3.3650
 610.000       3.8181
 611.000       3.8176
 612.000       3.7280
 615.000       4.1237
 617.000       4.2229
 618.000       4.6074
 620.000       4.5831
 621.000       4.5707
 623.000       4.5887
 624.000       4.5983
 625.000       4.6284
 626.000       4.6544
 627.000       4.6566
 629.000       4.6737
 630.000       4.7394
 633.000       4.6570
 634.000       4.6056
 635.000       4.5329
 637.000       4.8015
 639.000       5.2604
 641.000       4.8343
 642.000       4.5433
 643.000       4.3570
 644.000       5.1269
 645.000       4.0829
 646.000       3.5468
 649.000       3.3930
 651.000       3.6336
 652.000       4.1608
 654.000       4.8650
 655.000       5.2173
 657.000       5.9932
 659.000       6.4823
 660.000       7.2481
 661.000       6.1976
 663.000       5.4367
 664.000       5.4805
 665.000       3.6408
 667.000       4.2394
 669.000       4.6080
 671.000       3.4671
 672.000       3.3370
 673.000       3.6540
 674.000       3.5305
 675.000       3.1583
 676.000       3.1503
 679.000       2.9446
 681.000       2.8186
 682.000       2.6485
 684.000       2.5059
 685.000       2.5292
 687.000       2.4502
 689.000       2.3435
 690.000       2.3202
 693.000       2.3440
 694.000       2.4236
 695.000       2.4887
 696.000       2.7673
 698.000       2.6375
 700.000       2.7724
 702.000       2.8727
 703.000       2.8108
 704.000       2.9763
 705.000       2.7865
 706.000       2.6772
 707.000       2.7239
 710.000       2.6301
 712.000       2.5730
 713.000       2.4911
 715.000       2.3884
 716.000       2.3703
 718.000       2.2985
 720.000       2.2350
 721.000       2.2003
 722.000       2.2622
 724.000       2.3389
 725.000       2.3983
 726.000       2.5431
 728.000       2.4998
 730.000       2.6031
 732.000       2.6061
 733.000       2.5671
 734.000       2.6975
 735.000       2.5397
 736.000       2.4831
 737.000       2.5450
 740.000       2.4882
 742.000       2.4451
 743.000       2.3777
 745.000       2.2815
 746.000       2.2485
 748.000       2.1723
 749.000       2.1527
 750.000       2.1039
 751.000       2.0617
 752.000       2.1449
 754.000       2.2255
 755.000       2.2901
 758.000       2.2717
 759.000       2.2274
 760.000       2.4191
 762.000       2.3948
 764.000       2.4804
 766.000       2.4774
 767.000       2.4310
 768.000       2.5546
 769.000       2.3905
 770.000       2.3805
 771.000       2.4513
 774.000       2.4152
 776.000       2.3933
 777.000       2.3455
 779.000       2.2386
 780.000       2.1859
 782.000       2.1111
 783.000       2.1112
 784.000       2.0738
 785.000       2.0250
 786.000       2.1426
 788.000       2.2333
 789.000       2.3255
 792.000       2.2636
 793.000       2.1979
 794.000       2.3213
 796.000       2.3438
 798.000       2.4832
 800.000       2.3662
 801.000       2.3108
 802.000       2.4221
 803.000       2.2676
 804.000       2.2642
 805.000       2.3556
 808.000       2.3316
 810.000       2.3018
 811.000       2.2411
 813.000       2.1249
 814.000       2.0892
 816.000       2.0027
 817.000       1.9723
 818.000       1.9038
 819.000       1.8567
 820.000       1.9299
 822.000       2.0224
 823.000       2.0696
 826.000       2.0911
 827.000       2.0562
 828.000       2.2568
 830.000       2.2582
 832.000       2.3884
 834.000       2.3298
 835.000       2.2918
 836.000       2.4349
 837.000       2.2323
 838.000       2.2472
 839.000       2.3725
 842.000       2.3343
 844.000       2.2692
 845.000       2.1887
 847.000       2.0409
 848.000       2.0072
 850.000       1.9142
 851.000       1.8758
 852.000       1.8081
 853.000       1.7750
 854.000       1.8208
 856.000       1.8969
 857.000       1.9277
 860.000       1.9745
 861.000       1.9537
 862.000       2.2585
 864.000       2.2380
 866.000       2.4064
 868.000       2.3912
 869.000       2.3900
 870.000       2.6179
 871.000       2.3185
 872.000       2.3077
 873.000       2.4259
 876.000       2.3697
 878.000       2.2634
 879.000       2.1822
 881.000       2.0305
 882.000       2.0136
 884.000       1.9457
 886.000       1.8972
 887.000       1.8999
 888.000       1.9116
 890.000       1.9743
 891.000       2.0325
 892.000       2.3150
 894.000       2.2633
 896.000       2.4340
 898.000       2.4750
 899.000       2.4906
 900.000       2.7469
 901.000       2.4467
 902.000       2.3738
 903.000       2.4941
 906.000       2.4251
 908.000       2.3153
 909.000       2.2265
 911.000       2.0692
 912.000       2.0289
 914.000       1.9484
 915.000       1.9305
 916.000       1.9268
 917.000       1.9486
 918.000       1.9814
 920.000       2.0378
 921.000       2.1424
 924.000       2.0627
 925.000       2.0019
 926.000       2.3535
 928.000       2.3033
 930.000       2.4776
 932.000       2.5160
 933.000       2.5309
 934.000       2.7726
 935.000       2.4864
 936.000       2.4246
 937.000       2.5200
 940.000       2.4385
 942.000       2.3019
 943.000       2.2295
 945.000       2.0921
 946.000       2.0768
 948.000       1.9990
 950.000       1.9528
 951.000       1.9385
 954.000       1.9815
 955.000       2.0457
 956.000       2.1189
 957.000       2.4257
 959.000       2.3539
 961.000       2.4928
 963.000       2.6030
 964.000       2.6909
 965.000       2.9140
 966.000       2.6732
 967.000       2.6345
 968.000       2.7415
 971.000       2.7288
 973.000       2.5881
 974.000       2.5874
 976.000       2.4468
 977.000       2.3755
 979.000       2.2974
 980.000       2.3236
 981.000       2.3331
 982.000       2.2878
 985.000       2.4485
 986.000       2.5423
 988.000       2.5383
 989.000       2.4236
 990.000       2.7949
 992.000       2.7744
 994.000       2.9501
 996.000       3.0097
 997.000       3.1410
 998.000       3.4047
 999.000       3.0726
1000.000       3.1345
1001.000       3.3024
1004.000       3.3214
1006.000       3.1262
1007.000       3.1366
1009.000       2.9417
1010.000       2.8195
1012.000       2.7102
1013.000       2.7551
1014.000       2.7235
1015.000       2.6384
1016.000       2.8615
1018.000       3.0139
1019.000       3.1783
1022.000       3.0472
1023.000       2.9069
1024.000       3.4033
1026.000       3.3797
1028.000       3.6027
1030.000       3.6724
1031.000       3.8249
1032.000       4.1249
1033.000       3.6895
1034.000       3.8627
1035.000       4.0367
1038.000       4.0537
1040.000       3.8179
1041.000       3.7829
1043.000       3.5439
1044.000       3.4159
1046.000       3.2694
1047.000       3.2983
1048.000       3.2328
1049.000       3.1380
1050.000       3.3471
1052.000       3.5151
1053.000       3.6556
1056.000       3.5890
1057.000       3.4670
1058.000       4.1234
1060.000       4.0610
1062.000       4.3110
1064.000       4.4284
1065.000       4.5956
1066.000       4.6285
1067.000       4.9025
1068.000       4.4382
1069.000       4.1914
1072.000       4.2419
1074.000       4.0078
1075.000       4.1490
1077.000       4.0593
1078.000       3.8996
1080.000       3.9167
1082.000       4.0933
1083.000       4.1987
1086.000       4.2400
1087.000       4.2260
1088.000       4.4328
1089.000       4.4572
1091.000       4.4392
1093.000       4.6268
1095.000       4.7635
1096.000       4.9858
1097.000       5.4072
1098.000       4.9842
1099.000       4.8015
1100.000       4.9647
1103.000       4.8012
1105.000       4.4604
1106.000       4.3375
1108.000       4.1264
1109.000       4.2222
1111.000       4.2042
1113.000       4.0810
1114.000       4.2105
1115.000       3.9822
1117.000       4.0115
1118.000       4.0889
1119.000       4.8583
1121.000       4.6335
1123.000       4.8323
1125.000       5.2266
1126.000       5.4215
1127.000       5.8272
1128.000       5.3576
1129.000       5.3257
1130.000       5.5550
1133.000       5.4888
1135.000       5.1660
1136.000       5.0995
1138.000       4.8130
1139.000       4.7654
1141.000       4.6319
1143.000       4.5265
1144.000       4.5184
1145.000       4.5816
1147.000       4.7331
1148.000       4.9046
1149.000       5.5516
1151.000       5.3948
1153.000       5.6544
1155.000       5.9348
1156.000       6.1405
1157.000       6.5687
1158.000       6.0020
1159.000       6.1104
1160.000       6.3728
1163.000       6.3414
1165.000       6.0778
1166.000       5.9868
1168.000       5.6133
1169.000       5.5799
1171.000       5.3028
1173.000       5.0343
1174.000       4.8195
1177.000       5.0772
1178.000       5.3682
1179.000       5.4722
1180.000       6.3112
1182.000       6.1832
1184.000       6.5146
1186.000       6.6798
1187.000       6.7702
1188.000       7.2250
1189.000       6.6471
1190.000       6.5849
1191.000       6.6736
1194.000       6.5379
1196.000       6.7359
1197.000       6.5766
1199.000       6.5960
1200.000       6.8024
1202.000       6.8946
1203.000       6.7440
1204.000       6.8318
1205.000       7.0856
1208.000       6.7470
1209.000       6.5574
1211.000       6.4564
1212.000       6.5564
1213.000       6.1517
1215.000       6.3095
1217.000       6.5038
1219.000       6.0001
1220.000       5.5989
1221.000       5.6517
1222.000       5.5458
1223.000       5.3535
1224.000       5.3103
1227.000       5.1295
1229.000       5.3571
1230.000       5.1987
1232.000       5.4088
1233.000       5.6098
1235.000       5.8661
1236.000       5.8411
1237.000       6.1184
1238.000       6.4625
1241.000       6.1370
1242.000       5.8618
1244.000       5.5608
1245.000       5.5681
1246.000       4.8112
1248.000       4.8474
1250.000       4.7659
1252.000       4.5870
1253.000       4.3021
1254.000       4.2337
1255.000       4.3462
1256.000       4.2353
1257.000       4.2196
1260.000       4.2324
1262.000       4.4550
1263.000       4.5389
1265.000       4.7001
1266.000       4.8397
1268.000       5.0952
1269.000       5.1337
1270.000       5.4831
1271.000       5.7914
1274.000       5.6662
1275.000       5.5072
1277.000       5.1341
1278.000       4.9384
1279.000       4.1031
1281.000       4.3419
1283.000       4.5957
1285.000       4.0976
1286.000       3.9644
1287.000       4.1566
1288.000       4.0274
1289.000       3.8765
1290.000       3.9785
1293.000       3.9513
1295.000       3.9393
1296.000       3.8253
1298.000       3.5926
1299.000       3.4967
1301.000       3.3332
1303.000       3.2611
1304.000       3.1503
1307.000       3.3642
1308.000       3.5318
1309.000       3.6717
1310.000       3.7487
1312.000       3.7824
1314.000       4.0412
1316.000       3.8328
1317.000       3.6763
1318.000       3.8890
1319.000       3.4974
1320.000       3.5876
1321.000       3.7846
1324.000       3.7187
1326.000       3.6384
1327.000       3.4969
1329.000       3.2487
1330.000       3.1562
1332.000       2.9695
1334.000       2.8722
1335.000       2.7365
1338.000       2.9564
1339.000       3.1456
1340.000       3.2592
1341.000       3.5346
1343.000       3.4962
1345.000       3.7288
1347.000       3.6631
1348.000       3.5353
1349.000       3.7718
1350.000       3.3705
1351.000       3.4118
1352.000       3.5754
1355.000       3.4681
1357.000       3.3735
1358.000       3.1983
1360.000       2.9576
1361.000       2.9034
1363.000       2.7208
1365.000       2.5768
1366.000       2.4618
1367.000       2.6407
1369.000       2.8276
1370.000       2.9123
1371.000       3.2599
1373.000       3.1906
1375.000       3.4119
1377.000       3.3877
1378.000       3.2558
1379.000       3.5014
1380.000       3.1011
1381.000       3.0986
1382.000       3.2453
1385.000       3.1097
1387.000       3.0051
1388.000       2.8014
1390.000       2.5768
1391.000       2.5633
1393.000       2.3787
1394.000       2.2590
1395.000       2.0928
1396.000       2.0143
1397.000       2.0842
1399.000       2.2057
1400.000       2.2246
1403.000       2.3584
1404.000       2.3796
1405.000       2.9070
1407.000       2.7969
1409.000       2.9834
1411.000       3.0535
1412.000       2.9570
1413.000       3.2246
1414.000       2.9097
1415.000       2.7063
1416.000       2.7833
1419.000       2.5352
1421.000       2.3893
1422.000       2.2088
1424.000       2.0980
1425.000       2.1905
1427.000       2.1431
1429.000       1.9878
1430.000       2.0020
1431.000       1.9187
1433.000       1.9726
1434.000       1.9867
1435.000       2.3995
1437.000       2.3435
1439.000       2.5840
1441.000       2.5372
1442.000       2.5436
1443.000       2.8694
1444.000       2.6273
1445.000       2.3322
1446.000       2.4101
1449.000       2.2533
1451.000       2.1481
1452.000       2.1983
1454.000       2.0748
1455.000       2.0812
1457.000       2.0049
1458.000       1.9309
1459.000       1.8788
1460.000       1.8701
1463.000       1.9053
1464.000       1.9827
1466.000       2.0296
1467.000       1.9906
1468.000       2.4276
1470.000       2.4803
1472.000       2.8604
1474.000       2.5509
1475.000       2.5678
1476.000       2.8413
1477.000       2.6478
1478.000       2.3014
1479.000       2.3164
1482.000       2.1788
1484.000       2.0731
1485.000       2.0020
1487.000       1.9096
1488.000       1.9477
1490.000       1.9185
1491.000       1.8473
1492.000       1.8566
1493.000       1.9255
1494.000       1.8683
1496.000       1.8872
1497.000       1.9892
1500.000       1.8866
1501.000       1.8541
1502.000       2.1994
1504.000       2.1234
1506.000       2.2761
1508.000       2.4384
1509.000       2.5514
1510.000       2.8815
1511.000       2.5279
1512.000       2.4336
1513.000       2.5847
1516.000       2.5360
1518.000       2.3416
1519.000       2.2581
1521.000       2.0309
1522.000       2.0017
1524.000       1.9285
1526.000       1.8750
1527.000       1.9230
1530.000       1.9006
1531.000       1.9788
1532.000       2.1063
1533.000       2.5407
1535.000       2.4547
1537.000       2.7281
1539.000       2.8313
1540.000       2.9121
1541.000       3.3026
1542.000       2.8384
1543.000       2.7416
1544.000       2.9158
1547.000       2.7753
1549.000       2.5719
1550.000       2.4296
1552.000       2.1997
1553.000       2.1602
1555.000       2.0641
1557.000       2.0137
1558.000       2.0523
1559.000       2.0569
1561.000       2.1439
1562.000       2.2712
1563.000       2.6850
1565.000       2.5506
1567.000       2.7769
1569.000       2.9258
1570.000       2.9405
1571.000       3.2817
1572.000       2.9163
1573.000       2.7258
1574.000       2.8353
1577.000       2.6776
1579.000       2.5294
1580.000       2.4207
1582.000       2.2720
1583.000       2.2561
1585.000       2.2128
1586.000       2.2106
1587.000       2.3024
1588.000       2.3800
1589.000       2.4225
1591.000       2.4450
1592.000       2.6462
1595.000       2.3663
1596.000       2.2496
1597.000       2.5995
1599.000       2.5147
1601.000       2.7051
1603.000       2.7831
1604.000       2.8548
1605.000       3.0914
1606.000       2.9226
1607.000       2.7379
1608.000       2.8366
1611.000       2.8249
1613.000       2.7073
1614.000       2.7842
1616.000       2.7134
1617.000       2.6346
1619.000       2.6605
1621.000       2.7720
1622.000       2.8787
1623.000       2.8572
1625.000       2.8397
1626.000       3.0173
1627.000       2.9201
1629.000       2.9745
1631.000       3.1961
1633.000       3.1124
1634.000       3.3101
1635.000       3.5100
1636.000       3.3224
1637.000       3.4038
1638.000       3.5665
1641.000       3.7108
1643.000       3.5428
1644.000       3.6973
1646.000       3.5410
1647.000       3.3688
1649.000       3.3003
1651.000       3.4177
1652.000       3.4286
1655.000       3.5907
1656.000       3.6526
1657.000       3.8691
1658.000       3.9113
1660.000       3.9974
1662.000       4.2761
1664.000       4.2000
1665.000       4.4292
1666.000       4.7644
1667.000       4.2677
1668.000       4.5662
1669.000       4.8646
1672.000       4.9868
1674.000       4.7346
1675.000       4.8317
1677.000       4.5428
1678.000       4.3625
1680.000       4.1931
1682.000       4.2109
1683.000       4.1638
1684.000       4.3809
1686.000       4.5440
1687.000       4.7462
1688.000       5.1256
1690.000       5.1676
1692.000       5.5644
1694.000       5.4855
1695.000       5.6303
1696.000       5.9957
1697.000       5.3659
1698.000       5.8452
1699.000       6.1012
1702.000       6.4656
1704.000       6.9123
1705.000       7.1379
1707.000       7.2041
1708.000       7.0206
1710.000       7.2994
1711.000       7.6801
1712.000       8.1936
1713.000       8.4325
1716.000       8.5772
1717.000       8.4776
1719.000       8.0377
1720.000       7.6316
1721.000       6.2595
1723.000       6.8034
1725.000       7.1429
1727.000       6.0625
1728.000       5.7276
1729.000       5.6575
1730.000       5.4654
1731.000       6.1450
1732.000       6.5606
1735.000       7.0735
1737.000       7.4271
1738.000       7.6466
1740.000       7.4486
1741.000       6.9495
1743.000       7.0692
1744.000       7.6789
1745.000       8.1984
1746.000       8.2380
1747.000       8.8441
1749.000       9.0047
1750.000       9.7186
1753.000       8.5798
1754.000       7.9069
1755.000       6.8927
1757.000       7.4765
1759.000       8.0474
1761.000       6.9134
1762.000       6.5013
1763.000       6.7123
1764.000       6.1082
1765.000       6.4702
1766.000       6.8097
1769.000       6.8428
1771.000       6.9736
1772.000       6.8473
1774.000       6.5535
1775.000       6.2661
1777.000       6.0538
1779.000       6.1528
1780.000       6.0222
1783.000       6.4555
1784.000       6.6544
1785.000       6.9943
1786.000       6.4256
1788.000       6.6292
1790.000       7.0427
1792.000       6.4108
1793.000       6.0784
1794.000       6.4100
1795.000       6.1029
1796.000       5.6598
1797.000       5.7387
1800.000       5.6234
1802.000       5.5549
1803.000       5.2662
1805.000       4.9333
1806.000       4.8790
1808.000       4.5905
1809.000       4.4274
1810.000       4.1284
1811.000       3.9437
1812.000       4.1034
1814.000       4.3471
1815.000       4.3427
1818.000       4.6269
1819.000       4.6458
1820.000       5.3094
1822.000       5.2220
1824.000       5.5038
1826.000       5.4479
1827.000       5.2142
1828.000       5.4991
1829.000       4.9916
1830.000       4.9938
1831.000       5.1909
1834.000       4.9770
1836.000       4.8187
1837.000       4.4871
1839.000       4.1958
1840.000       4.2155
1842.000       3.9566
1843.000       3.7343
1844.000       3.4474
1845.000       3.3175
1848.000       3.3438
1849.000       3.5223
1851.000       3.7974
1852.000       3.8841
1853.000       4.7003
1855.000       4.4899
1857.000       4.6706
1859.000       4.8913
1860.000       4.7378
1861.000       5.1007
1862.000       4.5866
1863.000       4.4122
1864.000       4.5381
1867.000       4.2317
1869.000       3.9928
1870.000       3.6618
1872.000       3.3926
1873.000       3.4839
1875.000       3.2899
1877.000       2.9811
1878.000       2.8403
1881.000       2.8849
1882.000       3.0938
1883.000       3.0665
1884.000       4.0173
1886.000       3.7263
1888.000       3.8739
1890.000       4.2462
1891.000       4.1753
1892.000       4.5427
1893.000       4.0934
1894.000       3.8465
1895.000       3.9441
1898.000       3.6548
1900.000       3.4011
1901.000       3.1211
1903.000       2.9156
1904.000       3.0157
1906.000       2.8379
1907.000       2.5815
1908.000       2.3557
1909.000       2.3310
1912.000       2.2427
1913.000       2.3439
1915.000       2.5408
1916.000       2.6415
1917.000       3.4949
1919.000       3.2238
1921.000       3.3684
1923.000       3.7287
1924.000       3.7098
1925.000       4.0448
1926.000       3.6648
1927.000       3.4193
1928.000       3.5001
1931.000       3.2624
1933.000       3.0041
1934.000       2.8131
1936.000       2.6175
1937.000       2.6775
1939.000       2.5230
1940.000       2.3258
1941.000       2.1554
1942.000       2.1332
1943.000       2.1079
1945.000       2.2217
1946.000       2.2707
1949.000       2.3687
1950.000       2.4031
1951.000       3.1965
1953.000       2.9718
1955.000       3.1290
1957.000       3.4618
1958.000       3.5281
1959.000       3.8786
1960.000       3.6069
1961.000       3.1863
1962.000       3.1480
1965.000       2.8807
1967.000       2.6569
1968.000       2.5163
1970.000       2.3926
1971.000       2.5291
1973.000       2.4199
1974.000       2.1910
1975.000       2.0534
1976.000       2.0887
1979.000       1.9663
1980.000       1.9960
1982.000       2.0921
1983.000       2.1865
1984.000       2.8817
1986.000       2.7352
1988.000       2.7090
1990.000       2.7960
1991.000       2.9821
1992.000       3.2689
1993.000       2.9066
1994.000       2.9973
1995.000       2.8335
1998.000       2.9349
2000.000       2.8640
2001.000       3.0299
2003.000       2.8604
2004.000       2.9487
2006.000       2.7524
2007.000       2.5148
2008.000       2.2565
2009.000       2.1705
2010.000       2.1420
2012.000       2.2380
2013.000       2.1716
2016.000       2.4443
2017.000       2.5820
2018.000       3.2700
2020.000       3.3549
2022.000       3.6114
2024.000       3.5855
2025.000       4.2247
2026.000       5.0185
2027.000       4.5872
2028.000       3.7025
2029.000       3.0738
2032.000       2.7923
2034.000       2.5884
2035.000       2.3868
2037.000       2.2986
2038.000       2.4539
2040.000       2.4262
2042.000       2.2207
2043.000       2.2289
2044.000       2.0673
2046.000       2.1126
2047.000       2.0512
2048.000       2.7668
2050.000       2.5117
2052.000       2.5036
2054.000       2.9629
2055.000       3.0490
2056.000       3.3438
2057.000       3.0385
2058.000       2.8607
2059.000       2.8919
2062.000       2.6965
2064.000       2.4662
2065.000       2.3202
2067.000       2.2078
2068.000       2.2650
2070.000       2.1652
2071.000       2.0251
2072.000       1.9028
2073.000       1.8992
2074.000       1.8376
2076.000       1.8829
2077.000       1.8612
2080.000       1.9942
2081.000       2.0570
2082.000       2.6941
2084.000       2.4830
2086.000       2.5526
2088.000       2.9101
2089.000       3.0327
2090.000       3.2933
2091.000       3.0876
2092.000       2.8447
2093.000       2.8362
2096.000       2.6663
2098.000       2.4553
2099.000       2.3701
2101.000       2.3353
2102.000       2.4258
2104.000       2.3921
2105.000       2.2674
2106.000       2.2150
2107.000       2.2664
2108.000       2.1443
2110.000       2.1245
2111.000       2.1085
2114.000       2.1731
2115.000       2.2381
2116.000       2.7414
2118.000       2.5541
2120.000       2.5633
2122.000       2.9245
2123.000       3.1071
2124.000       3.3106
2125.000       3.2522
2126.000       2.9465
2127.000       2.8917
2130.000       2.7870
2132.000       2.6163
2133.000       2.6317
2135.000       2.6287
2136.000       2.7238
2138.000       2.7606
2140.000       2.7073
2141.000       2.7790
2142.000       2.6340
2144.000       2.5917
2145.000       2.5878
2146.000       2.9344
2148.000       2.8415
2150.000       2.8677
2152.000       3.0925
2153.000       3.3333
2154.000       3.4692
2155.000       3.4183
2156.000       3.3812
2157.000       3.4199
2160.000       3.4906
2162.000       3.3336
2163.000       3.4399
2165.000       3.3740
2166.000       3.3597
2168.000       3.3542
2170.000       3.3597
2171.000       3.3884
2172.000       3.3601
2174.000       3.3636
2175.000       3.3787
2176.000       3.6958
2178.000       3.7155
2180.000       3.8528
2182.000       3.9052
2183.000       4.1438
2184.000       4.3308
2185.000       4.1106
2186.000       4.2566
2187.000       4.4905
2190.000       4.6118
2192.000       4.7249
2193.000       4.7050
2195.000       4.5709
2196.000       4.4424
2198.000       4.3863
2200.000       4.4549
2201.000       4.4420
2204.000       4.5752
2205.000       4.6355
2206.000       4.7792
2207.000       4.4210
2209.000       4.5759
2211.000       4.8255
2213.000       4.4225
2214.000       4.1870
2215.000       4.3128
2216.000       4.0110
2217.000       4.0947
2218.000       4.2434
2221.000       4.1629
2223.000       4.2524
2224.000       4.0916
2226.000       3.9625
2227.000       3.9094
2229.000       3.8537
2230.000       3.8657
2231.000       3.8728
2232.000       3.8674
2235.000       3.9244
2236.000       3.9631
2238.000       3.9765
2239.000       3.9254
2240.000       3.8397
2242.000       3.8584
2244.000       4.0193
2246.000       3.7804
2247.000       3.4743
2248.000       3.5374
2249.000       3.3894
2250.000       3.2712
2251.000       3.3273
2254.000       3.0068
2256.000       2.8889
2257.000       2.6546
2259.000       2.6502
2260.000       2.6862
2262.000       2.6945
2263.000       2.6729
2264.000       2.7096
2265.000       2.7741
2268.000       2.7194
2269.000       2.6815
2271.000       2.6426
2272.000       2.6434
2273.000       2.7750
2275.000       2.6218
2277.000       2.3953
2279.000       2.6252
2280.000       2.6951
2281.000       2.8564
2282.000       2.7623
2283.000       2.5533
2284.000       2.4749
2287.000       2.3366
2289.000       2.3898
2290.000       2.3034
2292.000       2.3631
2293.000       2.4888
2295.000       2.5831
2297.000       2.5656
2298.000       2.6754
2299.000       2.4502
2301.000       2.3424
2302.000       2.2708
2303.000       2.2086
2305.000       2.1736
2307.000       2.1366
2309.000       2.1289
2310.000       2.0932
2311.000       2.0186
2312.000       2.2319
2313.000       2.0817
2314.000       2.0067
2317.000       2.1057
2319.000       2.2349
2320.000       2.4041
2322.000       2.5734
2323.000       2.5656
2325.000       2.7769
2327.000       3.0164
2328.000       3.2545
2329.000       3.0194
2331.000       2.8130
2332.000       2.9096
2333.000       2.1615
2335.000       2.3202
2337.000       2.4661
2339.000       2.2354
2340.000       2.1414
2341.000       2.3227
2342.000       2.0270
2343.000       2.0828
2344.000       2.2220
2347.000       2.1937
2349.000       2.2452
2350.000       2.1450
2352.000       2.0629
2353.000       2.0622
2355.000       2.0602
2357.000       2.0589
2358.000       2.1155
2361.000       2.0578
2362.000       2.0550
2363.000       2.0924
2364.000       2.0257
2366.000       2.0447
2368.000       2.1839
2370.000       2.0696
2371.000       1.9849
2372.000       2.1698
2373.000       1.9597
2374.000       1.8689
2375.000       1.9358
2378.000       1.8642
2380.000       1.8601
2381.000       1.7827
2383.000       1.7080
2384.000       1.6905
2386.000       1.6790
2388.000       1.6889
2389.000       1.7399
2392.000       1.7095
2393.000       1.7145
2394.000       1.7802
2395.000       1.7699
2397.000       1.7546
2399.000       1.8826
2401.000       1.8675
2402.000       1.8707
2403.000       2.0939
2404.000       1.8531
2405.000       1.7881
2406.000       1.8779
2409.000       1.8137
2411.000       1.7349
2412.000       1.6922
2414.000       1.5885
2415.000       1.5519
2417.000       1.5348
2418.000       1.5615
2419.000       1.6460
2420.000       1.7190
2423.000       1.7518
2424.000       1.7713
2426.000       1.7112
2427.000       1.5989
2428.000       1.7797
2430.000       1.7549
2432.000       1.9357
2434.000       1.9446
2435.000       2.0137
2436.000       2.2489
2437.000       1.9925
2438.000       1.9425
2439.000       2.0443
2442.000       1.9945
2444.000       1.8909
2445.000       1.8710
2447.000       1.7722
2448.000       1.7050
2450.000       1.6542
2452.000       1.6907
2453.000       1.7089
2456.000       1.7781
2457.000       1.8119
2458.000       1.9361
2459.000       2.0100
2461.000       1.9778
2463.000       2.1199
2465.000       2.1845
2466.000       2.2845
2467.000       2.5608
2468.000       2.2724
2469.000       2.1963
2470.000       2.3305
2473.000       2.2799
2475.000       2.1397
2476.000       2.1141
2478.000       1.9981
2479.000       1.9272
2481.000       1.8684
2483.000       1.8839
2484.000       1.9004
2487.000       1.9724
2488.000       2.0319
2489.000       2.1803
2490.000       2.3011
2492.000       2.2743
2494.000       2.4544
2496.000       2.5015
2497.000       2.5521
2498.000       2.8338
2499.000       2.5497
2500.000       2.4021
2501.000       2.5014
2504.000       2.3810
2506.000       2.2329
2507.000       2.1414
2509.000       2.0200
2510.000       2.0476
2512.000       2.0381
2514.000       2.0291
2515.000       2.1364
2516.000       2.0168
2518.000       2.0034
2519.000       2.0782
2520.000       2.3315
2522.000       2.2465
2524.000       2.4193
2526.000       2.5250
2527.000       2.5778
2528.000       2.8482
2529.000       2.5543
2530.000       2.4315
2531.000       2.5078
2534.000       2.3747
2536.000       2.2080
2537.000       2.1024
2539.000       1.9809
2540.000       2.0086
2542.000       1.9369
2544.000       1.8501
2545.000       1.8473
2546.000       1.8584
2548.000       1.9115
2549.000       1.9675
2550.000       2.3681
2552.000       2.2396
2554.000       2.3505
2556.000       2.5690
2557.000       2.6886
2558.000       2.9385
2559.000       2.7165
2560.000       2.5630
2561.000       2.6030
2564.000       2.5093
2566.000       2.3199
2567.000       2.2946
2569.000       2.1997
2570.000       2.2085
2572.000       2.1788
2574.000       2.1385
2575.000       2.1713
2576.000       2.1528
2578.000       2.1869
2579.000       2.2741
2580.000       2.6004
2582.000       2.4967
2584.000       2.6073
2586.000       2.8221
2587.000       3.0089
2588.000       3.2615
2589.000       2.9893
2590.000       2.9938
2591.000       3.1323
2594.000       3.1312
2596.000       2.9184
2597.000       2.9565
2599.000       2.8208
2600.000       2.7425
2602.000       2.6487
2604.000       2.6401
2605.000       2.5932
2608.000       2.7346
2609.000       2.8246
2610.000       2.9535
2611.000       3.2566
2613.000       3.2075
2615.000       3.3746
2617.000       3.5206
2618.000       3.7127
2619.000       3.9941
2620.000       3.6428
2621.000       3.7283
2622.000       3.8965
2625.000       3.9155
2627.000       3.6722
2628.000       3.6937
2630.000       3.5016
2631.000       3.3860
2633.000       3.2696
2634.000       3.3112
2635.000       3.2785
2636.000       3.1994
2637.000       3.4047
2639.000       3.5517
2640.000       3.7058
2643.000       3.5920
2644.000       3.4608
2645.000       4.0396
2647.000       3.9827
2649.000       4.1968
2651.000       4.3441
2652.000       4.5354
2653.000       4.8569
2654.000       4.4191
2655.000       4.5499
2656.000       4.7321
2659.000       4.7165
2661.000       4.4364
2662.000       4.4030
2664.000       4.1796
2665.000       4.0591
2667.000       3.9089
2668.000       3.9263
2669.000       3.8531
2670.000       3.7563
2671.000       3.9533
2673.000       4.1146
2674.000       4.2413
2677.000       4.1985
2678.000       4.0926
2679.000       4.8229
2681.000       4.7102
2683.000       4.9145
2685.000       5.1545
2686.000       5.3348
2687.000       5.6879
2688.000       5.2130
2689.000       5.2934
2690.000       5.4684
2693.000       5.4004
2695.000       5.0775
2696.000       5.0145
2698.000       4.8034
2699.000       4.7112
2701.000       4.5492
2702.000       4.5373
2703.000       4.4378
2704.000       4.3345
2705.000       4.5154
2707.000       4.6629
2708.000       4.7567
2711.000       4.7613
2712.000       4.6921
2713.000       5.5152
2715.000       5.3409
2717.000       5.5052
2719.000       5.8686
2720.000       6.0993
2721.000       6.4699
2722.000       6.0452
2723.000       5.9932
2724.000       6.1054
2727.000       6.0056
2729.000       5.6713
2730.000       5.6272
2732.000       5.4239
2733.000       5.3864
2735.000       5.2389
2737.000       5.1323
2738.000       5.0294
2741.000       5.1725
2742.000       5.3122
2743.000       5.3749
2744.000       6.1657
2746.000       5.9692
2748.000       6.1199
2750.000       6.5090
