   2.000       3.9954
   3.000       4.0531
   6.000       3.9911
   8.000       3.9929
   9.000       3.8306
  11.000       3.6075
  12.000       3.5450
  14.000       3.3690
  15.000       3.3098
  16.000       3.1720
  17.000       3.0698
  18.000       3.2112
  20.000       3.3606
  21.000       3.4113
  24.000       3.4969
  25.000       3.4616
  26.000       3.7510
  28.000       3.7515
  30.000       3.9818
  32.000       3.8268
  33.000       3.6242
  34.000       3.8660
  35.000       3.4959
  36.000       3.4207
  37.000       3.5531
  40.000       3.4254
  42.000       3.3745
  43.000       3.1822
  45.000       2.9967
  46.000       2.9852
  48.000       2.8279
  49.000       2.7283
  50.000       2.5885
  51.000       2.5167
  52.000       2.5839
  54.000       2.6925
  55.000       2.7095
  58.000       2.8223
  59.000       2.8332
  60.000       3.2157
  62.000       3.1332
  64.000       3.2888
  66.000       3.3066
  67.000       3.1721
  68.000       3.3880
  69.000       3.1038
  70.000       2.9624
  71.000       3.0318
  74.000       2.8592
  76.000       2.7767
  77.000       2.5926
  79.000       2.4403
  80.000       2.4720
  82.000       2.3602
  84.000       2.2072
  85.000       2.1271
  88.000       2.1953
  89.000       2.3069
  90.000       2.3366
  91.000       2.6979
  93.000       2.5757
  95.000       2.6867
  97.000       2.7971
  98.000       2.7383
  99.000       2.9417
 100.000       2.7265
 101.000       2.5459
 102.000       2.5895
 105.000       2.4509
 107.000       2.3468
 108.000       2.2206
 110.000       2.0881
 111.000       2.1068
 113.000       2.0152
 115.000       1.8844
 116.000       1.8348
 117.000       1.8871
 119.000       1.9914
 120.000       2.0485
 121.000       2.3704
 123.000       2.2688
 125.000       2.3883
 127.000       2.5022
 128.000       2.5150
 129.000       2.7326
 130.000       2.5471
 131.000       2.3415
 132.000       2.3891
 135.000       2.2575
 137.000       2.1200
 138.000       2.0033
 140.000       1.8775
 141.000       1.9272
 143.000       1.8862
 145.000       1.7702
 146.000       1.7928
 147.000       1.7193
 149.000       1.7832
 150.000       1.8275
 151.000       2.1988
 153.000       2.0817
 155.000       2.2210
 157.000       2.3586
 158.000       2.3851
 159.000       2.6205
 160.000       2.3703
 161.000       2.2469
 162.000       2.2935
 165.000       2.1539
 167.000       2.0485
 168.000       1.9097
 170.000       1.8135
 171.000       1.8487
 173.000       1.7755
 174.000       1.6711
 175.000       1.5924
 176.000       1.6028
 179.000       1.5603
 180.000       1.6066
 182.000       1.6825
 183.000       1.7031
 184.000       2.0665
 186.000       1.9564
 188.000       2.0451
 190.000       2.1572
 191.000       2.0999
 192.000       2.3092
 193.000       2.1783
 194.000       1.8172
 195.000       1.7910
 198.000       1.5717
 200.000       1.5149
 201.000       1.3577
 203.000       1.3289
 204.000       1.4257
 206.000       1.4390
 208.000       1.3526
 209.000       1.4119
 210.000       1.2806
 212.000       1.2733
 213.000       1.3087
 214.000       1.4600
 216.000       1.3272
 218.000       1.3393
 220.000       1.5112
 221.000       1.5017
 222.000       1.6836
 223.000       1.6000
 224.000       1.3108
 225.000       1.3058
 228.000       1.2016
 230.000       1.1645
 231.000       1.1089
 233.000       1.0880
 234.000       1.1216
 236.000       1.1541
 238.000       1.1654
 239.000       1.2626
 242.000       1.1701
 243.000       1.1238
 244.000       1.2057
 245.000       1.1672
 247.000       1.1364
 249.000       1.2210
 251.000       1.2357
 252.000       1.2922
 253.000       1.3887
 254.000       1.3564
 255.000       1.2814
 256.000       1.2707
 259.000       1.2906
 261.000       1.3008
 262.000       1.3809
 264.000       1.3172
 265.000       1.3521
 267.000       1.3432
 268.000       1.3144
 269.000       1.3966
 270.000       1.4598
 273.000       1.5086
 274.000       1.5111
 276.000       1.4129
 277.000       1.3158
 278.000       1.3784
 280.000       1.5462
 282.000       1.9104
 284.000       1.4481
 285.000       1.5992
 286.000       1.8001
 287.000       1.9099
 288.000       1.4355
 289.000       1.4188
 292.000       1.3578
 294.000       1.3407
 295.000       1.3279
 297.000       1.2947
 298.000       1.3021
 300.000       1.3753
 301.000       1.3901
 302.000       1.5227
 303.000       1.6439
 306.000       1.6310
 307.000       1.6339
 309.000       1.5180
 310.000       1.3691
 311.000       1.3060
 313.000       1.3342
 315.000       1.4702
 317.000       1.3727
 318.000       1.3699
 319.000       1.4868
 320.000       1.3990
 321.000       1.2919
 322.000       1.3102
 325.000       1.2446
 327.000       1.1953
 328.000       1.1327
 330.000       1.1037
 331.000       1.1527
 333.000       1.1271
 334.000       1.0566
 335.000       1.0271
 336.000       1.0597
 337.000       0.9991
 339.000       1.0030
 340.000       1.0267
 343.000       1.0293
 344.000       1.0502
 345.000       1.2208
 347.000       1.1557
 349.000       1.1840
 351.000       1.2804
 352.000       1.3061
 353.000       1.4158
 354.000       1.3331
 355.000       1.2455
 356.000       1.2618
 359.000       1.2073
 361.000       1.1625
 362.000       1.1001
 364.000       1.0779
 365.000       1.1353
 367.000       1.1134
 368.000       1.0284
 369.000       0.9853
 370.000       1.0110
 373.000       0.9488
 374.000       0.9514
 376.000       0.9833
 377.000       1.0172
 378.000       1.2014
 380.000       1.1201
 382.000       1.1574
 384.000       1.2992
 385.000       1.4403
 386.000       1.7165
 387.000       1.6032
 388.000       1.4841
 389.000       1.6237
 392.000       1.7939
 394.000       1.7768
 395.000       1.8772
 397.000       1.6623
 398.000       1.7088
 400.000       1.4848
 401.000       1.3038
 402.000       1.1189
 403.000       1.0498
 404.000       1.1165
 406.000       1.2132
 407.000       1.2395
 410.000       1.3654
 411.000       1.4210
 412.000       1.9653
 414.000       2.0768
 416.000       2.3432
 418.000       2.2359
 419.000       2.2936
 420.000       2.3664
 421.000       2.5344
 422.000       2.1777
 423.000       2.2154
 426.000       2.1164
 428.000       2.5030
 429.000       2.8314
 431.000       3.4812
 432.000       4.1638
 434.000       4.6949
 435.000       4.4710
 436.000       5.0403
 437.000       5.7049
 440.000       5.1854
 441.000       4.7358
 443.000       3.9722
 444.000       3.8403
 445.000       2.2462
 447.000       2.6654
 449.000       2.9029
 451.000       2.0980
 452.000       2.0996
 453.000       2.3647
 454.000       2.1235
 455.000       1.8958
 456.000       1.9979
 459.000       1.8437
 461.000       1.7693
 462.000       1.6151
 464.000       1.4774
 465.000       1.4873
 467.000       1.3845
 468.000       1.2941
 469.000       1.1998
 470.000       1.1706
 471.000       1.2003
 473.000       1.2791
 474.000       1.3163
 477.000       1.3611
 478.000       1.3622
 479.000       1.6450
 481.000       1.5773
 483.000       1.7405
 485.000       1.7192
 486.000       1.6696
 487.000       1.8253
 488.000       1.6864
 489.000       1.5436
 490.000       1.5856
 493.000       1.5036
 495.000       1.4486
 496.000       1.3674
 498.000       1.2678
 499.000       1.2544
 501.000       1.1927
 502.000       1.1540
 503.000       1.1149
 504.000       1.1016
 505.000       1.1415
 507.000       1.2032
 508.000       1.2631
 511.000       1.2411
 512.000       1.2085
 513.000       1.4376
 515.000       1.3963
 517.000       1.5176
 519.000       1.5256
 520.000       1.5258
 521.000       1.6681
 522.000       1.5121
 523.000       1.4712
 524.000       1.5149
 527.000       1.4731
 529.000       1.4094
 530.000       1.3599
 532.000       1.2659
 533.000       1.2368
 535.000       1.1683
 536.000       1.1469
 537.000       1.1033
 538.000       1.0771
 539.000       1.1415
 541.000       1.2161
 542.000       1.2846
 545.000       1.2570
 546.000       1.2130
 547.000       1.4438
 549.000       1.4155
 551.000       1.5216
 553.000       1.5344
 554.000       1.5647
 555.000       1.7157
 556.000       1.5928
 557.000       1.5045
 558.000       1.5258
 561.000       1.4576
 563.000       1.3693
 564.000       1.3186
 566.000       1.2475
 567.000       1.2900
 569.000       1.2372
 570.000       1.1500
 571.000       1.0953
 572.000       1.1200
 573.000       1.0530
 575.000       1.0638
 576.000       1.0600
 579.000       1.1216
 580.000       1.1594
 581.000       1.4676
 583.000       1.4121
 585.000       1.5021
 587.000       1.5716
 588.000       1.6435
 589.000       1.7854
 590.000       1.6953
 591.000       1.5757
 592.000       1.5782
 595.000       1.5115
 597.000       1.4119
 598.000       1.4341
 600.000       1.4184
 601.000       1.5158
 603.000       1.4927
 604.000       1.3676
 605.000       1.3151
 606.000       1.3643
 607.000       1.2350
 609.000       1.2086
 610.000       1.1586
 613.000       1.2542
 614.000       1.3292
 615.000       1.5879
 617.000       1.5684
 619.000       1.6430
 621.000       1.6043
 622.000       1.6624
 623.000       1.7945
 624.000       1.7353
 625.000       1.6078
 626.000       1.6054
 629.000       1.5332
 631.000       1.4514
 632.000       1.4305
 634.000       1.3755
 635.000       1.4020
 637.000       1.3546
 638.000       1.2851
 639.000       1.2325
 640.000       1.2406
 643.000       1.2084
 644.000       1.2324
 646.000       1.2824
 647.000       1.3022
 648.000       1.5829
 650.000       1.5380
 652.000       1.5941
 654.000       1.6045
 655.000       1.6864
 656.000       1.7978
 657.000       1.7755
 658.000       1.6319
 659.000       1.5787
 662.000       1.4364
 664.000       1.4054
 665.000       1.3142
 667.000       1.3426
 668.000       1.4548
 670.000       1.4650
 671.000       1.3515
 672.000       1.3229
 673.000       1.3907
 674.000       1.2351
 676.000       1.1807
 677.000       1.1343
 680.000       1.2033
 681.000       1.2833
 682.000       1.3817
 684.000       1.2837
 686.000       1.2686
 688.000       1.4121
 689.000       1.4477
 690.000       1.5382
 691.000       1.5705
 692.000       1.3196
 693.000       1.2394
 696.000       1.1439
 698.000       1.1422
 699.000       1.1200
 701.000       1.1679
 702.000       1.2600
 704.000       1.3381
 706.000       1.3179
 707.000       1.4212
 710.000       1.2428
 711.000       1.1690
 712.000       1.1518
 713.000       1.1685
 715.000       1.1493
 717.000       1.1994
 719.000       1.2183
 720.000       1.3580
 721.000       1.4629
 722.000       1.4619
 723.000       1.3984
 724.000       1.4238
 727.000       1.4800
 729.000       1.3910
 730.000       1.4386
 732.000       1.3678
 733.000       1.4112
 735.000       1.4122
 736.000       1.3650
 737.000       1.3922
 738.000       1.4753
 739.000       1.3657
 741.000       1.3200
 742.000       1.3181
 745.000       1.3106
 746.000       1.3297
 747.000       1.6197
 749.000       1.6274
 751.000       1.7802
 753.000       1.8053
 754.000       2.0094
 755.000       2.1696
 756.000       2.2771
 757.000       1.8910
 758.000       2.0018
 761.000       1.9720
 763.000       2.0007
 764.000       1.9707
 766.000       1.9347
 767.000       1.9265
 769.000       1.9178
 770.000       1.9258
 771.000       1.9550
 772.000       1.9685
 775.000       2.0118
 776.000       2.0358
 778.000       2.0056
 779.000       1.9460
 780.000       1.9491
 782.000       1.9756
 784.000       2.0485
 786.000       1.9844
 787.000       2.0104
 788.000       2.0556
 789.000       2.1480
 790.000       1.9804
 791.000       2.0571
 794.000       2.0303
 796.000       2.0023
 797.000       1.9411
 799.000       1.8389
 800.000       1.8513
 802.000       1.8018
 804.000       1.7322
 805.000       1.7347
 808.000       1.7215
 809.000       1.7778
 810.000       1.8142
 811.000       1.9871
 813.000       1.9800
 815.000       2.1035
 817.000       2.0683
 818.000       2.0542
 819.000       2.2204
 820.000       2.0384
 821.000       1.9499
 822.000       2.0259
 825.000       1.9296
 827.000       1.8457
 828.000       1.7602
 830.000       1.6549
 831.000       1.6419
 833.000       1.5957
 835.000       1.5618
 836.000       1.5806
 837.000       1.5799
 839.000       1.6284
 840.000       1.7059
 841.000       1.8727
 843.000       1.7973
 845.000       1.9059
 847.000       1.9799
 848.000       1.9966
 849.000       2.1463
 850.000       2.0171
 851.000       1.8922
 852.000       1.9165
 855.000       1.8213
 857.000       1.7510
 858.000       1.6712
 860.000       1.6133
 861.000       1.6418
 863.000       1.5875
 864.000       1.5135
 865.000       1.4585
 866.000       1.4615
 867.000       1.4235
 869.000       1.4403
 870.000       1.4264
 873.000       1.4977
 874.000       1.5291
 875.000       1.7825
 877.000       1.6955
 879.000       1.7394
 881.000       1.8559
 882.000       1.8740
 883.000       1.9970
 884.000       1.9214
 885.000       1.7721
 886.000       1.7466
 889.000       1.6365
 891.000       1.5941
 892.000       1.5002
 894.000       1.4577
 895.000       1.4817
 897.000       1.4474
 898.000       1.3885
 899.000       1.3450
 900.000       1.3540
 901.000       1.3196
 903.000       1.3344
 904.000       1.3267
 907.000       1.3738
 908.000       1.3979
 909.000       1.5871
 911.000       1.5097
 913.000       1.5429
 915.000       1.6365
 916.000       1.6834
 917.000       1.7912
 918.000       1.7726
 919.000       1.6042
 920.000       1.5824
 923.000       1.5003
 925.000       1.4570
 926.000       1.4231
 928.000       1.4402
 929.000       1.5019
 931.000       1.5515
 933.000       1.5363
 934.000       1.6187
 937.000       1.4878
 938.000       1.4368
 939.000       1.4369
 940.000       1.5011
 942.000       1.4516
 944.000       1.4795
 946.000       1.5710
 947.000       1.5896
 948.000       1.7530
 949.000       1.6267
 950.000       1.4817
 951.000       1.6157
 954.000       1.4589
 956.000       1.4104
 957.000       1.3144
 959.000       1.3184
 960.000       1.4089
 962.000       1.4126
 963.000       1.3139
 964.000       1.2962
 965.000       1.3653
 966.000       1.2188
 968.000       1.1655
 969.000       1.1173
 972.000       1.1888
 973.000       1.2582
 974.000       1.3755
 976.000       1.2985
 978.000       1.3294
 980.000       1.3956
 981.000       1.3967
 982.000       1.4729
 983.000       1.4734
 984.000       1.3106
 985.000       1.2793
 988.000       1.2112
 990.000       1.2035
 991.000       1.1666
 993.000       1.1863
 994.000       1.2492
 996.000       1.2973
 998.000       1.2822
 999.000       1.3600
1002.000       1.2258
1003.000       1.1761
1004.000       1.1559
1005.000       1.2056
1007.000       1.1676
1009.000       1.1942
1011.000       1.2482
1012.000       1.3111
1013.000       1.3897
1014.000       1.4118
1015.000       1.2621
1016.000       1.2391
1019.000       1.2065
1021.000       1.2100
1022.000       1.2157
1024.000       1.2610
1025.000       1.3041
1027.000       1.3615
1028.000       1.3615
1029.000       1.4493
1030.000       1.5509
1031.000       1.4604
1033.000       1.3906
1034.000       1.4398
1037.000       1.3136
1038.000       1.2994
1039.000       1.2426
1041.000       1.2407
1043.000       1.2347
1045.000       1.2670
1046.000       1.3602
1047.000       1.4674
1048.000       1.4239
1049.000       1.3521
1050.000       1.3201
1053.000       1.3728
1055.000       1.4005
1056.000       1.4772
1058.000       1.5198
1059.000       1.6284
1061.000       1.6753
1062.000       1.6055
1063.000       1.6688
1064.000       1.7921
1067.000       1.6656
1068.000       1.5817
1070.000       1.4964
1071.000       1.5162
1072.000       1.4692
1074.000       1.5097
1076.000       1.6425
1078.000       1.5719
1079.000       1.6575
1080.000       1.8475
1081.000       1.7544
1082.000       1.5847
1083.000       1.5145
1086.000       1.5262
1088.000       1.7204
1089.000       1.8027
1091.000       2.0312
1092.000       2.2007
1094.000       2.4479
1095.000       2.5156
1096.000       2.9163
1097.000       3.1792
1100.000       3.2029
1101.000       3.0802
1103.000       2.6274
1104.000       2.3374
1105.000       1.4850
1107.000       1.6760
1109.000       1.8051
1111.000       1.4934
1112.000       1.3989
1113.000       1.5327
1114.000       1.5340
1115.000       1.2799
1116.000       1.2569
1119.000       1.1960
1121.000       1.2098
1122.000       1.1744
1124.000       1.2415
1125.000       1.3136
1127.000       1.4070
1128.000       1.3893
1129.000       1.4922
1130.000       1.6308
1131.000       1.4793
1133.000       1.3932
1134.000       1.4375
1137.000       1.3047
1138.000       1.2971
1139.000       1.1701
1141.000       1.1583
1143.000       1.1883
1145.000       1.2171
1146.000       1.1676
1147.000       1.2541
1148.000       1.2884
1149.000       1.1049
1150.000       1.0929
1153.000       1.0597
1155.000       1.0921
1156.000       1.0924
1158.000       1.1049
1159.000       1.1058
1161.000       1.1521
1162.000       1.1740
1163.000       1.2451
1164.000       1.3036
1167.000       1.2920
1168.000       1.2725
1170.000       1.2069
1171.000       1.1550
1172.000       1.0386
1174.000       1.0636
1176.000       1.1064
1178.000       1.0648
1179.000       1.1059
1180.000       1.2204
1181.000       1.1436
1182.000       1.1086
1183.000       1.1415
1186.000       1.1885
1188.000       1.2059
1189.000       1.2408
1191.000       1.1942
1192.000       1.1159
1194.000       1.1209
1195.000       1.2019
1196.000       1.2828
1197.000       1.2912
1200.000       1.4013
1201.000       1.4462
1203.000       1.3878
1204.000       1.2575
1205.000       1.2065
1207.000       1.2747
1209.000       1.4016
1211.000       1.2765
1212.000       1.3138
1213.000       1.4682
1214.000       1.3145
1215.000       1.3475
1216.000       1.4419
1219.000       1.4491
1221.000       1.4059
1222.000       1.3671
1224.000       1.2514
1225.000       1.2082
1227.000       1.1250
1229.000       1.0957
1230.000       1.0838
1233.000       1.1530
1234.000       1.2269
1235.000       1.3234
1236.000       1.4193
1238.000       1.4163
1240.000       1.5547
1242.000       1.5247
1243.000       1.5434
1244.000       1.7111
1245.000       1.5214
1246.000       1.4921
1247.000       1.5725
1250.000       1.5209
1252.000       1.4564
1253.000       1.3808
1255.000       1.2679
1256.000       1.2570
1258.000       1.1793
1260.000       1.1204
1261.000       1.0975
1264.000       1.1467
1265.000       1.2158
1266.000       1.2813
1267.000       1.4720
1269.000       1.4305
1271.000       1.5571
1273.000       1.5819
1274.000       1.6000
1275.000       1.7877
1276.000       1.5990
1277.000       1.5042
1278.000       1.5694
1281.000       1.4909
1283.000       1.4088
1284.000       1.3410
1286.000       1.2409
1287.000       1.2269
1289.000       1.1538
1291.000       1.1037
1292.000       1.0915
1295.000       1.1357
1296.000       1.2004
1297.000       1.2725
1298.000       1.4498
1300.000       1.3968
1302.000       1.5023
1304.000       1.5607
1305.000       1.5752
1306.000       1.7491
1307.000       1.5483
1308.000       1.5213
1309.000       1.5186
1312.000       1.4592
1314.000       1.3851
1315.000       1.3238
1317.000       1.2229
1318.000       1.2040
1320.000       1.1232
1322.000       1.0703
1323.000       1.0307
1326.000       1.1061
1327.000       1.1776
1328.000       1.2365
1329.000       1.4107
1331.000       1.3737
1333.000       1.4833
1335.000       1.5091
1336.000       1.5379
1337.000       1.6823
1338.000       1.5700
1339.000       1.4568
1340.000       1.4863
1343.000       1.4114
1345.000       1.3628
1346.000       1.3046
1348.000       1.2669
1349.000       1.2896
1351.000       1.2507
1352.000       1.1949
1353.000       1.1503
1354.000       1.1557
1355.000       1.1322
1357.000       1.1515
1358.000       1.1520
1361.000       1.1955
1362.000       1.2107
1363.000       1.3643
1365.000       1.3172
1367.000       1.3653
1369.000       1.4132
1370.000       1.4044
1371.000       1.5150
1372.000       1.4282
1373.000       1.3226
1374.000       1.3380
1377.000       1.2669
1379.000       1.2184
1380.000       1.1509
1382.000       1.1074
1383.000       1.1457
1385.000       1.1097
1386.000       1.0336
1387.000       0.9813
1388.000       0.9987
1389.000       0.9448
1391.000       0.9619
1392.000       0.9551
1395.000       1.0126
1396.000       1.0398
1397.000       1.2324
1399.000       1.1738
1401.000       1.2273
1403.000       1.2972
1404.000       1.3167
1405.000       1.4519
1406.000       1.3597
1407.000       1.2296
1408.000       1.2449
1411.000       1.1706
1413.000       1.1174
1414.000       1.0587
1416.000       1.0186
1417.000       1.0564
1419.000       1.0731
1421.000       1.0441
1422.000       1.1018
1425.000       1.0159
1426.000       1.0028
1427.000       1.0329
1428.000       1.1412
1430.000       1.0862
1432.000       1.1790
1434.000       1.2518
1435.000       1.3055
1436.000       1.4900
1437.000       1.3391
1438.000       1.2135
1439.000       1.2387
1442.000       1.1547
1444.000       1.0639
1445.000       1.0324
1447.000       1.0004
1448.000       1.0255
1450.000       1.0207
1451.000       0.9877
1452.000       1.0075
1453.000       1.0594
1456.000       1.0274
1457.000       1.0332
1459.000       1.0170
1460.000       0.9855
1461.000       1.1764
1463.000       1.1037
1465.000       1.1681
1467.000       1.2965
1468.000       1.4099
1469.000       1.5710
1470.000       1.4648
1471.000       1.3685
1472.000       1.3946
1475.000       1.3787
1477.000       1.2669
1478.000       1.3051
1480.000       1.2541
1481.000       1.2941
1483.000       1.3029
1484.000       1.2570
1485.000       1.3033
1486.000       1.3981
1489.000       1.3393
1490.000       1.3368
1492.000       1.2875
1493.000       1.2378
1494.000       1.5016
1496.000       1.4504
1498.000       1.5871
1500.000       1.6082
1501.000       1.7519
1502.000       1.8535
1503.000       1.9710
1504.000       1.6914
1505.000       1.8109
1508.000       1.8028
1510.000       1.7222
1511.000       1.6450
1513.000       1.4733
1514.000       1.4567
1516.000       1.3705
1518.000       1.2850
1519.000       1.2579
1522.000       1.3135
1523.000       1.4085
1524.000       1.4968
1525.000       1.7932
1527.000       1.7563
1529.000       1.9323
1531.000       1.9898
1532.000       2.1008
1533.000       2.3357
1534.000       2.1264
1535.000       2.0121
1536.000       2.0724
1539.000       2.0151
1541.000       1.8795
1542.000       1.8375
1544.000       1.7317
1545.000       1.7132
1547.000       1.6524
1549.000       1.6124
1550.000       1.6073
1553.000       1.6393
1554.000       1.6955
1555.000       1.7600
1556.000       2.0806
1558.000       2.0132
1560.000       2.1354
1562.000       2.2749
1563.000       2.4381
1564.000       2.6617
1565.000       2.4583
1566.000       2.3898
1567.000       2.4690
1570.000       2.4733
1572.000       2.3069
1573.000       2.3293
1575.000       2.2046
1576.000       2.1556
1578.000       2.0838
1579.000       2.0842
1580.000       2.0710
1581.000       2.0419
1584.000       2.1323
1585.000       2.2096
1587.000       2.2342
1588.000       2.1620
1589.000       2.5958
1591.000       2.5582
1593.000       2.7157
1595.000       2.8296
1596.000       3.0165
1597.000       3.2855
1598.000       2.9815
1599.000       3.0140
1600.000       3.1599
1603.000       3.1556
1605.000       2.9244
1606.000       2.9137
1608.000       2.7229
1609.000       2.6758
1611.000       2.5724
1612.000       2.5410
1613.000       2.4953
1614.000       2.4812
1615.000       2.5304
1617.000       2.5968
1618.000       2.6504
1621.000       2.6530
1622.000       2.6221
1623.000       3.2508
1625.000       3.1732
1627.000       3.3649
1629.000       3.5324
1630.000       3.6803
1631.000       3.9999
1632.000       3.5736
1633.000       3.6603
1634.000       3.7595
1637.000       3.8157
1639.000       4.0205
1640.000       3.9964
1642.000       3.9952
1643.000       4.0298
1645.000       4.1062
1646.000       4.1209
1647.000       4.2556
1648.000       4.3932
1651.000       4.3243
1652.000       4.2600
1654.000       4.1337
1655.000       4.0608
1656.000       3.6029
1658.000       3.7860
1660.000       3.9397
1662.000       3.5042
1663.000       3.2830
1664.000       3.2704
1665.000       3.3965
1666.000       3.2730
1667.000       3.3657
1670.000       3.4117
1672.000       3.5673
1673.000       3.4991
1675.000       3.3806
1676.000       3.2926
1678.000       3.2735
1679.000       3.3505
1680.000       3.4267
1681.000       3.4367
1684.000       3.5495
1685.000       3.5950
1687.000       3.5428
1688.000       3.4155
1689.000       3.1647
1691.000       3.3233
1693.000       3.5581
1695.000       3.1107
1696.000       2.8745
1697.000       2.9282
1698.000       2.6673
1699.000       2.9365
1700.000       3.1360
1703.000       3.2206
1705.000       3.3078
1706.000       3.2756
1708.000       3.1124
1709.000       2.9470
1711.000       2.8671
1712.000       3.0001
1713.000       3.0675
1714.000       2.9974
1717.000       3.2640
1718.000       3.3794
1720.000       3.3364
1721.000       3.1469
1722.000       3.0484
1724.000       3.1859
1726.000       3.4189
1728.000       3.0908
1729.000       2.9009
1730.000       3.0957
1731.000       2.9059
1732.000       2.7180
1733.000       2.7795
1736.000       2.6527
1738.000       2.6640
1739.000       2.4947
1741.000       2.3744
1742.000       2.3921
1744.000       2.3093
1746.000       2.1921
1747.000       2.1509
1748.000       2.1956
1750.000       2.2880
1751.000       2.3363
1752.000       2.4348
1754.000       2.3824
1756.000       2.5048
1758.000       2.4612
1759.000       2.3223
1760.000       2.4834
1761.000       2.2722
1762.000       2.1744
1763.000       2.2467
1766.000       2.1480
1768.000       2.1320
1769.000       2.0013
1771.000       1.8808
1772.000       1.8728
1774.000       1.7844
1775.000       1.7237
1776.000       1.6556
1777.000       1.6328
1778.000       1.6681
1780.000       1.7436
1781.000       1.7916
1784.000       1.8095
1785.000       1.7897
1786.000       1.9805
1788.000       1.9426
1790.000       2.0828
1792.000       2.0345
1793.000       1.9412
1794.000       2.1119
1795.000       1.9019
1796.000       1.8063
1797.000       1.8798
1800.000       1.7611
1802.000       1.7423
1803.000       1.6067
1805.000       1.5058
1806.000       1.5176
1808.000       1.4340
1809.000       1.3592
1810.000       1.2982
1811.000       1.2891
1812.000       1.3065
1814.000       1.3661
1815.000       1.4213
1818.000       1.4192
1819.000       1.4119
1820.000       1.5924
1822.000       1.5382
1824.000       1.6384
1826.000       1.6233
1827.000       1.5336
1828.000       1.6613
1829.000       1.6088
1830.000       1.3496
1831.000       1.3405
1834.000       1.2249
1836.000       1.2080
1837.000       1.1286
1839.000       1.0875
1840.000       1.1486
1842.000       1.1568
1844.000       1.0939
1845.000       1.1436
1846.000       1.0498
1848.000       1.0531
1849.000       1.0867
1850.000       1.1353
1852.000       1.1127
1854.000       1.2047
1856.000       1.1526
1857.000       1.1320
1858.000       1.2152
1859.000       1.2098
1860.000       1.0429
1861.000       1.0372
1864.000       0.9835
1866.000       0.9768
1867.000       0.9468
1869.000       0.9334
1870.000       0.9721
1872.000       0.9633
1873.000       0.9154
1874.000       0.9169
1875.000       0.9586
1876.000       0.9137
1878.000       0.9063
1879.000       0.9368
1882.000       0.9064
1883.000       0.9044
1884.000       0.9657
1886.000       0.9514
1888.000       1.0059
1890.000       0.9905
1891.000       1.0210
1892.000       1.0917
1893.000       1.0854
1894.000       0.9897
1895.000       0.9972
1898.000       0.9525
1900.000       0.9386
1901.000       0.9028
1903.000       0.8957
1904.000       0.9313
1906.000       0.9515
1908.000       0.9280
1909.000       0.9758
1912.000       0.9047
1913.000       0.8908
1914.000       0.9220
1915.000       0.9407
1917.000       0.9109
1919.000       0.9475
1921.000       0.9831
1922.000       1.0322
1923.000       1.1268
1924.000       1.1080
1925.000       0.9951
1926.000       0.9958
1929.000       0.9990
1931.000       0.9888
1932.000       1.0084
1934.000       0.9888
1935.000       0.9824
1937.000       0.9992
1939.000       1.0160
1940.000       1.0664
1943.000       1.0332
1944.000       1.0224
1945.000       1.0895
1946.000       1.0319
1948.000       1.0601
1950.000       1.1586
1952.000       1.0912
1953.000       1.2300
1954.000       1.3691
1955.000       1.4675
1956.000       1.2257
1957.000       1.4085
1960.000       1.3521
1962.000       1.3981
1963.000       1.3148
1965.000       1.2698
1966.000       1.4372
1968.000       1.4228
1969.000       1.2153
1970.000       1.1682
1971.000       1.2894
1974.000       1.1276
1975.000       1.1258
1977.000       1.1215
1978.000       1.1513
1979.000       1.2596
1981.000       1.2777
1983.000       1.3697
1985.000       1.2867
1986.000       1.2449
1987.000       1.3342
1988.000       1.2475
1989.000       1.2818
1990.000       1.4178
1993.000       1.4432
1995.000       1.4719
1996.000       1.4587
1998.000       1.3865
1999.000       1.4342
2001.000       1.3908
2002.000       1.3176
2003.000       1.3045
2004.000       1.3327
2007.000       1.3237
2008.000       1.3435
2010.000       1.3403
2011.000       1.3247
2012.000       1.4272
2014.000       1.4794
2016.000       1.6190
2018.000       1.4792
2019.000       1.5287
2020.000       1.6070
2021.000       1.6849
2022.000       1.4113
2023.000       1.3665
2026.000       1.4412
2028.000       1.7005
2029.000       1.7837
2031.000       2.1135
2032.000       2.2391
2034.000       2.6561
2036.000       2.9573
2037.000       3.3776
2038.000       2.8485
2040.000       2.4731
2041.000       2.5861
2042.000       1.3599
2044.000       1.4900
2046.000       1.5378
2048.000       1.5552
2049.000       1.6918
2050.000       2.1158
2051.000       1.7048
2052.000       1.5915
2053.000       1.2281
2056.000       1.1067
2058.000       1.1104
2059.000       1.0982
2061.000       1.1313
2062.000       1.2088
2064.000       1.2661
2066.000       1.2525
2067.000       1.3499
2068.000       1.2065
2070.000       1.1516
2071.000       1.1941
2072.000       1.1219
2074.000       1.1658
2076.000       1.2747
2078.000       1.1288
2079.000       1.1432
2080.000       1.2490
2081.000       1.1399
2082.000       1.1697
2083.000       1.2136
2086.000       1.2361
2088.000       1.2692
2089.000       1.2495
2091.000       1.2334
2092.000       1.2145
2094.000       1.2206
2096.000       1.2401
2097.000       1.2714
2100.000       1.2664
2101.000       1.2619
2102.000       1.3166
2103.000       1.2331
2105.000       1.2389
2107.000       1.2971
2109.000       1.2784
2110.000       1.3902
2111.000       1.4920
2112.000       1.5061
2113.000       1.3858
2114.000       1.3933
2117.000       1.3652
2119.000       1.3727
2120.000       1.3412
2122.000       1.3225
2123.000       1.3446
2125.000       1.3677
2127.000       1.3698
2128.000       1.4272
2131.000       1.3555
2132.000       1.3286
2133.000       1.3462
2134.000       1.3434
2136.000       1.3438
2138.000       1.4082
2140.000       1.3969
2141.000       1.4222
2142.000       1.5592
2143.000       1.4611
2144.000       1.3765
2145.000       1.4062
2148.000       1.3999
2150.000       1.4097
2151.000       1.4228
2153.000       1.4166
2154.000       1.4139
2156.000       1.4374
2158.000       1.4681
2159.000       1.5267
2160.000       1.4769
2162.000       1.4559
2163.000       1.5110
2164.000       1.3915
2166.000       1.4581
2168.000       1.6020
2170.000       1.4093
2171.000       1.4324
2172.000       1.4910
2173.000       1.5178
2174.000       1.4230
2175.000       1.4371
2178.000       1.4897
2180.000       1.5227
2181.000       1.5432
2183.000       1.5262
2184.000       1.5177
2186.000       1.5251
2187.000       1.5382
2188.000       1.5836
2189.000       1.6183
2190.000       1.6320
2192.000       1.6400
2193.000       1.7163
2196.000       1.6008
2197.000       1.5458
2198.000       1.5247
2200.000       1.5574
2202.000       1.6851
2204.000       1.6234
2205.000       1.6460
2206.000       1.8131
2207.000       1.6216
2208.000       1.6228
2209.000       1.7278
2212.000       1.7258
2214.000       1.7350
2215.000       1.6809
2217.000       1.5599
2218.000       1.5502
2220.000       1.4891
2222.000       1.4436
2223.000       1.4389
2226.000       1.4880
2227.000       1.5417
2228.000       1.6323
2229.000       1.6582
2231.000       1.6967
2233.000       1.8659
2235.000       1.7521
2236.000       1.7468
2237.000       1.9253
2238.000       1.7017
2239.000       1.7152
2240.000       1.8578
2243.000       1.8451
2245.000       1.7782
2246.000       1.7412
2248.000       1.6052
2249.000       1.5343
2251.000       1.4778
2252.000       1.5141
2253.000       1.5458
2254.000       1.5413
2257.000       1.6466
2258.000       1.7101
2260.000       1.6947
2261.000       1.5907
2262.000       1.8198
2264.000       1.8244
2266.000       2.0131
2268.000       1.9835
2269.000       2.0416
2270.000       2.3041
2271.000       1.9936
2272.000       2.0065
2273.000       2.1485
2276.000       2.1308
2278.000       2.0035
2279.000       1.9974
2281.000       1.8448
2282.000       1.7421
2284.000       1.7011
2285.000       1.7781
2286.000       1.8631
2287.000       1.8912
2288.000       2.0102
2290.000       2.0766
2291.000       2.2757
2294.000       2.0228
2295.000       1.8681
2296.000       2.1549
2298.000       2.1517
2300.000       2.3711
2302.000       2.3694
2303.000       2.4783
2304.000       2.7460
2305.000       2.4242
2306.000       2.4545
2307.000       2.6072
2310.000       2.5888
2312.000       2.4056
2313.000       2.3902
2315.000       2.2154
2316.000       2.1312
2318.000       2.0314
2320.000       2.0238
2321.000       1.9992
2324.000       2.1129
2325.000       2.2033
2326.000       2.3303
2327.000       2.6490
2329.000       2.6034
2331.000       2.8123
2333.000       2.9078
2334.000       3.0606
2335.000       3.3434
2336.000       2.9858
2337.000       3.0546
2338.000       3.2314
2341.000       3.2460
2343.000       3.0429
2344.000       3.0257
2346.000       2.8195
2347.000       2.7062
2349.000       2.5705
2350.000       2.6056
2351.000       2.5752
2352.000       2.5077
2353.000       2.6963
2355.000       2.8259
2356.000       2.9650
2359.000       2.8687
2360.000       2.7544
2361.000       3.3243
2363.000       3.2731
2365.000       3.4904
2367.000       3.6141
2368.000       3.7470
2369.000       4.0882
2370.000       3.6262
2371.000       3.6948
2372.000       3.8862
2375.000       3.8515
2377.000       3.5861
2378.000       3.5432
2380.000       3.2797
2381.000       3.1757
2383.000       3.0200
2384.000       3.0268
2385.000       2.9772
2386.000       2.9171
2387.000       3.0856
2389.000       3.2122
2390.000       3.3386
2393.000       3.2679
2394.000       3.1754
2395.000       3.9111
2397.000       3.8245
2399.000       4.0665
2401.000       4.2397
2402.000       4.4026
2403.000       4.8026
2404.000       4.2947
2405.000       4.3478
2406.000       4.4210
2409.000       4.4617
2411.000       4.7259
2412.000       4.7223
2414.000       4.7382
2415.000       4.7422
2417.000       4.8579
2418.000       4.9327
2419.000       5.1295
2420.000       5.2713
2423.000       5.2549
2424.000       5.1940
2426.000       5.0105
2427.000       4.8742
2428.000       4.2189
2430.000       4.4628
2432.000       4.6257
2434.000       4.0612
2435.000       3.7537
2436.000       3.7320
2437.000       3.6209
2438.000       3.7970
2439.000       3.9599
2442.000       4.0846
2444.000       4.2533
2445.000       4.2484
2447.000       4.1603
2448.000       3.9991
2450.000       4.0395
2451.000       4.2284
2452.000       4.4098
2453.000       4.4497
2456.000       4.6172
2457.000       4.6526
2459.000       4.5169
2460.000       4.2979
2461.000       3.8802
2463.000       4.0894
2465.000       4.3320
2467.000       3.8425
2468.000       3.6144
2469.000       3.6838
2470.000       3.3618
2471.000       3.7218
2472.000       3.9636
2475.000       4.0739
2477.000       4.1547
2478.000       4.1224
2480.000       3.9386
2481.000       3.7013
2483.000       3.6284
2484.000       3.8412
2485.000       3.9597
2486.000       3.8809
2489.000       4.2215
2490.000       4.3610
2492.000       4.2903
2493.000       4.0237
2494.000       3.8833
2496.000       4.0324
2498.000       4.3085
2500.000       3.9545
2501.000       3.7809
2502.000       4.0615
2503.000       3.8356
2504.000       3.5043
2505.000       3.5143
2508.000       3.4145
2510.000       3.3975
2511.000       3.2382
2513.000       3.0576
2514.000       3.0417
2516.000       2.8998
2518.000       2.7633
2519.000       2.6463
2522.000       2.7976
2523.000       2.9479
2524.000       3.0235
2525.000       3.2084
2527.000       3.1753
2529.000       3.3499
2531.000       3.2702
2532.000       3.1344
2533.000       3.3325
2534.000       3.0367
2535.000       2.9943
2536.000       3.0782
2539.000       2.9814
2541.000       2.9136
2542.000       2.7618
2544.000       2.5791
2545.000       2.5605
2547.000       2.4121
2548.000       2.3171
2549.000       2.1827
2550.000       2.1062
2551.000       2.2084
2553.000       2.3471
2554.000       2.4188
2557.000       2.4621
2558.000       2.4355
2559.000       2.8202
2561.000       2.7566
2563.000       2.9358
2565.000       2.9333
2566.000       2.8696
2567.000       3.0789
2568.000       2.8616
2569.000       2.6784
2570.000       2.7332
2573.000       2.5754
2575.000       2.4620
2576.000       2.3094
2578.000       2.1823
2579.000       2.2538
2581.000       2.2199
2583.000       2.1042
2584.000       2.1493
2585.000       2.0330
2587.000       2.0760
2588.000       2.1017
2589.000       2.4806
2591.000       2.3504
2593.000       2.4549
2595.000       2.6131
2596.000       2.6110
2597.000       2.8476
2598.000       2.5790
2599.000       2.4663
2600.000       2.5647
2603.000       2.4539
2605.000       2.3142
2606.000       2.1991
2608.000       2.0350
2609.000       2.0404
2611.000       1.9334
2613.000       1.8008
2614.000       1.7465
2615.000       1.8108
2617.000       1.9298
2618.000       1.9936
2619.000       2.3879
2621.000       2.2868
2623.000       2.4304
2625.000       2.5466
2626.000       2.5768
2627.000       2.8090
2628.000       2.5361
2629.000       2.4557
2630.000       2.5483
2633.000       2.4206
2635.000       2.2641
2636.000       2.1291
2638.000       1.9719
2639.000       1.9754
2641.000       1.8536
2642.000       1.7509
2643.000       1.6328
2644.000       1.5948
2645.000       1.6180
2647.000       1.7096
2648.000       1.7326
2651.000       1.8199
2652.000       1.8307
2653.000       2.3711
2655.000       2.2338
2657.000       2.3441
2659.000       2.5509
2660.000       2.5669
2661.000       2.8444
2662.000       2.5188
2663.000       2.4146
2664.000       2.5364
2667.000       2.3734
2669.000       2.2149
2670.000       2.1028
2672.000       1.9777
2673.000       1.9754
2675.000       1.9277
2676.000       1.8920
2677.000       1.9279
2678.000       1.9896
2681.000       1.9985
2682.000       2.0244
2684.000       1.9987
2685.000       1.9274
2686.000       2.2799
2688.000       2.1844
2690.000       2.3431
2692.000       2.4300
2693.000       2.4360
2694.000       2.6685
2695.000       2.4604
2696.000       2.2698
2697.000       2.3242
2700.000       2.2226
2702.000       2.1225
2703.000       2.0600
2705.000       1.9786
2706.000       1.9822
2708.000       1.9679
2709.000       1.9487
2710.000       2.0136
2711.000       2.0927
2714.000       2.0974
2715.000       2.1180
2717.000       2.0636
2718.000       1.9690
2719.000       2.1793
2721.000       2.1442
2723.000       2.2809
2725.000       2.2877
2726.000       2.3034
2727.000       2.4832
2728.000       2.3181
2729.000       2.2208
2730.000       2.2755
2733.000       2.2368
2735.000       2.1572
2736.000       2.2407
2738.000       2.0462
2739.000       2.0596
2741.000       1.9757
2742.000       1.8913
2743.000       1.8721
2744.000       1.9324
2747.000       1.8944
2748.000       1.9278
2750.000       1.9585
2751.000       1.9321
2752.000       2.2782
2754.000       2.5138
2756.000       2.9973
2758.000       2.1917
2759.000       2.0645
2760.000       2.1993
2761.000       2.2551
2762.000       1.7990
2763.000       1.7271
2766.000       1.5806
2768.000       1.6005
2769.000       1.4750
2771.000       1.4006
2772.000       1.4692
2774.000       1.4301
2775.000       1.3256
2776.000       1.2958
2777.000       1.3585
2778.000       1.2475
2780.000       1.2256
2781.000       1.2243
2784.000       1.2636
2785.000       1.3089
2786.000       1.4713
2788.000       1.4208
2790.000       1.4963
2792.000       1.5358
2793.000       1.5035
2794.000       1.6840
2795.000       1.5389
2796.000       1.3348
2797.000       1.3471
2800.000       1.2065
2802.000       1.1759
2803.000       1.0769
2805.000       1.0798
2806.000       1.1651
2808.000       1.1843
2809.000       1.1143
2810.000       1.1506
2811.000       1.2451
2814.000       1.1537
2815.000       1.1075
2817.000       1.0542
2818.000       1.0588
2819.000       1.1222
2821.000       1.0610
2823.000       1.0964
2825.000       1.1790
2826.000       1.2300
2827.000       1.3932
2828.000       1.3397
2829.000       1.1386
2830.000       1.1640
2833.000       1.1748
2835.000       1.1192
2836.000       1.1834
2838.000       1.1395
2839.000       1.1080
2841.000       1.1601
2843.000       1.2479
2844.000       1.3668
2845.000       1.2813
2847.000       1.2339
2848.000       1.3448
2849.000       1.2589
2851.000       1.2904
2853.000       1.4358
2855.000       1.4129
2856.000       1.5610
2857.000       1.7445
2858.000       1.5337
2859.000       1.6259
2860.000       1.7814
2863.000       1.8691
2865.000       1.8038
2866.000       1.8449
2868.000       1.6891
2869.000       1.5769
2871.000       1.5183
2872.000       1.5925
2873.000       1.6307
2874.000       1.6106
2875.000       1.7659
2877.000       1.8732
2878.000       2.0504
2881.000       1.8594
2882.000       1.7058
2883.000       1.8961
2885.000       1.9611
2887.000       2.1912
2889.000       2.0786
2890.000       2.1218
2891.000       2.3729
2892.000       2.0156
2893.000       2.1091
2894.000       2.2829
2897.000       2.2692
2899.000       2.1293
2900.000       2.0762
2902.000       1.8937
2903.000       1.8093
2905.000       1.7095
2906.000       1.7190
2907.000       1.6988
2908.000       1.6691
2911.000       1.7772
2912.000       1.8712
2914.000       1.9170
2915.000       1.8313
2916.000       2.2708
2918.000       2.2265
2920.000       2.4232
2922.000       2.4906
2923.000       2.5803
2924.000       2.8563
2925.000       2.5027
2926.000       2.5312
2927.000       2.6702
2930.000       2.6106
2932.000       2.4224
2933.000       2.3541
2935.000       2.1961
2936.000       2.1452
2938.000       2.0431
2939.000       2.0311
2940.000       2.0016
2941.000       1.9836
2942.000       2.0675
2944.000       2.1427
2945.000       2.2370
2948.000       2.1792
2949.000       2.1215
2950.000       2.6419
2952.000       2.5345
2954.000       2.6844
2956.000       2.8761
2957.000       3.0163
2958.000       3.2881
2959.000       2.9988
2960.000       2.9366
2961.000       3.0190
2964.000       2.9275
2966.000       2.7126
2967.000       2.6738
2969.000       2.5648
2970.000       2.5536
2972.000       2.4915
2974.000       2.4460
2975.000       2.4295
2978.000       2.4743
2979.000       2.5263
2980.000       2.5927
2981.000       3.0173
2983.000       2.8941
2985.000       2.9936
2987.000       3.2580
2988.000       3.4590
2989.000       3.4757
2990.000       3.7220
2991.000       3.4000
2992.000       3.4720
2995.000       3.4332
2997.000       3.2171
2998.000       3.2382
3000.000       3.1268
3001.000       3.0781
3003.000       3.0039
3005.000       2.9857
3006.000       2.9526
3009.000       3.0528
3010.000       3.1220
3011.000       3.2217
3012.000       3.5860
3014.000       3.5039
3016.000       3.6219
3018.000       3.8487
3019.000       4.0899
3020.000       4.3613
3021.000       4.0932
3022.000       4.0854
3023.000       4.1945
3026.000       4.2054
3028.000       3.9485
3029.000       3.9882
3031.000       3.8302
3032.000       3.7684
3034.000       3.6995
3035.000       3.7060
3036.000       3.7026
3037.000       3.6893
3038.000       3.7904
3040.000       3.8779
3041.000       4.0073
3044.000       3.8895
3045.000       3.7929
3046.000       4.3983
3048.000       4.3101
3050.000       4.4986
3052.000       4.7212
