   2.000       3.9191
   3.000       3.9805
   6.000       3.3659
   8.000       2.9164
   9.000       2.5064
  11.000       2.2111
  12.000       2.3316
  14.000       2.7207
  16.000       2.9903
  17.000       3.7242
  20.000       2.9385
  21.000       2.5423
  22.000       2.9576
  23.000       2.9159
  25.000       2.5497
  27.000       3.2692
  29.000       3.5298
  30.000       3.5999
  31.000       4.3998
  32.000       3.7271
  33.000       2.8358
  34.000       2.9544
  37.000       2.3658
  39.000       1.9030
  40.000       1.4442
  42.000       1.2151
  43.000       1.5125
  45.000       1.8854
  46.000       1.8967
  47.000       2.6221
  48.000       3.1857
  49.000       2.9366
  51.000       2.7177
  52.000       3.4026
  55.000       2.0787
  56.000       1.5619
  57.000       2.1032
  59.000       1.6111
  61.000       2.1479
  63.000       2.6628
  64.000       2.9149
  65.000       3.5311
  66.000       3.0765
  67.000       2.4970
  68.000       2.6059
  71.000       2.3553
  73.000       1.9408
  74.000       1.8424
  76.000       1.6601
  77.000       1.6370
  79.000       1.7150
  81.000       1.8037
  82.000       2.0654
  85.000       1.8580
  86.000       1.7909
  87.000       2.0535
  88.000       2.5090
  90.000       2.1896
  92.000       2.3999
  94.000       3.0029
  95.000       3.4061
  96.000       4.1067
  97.000       3.5249
  98.000       3.0741
  99.000       3.3291
 102.000       3.1668
 104.000       2.7002
 105.000       2.5861
 107.000       2.1859
 108.000       2.1527
 110.000       2.0902
 111.000       2.0512
 112.000       2.3104
 113.000       2.6153
 116.000       2.5581
 117.000       2.5695
 119.000       2.4090
 120.000       2.1155
 121.000       3.2764
 123.000       3.0037
 125.000       3.3859
 127.000       3.6765
 130.000       4.5205
 131.000       4.2850
 134.000       3.4608
 136.000       3.3397
 137.000       2.7746
 139.000       2.9666
 140.000       3.5903
 142.000       4.0931
 143.000       3.8657
 144.000       4.5809
 145.000       5.3768
 146.000       4.6210
 148.000       4.0875
 149.000       4.6406
 152.000       3.3356
 153.000       3.2054
 154.000       2.8046
 156.000       2.3836
 158.000       2.7992
 160.000       3.1801
 161.000       3.2870
 162.000       4.1008
 163.000       3.5649
 164.000       2.5682
 165.000       2.8085
 168.000       2.5835
 170.000       2.1942
 171.000       2.3153
 173.000       2.2554
 174.000       2.1735
 176.000       2.8434
 178.000       3.4430
 179.000       4.2945
 182.000       3.5180
 183.000       2.9914
 184.000       3.5290
 185.000       2.5140
 187.000       2.4892
 189.000       3.3234
 191.000       3.3025
 192.000       3.6023
 193.000       4.4767
 194.000       3.3178
 195.000       3.6329
 196.000       4.3588
 199.000       4.5600
 201.000       4.1092
 202.000       4.0799
 204.000       3.3683
 205.000       2.9077
 207.000       2.7336
 208.000       3.0674
 209.000       3.4905
 210.000       3.6738
 211.000       4.1095
 213.000       4.3876
 214.000       5.1786
 217.000       4.1512
 218.000       3.4526
 219.000       4.6291
 221.000       4.5406
 223.000       5.3789
 225.000       5.4187
