   2.000       4.1074
   3.000       3.8959
   6.000       3.5811
   8.000       3.5468
   9.000       3.5358
  11.000       3.7487
  12.000       3.9803
  14.000       4.3650
  16.000       4.5520
  17.000       5.0148
  18.000       4.3428
  20.000       3.9606
  21.000       4.0112
  22.000       3.5283
  24.000       3.5115
  26.000       3.6050
  28.000       3.5817
  29.000       3.6422
  30.000       3.9916
  31.000       3.6906
  32.000       3.3859
  33.000       3.4972
  36.000       3.2394
  38.000       2.9831
  39.000       2.7203
  41.000       2.4485
  42.000       2.5268
  44.000       2.3631
  46.000       2.0774
  47.000       2.0044
  48.000       2.0256
  50.000       2.2144
  51.000       2.2724
  52.000       3.1063
  54.000       2.8358
  56.000       3.0031
  58.000       3.3675
  59.000       3.3972
  60.000       3.7692
  61.000       3.3439
  62.000       3.1327
  63.000       3.1342
  66.000       2.9136
  68.000       2.6529
  69.000       2.4332
  71.000       2.1635
  72.000       2.2117
  74.000       2.0319
  76.000       1.7631
  77.000       1.6378
  80.000       1.7204
  81.000       1.9324
  82.000       1.9926
  83.000       2.8193
  85.000       2.5811
  87.000       2.7665
  89.000       3.0793
  90.000       3.1238
  91.000       3.4674
  92.000       3.0921
  93.000       2.8745
  94.000       2.9344
  97.000       2.6949
  99.000       2.4403
 100.000       2.2048
 102.000       1.9656
 103.000       2.0511
 105.000       1.8938
 107.000       1.6097
 108.000       1.5178
 111.000       1.5174
 112.000       1.7090
 113.000       1.7241
 114.000       2.5925
 116.000       2.3347
 118.000       2.4826
 120.000       2.8256
 121.000       2.8442
 122.000       3.1541
 123.000       2.8725
 124.000       2.5424
 125.000       2.5610
 128.000       2.3056
 130.000       2.0857
 131.000       1.8610
 133.000       1.7093
 134.000       1.8370
 136.000       1.7528
 138.000       1.5313
 139.000       1.5245
 142.000       1.4021
 143.000       1.4914
 144.000       1.4483
 145.000       2.2009
 147.000       1.9453
 149.000       2.0241
 151.000       2.3847
 152.000       2.4170
 153.000       2.6343
 154.000       2.5358
 155.000       2.1285
 156.000       2.0300
 159.000       1.7923
 161.000       1.6465
 162.000       1.5399
 164.000       1.5786
 165.000       1.7438
 167.000       1.7710
 168.000       1.6302
 169.000       1.6624
 170.000       1.7926
 171.000       1.5989
 173.000       1.4930
 174.000       1.5173
 177.000       1.4396
 178.000       1.5188
 179.000       1.8026
 181.000       1.6106
 183.000       1.5363
 185.000       1.8749
 186.000       1.9168
 187.000       2.1156
 188.000       1.9644
 189.000       1.8505
 190.000       1.8987
 193.000       1.9137
 195.000       1.8952
 196.000       1.9607
 198.000       1.9074
 199.000       1.8004
 201.000       1.7939
 202.000       1.9125
 203.000       2.0048
 204.000       1.9857
 207.000       2.1590
 208.000       2.2215
 210.000       2.1479
 211.000       1.9896
 212.000       1.9199
 214.000       2.0007
 216.000       2.1556
 218.000       2.0051
 219.000       2.0261
 220.000       2.1923
 221.000       1.9313
 222.000       2.0778
 223.000       2.2323
 226.000       2.2487
 228.000       2.1896
 229.000       2.1368
 231.000       1.9620
 232.000       1.8544
 234.000       1.7327
 235.000       1.7641
 236.000       1.7200
 237.000       1.6185
 240.000       1.8205
 241.000       1.9588
 243.000       2.0148
 244.000       1.9077
 245.000       2.1837
 247.000       2.1887
 249.000       2.3822
 251.000       2.3141
 252.000       2.2772
 253.000       2.5002
 254.000       2.1528
 255.000       2.2129
 256.000       2.3343
 259.000       2.2763
 261.000       2.2002
 262.000       2.1017
 264.000       1.9340
 265.000       1.8645
 267.000       1.7305
 268.000       1.7128
 269.000       1.6280
 270.000       1.5207
 273.000       1.6865
 274.000       1.8178
 276.000       1.9034
 277.000       1.8422
 278.000       2.1602
 280.000       2.1175
 282.000       2.2817
 284.000       2.2696
 285.000       2.2079
 286.000       2.4008
 287.000       2.1348
 288.000       2.0957
 289.000       2.1908
 292.000       2.1120
 294.000       2.0448
 295.000       1.9366
 297.000       1.7916
 298.000       1.7520
 300.000       1.6235
 301.000       1.5727
 302.000       1.4691
 303.000       1.3990
 304.000       1.5008
 306.000       1.6158
 307.000       1.6698
 310.000       1.7114
 311.000       1.6832
 312.000       2.0042
 314.000       1.9523
 316.000       2.0881
 318.000       2.1073
 319.000       2.0690
 320.000       2.2483
 321.000       2.0152
 322.000       1.9871
 323.000       2.0338
 326.000       1.9833
 328.000       1.9155
 329.000       1.8250
 331.000       1.6787
 332.000       1.6437
 334.000       1.5267
 335.000       1.4757
 336.000       1.3846
 337.000       1.3287
 338.000       1.4133
 340.000       1.5137
 341.000       1.5591
 344.000       1.6042
 345.000       1.5765
 346.000       1.8930
 348.000       1.8612
 350.000       2.0150
 352.000       2.0149
 353.000       2.0018
 354.000       2.2082
 355.000       1.9461
 356.000       1.9062
 357.000       1.9979
 360.000       1.9312
 362.000       1.8430
 363.000       1.7512
 365.000       1.6202
 366.000       1.5925
 368.000       1.4967
 369.000       1.4599
 370.000       1.4140
 371.000       1.3866
 374.000       1.4441
 375.000       1.5104
 377.000       1.5650
 378.000       1.5343
 379.000       1.8719
 381.000       1.8093
 383.000       1.9384
 385.000       2.0005
 386.000       2.0059
 387.000       2.2078
 388.000       1.9613
 389.000       1.9089
 390.000       1.9999
 393.000       1.9068
 395.000       1.7905
 396.000       1.6835
 398.000       1.5385
 399.000       1.5453
 401.000       1.4415
 403.000       1.3319
 404.000       1.2838
 405.000       1.3488
 407.000       1.4420
 408.000       1.4866
 409.000       1.8492
 411.000       1.7626
 413.000       1.8965
 415.000       2.0133
 416.000       2.0525
 417.000       2.2944
 418.000       2.0019
 419.000       1.9588
 420.000       2.0799
 423.000       1.9995
 425.000       1.8542
 426.000       1.7663
 428.000       1.6051
 429.000       1.5665
 431.000       1.4490
 432.000       1.4109
 433.000       1.3500
 434.000       1.3084
 435.000       1.4116
 437.000       1.5067
 438.000       1.5992
 441.000       1.5630
 442.000       1.5111
 443.000       1.9698
 445.000       1.8859
 447.000       2.0435
 449.000       2.1685
 450.000       2.2326
 451.000       2.5072
 452.000       2.1725
 453.000       2.1342
 454.000       2.2553
 457.000       2.1750
 459.000       1.9979
 460.000       1.9166
 462.000       1.7345
 463.000       1.6856
 465.000       1.5525
 466.000       1.5093
 467.000       1.4316
 468.000       1.3710
 469.000       1.5100
 471.000       1.6295
 472.000       1.7436
 475.000       1.6957
 476.000       1.6304
 477.000       2.1786
 479.000       2.0751
 481.000       2.2437
 483.000       2.4146
 484.000       2.5126
 485.000       2.8144
 486.000       2.4756
 487.000       2.3826
 488.000       2.4786
 491.000       2.3565
 493.000       2.1661
 494.000       2.0579
 496.000       1.8836
 497.000       1.8717
 499.000       1.7529
 501.000       1.6375
 502.000       1.5799
 505.000       1.6642
 506.000       1.7864
 507.000       1.8711
 508.000       2.3486
 510.000       2.2067
 512.000       2.3586
 514.000       2.5852
 515.000       2.6894
 516.000       2.9890
 517.000       2.6789
 518.000       2.5477
 519.000       2.6387
 522.000       2.5462
 524.000       2.3472
 525.000       2.2784
 527.000       2.1152
 528.000       2.0758
 530.000       1.9713
 531.000       1.9358
 532.000       1.8874
 533.000       1.8584
 534.000       1.9522
 536.000       2.0517
 537.000       2.1671
 540.000       2.0974
 541.000       2.0318
 542.000       2.5785
 544.000       2.4643
 546.000       2.6206
 548.000       2.8229
 549.000       2.9852
 550.000       3.2622
 551.000       2.9852
 552.000       2.8980
 553.000       2.9985
 556.000       2.9410
 558.000       2.7165
 559.000       2.6724
 561.000       2.4960
 562.000       2.4736
 564.000       2.3790
 565.000       2.3304
 566.000       2.2898
 567.000       2.2938
 568.000       2.3199
 570.000       2.3800
 571.000       2.4380
 574.000       2.4231
 575.000       2.3969
 576.000       3.0214
 578.000       2.9084
 580.000       3.0660
 582.000       3.2883
 583.000       3.4403
 584.000       3.7662
 585.000       3.3778
 586.000       3.3621
 587.000       3.4688
 590.000       3.4699
 592.000       3.6421
 593.000       3.5879
 595.000       3.5762
 596.000       3.6227
 598.000       3.7018
 599.000       3.7133
 600.000       3.8684
 601.000       4.0315
 604.000       3.9435
 605.000       3.8637
 607.000       3.7171
 608.000       3.6419
 609.000       3.2257
 611.000       3.3754
 613.000       3.5361
 615.000       3.1386
 616.000       2.9458
 617.000       2.9390
 618.000       3.0535
 619.000       3.0177
 620.000       3.1675
 623.000       3.1424
 625.000       3.2843
 626.000       3.1555
 628.000       3.0573
 629.000       3.0145
 631.000       3.0277
 632.000       3.0723
 633.000       3.1761
 634.000       3.2527
 637.000       3.2749
 638.000       3.2707
 640.000       3.1908
 641.000       3.0865
 642.000       2.8529
 644.000       2.9661
 646.000       3.1806
 648.000       2.8031
 649.000       2.5755
 650.000       2.6368
 651.000       2.3932
 652.000       2.6231
 653.000       2.8013
 656.000       2.8973
 658.000       2.9804
 659.000       2.9935
 661.000       2.8657
 662.000       2.6966
 664.000       2.6641
 665.000       2.8398
 666.000       2.9800
 667.000       2.9538
 670.000       3.2102
 671.000       3.2871
 673.000       3.1799
 674.000       2.9582
 675.000       2.7756
 677.000       2.9363
 679.000       3.1768
 681.000       2.8400
 682.000       2.7281
 683.000       2.9701
 684.000       2.7759
 685.000       2.5844
 686.000       2.7032
 689.000       2.6142
 691.000       2.5539
 692.000       2.4223
 694.000       2.2469
 695.000       2.2205
 697.000       2.0975
 699.000       1.9922
 700.000       1.9158
 703.000       2.0333
 704.000       2.1667
 705.000       2.2692
 706.000       2.4654
 708.000       2.4211
 710.000       2.6132
 712.000       2.5976
 713.000       2.5408
 714.000       2.8049
 715.000       2.4300
 716.000       2.4250
 717.000       2.5813
 720.000       2.4957
 722.000       2.3707
 723.000       2.2415
 725.000       2.0260
 726.000       1.9853
 728.000       1.8103
 729.000       1.7329
 730.000       1.6111
 731.000       1.5459
 732.000       1.6567
 734.000       1.7964
 735.000       1.8804
 738.000       1.9104
 739.000       1.8719
 740.000       2.3965
 742.000       2.3151
 744.000       2.5039
 746.000       2.5770
 747.000       2.5588
 748.000       2.8350
 749.000       2.4740
 750.000       2.4060
 751.000       2.5401
 754.000       2.4147
 756.000       2.2622
 757.000       2.1148
 759.000       1.9005
 760.000       1.9002
 762.000       1.7333
 764.000       1.5662
 765.000       1.4535
 768.000       1.5962
 769.000       1.7579
 770.000       1.8342
 771.000       2.3131
 773.000       2.1914
 775.000       2.3616
 777.000       2.4810
 778.000       2.4787
 779.000       2.7241
 780.000       2.4650
 781.000       2.2919
 782.000       2.3576
 785.000       2.2174
 787.000       2.0785
 788.000       1.9376
 790.000       1.7628
 791.000       1.7855
 793.000       1.6557
 795.000       1.5057
 796.000       1.4262
 799.000       1.5076
 800.000       1.6311
 801.000       1.6858
 802.000       2.1273
 804.000       2.0095
 806.000       2.1572
 808.000       2.2801
 809.000       2.2640
 810.000       2.5086
 811.000       2.2361
 812.000       2.0738
 813.000       2.1479
 816.000       1.9930
 818.000       1.8520
 819.000       1.6966
 821.000       1.5527
 822.000       1.5716
 824.000       1.4642
 825.000       1.3728
 826.000       1.3056
 827.000       1.2864
 830.000       1.3307
 831.000       1.3932
 833.000       1.4383
 834.000       1.4303
 835.000       1.8975
 837.000       1.7401
 839.000       1.8296
 841.000       2.0563
 842.000       2.0736
 843.000       2.3300
 844.000       2.0466
 845.000       1.9297
 846.000       1.9801
 849.000       1.8779
 851.000       1.8252
 852.000       1.8208
 854.000       1.7122
 855.000       1.7917
 857.000       1.7024
 858.000       1.5510
 859.000       1.4670
 860.000       1.4647
 861.000       1.4794
 863.000       1.5652
 864.000       1.6870
 867.000       1.6072
 868.000       1.5905
 869.000       1.8544
 871.000       2.0141
 873.000       2.3680
 875.000       1.8996
 876.000       1.8756
 877.000       2.1427
 878.000       1.9263
 879.000       1.7527
 880.000       1.7264
 883.000       1.6676
 885.000       1.6390
 886.000       1.6302
 888.000       1.6319
 889.000       1.6870
 891.000       1.7383
 892.000       1.7109
 893.000       1.7932
 894.000       1.9181
 897.000       1.8036
 898.000       1.7349
 900.000       1.6604
 901.000       1.6451
 902.000       1.7069
 904.000       1.6903
 906.000       1.7794
 908.000       1.7382
 909.000       1.9092
 910.000       1.9703
 911.000       2.0638
 912.000       2.0163
 913.000       2.1548
 916.000       2.3412
 918.000       2.5885
 919.000       2.6979
 921.000       2.8062
 922.000       2.7719
 924.000       3.0321
 926.000       3.3312
 927.000       3.6609
 928.000       3.3512
 930.000       3.1203
 931.000       3.3080
 932.000       2.2303
 934.000       2.5551
 936.000       2.8020
 938.000       2.1749
 939.000       2.1046
 940.000       2.1585
 941.000       2.3440
 942.000       1.9328
 943.000       1.7724
 946.000       1.6303
 948.000       1.6257
 949.000       1.6233
 951.000       1.7286
 952.000       1.8632
 954.000       1.9827
 955.000       1.9209
 956.000       2.0412
 957.000       2.2193
 958.000       2.0014
 960.000       1.8639
 961.000       1.9080
 964.000       1.7396
 965.000       1.7716
 966.000       1.6328
 968.000       1.6751
 970.000       1.7463
 972.000       1.6029
 973.000       1.6534
 974.000       1.7385
 975.000       1.7748
 976.000       1.6450
 977.000       1.5370
 980.000       1.5310
 982.000       1.5308
 983.000       1.4882
 985.000       1.3927
 986.000       1.3934
 988.000       1.3460
 990.000       1.2906
 991.000       1.2799
 994.000       1.3296
 995.000       1.3839
 996.000       1.4832
 997.000       1.4948
 999.000       1.5168
1001.000       1.6810
1003.000       1.6192
1004.000       1.6733
1005.000       1.8646
1006.000       1.6727
1007.000       1.6250
1008.000       1.7024
1011.000       1.6759
1013.000       1.6019
1014.000       1.5831
1016.000       1.4830
1017.000       1.4200
1019.000       1.3426
1021.000       1.3331
1022.000       1.2978
1025.000       1.4089
1026.000       1.4823
1027.000       1.5872
1028.000       1.6961
1030.000       1.6833
1032.000       1.8052
1034.000       1.8332
1035.000       1.9159
1036.000       2.1129
1037.000       1.8921
1038.000       1.8851
1039.000       1.9865
1042.000       1.9730
1044.000       1.8636
1045.000       1.8604
1047.000       1.7285
1048.000       1.6544
1050.000       1.5482
1052.000       1.5182
1053.000       1.4630
1054.000       1.6159
1056.000       1.7188
1057.000       1.8352
1058.000       2.0054
1060.000       1.9833
1062.000       2.1674
1064.000       2.1809
1065.000       2.2843
1066.000       2.5279
1067.000       2.2632
1068.000       2.2390
1069.000       2.3294
1072.000       2.3092
1074.000       2.2074
1075.000       2.2232
1077.000       2.0299
1078.000       1.9277
1080.000       1.7804
1082.000       1.7176
1083.000       1.6231
1084.000       1.8447
1086.000       2.0022
1087.000       2.1535
1088.000       2.3186
1090.000       2.3784
1092.000       2.8630
1094.000       2.4982
1095.000       2.5995
1096.000       2.8781
1097.000       2.6399
1098.000       2.4587
1099.000       2.5045
1102.000       2.3866
1104.000       2.2079
1105.000       2.1426
1107.000       2.0420
1108.000       2.1261
1110.000       2.0340
1111.000       1.8695
1112.000       1.7429
1113.000       1.7588
1114.000       1.6430
1116.000       1.6767
1117.000       1.6281
1120.000       1.8016
1121.000       1.8834
1122.000       2.4246
1124.000       2.3001
1126.000       2.3304
1128.000       2.4551
1129.000       2.5124
1130.000       2.7196
1131.000       2.6471
1132.000       2.2694
1133.000       2.1831
1136.000       1.9796
1138.000       1.8526
1139.000       1.7820
1141.000       1.7628
1142.000       1.9273
1144.000       2.0301
1146.000       1.9719
1147.000       2.1469
1148.000       1.8267
1150.000       1.7260
1151.000       1.7411
1152.000       2.0000
1154.000       1.9280
1156.000       2.1214
1158.000       2.1142
1159.000       2.1549
1160.000       2.4286
1161.000       2.1308
1162.000       2.0368
1163.000       2.1710
1166.000       2.1280
1168.000       1.9704
1169.000       1.9316
1171.000       1.7568
1172.000       1.6489
1174.000       1.5682
1175.000       1.6239
1176.000       1.6614
1177.000       1.6411
1180.000       1.8020
1181.000       1.9031
1183.000       1.8951
1184.000       1.7447
1185.000       2.1151
1187.000       2.0698
1189.000       2.3118
1191.000       2.3552
1192.000       2.3420
1193.000       2.7168
1194.000       2.2697
1195.000       2.1402
1196.000       2.3323
1199.000       2.2519
1201.000       2.1804
1202.000       2.0794
1204.000       1.8403
1205.000       1.7114
1207.000       1.6741
1208.000       1.7692
1209.000       1.9525
1210.000       2.0494
1213.000       2.2119
1214.000       2.3000
1216.000       2.1720
1217.000       1.8852
1218.000       2.0606
1220.000       2.1096
1222.000       2.4602
1224.000       2.2024
1225.000       2.0521
1226.000       2.2729
1227.000       1.9247
1228.000       1.9703
1229.000       2.1735
1232.000       2.1461
1234.000       2.0459
1235.000       1.9254
1237.000       1.6514
1238.000       1.5498
1240.000       1.3933
1242.000       1.3072
1243.000       1.2447
1246.000       1.4020
1247.000       1.5918
1248.000       1.7884
1249.000       2.0346
1251.000       2.0276
1253.000       2.3330
1255.000       2.2447
1256.000       2.2788
1257.000       2.5740
1258.000       2.1637
1259.000       2.2356
1260.000       2.4553
1263.000       2.4083
1265.000       2.1752
1266.000       2.1035
1268.000       1.8436
1269.000       1.8009
1271.000       1.6488
1273.000       1.5462
1274.000       1.5051
1277.000       1.5827
1278.000       1.7254
1279.000       1.8223
1280.000       2.4429
1282.000       2.3623
1284.000       2.6224
1286.000       2.7508
1287.000       2.9416
1288.000       3.3019
1289.000       2.8656
1290.000       2.8907
1291.000       3.0787
1294.000       3.0287
1296.000       2.7146
1297.000       2.6709
1299.000       2.4009
1300.000       2.3826
1302.000       2.2160
1303.000       2.1176
1304.000       2.0479
1305.000       2.0549
1306.000       2.0874
1308.000       2.1565
1309.000       2.2355
1312.000       2.2292
1313.000       2.2154
1314.000       3.1360
1316.000       3.0129
1318.000       3.2605
1320.000       3.4934
1321.000       3.7184
1322.000       4.1205
1323.000       3.7054
1324.000       3.6143
1325.000       3.7659
1328.000       3.8071
1330.000       4.0882
1331.000       4.0756
1333.000       4.1190
1334.000       4.1233
1336.000       4.2927
1337.000       4.4526
1338.000       4.8219
1339.000       5.0607
1342.000       5.0664
1343.000       4.9235
1345.000       4.5733
1346.000       4.3523
1347.000       3.4971
1349.000       3.8402
1351.000       4.0261
1353.000       3.3444
1354.000       3.0815
1355.000       3.1247
1356.000       3.2454
1357.000       3.0742
1358.000       3.0719
1361.000       3.2231
1363.000       3.3984
1364.000       3.3797
1366.000       3.1905
1367.000       3.0019
1369.000       2.9663
1370.000       3.1389
1371.000       3.2789
1372.000       3.2532
1375.000       3.5267
1376.000       3.6423
1378.000       3.5478
1379.000       3.2831
1380.000       2.9934
1382.000       3.2512
1384.000       3.6173
1386.000       3.0324
1387.000       2.8140
1388.000       3.0262
1389.000       2.4922
1390.000       2.8761
1391.000       3.2006
1394.000       3.2743
1396.000       3.2742
1397.000       3.2016
1399.000       2.9348
1400.000       2.6899
1402.000       2.5438
1403.000       2.7211
1404.000       2.7925
1405.000       2.6864
1408.000       3.0686
1409.000       3.2568
1411.000       3.2298
1412.000       2.9577
1413.000       3.0952
1415.000       3.1838
1417.000       3.5103
1419.000       3.2532
1420.000       3.0982
1421.000       3.3747
1422.000       3.1204
1423.000       2.8043
1424.000       2.8584
1427.000       2.6348
1429.000       2.5501
1430.000       2.2897
1432.000       2.1047
1433.000       2.1644
1435.000       1.9731
1436.000       1.7860
1437.000       1.6287
1438.000       1.5978
1439.000       1.6249
1441.000       1.7225
1442.000       1.8029
1445.000       1.8403
1446.000       1.8772
1447.000       2.3985
1449.000       2.2330
1451.000       2.3618
1453.000       2.4770
1454.000       2.3798
1455.000       2.5779
1456.000       2.3890
1457.000       2.1367
1458.000       2.1457
1461.000       1.9662
1463.000       1.8944
1464.000       1.7130
1466.000       1.5576
1467.000       1.6640
1469.000       1.5197
1470.000       1.3260
1471.000       1.2562
1472.000       1.2832
1473.000       1.3233
1475.000       1.3980
1476.000       1.5989
1479.000       1.3900
1480.000       1.3692
1481.000       1.8304
1483.000       1.7341
1485.000       1.8979
1487.000       1.8737
1488.000       1.8208
1489.000       1.9117
1490.000       1.9650
1491.000       2.1221
1492.000       2.0775
1495.000       1.8287
1497.000       1.7394
1498.000       1.5174
1500.000       1.4337
1501.000       1.5748
1503.000       1.5129
1504.000       1.3153
1505.000       1.2601
1506.000       1.3606
1507.000       1.1939
1509.000       1.1695
1510.000       1.2288
1513.000       1.2011
1514.000       1.2745
1515.000       1.7331
1517.000       1.5545
1519.000       1.6390
1521.000       1.9089
1522.000       1.9779
1523.000       2.3165
1524.000       1.9955
1525.000       1.7657
1526.000       1.8274
1529.000       1.6914
1531.000       1.4550
1532.000       1.3750
1534.000       1.1753
1535.000       1.1686
1537.000       1.0980
1538.000       1.0323
1539.000       1.0560
1540.000       1.1267
1541.000       1.1506
1543.000       1.2361
1544.000       1.4415
1547.000       1.2238
1548.000       1.1026
1549.000       1.7192
1551.000       1.6072
1553.000       1.8659
1555.000       2.0488
1556.000       2.1980
1557.000       2.6113
1558.000       2.1206
1559.000       2.0794
1560.000       2.2925
1563.000       2.2063
1565.000       1.9280
1566.000       1.8285
1568.000       1.5413
1569.000       1.4354
1571.000       1.2830
1572.000       1.2720
1573.000       1.2664
1574.000       1.2827
1575.000       1.4066
1577.000       1.5470
1578.000       1.7537
1581.000       1.5861
1582.000       1.4371
1583.000       2.2124
1585.000       2.0813
1587.000       2.3684
1589.000       2.5616
1590.000       2.6912
1591.000       3.0987
1592.000       2.6214
1593.000       2.5289
1594.000       2.6994
1597.000       2.5510
1599.000       2.2686
1600.000       2.1450
1602.000       1.9049
1603.000       1.8339
1605.000       1.7083
1606.000       1.6875
1607.000       1.6855
1608.000       1.6967
1611.000       1.7987
1612.000       1.8989
1614.000       1.9266
1615.000       1.8097
1616.000       2.5404
1618.000       2.3632
1620.000       2.5858
1622.000       2.8714
1623.000       3.0366
1624.000       3.4056
1625.000       2.9880
1626.000       2.9307
1627.000       3.0598
1630.000       2.9969
1632.000       2.7339
1633.000       2.7205
1635.000       2.5428
1636.000       2.4565
1638.000       2.3718
1639.000       2.4011
1640.000       2.4286
1641.000       2.4159
1644.000       2.5589
1645.000       2.6509
1647.000       2.6433
1648.000       2.5102
1649.000       3.1130
1651.000       3.0029
1653.000       3.1848
1655.000       3.4215
1656.000       3.6680
1657.000       3.9837
1658.000       3.7147
1659.000       3.6543
1660.000       3.7962
1663.000       3.8955
1665.000       3.6889
1666.000       3.8575
1668.000       3.7198
1669.000       3.5737
1671.000       3.6064
1673.000       3.7876
1674.000       3.9471
1675.000       3.9139
1677.000       3.8994
1678.000       4.1552
1679.000       4.1276
1681.000       4.1581
1683.000       4.5450
1685.000       4.4903
