   2.000       3.8937
   3.000       3.9890
   6.000       3.9396
   8.000       3.9118
   9.000       3.8212
  11.000       3.6355
  12.000       3.6323
  14.000       3.5964
  15.000       3.5618
  16.000       3.6612
  17.000       3.7602
  20.000       3.8334
  21.000       3.9009
  23.000       3.8039
  24.000       3.6167
  25.000       3.7536
  27.000       3.8326
  29.000       4.1571
  31.000       3.9125
  32.000       3.7963
  33.000       4.1029
  34.000       3.6383
  35.000       3.6530
  36.000       3.8475
  39.000       3.7375
  41.000       3.6168
  42.000       3.4354
  44.000       3.1653
  45.000       3.1111
  47.000       2.8889
  48.000       2.7954
  49.000       2.6381
  50.000       2.4965
  53.000       2.7083
  54.000       2.9073
  56.000       3.0467
  57.000       2.9819
  58.000       3.5636
  60.000       3.4787
  62.000       3.7172
  64.000       3.7459
  65.000       3.6614
  66.000       3.9560
  67.000       3.5639
  68.000       3.4365
  69.000       3.5719
  72.000       3.3805
  74.000       3.2242
  75.000       2.9931
  77.000       2.7332
  78.000       2.7574
  80.000       2.5723
  82.000       2.3278
  83.000       2.1793
  86.000       2.3173
  87.000       2.5311
  88.000       2.6067
  89.000       3.1847
  91.000       3.0247
  93.000       3.2231
  95.000       3.3512
  96.000       3.2565
  97.000       3.5434
  98.000       3.1726
  99.000       3.0176
 100.000       3.1417
 103.000       2.9204
 105.000       2.7902
 106.000       2.5356
 108.000       2.3237
 109.000       2.3614
 111.000       2.1835
 112.000       1.9956
 113.000       1.7966
 114.000       1.7179
 117.000       1.7536
 118.000       1.9019
 120.000       2.0708
 121.000       2.1013
 122.000       2.6869
 124.000       2.5119
 126.000       2.6607
 128.000       2.7956
 129.000       2.6784
 130.000       2.8726
 131.000       2.7244
 132.000       2.3844
 133.000       2.3763
 136.000       2.1446
 138.000       2.0766
 139.000       1.8606
 141.000       1.7578
 142.000       1.8759
 144.000       1.8438
 146.000       1.6604
 147.000       1.6754
 148.000       1.5485
 150.000       1.6075
 151.000       1.6164
 152.000       1.9789
 154.000       1.8342
 156.000       1.9129
 158.000       2.0236
 159.000       1.9764
 160.000       2.1193
 161.000       2.0987
 162.000       1.7432
 163.000       1.6948
 166.000       1.5308
 168.000       1.4716
 169.000       1.3640
 171.000       1.3533
 172.000       1.4830
 174.000       1.5020
 175.000       1.3588
 176.000       1.3586
 177.000       1.4710
 180.000       1.3394
 181.000       1.3225
 183.000       1.2868
 184.000       1.2922
 185.000       1.5111
 187.000       1.4028
 189.000       1.4346
 191.000       1.5987
 192.000       1.7433
 193.000       1.8835
 194.000       1.9398
 195.000       1.6654
 196.000       1.7662
 199.000       1.7705
 201.000       1.6703
 202.000       1.5867
 204.000       1.4747
 205.000       1.4671
 207.000       1.3992
 209.000       1.3359
 210.000       1.3247
 211.000       1.3471
 213.000       1.4141
 214.000       1.4657
 215.000       1.7553
 217.000       1.6030
 219.000       1.6625
 221.000       1.8945
 222.000       2.1364
 223.000       2.3271
 224.000       2.2469
 225.000       2.1184
 226.000       2.0111
 229.000       2.0298
 231.000       2.0766
 232.000       2.0521
 234.000       1.8878
 235.000       1.9422
 237.000       1.8170
 238.000       1.6539
 239.000       1.5018
 240.000       1.4649
 243.000       1.4460
 244.000       1.5345
 246.000       1.6660
 247.000       1.7122
 248.000       1.9607
 250.000       2.0394
 252.000       2.2398
 254.000       2.0871
 255.000       2.0255
 256.000       2.3265
 257.000       2.4633
 258.000       1.8665
 259.000       2.0229
 262.000       1.8878
 264.000       1.9153
 265.000       1.8426
 267.000       2.0356
 268.000       2.3708
 270.000       2.6491
 271.000       2.4769
 272.000       2.7260
 273.000       3.1601
 276.000       2.6734
 277.000       2.3994
 279.000       2.1186
 280.000       2.1338
 281.000       1.8930
 283.000       1.8403
 285.000       2.0007
 287.000       2.0621
 288.000       2.1904
 289.000       2.3956
 290.000       2.3413
 291.000       2.0741
 292.000       2.1798
 295.000       2.1051
 297.000       1.9351
 298.000       1.8436
 300.000       1.6756
 301.000       1.6958
 303.000       1.5833
 305.000       1.4452
 306.000       1.4076
 307.000       1.4667
 309.000       1.5763
 310.000       1.6546
 311.000       2.1174
 313.000       2.0166
 315.000       2.2057
 317.000       2.3607
 318.000       2.4034
 319.000       2.7951
 320.000       2.3961
 321.000       2.2044
 322.000       2.3990
 325.000       2.3267
 327.000       2.1753
 328.000       2.1723
 330.000       2.0002
 331.000       1.8951
 333.000       1.9405
 335.000       2.0998
 336.000       2.3189
 339.000       2.2264
 340.000       2.1745
 341.000       2.4496
 342.000       2.2334
 344.000       2.2966
 346.000       2.6676
 348.000       2.4532
 349.000       2.4637
 350.000       2.6886
 351.000       2.3985
 352.000       2.3770
 353.000       2.4866
 356.000       2.4155
 358.000       2.2848
 359.000       2.2052
 361.000       2.0211
 362.000       1.9430
 364.000       1.7811
 365.000       1.7581
 366.000       1.6578
 367.000       1.5497
 368.000       1.7568
 370.000       1.9144
 371.000       2.0285
 374.000       1.9989
 375.000       1.9177
 376.000       2.3850
 378.000       2.3167
 380.000       2.4608
 382.000       2.5534
 383.000       2.6145
 384.000       2.8574
 385.000       2.5391
 386.000       2.5502
 387.000       2.6397
 390.000       2.5780
 392.000       2.4184
 393.000       2.3330
 395.000       2.1353
 396.000       2.0866
 398.000       1.9210
 400.000       1.8002
 401.000       1.6602
 404.000       1.8717
 405.000       2.0398
 406.000       2.1462
 407.000       2.5512
 409.000       2.4712
 411.000       2.6499
 413.000       2.7421
 414.000       2.7906
 415.000       3.0430
 416.000       2.7235
 417.000       2.6867
 418.000       2.8085
 421.000       2.7052
 423.000       2.5466
 424.000       2.4103
 426.000       2.2118
 427.000       2.1922
 429.000       2.0139
 430.000       1.8995
 431.000       1.7216
 432.000       1.6164
 433.000       1.7279
 435.000       1.8911
 436.000       1.9378
 439.000       2.0478
 440.000       2.0388
 441.000       2.6347
 443.000       2.5060
 445.000       2.6680
 447.000       2.8167
 448.000       2.7990
 449.000       3.0365
 450.000       2.7762
 451.000       2.6026
 452.000       2.6636
 455.000       2.4794
 457.000       2.3235
 458.000       2.1180
 460.000       1.9520
 461.000       2.0413
 463.000       1.9507
 465.000       1.7420
 466.000       1.7070
 467.000       1.6517
 469.000       1.7604
 470.000       1.7500
 471.000       2.3636
 473.000       2.1733
 475.000       2.2816
 477.000       2.5155
 478.000       2.4920
 479.000       2.7311
 480.000       2.4844
 481.000       2.2763
 482.000       2.2813
 485.000       2.0910
 487.000       1.9805
 488.000       1.7634
 490.000       1.6214
 491.000       1.7215
 493.000       1.6261
 494.000       1.4221
 495.000       1.2932
 496.000       1.3620
 497.000       1.1661
 499.000       1.1871
 500.000       1.1623
 503.000       1.3251
 504.000       1.4221
 505.000       1.9419
 507.000       1.7818
 509.000       1.9046
 511.000       2.0523
 512.000       1.9952
 513.000       2.2036
 514.000       2.0401
 515.000       1.7671
 516.000       1.7995
 519.000       1.6178
 521.000       1.5085
 522.000       1.3402
 524.000       1.2845
 525.000       1.4223
 527.000       1.4815
 528.000       1.3685
 529.000       1.4924
 530.000       1.7069
 531.000       1.4637
 533.000       1.3403
 534.000       1.4592
 537.000       1.2331
 538.000       1.2405
 539.000       1.5142
 541.000       1.3979
 543.000       1.5178
 545.000       1.6582
 546.000       1.6493
 547.000       1.9355
 548.000       1.8032
 549.000       1.5615
 550.000       1.7777
 553.000       1.9947
 555.000       1.8684
 556.000       2.1845
 558.000       2.1646
 559.000       1.9715
 561.000       2.2910
 562.000       2.6526
 563.000       3.1935
 564.000       3.4774
 567.000       3.5748
 568.000       3.4863
 570.000       3.0578
 571.000       2.6025
 572.000       2.2349
 574.000       2.5147
 576.000       2.9065
 578.000       2.5537
 579.000       2.8370
 580.000       3.1294
 581.000       2.9253
 582.000       2.7397
 583.000       2.7007
 586.000       2.6520
 588.000       2.5128
 589.000       2.5923
 591.000       2.5923
 592.000       2.7098
 594.000       2.8524
 596.000       2.9001
 597.000       3.1537
 598.000       2.7287
 600.000       2.5737
 601.000       2.5221
 602.000       2.8339
 604.000       2.8376
 606.000       3.2269
 608.000       3.0271
 609.000       2.6930
 610.000       2.9101
 611.000       2.7679
 612.000       2.3200
 613.000       2.2460
 616.000       2.0122
 618.000       1.8408
 619.000       1.7845
 621.000       1.7173
 622.000       1.8072
 624.000       1.8349
 625.000       1.7276
 626.000       1.7720
 627.000       1.9313
 630.000       1.7437
 631.000       1.6841
 633.000       1.6557
 634.000       1.6608
 635.000       2.0195
 637.000       1.9451
 639.000       2.0591
 641.000       2.0956
 642.000       2.2926
 643.000       2.4661
 644.000       2.4803
 645.000       2.2729
 646.000       2.3191
 649.000       2.3921
 651.000       2.6462
 652.000       2.7223
 654.000       2.9779
 655.000       2.9482
 657.000       3.2721
 659.000       3.6570
 660.000       4.0221
 661.000       3.6968
 663.000       3.3857
 664.000       3.5735
 665.000       2.2647
 667.000       2.4921
 669.000       2.7249
 671.000       2.3809
 672.000       2.3245
 673.000       2.4829
 674.000       2.6834
 675.000       2.0944
 676.000       2.1102
 679.000       1.9554
 681.000       1.8279
 682.000       1.6989
 684.000       1.5689
 685.000       1.6302
 687.000       1.5478
 688.000       1.4052
 689.000       1.3409
 690.000       1.3733
 691.000       1.3498
 693.000       1.4151
 694.000       1.5343
 697.000       1.4577
 698.000       1.4422
 699.000       1.9054
 701.000       1.7840
 703.000       1.9032
 705.000       2.0874
 706.000       2.1772
 707.000       2.4364
 708.000       2.1843
 709.000       2.0405
 710.000       2.1153
 713.000       2.0018
 715.000       1.8064
 716.000       1.6956
 718.000       1.5019
 719.000       1.5196
 721.000       1.4178
 722.000       1.2952
 723.000       1.2417
 724.000       1.3016
 725.000       1.2630
 727.000       1.3433
 728.000       1.4730
 731.000       1.4062
 732.000       1.3623
 733.000       2.0192
 735.000       1.8990
 737.000       2.0696
 739.000       2.2328
 740.000       2.2957
 741.000       2.6064
 742.000       2.4503
 743.000       1.9546
 744.000       1.9459
 747.000       1.7036
 749.000       1.4799
 750.000       1.3226
 752.000       1.2274
 753.000       1.3827
 755.000       1.4060
 757.000       1.2577
 758.000       1.3762
 761.000       1.1168
 762.000       1.1034
 763.000       1.1129
 764.000       1.6511
 766.000       1.4346
 768.000       1.4251
 770.000       1.7342
 771.000       1.8247
 772.000       2.2306
 773.000       2.0759
 774.000       1.6285
 775.000       1.9826
 778.000       1.6141
 780.000       1.4690
 781.000       1.3282
 783.000       1.2558
 784.000       1.2623
 786.000       1.2354
 787.000       1.2134
 788.000       1.2666
 789.000       1.3406
 792.000       1.3316
 793.000       1.3384
 795.000       1.2943
 796.000       1.2294
 797.000       1.5474
 799.000       1.3883
 801.000       1.4840
 803.000       1.7095
 804.000       1.8140
 805.000       2.0972
 806.000       1.8142
 807.000       1.7357
 808.000       1.8298
 811.000       1.8341
 813.000       1.6950
 814.000       1.7199
 816.000       1.5518
 817.000       1.4261
 819.000       1.3231
 821.000       1.3621
 822.000       1.3430
 825.000       1.5075
 826.000       1.5972
 827.000       1.7819
 828.000       1.8668
 830.000       1.8809
 832.000       2.1113
 834.000       2.0784
 835.000       2.1296
 836.000       2.4098
 837.000       1.9990
 838.000       2.1162
 839.000       2.3250
 842.000       2.3378
 844.000       2.2149
 845.000       2.1738
 847.000       1.9388
 848.000       1.7942
 850.000       1.6265
 851.000       1.6780
 852.000       1.6307
 853.000       1.5225
 854.000       1.7897
 856.000       1.9555
 857.000       2.1151
 860.000       2.0098
 861.000       1.8696
 862.000       2.2892
 864.000       2.2883
 866.000       2.5341
 868.000       2.4800
 869.000       2.4667
 870.000       2.7452
 871.000       2.3202
 872.000       2.3882
 873.000       2.5840
 876.000       2.4994
 878.000       2.3770
 879.000       2.2436
 881.000       2.0181
 882.000       1.9439
 884.000       1.7622
 886.000       1.6637
 887.000       1.5304
 890.000       1.7656
 891.000       1.9327
 892.000       2.0566
 893.000       2.3601
 895.000       2.2883
 897.000       2.4778
 899.000       2.5020
 900.000       2.3344
 901.000       2.6656
 902.000       2.2010
 903.000       2.1091
 904.000       2.3085
 907.000       2.2198
 909.000       2.1624
 910.000       2.0524
 912.000       1.8007
 913.000       1.6458
 915.000       1.5633
 916.000       1.6768
 917.000       1.8227
 918.000       1.8570
 921.000       2.0697
 922.000       2.1722
 924.000       2.0835
 925.000       1.8242
 926.000       1.9761
 928.000       2.0329
 930.000       2.3723
 932.000       2.0776
 933.000       1.9153
 934.000       2.1004
 935.000       1.8417
 936.000       1.7597
 937.000       1.8638
 940.000       1.7946
 942.000       1.8032
 943.000       1.7227
 945.000       1.5850
 946.000       1.5445
 948.000       1.4559
 949.000       1.4292
 950.000       1.3871
 951.000       1.3429
 954.000       1.4542
 955.000       1.5593
 957.000       1.5988
 958.000       1.5209
 959.000       1.6155
 961.000       1.6718
 963.000       1.8832
 965.000       1.6417
 966.000       1.5306
 967.000       1.6807
 968.000       1.4818
 969.000       1.4805
 970.000       1.6370
 973.000       1.6260
 975.000       1.5609
 976.000       1.4758
 978.000       1.2903
 979.000       1.2440
 981.000       1.1444
 982.000       1.1096
 983.000       1.0586
 984.000       1.0569
 985.000       1.0899
 987.000       1.1657
 988.000       1.2129
 991.000       1.2341
 992.000       1.1953
 993.000       1.5462
 995.000       1.5330
 997.000       1.7824
 999.000       1.7547
1000.000       1.8776
1001.000       2.2606
1002.000       1.8412
1003.000       1.7878
1004.000       1.9415
1007.000       1.9154
1009.000       1.6786
1010.000       1.7116
1012.000       1.4964
1013.000       1.3874
1015.000       1.3515
1017.000       1.4393
1018.000       1.5747
1019.000       1.5488
1021.000       1.5847
1022.000       1.8233
1023.000       2.0485
1025.000       2.0007
1027.000       2.2311
1029.000       2.1503
1030.000       2.3703
1031.000       2.6138
1032.000       2.6627
1033.000       2.3523
1034.000       2.7364
1037.000       2.7033
1039.000       2.8875
1040.000       2.9020
1042.000       3.2425
1043.000       3.2967
1045.000       3.8114
1047.000       4.3060
1048.000       4.8800
1049.000       4.2497
1051.000       3.7615
1052.000       3.9606
1053.000       2.5019
1055.000       2.6222
1057.000       2.8083
1059.000       2.6887
1060.000       2.9311
1061.000       3.4388
1062.000       3.3922
1063.000       2.4988
1064.000       2.4770
1067.000       2.1960
1069.000       2.2828
1070.000       1.9483
1072.000       1.8317
1073.000       2.1812
1075.000       2.2827
1077.000       1.9347
1078.000       2.0696
1079.000       1.7831
1081.000       1.8036
1082.000       2.1541
1083.000       1.8493
1085.000       1.8798
1087.000       1.9171
1089.000       1.8387
1090.000       1.6356
1091.000       1.9116
1092.000       1.7211
1093.000       1.5561
1094.000       1.7541
1097.000       1.7719
1099.000       1.7964
1100.000       1.8660
1102.000       1.7844
1103.000       1.7191
1105.000       1.7829
1107.000       1.9157
1108.000       2.0843
1111.000       2.0039
1112.000       1.9445
1113.000       2.1440
1114.000       1.7116
1116.000       1.8855
1118.000       2.2006
1120.000       1.8630
1121.000       1.8224
1122.000       2.1378
1123.000       1.7457
1124.000       1.7139
1125.000       1.9213
1128.000       1.8793
1130.000       1.8207
1131.000       1.7933
1133.000       1.6482
1134.000       1.5296
1136.000       1.5741
1138.000       1.7566
1139.000       1.9506
1140.000       1.8576
1142.000       1.8128
1143.000       2.0398
1144.000       1.7428
1146.000       1.8084
1148.000       2.1009
1150.000       1.8815
1151.000       1.8208
1152.000       2.0194
1153.000       1.8378
1154.000       1.6375
1155.000       1.6703
1158.000       1.5494
1160.000       1.5078
1161.000       1.4010
1163.000       1.3145
1164.000       1.3425
1166.000       1.2901
1167.000       1.2285
1168.000       1.2205
1169.000       1.2317
1172.000       1.2804
1173.000       1.3257
1175.000       1.3089
1176.000       1.2590
1177.000       1.4554
1179.000       1.4313
1181.000       1.5856
1183.000       1.5325
1184.000       1.5250
1185.000       1.7142
1186.000       1.5630
1187.000       1.3941
1188.000       1.4498
1191.000       1.4084
1193.000       1.3359
1194.000       1.3776
1196.000       1.2283
1197.000       1.2596
1199.000       1.1864
1201.000       1.0839
1202.000       1.0913
1205.000       1.0830
1206.000       1.1449
1207.000       1.2105
1208.000       1.4868
1210.000       1.5788
1212.000       1.8825
1214.000       1.6046
1215.000       1.6891
1216.000       1.7345
1217.000       1.9686
1218.000       1.7911
1219.000       2.1604
1222.000       2.1945
1224.000       2.3854
1225.000       2.3376
1227.000       2.3055
1228.000       2.2979
1230.000       2.3475
1232.000       2.3819
1233.000       2.4699
1236.000       2.3872
1237.000       2.3604
1238.000       2.4403
1239.000       1.9649
1241.000       2.1522
1243.000       2.3519
1245.000       1.9103
1246.000       1.7492
1247.000       1.8531
1248.000       1.6934
1249.000       1.7903
1250.000       1.9341
1253.000       2.0017
1255.000       2.1191
1256.000       2.0760
1258.000       1.9890
1259.000       1.9543
1261.000       1.9312
1262.000       1.9395
1263.000       1.9596
1264.000       1.9814
1265.000       2.0069
1267.000       2.0504
1268.000       2.1303
1271.000       2.0501
1272.000       1.9832
1273.000       1.8551
1275.000       1.9748
1277.000       2.1593
1279.000       1.8534
1280.000       1.7170
1281.000       1.8353
1282.000       1.6312
1283.000       1.6944
1284.000       1.8159
1287.000       1.8155
1289.000       1.8529
1290.000       1.7971
1292.000       1.7021
1293.000       1.6486
1295.000       1.6107
1296.000       1.6416
1297.000       1.6754
1298.000       1.6932
1299.000       1.7466
1301.000       1.7872
1302.000       1.8838
1305.000       1.7713
1306.000       1.6939
1307.000       1.6897
1309.000       1.7439
1311.000       1.8969
1313.000       1.7183
1314.000       1.6494
1315.000       1.7768
1316.000       1.5974
1317.000       1.6316
1318.000       1.7580
1321.000       1.7674
1323.000       1.7727
1324.000       1.7557
1326.000       1.6497
1327.000       1.5497
1329.000       1.4970
1330.000       1.5838
1331.000       1.6408
1332.000       1.6265
1333.000       1.7810
1335.000       1.8504
1336.000       2.0057
1339.000       1.8055
1340.000       1.6724
1341.000       1.7097
1343.000       1.7641
1345.000       1.9170
1347.000       1.7847
1348.000       1.7582
1349.000       1.9319
1350.000       1.6754
1351.000       1.7575
1352.000       1.8977
1355.000       1.9226
1357.000       1.8772
1358.000       1.8616
1360.000       1.7079
1361.000       1.5816
1363.000       1.4562
1365.000       1.4737
1366.000       1.4056
1369.000       1.6189
1370.000       1.7325
1371.000       1.9004
1372.000       1.8782
1374.000       1.9297
1376.000       2.1279
1378.000       2.0062
1379.000       2.0208
1380.000       2.2269
1381.000       1.9344
1382.000       2.0029
1383.000       2.1549
1386.000       2.1451
1388.000       2.0323
1389.000       1.9736
1391.000       1.8011
1392.000       1.7187
1394.000       1.6002
1395.000       1.6078
1396.000       1.5778
1397.000       1.5162
1400.000       1.6810
1401.000       1.8002
1403.000       1.8412
1404.000       1.7380
1405.000       2.1228
1407.000       2.0881
1409.000       2.2820
1411.000       2.3129
1412.000       2.3511
1413.000       2.6294
1414.000       2.2859
1415.000       2.2352
1416.000       2.3507
1419.000       2.2202
1421.000       2.0155
1422.000       1.8762
1424.000       1.6893
1425.000       1.6889
1427.000       1.5671
1429.000       1.4282
1430.000       1.3813
1433.000       1.4265
1434.000       1.5646
1435.000       1.6404
1436.000       2.1950
1438.000       2.0406
1440.000       2.2005
1442.000       2.4230
1443.000       2.5251
1444.000       2.8046
1445.000       2.5070
1446.000       2.3919
1447.000       2.4825
1450.000       2.3627
1452.000       2.0960
1453.000       1.9922
1455.000       1.7849
1456.000       1.8055
1458.000       1.6816
1460.000       1.5121
1461.000       1.4703
1464.000       1.4846
1465.000       1.6286
1466.000       1.6897
1467.000       2.4258
1469.000       2.2338
1471.000       2.4297
1473.000       2.7439
1474.000       2.9576
1475.000       3.2935
1476.000       2.9790
1477.000       2.8630
1478.000       2.8985
1481.000       2.8629
1483.000       2.6340
1484.000       2.7409
1486.000       2.6162
1487.000       2.6908
1489.000       2.6285
1490.000       2.4854
1491.000       2.4280
1492.000       2.5071
1493.000       2.3487
1495.000       2.3358
1496.000       2.3127
1499.000       2.4135
1500.000       2.4770
1501.000       3.1618
1503.000       3.0740
1505.000       3.2987
1507.000       3.3094
1508.000       3.5693
1509.000       3.7277
1510.000       3.8060
1511.000       3.4176
1512.000       3.4078
1515.000       3.2978
1517.000       3.0019
1518.000       3.0017
1520.000       2.7913
1521.000       2.7365
1523.000       2.6042
1525.000       2.5038
1526.000       2.4433
1527.000       2.5628
1529.000       2.7115
1530.000       2.8215
1531.000       3.4934
1533.000       3.3003
1535.000       3.4030
1537.000       3.5933
1538.000       3.9058
1539.000       4.1687
1540.000       4.0410
1541.000       3.8047
1542.000       3.7493
1545.000       3.6100
1547.000       3.3586
1548.000       3.0880
1550.000       2.8398
1551.000       2.8428
1553.000       2.6423
1554.000       2.4605
1555.000       2.2290
1556.000       2.1257
1559.000       2.1658
1560.000       2.3356
1562.000       2.5549
1563.000       2.5938
1564.000       3.5236
1566.000       3.2473
1568.000       3.3738
1570.000       3.8167
1571.000       3.8860
1572.000       4.2512
1573.000       3.8266
1574.000       3.6646
1575.000       3.7671
1578.000       3.5476
1580.000       3.2614
1581.000       3.0483
1583.000       2.7724
1584.000       2.6804
1586.000       2.4399
1587.000       2.3618
1588.000       2.1700
1589.000       1.9658
1592.000       2.2587
1593.000       2.5118
1595.000       2.6784
1596.000       2.5903
1597.000       3.5326
1599.000       3.2493
1601.000       3.2262
1603.000       3.5806
1604.000       3.7761
1605.000       4.0438
1606.000       3.8910
1607.000       3.7985
1608.000       3.7118
1611.000       3.4424
1613.000       3.3075
1614.000       2.9965
1616.000       2.7685
1617.000       2.8017
1619.000       2.6154
1620.000       2.4147
1621.000       2.1912
1622.000       2.1145
1625.000       2.1138
1626.000       2.2600
1628.000       2.4654
1629.000       2.5229
1630.000       3.1606
1632.000       2.9488
1634.000       3.0709
1636.000       3.2549
1637.000       3.0631
1638.000       3.3292
1639.000       2.9932
1640.000       2.7896
1641.000       2.8302
1644.000       2.6430
1646.000       2.5368
1647.000       2.3099
1649.000       2.0917
1650.000       2.1135
1652.000       2.0333
1654.000       1.8971
1655.000       1.9209
1656.000       1.8825
1658.000       1.9907
1659.000       2.1130
1660.000       2.3969
1662.000       2.2867
1664.000       2.5240
1666.000       2.5460
1667.000       2.4559
1668.000       2.6820
1669.000       2.2964
1670.000       2.4350
1671.000       2.6314
1674.000       2.5961
1676.000       2.4845
1677.000       2.3628
1679.000       2.1283
1680.000       2.0410
1682.000       1.8559
1683.000       1.8195
1684.000       1.6846
1685.000       1.5556
1686.000       1.7668
1688.000       1.9450
1689.000       2.0392
1692.000       2.0647
1693.000       1.9947
1694.000       2.5033
1696.000       2.4504
1698.000       2.6590
1700.000       2.6793
1701.000       2.6660
1702.000       2.9091
1703.000       2.5865
1704.000       2.5428
1705.000       2.6598
1708.000       2.5449
1710.000       2.3738
1711.000       2.2408
1713.000       2.0658
1714.000       2.0717
1716.000       1.9471
1718.000       1.7994
1719.000       1.7239
1720.000       1.8090
1722.000       1.9399
1723.000       1.9811
1724.000       2.5019
1726.000       2.3627
1728.000       2.4833
1730.000       2.6864
1731.000       2.7415
1732.000       2.9762
1733.000       2.6939
1734.000       2.6353
1735.000       2.7283
1738.000       2.6081
1740.000       2.4338
1741.000       2.3180
1743.000       2.1784
1744.000       2.2069
1746.000       2.1031
1748.000       1.9576
1749.000       1.8719
1752.000       1.9378
1753.000       2.0489
1754.000       2.0645
1755.000       2.5959
1757.000       2.4550
1759.000       2.5434
1761.000       2.7738
1762.000       2.8596
1763.000       3.0737
1764.000       2.8690
1765.000       2.7332
1766.000       2.7884
1769.000       2.6499
1771.000       2.4524
1772.000       2.3606
1774.000       2.2685
1775.000       2.3264
1777.000       2.2685
1779.000       2.1388
1780.000       2.1050
1783.000       2.0916
1784.000       2.1614
1785.000       2.1649
1786.000       2.7010
1788.000       2.5434
1790.000       2.6012
1792.000       2.9059
1793.000       3.1013
1794.000       3.3513
1795.000       3.1625
1796.000       2.9999
1797.000       3.0539
1800.000       2.9547
1802.000       2.7159
1803.000       2.6875
1805.000       2.6060
1806.000       2.6206
1808.000       2.5726
1809.000       2.5070
1810.000       2.4606
1811.000       2.4779
1812.000       2.4391
1814.000       2.4721
1815.000       2.4898
1818.000       2.5273
1819.000       2.5324
1820.000       3.1026
1822.000       2.9531
1824.000       3.0372
1826.000       3.3538
1827.000       3.5690
1828.000       3.8312
1829.000       3.6238
1830.000       3.4880
1831.000       3.8288
1834.000       3.5545
1836.000       3.5588
1837.000       3.2742
1839.000       3.3247
1840.000       3.5913
1842.000       3.6848
1843.000       3.4605
1844.000       3.5090
1845.000       3.8150
1848.000       3.3307
1849.000       3.0887
1851.000       3.0318
1852.000       3.2248
1853.000       3.2931
1855.000       3.1261
1857.000       3.1240
1859.000       3.2975
1860.000       3.1282
1861.000       3.4032
1862.000       3.2415
1863.000       2.6837
1864.000       2.6193
1867.000       2.2524
1869.000       2.1840
1870.000       2.0038
1872.000       2.1487
1873.000       2.4128
1875.000       2.7248
1877.000       2.8612
1878.000       3.2771
1879.000       2.6384
1881.000       2.2676
1882.000       2.2502
1883.000       2.0354
1885.000       2.0744
1887.000       2.2158
1889.000       2.0019
1890.000       1.8146
1891.000       2.0802
1892.000       1.7533
1893.000       1.6745
1894.000       1.7872
1897.000       1.6629
1899.000       1.6296
1900.000       1.4739
1902.000       1.3710
1903.000       1.4364
1905.000       1.4338
1907.000       1.3671
1908.000       1.4591
1909.000       1.3001
1911.000       1.3070
1912.000       1.3540
1913.000       1.4944
1915.000       1.4419
1917.000       1.5712
1919.000       1.5981
1920.000       1.5412
1921.000       1.7940
1922.000       1.4779
1923.000       1.4161
1924.000       1.5213
1927.000       1.4334
1929.000       1.3026
1930.000       1.2318
1932.000       1.1071
1933.000       1.0796
1935.000       1.0594
1936.000       1.0811
1937.000       1.1956
1938.000       1.2976
1941.000       1.3110
1942.000       1.3111
1944.000       1.2312
1945.000       1.1085
1946.000       1.4214
1948.000       1.3788
1950.000       1.5791
1952.000       1.6354
1953.000       1.7217
1954.000       2.0077
1955.000       1.6519
1956.000       1.6975
1957.000       1.8816
1960.000       1.8820
1962.000       1.6957
1963.000       1.7021
1965.000       1.5304
1966.000       1.4233
1968.000       1.3424
1970.000       1.4024
1971.000       1.4520
1972.000       1.5218
1974.000       1.5816
1975.000       1.7576
1976.000       1.9430
1978.000       1.9287
1980.000       2.1694
1982.000       2.2184
1983.000       2.3622
1984.000       2.6779
1985.000       2.2568
1986.000       2.3721
1987.000       2.5794
1990.000       2.5898
1992.000       2.3693
1993.000       2.3689
1995.000       2.1392
1996.000       2.0035
1998.000       1.8648
1999.000       1.9226
2000.000       1.9228
2001.000       1.8668
2002.000       2.0906
2004.000       2.2324
2005.000       2.4206
2008.000       2.2486
2009.000       2.0892
2010.000       2.6716
2012.000       2.6381
2014.000       2.8924
2016.000       2.9736
2017.000       3.1204
2018.000       3.4698
2019.000       2.9905
2020.000       3.1040
2021.000       3.3123
2024.000       3.3050
2026.000       3.0576
2027.000       3.0939
2029.000       2.8075
2030.000       2.6786
2032.000       2.4872
2034.000       2.4314
2035.000       2.3517
2036.000       2.5754
2038.000       2.7561
2039.000       2.9273
2040.000       3.4028
2042.000       3.4357
2044.000       3.8748
2046.000       3.6770
2047.000       3.8497
2048.000       4.2310
2049.000       3.8373
2050.000       3.8348
2051.000       4.0833
2054.000       4.1906
2056.000       3.9676
2057.000       4.1220
2059.000       3.9048
2060.000       3.6782
2062.000       3.6582
2064.000       3.8759
2065.000       4.0224
2068.000       4.1105
2069.000       4.1250
2070.000       4.4775
2071.000       4.3503
2073.000       4.4085
2075.000       4.8681
2077.000       4.7214
