   2.000       4.6635
   3.000       4.7871
   6.000       4.4921
   8.000       4.2870
   9.000       3.9530
  11.000       3.6061
  12.000       3.6613
  14.000       3.5725
  15.000       3.4202
  16.000       3.5249
  17.000       3.7569
  18.000       3.6221
  20.000       3.6514
  21.000       3.9855
  24.000       3.5887
  25.000       3.4490
  26.000       4.1105
  28.000       3.9729
  30.000       4.4506
  32.000       4.4251
  33.000       4.2319
  34.000       4.7362
  35.000       4.1373
  36.000       3.7736
  37.000       3.9955
  40.000       3.7018
  42.000       3.4802
  43.000       3.1884
  45.000       2.8885
  46.000       2.9119
  48.000       2.8712
  49.000       2.8008
  50.000       2.9898
  51.000       3.2473
  54.000       3.1686
  55.000       3.1584
  57.000       3.0154
  58.000       2.8175
  59.000       3.3627
  61.000       3.1998
  63.000       3.6062
  65.000       3.6329
  66.000       3.4674
  67.000       3.8944
  68.000       3.5054
  69.000       2.9872
  70.000       3.1018
  73.000       2.8540
  75.000       2.7561
  76.000       2.6269
  78.000       2.5032
  79.000       2.4697
  81.000       2.6137
  83.000       2.8074
  84.000       3.1344
  85.000       2.8459
  87.000       2.7173
  88.000       3.0042
  89.000       2.5743
  91.000       2.5850
  93.000       2.9284
  95.000       2.6939
  96.000       2.5495
  97.000       2.7642
  98.000       2.4861
  99.000       2.3576
 100.000       2.4500
 103.000       2.3199
 105.000       2.2524
 106.000       2.0955
 108.000       1.9301
 109.000       1.9441
 111.000       1.8344
 113.000       1.6891
 114.000       1.6112
 117.000       1.6952
 118.000       1.8192
 119.000       1.8866
 120.000       2.1531
 122.000       2.0844
 124.000       2.2488
 126.000       2.2483
 127.000       2.1893
 128.000       2.3824
 129.000       2.1653
 130.000       2.0300
 131.000       2.1014
 134.000       1.9818
 136.000       1.8904
 137.000       1.7508
 139.000       1.6219
 140.000       1.6461
 142.000       1.5490
 143.000       1.4389
 144.000       1.3396
 145.000       1.3171
 148.000       1.3282
 149.000       1.4120
 151.000       1.4999
 152.000       1.4989
 153.000       1.8664
 155.000       1.7714
 157.000       1.9040
 159.000       1.9780
 160.000       1.9624
 161.000       2.1648
 162.000       1.9686
 163.000       1.8032
 164.000       1.8484
 167.000       1.7135
 169.000       1.6139
 170.000       1.4796
 172.000       1.3801
 173.000       1.4334
 175.000       1.3840
 177.000       1.2670
 178.000       1.2690
 179.000       1.2278
 181.000       1.2882
 182.000       1.3271
 183.000       1.6239
 185.000       1.5156
 187.000       1.6126
 189.000       1.7189
 190.000       1.6585
 191.000       1.8593
 192.000       1.6993
 193.000       1.4151
 194.000       1.4217
 197.000       1.2211
 199.000       1.1593
 200.000       1.0106
 202.000       0.9686
 203.000       1.0569
 205.000       1.0556
 206.000       0.9481
 207.000       0.9507
 208.000       1.0624
 211.000       0.9191
 212.000       0.8948
 214.000       0.8927
 215.000       0.9036
 216.000       1.0858
 218.000       0.9910
 220.000       1.1172
 222.000       1.1408
 223.000       1.1729
 224.000       1.2821
 225.000       1.3381
 226.000       1.1312
 227.000       1.2212
 230.000       1.1243
 232.000       1.0969
 233.000       1.0543
 235.000       1.0400
 236.000       1.0650
 238.000       1.0745
 240.000       1.0677
 241.000       1.1301
 242.000       1.0632
 244.000       1.0500
 245.000       1.1077
 246.000       1.0861
 248.000       1.0596
 250.000       1.1205
 252.000       1.1324
 253.000       1.2089
 254.000       1.2433
 255.000       1.2777
 256.000       1.2743
 257.000       1.3158
 260.000       1.2448
 262.000       1.2348
 263.000       1.2310
 265.000       1.1635
 266.000       1.2126
 268.000       1.1756
 269.000       1.0919
 270.000       1.0635
 271.000       1.0993
 274.000       1.0555
 275.000       1.0645
 277.000       1.0826
 278.000       1.0926
 279.000       1.2262
 281.000       1.2566
 283.000       1.3990
 285.000       1.3212
 286.000       1.3203
 287.000       1.5130
 288.000       1.2982
 289.000       1.2719
 290.000       1.1792
 293.000       1.2298
 295.000       1.3203
 296.000       1.5288
 298.000       1.5154
 299.000       1.5551
 301.000       1.6692
 302.000       1.6989
 303.000       1.8986
 304.000       2.0890
 307.000       1.9969
 308.000       1.9135
 310.000       1.7320
 311.000       1.6132
 312.000       1.4448
 314.000       1.7000
 316.000       2.1020
 318.000       1.4847
 319.000       1.6916
 320.000       1.8548
 321.000       1.8555
 322.000       1.6708
 323.000       1.6649
 326.000       1.6483
 328.000       1.6616
 329.000       1.6099
 331.000       1.5703
 332.000       1.5911
 334.000       1.5910
 336.000       1.5669
 337.000       1.6038
 338.000       1.5597
 340.000       1.5623
 341.000       1.6054
 342.000       1.6272
 344.000       1.6236
 346.000       1.7195
 348.000       1.7083
 349.000       1.7406
 350.000       1.9007
 351.000       1.9110
 352.000       1.5670
 353.000       1.5093
 356.000       1.4372
 358.000       1.4231
 359.000       1.4723
 361.000       1.5749
 362.000       1.6167
 364.000       1.8162
 366.000       1.9612
 367.000       2.2138
 370.000       1.9445
 371.000       1.7622
 372.000       1.8669
 373.000       1.4566
 375.000       1.4865
 377.000       1.5580
 379.000       1.5168
 380.000       1.5572
 381.000       1.7293
 382.000       1.5711
 383.000       1.5097
 384.000       1.5658
 387.000       1.5250
 389.000       1.4900
 390.000       1.4350
 392.000       1.3678
 393.000       1.3693
 395.000       1.3297
 396.000       1.2943
 397.000       1.2793
 398.000       1.3027
 399.000       1.2843
 401.000       1.3019
 402.000       1.3318
 405.000       1.3303
 406.000       1.3188
 407.000       1.4814
 409.000       1.4614
 411.000       1.5620
 413.000       1.5570
 414.000       1.5682
 415.000       1.7193
 416.000       1.5752
 417.000       1.5026
 418.000       1.5310
 421.000       1.4869
 423.000       1.4364
 424.000       1.3961
 426.000       1.3302
 427.000       1.3381
 429.000       1.3069
 431.000       1.2684
 432.000       1.2740
 435.000       1.2739
 436.000       1.3040
 437.000       1.3470
 438.000       1.4690
 440.000       1.4511
 442.000       1.5489
 444.000       1.5552
 445.000       1.5966
 446.000       1.7519
 447.000       1.6252
 448.000       1.5311
 449.000       1.5778
 452.000       1.5286
 454.000       1.4620
 455.000       1.4280
 457.000       1.3543
 458.000       1.3580
 460.000       1.2943
 461.000       1.2557
 462.000       1.2295
 463.000       1.2284
 464.000       1.2616
 466.000       1.2971
 467.000       1.3556
 470.000       1.3193
 471.000       1.2977
 472.000       1.5330
 474.000       1.5071
 476.000       1.6014
 478.000       1.6305
 479.000       1.6780
 480.000       1.8429
 481.000       1.7121
 482.000       1.6000
 483.000       1.6531
 486.000       1.6022
 488.000       1.5124
 489.000       1.4921
 491.000       1.4108
 492.000       1.4041
 494.000       1.3440
 496.000       1.2962
 497.000       1.2806
 498.000       1.3346
 500.000       1.3882
 501.000       1.4684
 502.000       1.6179
 504.000       1.5844
 506.000       1.6911
 508.000       1.7450
 509.000       1.8364
 510.000       2.0103
 511.000       1.8389
 512.000       1.8078
 513.000       1.8895
 516.000       1.8577
 518.000       1.7627
 519.000       1.7223
 521.000       1.6073
 522.000       1.5676
 524.000       1.4778
 525.000       1.4582
 526.000       1.3985
 527.000       1.3405
 528.000       1.4488
 530.000       1.5405
 531.000       1.6074
 534.000       1.5934
 535.000       1.5460
 536.000       1.8598
 538.000       1.8146
 540.000       1.9190
 542.000       1.9942
 543.000       2.0077
 544.000       2.2074
 545.000       1.9582
 546.000       1.9162
 547.000       2.0447
 550.000       1.9420
 552.000       1.8178
 553.000       1.6963
 555.000       1.5550
 556.000       1.5479
 558.000       1.4463
 559.000       1.3625
 560.000       1.2619
 561.000       1.2289
 562.000       1.2644
 564.000       1.3594
 565.000       1.3985
 568.000       1.4536
 569.000       1.4420
 570.000       1.8554
 572.000       1.7607
 574.000       1.8997
 576.000       1.9917
 577.000       1.9858
 578.000       2.1750
 579.000       1.9561
 580.000       1.8662
 581.000       1.9286
 584.000       1.8196
 586.000       1.7289
 587.000       1.5980
 589.000       1.4808
 590.000       1.4943
 592.000       1.3960
 593.000       1.2973
 594.000       1.2020
 595.000       1.1900
 598.000       1.1821
 599.000       1.2529
 601.000       1.3446
 602.000       1.3555
 603.000       1.7464
 605.000       1.6371
 607.000       1.7166
 609.000       1.8537
 610.000       1.8579
 611.000       2.0292
 612.000       1.8826
 613.000       1.7024
 614.000       1.7077
 617.000       1.5769
 619.000       1.4568
 620.000       1.3735
 622.000       1.3150
 623.000       1.4008
 625.000       1.3856
 627.000       1.2841
 628.000       1.3175
 629.000       1.2038
 631.000       1.2110
 632.000       1.1814
 633.000       1.5768
 635.000       1.4663
 637.000       1.4626
 639.000       1.6121
 640.000       1.7729
 641.000       1.9371
 642.000       1.8056
 643.000       1.7727
 644.000       1.8743
 647.000       1.8915
 649.000       1.7523
 650.000       1.7073
 652.000       1.4465
 653.000       1.4335
 655.000       1.2916
 656.000       1.2088
 657.000       1.1999
 658.000       1.2411
 661.000       1.3094
 662.000       1.3902
 664.000       1.4049
 665.000       1.3105
 666.000       1.9801
 668.000       1.9443
 670.000       2.2902
 672.000       2.1661
 673.000       2.3655
 674.000       2.3889
 675.000       2.6422
 676.000       2.3981
 677.000       2.5125
 680.000       2.5798
 682.000       2.7652
 683.000       2.7350
 685.000       2.8843
 686.000       2.8858
 688.000       3.0792
 690.000       3.2966
 691.000       3.5280
 692.000       3.3159
 694.000       3.1235
 695.000       3.2450
 696.000       2.3914
 698.000       2.4738
 700.000       2.4945
 702.000       2.4517
 703.000       2.3643
 704.000       2.5274
 705.000       2.4137
 706.000       2.1235
 707.000       1.9258
 710.000       1.7584
 712.000       1.6484
 713.000       1.5163
 715.000       1.4824
 716.000       1.5780
 718.000       1.5372
 719.000       1.3997
 720.000       1.3256
 721.000       1.3755
 722.000       1.2270
 724.000       1.2093
 725.000       1.1619
 728.000       1.2811
 729.000       1.3693
 730.000       1.6863
 732.000       1.5317
 734.000       1.5524
 736.000       1.7886
 737.000       1.8173
 738.000       1.9728
 739.000       1.9070
 740.000       1.6362
 741.000       1.5874
 744.000       1.4353
 746.000       1.3413
 747.000       1.2706
 749.000       1.2800
 750.000       1.3939
 752.000       1.4040
 753.000       1.2795
 754.000       1.2586
 755.000       1.3552
 756.000       1.1611
 758.000       1.0888
 759.000       1.0309
 762.000       1.1119
 763.000       1.2029
 764.000       1.4320
 766.000       1.3174
 768.000       1.3256
 770.000       1.5122
 771.000       1.5640
 772.000       1.6674
 773.000       1.5774
 774.000       1.6583
 775.000       1.7666
 778.000       1.7440
 780.000       1.7028
 781.000       1.6446
 783.000       1.5153
 784.000       1.4704
 786.000       1.3870
 788.000       1.3445
 789.000       1.3023
 792.000       1.4024
 793.000       1.4877
 794.000       1.5811
 795.000       1.6803
 797.000       1.6726
 799.000       1.8401
 801.000       1.7881
 802.000       1.7744
 803.000       1.9528
 804.000       1.7194
 805.000       1.7131
 806.000       1.8108
 809.000       1.7576
 811.000       1.6969
 812.000       1.6249
 814.000       1.5125
 815.000       1.4810
 817.000       1.3898
 818.000       1.3656
 819.000       1.3197
 820.000       1.2746
 823.000       1.3624
 824.000       1.4361
 826.000       1.4829
 827.000       1.4439
 828.000       1.6916
 830.000       1.6538
 832.000       1.7803
 834.000       1.7874
 835.000       1.8094
 836.000       2.0215
 837.000       1.8400
 838.000       1.6742
 839.000       1.6834
 842.000       1.6194
 844.000       1.5576
 845.000       1.4971
 847.000       1.4139
 848.000       1.4336
 850.000       1.3766
 852.000       1.2988
 853.000       1.2738
 856.000       1.3035
 857.000       1.3603
 858.000       1.4097
 859.000       1.5945
 861.000       1.5527
 863.000       1.6491
 865.000       1.6880
 866.000       1.7183
 867.000       1.8851
 868.000       1.7504
 869.000       1.6160
 870.000       1.6541
 873.000       1.5802
 875.000       1.5262
 876.000       1.4638
 878.000       1.3945
 879.000       1.4130
 881.000       1.3589
 882.000       1.3029
 883.000       1.2677
 884.000       1.2697
 885.000       1.2759
 887.000       1.3060
 888.000       1.3476
 891.000       1.3369
 892.000       1.3309
 893.000       1.5543
 895.000       1.5034
 897.000       1.5865
 899.000       1.6511
 900.000       1.7003
 901.000       1.8552
 902.000       1.7274
 903.000       1.6288
 904.000       1.6689
 907.000       1.6070
 909.000       1.5296
 910.000       1.4731
 912.000       1.3920
 913.000       1.4182
 915.000       1.3904
 917.000       1.3324
 918.000       1.3466
 921.000       1.3247
 922.000       1.3530
 923.000       1.3937
 924.000       1.6032
 926.000       1.5554
 928.000       1.6631
 930.000       1.7193
 931.000       1.8195
 932.000       1.9620
 933.000       2.1153
 934.000       1.8281
 935.000       2.1254
 938.000       1.8859
 940.000       1.8805
 941.000       1.8020
 943.000       1.8882
 944.000       2.0092
 946.000       2.2827
 947.000       2.3315
 948.000       2.7048
 949.000       3.0643
 952.000       2.8443
 953.000       2.6404
 955.000       2.2879
 956.000       2.1125
 957.000       1.7339
 959.000       1.7901
 961.000       1.9919
 963.000       1.7396
 964.000       1.6855
 965.000       1.7842
 966.000       1.7615
 967.000       1.6076
 968.000       1.6225
 971.000       1.6037
 973.000       1.6316
 974.000       1.6484
 976.000       1.6454
 977.000       1.6389
 979.000       1.6916
 980.000       1.7328
 981.000       1.8438
 982.000       1.9286
 985.000       1.9272
 986.000       1.9026
 988.000       1.8065
 989.000       1.7152
 990.000       1.5593
 992.000       1.6310
 994.000       1.7462
 996.000       1.5792
 997.000       1.5645
 998.000       1.7015
 999.000       1.6335
1000.000       1.4467
1001.000       1.4417
1004.000       1.3424
1006.000       1.3163
1007.000       1.2450
1009.000       1.2490
1010.000       1.3589
1012.000       1.3797
1013.000       1.2686
1014.000       1.2709
1015.000       1.3731
1016.000       1.1888
1018.000       1.1193
1019.000       1.0959
1022.000       1.1214
1023.000       1.1915
1024.000       1.3065
1026.000       1.2388
1028.000       1.2567
1030.000       1.3835
1031.000       1.4159
1032.000       1.5953
1033.000       1.5645
1034.000       1.3951
1035.000       1.3515
1038.000       1.2650
1040.000       1.2185
1041.000       1.1856
1043.000       1.1705
1044.000       1.3044
1046.000       1.3703
1048.000       1.3212
1049.000       1.4566
1050.000       1.2261
1052.000       1.1496
1053.000       1.1861
1054.000       1.3199
1056.000       1.3161
1058.000       1.6329
1060.000       1.4675
1061.000       1.6114
1062.000       1.9393
1063.000       1.8380
1064.000       1.5382
1065.000       1.7462
1068.000       1.7515
1070.000       2.0300
1071.000       2.2461
1073.000       2.7507
1074.000       2.8094
1076.000       3.3870
1078.000       3.9711
1079.000       4.5639
1080.000       3.9368
1082.000       3.3654
1083.000       3.5390
1084.000       1.7308
1086.000       2.0833
1088.000       2.3537
1090.000       1.7878
1091.000       1.7752
1092.000       2.1206
1093.000       1.7805
1094.000       1.5967
1095.000       1.6741
1098.000       1.5390
1100.000       1.4130
1101.000       1.2676
1103.000       1.1533
1104.000       1.1702
1106.000       1.2302
1108.000       1.2240
1109.000       1.3746
1110.000       1.1969
1112.000       1.1949
1113.000       1.3545
1114.000       1.4818
1116.000       1.2891
1118.000       1.2890
1120.000       1.5927
1121.000       1.6344
1122.000       1.7730
1123.000       1.6740
1124.000       1.6220
1125.000       1.6040
1128.000       1.5808
1130.000       1.5583
1131.000       1.5032
1133.000       1.3634
1134.000       1.3277
1136.000       1.2344
1138.000       1.1548
1139.000       1.0997
1142.000       1.2214
1143.000       1.3334
1144.000       1.4681
1145.000       1.5816
1147.000       1.5661
1149.000       1.6849
1151.000       1.6935
1152.000       1.7054
1153.000       1.8930
1154.000       1.7151
1155.000       1.5924
1156.000       1.6503
1159.000       1.5505
1161.000       1.4789
1162.000       1.3900
1164.000       1.3134
1165.000       1.3451
1167.000       1.3405
1169.000       1.2987
1170.000       1.3659
1171.000       1.2722
1173.000       1.2820
1174.000       1.3489
1175.000       1.4830
1177.000       1.4393
1179.000       1.5551
1181.000       1.5696
1182.000       1.5878
1183.000       1.7622
1184.000       1.6425
1185.000       1.4654
1186.000       1.4678
1189.000       1.4041
1191.000       1.4163
1192.000       1.6108
1194.000       1.4508
1195.000       1.5179
1197.000       1.4177
1198.000       1.2674
1199.000       1.1756
1200.000       1.1898
1203.000       1.1451
1204.000       1.1846
1206.000       1.2487
1207.000       1.2905
1208.000       1.4955
1210.000       1.8990
1212.000       2.6156
1214.000       1.4500
1215.000       1.5950
1216.000       1.8557
1217.000       1.8033
1218.000       1.4700
1219.000       1.4804
1222.000       1.4330
1224.000       1.3680
1225.000       1.3686
1227.000       1.3316
1228.000       1.4733
1230.000       1.5266
1232.000       1.4030
1233.000       1.4914
1236.000       1.2887
1237.000       1.2621
1238.000       1.2807
1239.000       1.4829
1241.000       1.5424
1243.000       1.8811
1245.000       1.6638
1246.000       1.6792
1247.000       1.7798
1248.000       1.9528
1249.000       1.6081
1250.000       1.5602
1253.000       1.4782
1255.000       1.4719
1256.000       1.4180
1258.000       1.3749
1259.000       1.3988
1261.000       1.3825
1263.000       1.3470
1264.000       1.3699
1267.000       1.3438
1268.000       1.3545
1269.000       1.3844
1270.000       1.4135
1272.000       1.4083
1274.000       1.4956
1276.000       1.4577
1277.000       1.4529
1278.000       1.5662
1279.000       1.4797
1280.000       1.3990
1281.000       1.4410
1284.000       1.4120
1286.000       1.3784
1287.000       1.3592
1289.000       1.3198
1290.000       1.3151
1292.000       1.2967
1293.000       1.2914
1294.000       1.3106
1295.000       1.3329
1296.000       1.3397
1298.000       1.3511
1299.000       1.4081
1302.000       1.3398
1303.000       1.3086
1304.000       1.4013
1306.000       1.3898
1308.000       1.4738
1310.000       1.4772
1311.000       1.5217
1312.000       1.6504
1313.000       1.5329
1314.000       1.5018
1315.000       1.4863
1318.000       1.4677
1320.000       1.4194
1321.000       1.4050
1323.000       1.3509
1324.000       1.3383
1326.000       1.3112
1327.000       1.3097
1328.000       1.3186
1329.000       1.3299
1330.000       1.3605
1332.000       1.3886
1333.000       1.4526
1336.000       1.3806
1337.000       1.3383
1338.000       1.4824
1340.000       1.4615
1342.000       1.5514
1344.000       1.5931
1345.000       1.6655
1346.000       1.8399
1347.000       1.6825
1348.000       1.6272
1349.000       1.5365
1352.000       1.5313
1354.000       1.4995
1355.000       1.4778
1357.000       1.4105
1358.000       1.3685
1360.000       1.3366
1361.000       1.3659
1362.000       1.3939
1363.000       1.3945
1364.000       1.4702
1366.000       1.5099
1367.000       1.6110
1370.000       1.4882
1371.000       1.4143
1372.000       1.5097
1374.000       1.5158
1376.000       1.6311
1378.000       1.5927
1379.000       1.6111
1380.000       1.7531
1381.000       1.6224
1382.000       1.5625
1383.000       1.6190
1386.000       1.5875
1388.000       1.5282
1389.000       1.5085
1391.000       1.4272
1392.000       1.3886
1394.000       1.3340
1396.000       1.3229
1397.000       1.2982
1400.000       1.3752
1401.000       1.4283
1402.000       1.5098
1403.000       1.5830
1405.000       1.5683
1407.000       1.6657
1409.000       1.6845
1410.000       1.6767
1411.000       1.7504
1412.000       1.7689
1413.000       1.7079
1414.000       1.8231
1417.000       1.7506
1419.000       1.7248
1420.000       1.6213
1422.000       1.5041
1423.000       1.4803
1425.000       1.4084
1426.000       1.3784
1427.000       1.3531
1428.000       1.3565
1431.000       1.3962
1432.000       1.4581
1434.000       1.4901
1435.000       1.4418
1436.000       1.6310
1438.000       1.6133
1440.000       1.7570
1442.000       1.7028
1443.000       1.6678
1444.000       1.8183
1445.000       1.6915
1446.000       1.5499
1447.000       1.5801
1450.000       1.4719
1452.000       1.3881
1453.000       1.2768
1455.000       1.2050
1456.000       1.2745
1458.000       1.2630
1460.000       1.1795
1461.000       1.2251
1464.000       1.1198
1465.000       1.1284
1466.000       1.1304
1467.000       1.4191
1469.000       1.3287
1471.000       1.4169
1473.000       1.5149
1474.000       1.5463
1475.000       1.7225
1476.000       1.5967
1477.000       1.4084
1478.000       1.4249
1481.000       1.3206
1483.000       1.2207
1484.000       1.1492
1486.000       1.0955
1487.000       1.1777
1489.000       1.1805
1491.000       1.1128
1492.000       1.1801
1495.000       1.0743
1496.000       1.0524
1497.000       1.0954
1498.000       1.3288
1500.000       1.2420
1502.000       1.3333
1504.000       1.4649
1505.000       1.6058
1506.000       1.7779
1507.000       1.7084
1508.000       1.5459
1509.000       1.5244
1512.000       1.5275
1514.000       1.4841
1515.000       1.5177
1517.000       1.5424
1518.000       1.6294
1520.000       1.6811
1521.000       1.6292
1522.000       1.7158
1523.000       1.8374
1524.000       1.7236
1526.000       1.6529
1527.000       1.7275
1530.000       1.5683
1531.000       1.5545
1532.000       1.6737
1534.000       1.6487
1536.000       1.7404
1538.000       1.8116
1539.000       1.8741
1540.000       1.9728
1541.000       2.0508
1542.000       1.8200
1543.000       1.8055
1546.000       1.8073
1548.000       1.7172
1549.000       1.7478
1551.000       1.6784
1552.000       1.6418
1554.000       1.6302
1556.000       1.6582
1557.000       1.7139
1558.000       1.7070
1560.000       1.7243
1561.000       1.8365
1562.000       1.9417
1564.000       1.8731
1566.000       1.9809
1568.000       2.0689
1569.000       2.0555
1570.000       2.2718
1571.000       2.0254
1572.000       1.9087
1573.000       1.9934
1576.000       1.8684
1578.000       1.7188
1579.000       1.5783
1581.000       1.4877
1582.000       1.5180
1584.000       1.4611
1585.000       1.3700
1586.000       1.3141
1587.000       1.3272
1590.000       1.3080
1591.000       1.3515
1593.000       1.3981
1594.000       1.3972
1595.000       1.8156
1597.000       1.6572
1599.000       1.7051
1601.000       1.9752
1602.000       2.0177
1603.000       2.2465
1604.000       2.0042
1605.000       1.8907
1606.000       1.9722
1609.000       1.8587
1611.000       1.6676
1612.000       1.5466
1614.000       1.3786
1615.000       1.3226
1617.000       1.2177
1618.000       1.1927
1619.000       1.1442
1620.000       1.0956
1623.000       1.2192
1624.000       1.3280
1626.000       1.3777
1627.000       1.3036
1628.000       1.8627
1630.000       1.6696
1632.000       1.6792
1634.000       1.9389
1635.000       2.1578
1636.000       2.4971
1637.000       2.2834
1638.000       2.2140
1639.000       2.0090
1642.000       1.7786
1644.000       1.6504
1645.000       1.4787
1647.000       1.3663
1648.000       1.3738
1650.000       1.2809
1651.000       1.1920
1652.000       1.1185
1653.000       1.1084
1656.000       1.1353
1657.000       1.2123
1659.000       1.2741
1660.000       1.2572
1661.000       1.6305
1663.000       1.4683
1665.000       1.5546
1667.000       1.7332
1668.000       1.6792
1669.000       1.8868
1670.000       1.6839
1671.000       1.5498
1672.000       1.6349
1675.000       1.6059
1677.000       1.5415
1678.000       1.5006
1680.000       1.3988
1681.000       1.3920
1683.000       1.3645
1685.000       1.3479
1686.000       1.3960
1687.000       1.4097
1689.000       1.4346
1690.000       1.5806
1691.000       1.5601
1693.000       1.5825
1695.000       1.7792
1697.000       1.6756
1698.000       1.7085
1699.000       1.8589
1700.000       1.7049
1701.000       1.7055
1702.000       1.7806
1705.000       1.7638
1707.000       1.7179
1708.000       1.6782
1710.000       1.5725
1711.000       1.5407
1713.000       1.4568
1714.000       1.4392
1715.000       1.3914
1716.000       1.3539
1717.000       1.4332
1719.000       1.5128
1720.000       1.5716
1723.000       1.5604
1724.000       1.5173
1725.000       1.7359
1727.000       1.7282
1729.000       1.8420
1731.000       1.8346
1732.000       1.8452
1733.000       2.0036
1734.000       1.8303
1735.000       1.7765
1736.000       1.8394
1739.000       1.7778
1741.000       1.6995
1742.000       1.6358
1744.000       1.5481
1745.000       1.5577
1747.000       1.5070
1749.000       1.4395
1750.000       1.4318
1751.000       1.4411
1753.000       1.4969
1754.000       1.5359
1755.000       1.7526
1757.000       1.6941
1759.000       1.7829
1761.000       1.8492
1762.000       1.8840
1763.000       2.0313
1764.000       1.8946
1765.000       1.8069
1766.000       1.8474
1769.000       1.7833
1771.000       1.7129
1772.000       1.6467
1774.000       1.5727
1775.000       1.5941
1777.000       1.5382
1779.000       1.4609
1780.000       1.4306
1783.000       1.4506
1784.000       1.5059
1785.000       1.5280
1786.000       1.7536
1788.000       1.6958
1790.000       1.7768
1792.000       1.8347
1793.000       1.8597
1794.000       1.9854
1795.000       1.9033
1796.000       1.7710
1797.000       1.7865
1800.000       1.7159
1802.000       1.6636
1803.000       1.6030
1805.000       1.5374
1806.000       1.5776
1808.000       1.5406
1810.000       1.4617
1811.000       1.4516
1814.000       1.4341
1815.000       1.4743
1816.000       1.4898
1817.000       1.7020
1819.000       1.6561
1821.000       1.7324
1823.000       1.7765
1824.000       1.8140
1825.000       1.9534
1826.000       1.8719
1827.000       1.7250
1828.000       1.7367
1831.000       1.6713
1833.000       1.6174
1834.000       1.5829
1836.000       1.5334
1837.000       1.5657
1839.000       1.5261
1840.000       1.4663
1841.000       1.4360
1842.000       1.4513
1843.000       1.4266
1845.000       1.4403
1846.000       1.4607
1849.000       1.4657
1850.000       1.4751
1851.000       1.6766
1853.000       1.6482
1855.000       1.7354
1857.000       1.7569
1858.000       1.7776
1859.000       2.0085
1860.000       1.9101
1861.000       1.7100
1862.000       1.8091
1865.000       1.7152
1867.000       1.7021
1868.000       1.6289
1870.000       1.5475
1871.000       1.5732
1873.000       1.5742
1874.000       1.5435
1875.000       1.6102
1876.000       1.7087
1879.000       1.6650
1880.000       1.6558
1882.000       1.6022
1883.000       1.5373
1884.000       1.6071
1886.000       1.6202
1888.000       1.7922
1890.000       1.6999
1891.000       1.6626
1892.000       1.8893
1893.000       1.6846
1894.000       1.5112
1895.000       1.5855
1898.000       1.4993
1900.000       1.4489
1901.000       1.3977
1903.000       1.3248
1904.000       1.3231
1906.000       1.3691
1908.000       1.4133
1909.000       1.5524
1912.000       1.4345
1913.000       1.3921
1914.000       1.5177
1915.000       1.4166
1917.000       1.4271
1919.000       1.5976
1921.000       1.5096
1922.000       1.4815
1923.000       1.6869
1924.000       1.4604
1925.000       1.3517
1926.000       1.4174
1929.000       1.3095
1931.000       1.2294
1932.000       1.1117
1934.000       1.0030
1935.000       1.0259
1937.000       0.9879
1939.000       0.9236
1940.000       0.9616
1941.000       0.9167
1943.000       0.9559
1944.000       1.0332
1945.000       1.2256
1947.000       1.1428
1949.000       1.2412
1951.000       1.3285
1952.000       1.3175
1953.000       1.4976
1954.000       1.3206
1955.000       1.1932
1956.000       1.2420
1959.000       1.1468
1961.000       1.0687
1962.000       0.9885
1964.000       0.9185
1965.000       0.9495
1967.000       0.9534
1968.000       0.9191
1969.000       0.9914
1970.000       1.0856
1973.000       1.0560
1974.000       1.0529
1976.000       0.9874
1977.000       0.9110
1978.000       1.1052
1980.000       1.0534
1982.000       1.1793
1984.000       1.2355
1985.000       1.3007
1986.000       1.4879
1987.000       1.3608
1988.000       1.2430
1989.000       1.3135
1992.000       1.3284
1994.000       1.2271
1995.000       1.2644
1997.000       1.1657
1998.000       1.1123
2000.000       1.1059
2002.000       1.1413
2003.000       1.2076
2004.000       1.1982
2006.000       1.2259
2007.000       1.3745
2008.000       1.4121
2010.000       1.4444
2012.000       1.6577
2014.000       1.6172
2015.000       1.7824
2016.000       2.0298
2017.000       1.7602
2018.000       1.8069
2019.000       1.9941
2022.000       2.0075
2024.000       1.8456
2025.000       1.8391
2027.000       1.6545
2028.000       1.5746
2030.000       1.4840
2031.000       1.4957
2032.000       1.4841
2033.000       1.4736
2034.000       1.5694
2036.000       1.6593
2037.000       1.7757
2040.000       1.6913
2041.000       1.5994
2042.000       2.0650
2044.000       2.0442
2046.000       2.2676
2048.000       2.3170
2049.000       2.4152
2050.000       2.7409
2051.000       2.3441
2052.000       2.3338
2053.000       2.6044
2056.000       2.5210
2058.000       2.2943
2059.000       2.2289
2061.000       2.0348
2062.000       1.9965
2064.000       1.9301
2065.000       1.9216
2066.000       1.9883
2067.000       2.0677
2068.000       2.0920
2070.000       2.1312
2071.000       2.3182
2074.000       2.0952
2075.000       1.9842
2076.000       2.5607
2078.000       2.4587
2080.000       2.6756
2082.000       2.8458
2083.000       2.9982
2084.000       3.3419
2085.000       2.9358
2086.000       2.9463
2087.000       3.1398
2090.000       3.1524
2092.000       2.9242
2093.000       2.9660
2095.000       2.7564
2096.000       2.6046
2098.000       2.5445
2100.000       2.6636
2101.000       2.7556
2102.000       2.8166
2104.000       2.8658
2105.000       3.1099
2106.000       3.2705
2108.000       3.2184
2110.000       3.5066
2112.000       3.5568
