   2.000       4.1583
   3.000       4.2729
   6.000       4.1743
   8.000       4.1486
   9.000       3.9545
  11.000       3.7066
  12.000       3.6557
  14.000       3.4548
  15.000       3.3677
  16.000       3.1961
  17.000       3.0707
  18.000       3.2326
  20.000       3.4090
  21.000       3.4706
  24.000       3.5641
  25.000       3.5324
  26.000       3.9094
  28.000       3.8862
  30.000       4.1279
  32.000       3.9942
  33.000       3.8024
  34.000       4.0195
  35.000       3.6536
  36.000       3.6274
  37.000       3.7673
  40.000       3.6141
  42.000       3.5469
  43.000       3.3331
  45.000       3.1163
  46.000       3.0976
  48.000       2.9107
  49.000       2.7889
  50.000       2.6043
  51.000       2.4904
  52.000       2.6047
  54.000       2.7647
  55.000       2.8014
  58.000       2.9272
  59.000       2.9277
  60.000       3.3865
  62.000       3.2883
  64.000       3.4608
  66.000       3.4800
  67.000       3.3281
  68.000       3.5292
  69.000       3.2595
  70.000       3.1162
  71.000       3.2029
  74.000       3.0409
  76.000       2.9623
  77.000       2.7611
  79.000       2.5874
  80.000       2.6200
  82.000       2.4752
  83.000       2.3246
  84.000       2.1643
  85.000       2.1058
  88.000       2.1233
  89.000       2.2341
  91.000       2.3727
  92.000       2.4051
  93.000       2.8563
  95.000       2.7447
  97.000       2.8830
  99.000       2.9502
 100.000       2.8518
 101.000       3.0533
 102.000       2.8151
 103.000       2.6560
 104.000       2.6987
 107.000       2.5359
 109.000       2.4401
 110.000       2.2580
 112.000       2.0987
 113.000       2.1595
 115.000       2.0531
 117.000       1.8687
 118.000       1.8048
 121.000       1.8181
 122.000       1.9420
 123.000       1.9669
 124.000       2.3805
 126.000       2.2604
 128.000       2.3906
 130.000       2.4807
 131.000       2.4237
 132.000       2.6425
 133.000       2.4388
 134.000       2.2188
 135.000       2.2584
 138.000       2.1259
 140.000       2.0385
 141.000       1.9135
 143.000       1.7959
 144.000       1.8396
 146.000       1.7544
 147.000       1.6412
 148.000       1.5736
 149.000       1.5948
 152.000       1.5694
 153.000       1.6247
 155.000       1.6845
 156.000       1.6813
 157.000       2.0170
 159.000       1.9354
 161.000       2.0798
 163.000       2.1289
 164.000       2.1138
 165.000       2.2895
 166.000       2.1566
 167.000       1.9667
 168.000       1.9962
 171.000       1.8909
 173.000       1.8223
 174.000       1.7558
 176.000       1.7169
 177.000       1.7691
 179.000       1.8227
 181.000       1.8329
 182.000       1.9607
 183.000       1.7887
 185.000       1.7374
 186.000       1.8084
 187.000       1.8338
 189.000       1.7698
 191.000       1.8497
 193.000       1.9232
 194.000       1.9331
 195.000       2.1251
 196.000       1.9112
 197.000       1.8324
 198.000       1.8901
 201.000       1.7873
 203.000       1.7426
 204.000       1.5884
 206.000       1.4878
 207.000       1.5463
 209.000       1.5161
 210.000       1.4221
 211.000       1.4371
 212.000       1.5350
 215.000       1.4587
 216.000       1.4566
 218.000       1.4395
 219.000       1.4146
 220.000       1.6295
 222.000       1.5586
 224.000       1.7052
 226.000       1.7318
 227.000       1.6485
 228.000       1.7704
 229.000       1.8122
 230.000       1.3982
 231.000       1.3774
 234.000       1.2449
 236.000       1.1805
 237.000       1.1447
 239.000       1.1167
 240.000       1.1330
 242.000       1.1738
 244.000       1.1879
 245.000       1.2820
 246.000       1.1689
 248.000       1.1432
 249.000       1.2259
 250.000       1.2433
 252.000       1.1790
 254.000       1.2597
 256.000       1.3189
 257.000       1.4659
 258.000       1.5628
 259.000       1.6243
 260.000       1.4672
 261.000       1.3734
 264.000       1.3880
 266.000       1.4273
 267.000       1.4476
 269.000       1.3867
 270.000       1.4748
 272.000       1.4350
 273.000       1.3028
 274.000       1.2405
 275.000       1.2878
 278.000       1.1885
 279.000       1.1982
 281.000       1.2391
 282.000       1.2849
 283.000       1.3614
 285.000       1.4498
 287.000       1.6139
 289.000       1.4677
 290.000       1.4412
 291.000       1.6586
 292.000       1.3871
 293.000       1.3902
 294.000       1.2884
 297.000       1.3483
 299.000       1.4796
 300.000       1.5594
 302.000       1.5964
 303.000       1.7341
 305.000       1.8464
 306.000       1.7805
 307.000       1.9283
 308.000       2.1523
 311.000       1.9390
 312.000       1.7985
 314.000       1.6429
 315.000       1.6320
 316.000       1.5050
 318.000       1.6334
 320.000       1.8189
 322.000       1.6385
 323.000       1.9010
 324.000       2.0559
 325.000       2.1249
 326.000       1.8403
 327.000       1.8470
 330.000       1.7892
 332.000       1.7087
 333.000       1.6502
 335.000       1.5888
 336.000       1.6268
 338.000       1.6280
 340.000       1.5873
 341.000       1.6382
 342.000       1.5590
 344.000       1.5607
 345.000       1.5951
 346.000       1.8141
 348.000       1.7449
 350.000       1.8620
 352.000       1.9816
 353.000       2.0479
 354.000       2.3179
 355.000       2.2432
 356.000       1.8195
 357.000       1.8323
 360.000       1.8007
 362.000       1.7847
 363.000       1.9284
 365.000       1.9901
 366.000       1.9378
 368.000       2.1760
 370.000       2.4393
 371.000       2.7633
 374.000       2.5172
 375.000       2.3110
 376.000       2.5453
 377.000       1.8297
 379.000       2.0031
 381.000       2.2198
 383.000       1.8975
 384.000       1.9089
 385.000       2.0920
 386.000       1.9124
 387.000       1.8000
 388.000       1.8455
 391.000       1.7682
 393.000       1.7226
 394.000       1.6517
 396.000       1.5756
 397.000       1.5953
 399.000       1.5469
 400.000       1.4916
 401.000       1.4624
 402.000       1.4810
 403.000       1.4599
 405.000       1.4801
 406.000       1.5080
 409.000       1.5123
 410.000       1.5125
 411.000       1.7185
 413.000       1.6816
 415.000       1.7789
 417.000       1.8061
 418.000       1.8165
 419.000       1.9697
 420.000       1.8708
 421.000       1.7757
 422.000       1.8871
 425.000       1.7841
 427.000       1.7253
 428.000       1.6502
 430.000       1.5876
 431.000       1.6082
 433.000       1.5821
 435.000       1.5301
 436.000       1.5386
 439.000       1.5205
 440.000       1.5504
 441.000       1.5837
 442.000       1.7243
 444.000       1.6830
 446.000       1.7829
 448.000       1.8075
 449.000       1.8340
 450.000       1.9850
 451.000       1.8709
 452.000       1.7586
 453.000       1.7997
 456.000       1.7388
 458.000       1.6723
 459.000       1.6329
 461.000       1.5732
 462.000       1.5934
 464.000       1.5493
 465.000       1.5035
 466.000       1.4848
 467.000       1.4999
 468.000       1.4962
 470.000       1.5202
 471.000       1.5646
 474.000       1.5368
 475.000       1.5252
 476.000       1.7317
 478.000       1.6932
 480.000       1.7780
 482.000       1.8271
 483.000       1.8643
 484.000       2.0260
 485.000       1.8984
 486.000       1.7780
 487.000       1.8203
 490.000       1.7529
 492.000       1.6778
 493.000       1.6367
 495.000       1.5813
 496.000       1.6034
 498.000       1.5830
 500.000       1.5385
 501.000       1.5624
 502.000       1.5309
 504.000       1.5559
 505.000       1.6024
 506.000       1.7341
 508.000       1.6907
 510.000       1.7803
 512.000       1.8322
 513.000       1.8632
 514.000       2.0234
 515.000       1.8603
 516.000       1.8072
 517.000       1.8831
 520.000       1.8180
 522.000       1.7408
 523.000       1.6733
 525.000       1.5713
 526.000       1.5618
 528.000       1.4798
 529.000       1.4308
 530.000       1.3691
 531.000       1.3469
 532.000       1.3849
 534.000       1.4541
 535.000       1.4972
 538.000       1.5139
 539.000       1.4948
 540.000       1.7747
 542.000       1.7245
 544.000       1.8381
 546.000       1.8872
 547.000       1.9055
 548.000       2.0912
 549.000       1.9052
 550.000       1.8031
 551.000       1.8638
 554.000       1.7747
 556.000       1.6899
 557.000       1.5918
 559.000       1.4842
 560.000       1.5042
 562.000       1.4335
 563.000       1.3498
 564.000       1.2863
 565.000       1.2980
 566.000       1.2694
 568.000       1.3108
 569.000       1.3340
 572.000       1.3763
 573.000       1.3869
 574.000       1.7105
 576.000       1.6362
 578.000       1.7529
 580.000       1.8202
 581.000       1.8256
 582.000       2.0136
 583.000       1.8177
 584.000       1.7093
 585.000       1.7764
 588.000       1.6823
 590.000       1.5874
 591.000       1.4451
 593.000       1.3205
 594.000       1.3643
 596.000       1.2781
 597.000       1.1582
 598.000       1.0815
 599.000       1.1308
 602.000       1.0278
 603.000       1.0488
 605.000       1.1393
 606.000       1.1832
 607.000       1.6010
 609.000       1.4868
 611.000       1.5936
 613.000       1.7446
 614.000       1.7782
 615.000       1.9910
 616.000       1.7931
 617.000       1.6308
 618.000       1.6428
 621.000       1.4948
 623.000       1.3394
 624.000       1.2795
 626.000       1.2217
 627.000       1.3080
 629.000       1.3113
 631.000       1.2484
 632.000       1.3177
 633.000       1.1776
 635.000       1.1479
 636.000       1.1232
 637.000       1.5548
 639.000       1.4466
 641.000       1.5039
 643.000       1.5940
 644.000       1.8080
 645.000       1.9480
 646.000       1.9526
 647.000       1.7900
 648.000       1.8229
 651.000       1.8210
 653.000       1.6708
 654.000       1.6936
 656.000       1.5611
 657.000       1.5249
 659.000       1.4775
 660.000       1.4876
 661.000       1.5408
 662.000       1.5918
 665.000       1.6258
 666.000       1.6419
 668.000       1.6109
 669.000       1.5333
 670.000       1.9647
 672.000       1.9335
 674.000       2.1779
 676.000       2.0989
 677.000       2.3462
 678.000       2.5534
 679.000       2.5667
 680.000       2.3216
 681.000       2.3112
 684.000       2.3670
 686.000       2.6180
 687.000       2.6496
 689.000       2.8882
 690.000       2.9360
 692.000       3.2076
 694.000       3.4643
 695.000       3.7631
 696.000       3.4369
 698.000       3.1684
 699.000       3.2661
 700.000       2.2124
 702.000       2.3919
 704.000       2.4415
 706.000       2.2308
 707.000       2.0940
 708.000       2.2787
 709.000       2.1127
 710.000       1.8422
 711.000       1.8368
 714.000       1.6116
 716.000       1.5036
 717.000       1.3158
 719.000       1.2610
 720.000       1.3628
 722.000       1.2968
 723.000       1.1466
 724.000       1.0863
 725.000       1.1447
 726.000       1.0395
 728.000       1.0227
 729.000       1.0484
 732.000       1.0599
 733.000       1.1276
 734.000       1.5173
 736.000       1.3146
 738.000       1.3324
 740.000       1.6444
 741.000       1.7140
 742.000       1.9318
 743.000       1.8356
 744.000       1.4745
 745.000       1.4323
 748.000       1.2548
 750.000       1.0991
 751.000       1.0252
 753.000       0.9754
 754.000       1.0775
 756.000       1.0657
 757.000       0.9407
 758.000       0.9492
 759.000       1.0455
 760.000       0.9380
 762.000       0.9186
 763.000       1.0167
 766.000       0.8917
 767.000       0.8959
 768.000       1.2799
 770.000       1.1480
 772.000       1.2407
 774.000       1.4615
 775.000       1.5402
 776.000       1.6679
 777.000       1.6311
 778.000       1.5494
 779.000       1.6046
 782.000       1.5908
 784.000       1.5481
 785.000       1.5252
 787.000       1.4028
 788.000       1.3881
 790.000       1.3686
 792.000       1.3561
 793.000       1.4010
 796.000       1.3752
 797.000       1.3961
 798.000       1.4812
 799.000       1.6062
 801.000       1.6311
 803.000       2.0489
 805.000       1.7442
 806.000       1.8830
 807.000       2.1568
 808.000       2.0018
 809.000       1.7653
 810.000       1.8388
 813.000       1.8234
 815.000       1.7669
 816.000       1.8408
 818.000       1.6738
 819.000       1.6389
 821.000       1.5573
 822.000       1.5314
 823.000       1.5086
 824.000       1.5107
 827.000       1.5478
 828.000       1.6099
 830.000       1.6487
 831.000       1.6014
 832.000       1.8645
 834.000       2.1001
 836.000       2.6677
 838.000       1.8575
 839.000       1.8863
 840.000       2.0541
 841.000       1.9578
 842.000       1.7901
 843.000       1.8412
 846.000       1.7891
 848.000       1.7629
 849.000       1.6944
 851.000       1.6078
 852.000       1.6046
 854.000       1.5558
 856.000       1.5051
 857.000       1.4922
 860.000       1.5229
 861.000       1.5724
 862.000       1.6313
 863.000       1.7415
 865.000       1.7339
 867.000       1.8534
 869.000       1.8240
 870.000       1.8350
 871.000       2.0100
 872.000       1.8556
 873.000       1.7340
 874.000       1.7845
 877.000       1.7120
 879.000       1.6658
 880.000       1.5996
 882.000       1.5324
 883.000       1.5431
 885.000       1.5086
 886.000       1.4715
 887.000       1.4658
 888.000       1.4870
 889.000       1.4791
 891.000       1.4993
 892.000       1.5516
 895.000       1.5072
 896.000       1.4889
 897.000       1.6699
 899.000       1.6271
 901.000       1.7180
 903.000       1.7579
 904.000       1.7829
 905.000       1.9478
 906.000       1.8097
 907.000       1.6960
 908.000       1.7137
 911.000       1.6553
 913.000       1.6083
 914.000       1.5583
 916.000       1.4902
 917.000       1.4969
 919.000       1.4749
 921.000       1.4448
 922.000       1.4632
 925.000       1.4556
 926.000       1.4752
 927.000       1.5278
 928.000       1.6342
 930.000       1.6118
 932.000       1.7223
 934.000       1.7301
 935.000       1.7245
 936.000       1.9866
 937.000       1.8203
 938.000       1.5631
 939.000       1.6902
 942.000       1.7414
 944.000       1.7416
 945.000       1.8723
 947.000       1.8364
 948.000       1.7231
 950.000       1.9226
 951.000       2.1435
 952.000       2.5065
 953.000       2.7173
 956.000       2.7587
 957.000       2.6948
 959.000       2.4096
 960.000       2.1071
 961.000       1.6976
 963.000       1.9265
 965.000       2.2497
 967.000       1.8029
 968.000       1.7797
 969.000       1.9531
 970.000       1.7340
 971.000       1.7405
 972.000       1.8461
 975.000       1.8275
 977.000       1.8236
 978.000       1.7718
 980.000       1.6865
 981.000       1.6656
 983.000       1.6218
 984.000       1.6121
 985.000       1.6212
 986.000       1.6338
 989.000       1.6731
 990.000       1.7167
 992.000       1.7192
 993.000       1.6585
 994.000       1.7235
 996.000       1.7521
 998.000       1.9127
1000.000       1.7948
1001.000       1.7344
1002.000       1.9160
1003.000       1.7151
1004.000       1.6125
1005.000       1.6664
1008.000       1.5693
1010.000       1.5359
1011.000       1.4446
1013.000       1.3348
1014.000       1.3780
1016.000       1.2994
1017.000       1.1949
1018.000       1.1290
1019.000       1.1440
1020.000       1.1077
1022.000       1.1357
1023.000       1.1503
1026.000       1.1942
1027.000       1.2215
1028.000       1.5056
1030.000       1.4654
1032.000       1.5725
1034.000       1.6132
1035.000       1.7107
1036.000       1.8639
1037.000       1.8901
1038.000       1.7243
1039.000       1.7648
1042.000       1.9905
1044.000       2.0065
1045.000       2.2595
1047.000       2.4053
1048.000       2.4477
1050.000       2.7419
1052.000       2.9936
1053.000       3.3496
1054.000       2.9764
1056.000       2.7225
1057.000       2.9522
1058.000       2.2133
1060.000       2.3489
1062.000       2.6789
1064.000       2.4989
1065.000       2.8255
1066.000       3.2359
1067.000       3.0631
1068.000       2.6486
1069.000       2.4775
1072.000       2.5440
1074.000       3.0026
1075.000       3.1633
1077.000       3.6859
1078.000       3.8644
1080.000       4.4362
1082.000       4.8567
1083.000       5.4163
1084.000       4.6588
1086.000       4.1091
1087.000       4.1005
1088.000       2.4637
1090.000       2.9316
1092.000       3.2188
1094.000       2.4500
1095.000       2.5045
1096.000       2.7829
1097.000       2.7862
1098.000       2.3124
1099.000       2.3941
1102.000       2.2627
1104.000       2.1831
1105.000       1.9957
1107.000       1.8433
1108.000       2.1144
1110.000       2.1436
1112.000       1.9895
1113.000       2.1869
1114.000       1.8628
1116.000       1.7468
1117.000       1.8392
1118.000       2.1668
1120.000       2.1893
1122.000       2.4733
1124.000       2.1806
1125.000       2.3191
1126.000       2.4819
1127.000       2.3817
1128.000       2.4376
1129.000       2.4143
1132.000       2.5219
1134.000       2.6288
1135.000       2.8119
1137.000       2.8211
1138.000       2.5635
1140.000       2.7094
1142.000       3.1915
1143.000       3.4951
1146.000       3.5659
1147.000       3.3698
1148.000       3.8475
1149.000       2.5215
1151.000       2.8148
1153.000       3.1103
1155.000       2.6364
1156.000       2.4970
1157.000       2.8154
1158.000       2.3464
1159.000       2.3699
1160.000       2.6166
1163.000       2.5741
1165.000       2.5018
1166.000       2.4106
1168.000       2.2049
1169.000       1.9808
1171.000       1.9083
1173.000       2.0967
1174.000       2.1804
1175.000       2.3482
1177.000       2.4003
1178.000       2.7258
1179.000       2.3764
1181.000       2.4168
1183.000       2.7447
1185.000       2.5611
1186.000       2.4384
1187.000       2.7413
1188.000       2.3755
1189.000       2.2099
1190.000       2.3260
1193.000       2.1558
1195.000       2.0883
1196.000       1.9224
1198.000       1.8608
1199.000       1.8520
1201.000       1.8390
1202.000       1.8643
1203.000       1.9710
1204.000       2.0274
1207.000       2.1191
1208.000       2.1389
1210.000       2.0289
1211.000       1.8918
1212.000       1.9997
1214.000       1.9286
1216.000       2.0833
1218.000       2.1002
1219.000       2.0411
1220.000       2.2640
1221.000       2.0952
1222.000       1.8013
1223.000       1.8025
1226.000       1.6346
1228.000       1.5153
1229.000       1.4368
1231.000       1.3474
1232.000       1.4429
1234.000       1.4950
1236.000       1.4572
1237.000       1.6194
1240.000       1.3709
1241.000       1.2976
1242.000       1.3060
1243.000       1.6262
1245.000       1.6324
1247.000       1.9866
1249.000       1.7685
1250.000       1.8233
1251.000       2.0200
1252.000       1.9747
1253.000       1.7093
1254.000       1.8026
1257.000       1.6735
1259.000       1.5963
1260.000       1.5310
1262.000       1.5078
1263.000       1.5573
1265.000       1.5773
1267.000       1.5440
1268.000       1.6026
1271.000       1.5170
1272.000       1.4967
1273.000       1.5243
1274.000       1.6686
1276.000       1.6016
1278.000       1.6662
1280.000       1.6825
1281.000       1.7851
1282.000       1.9304
1283.000       2.2324
1284.000       1.9444
1285.000       2.1551
1288.000       2.0650
1290.000       2.1383
1291.000       2.0460
1293.000       1.9994
1294.000       2.0260
1296.000       2.0056
1297.000       1.9618
1298.000       1.9522
1299.000       1.9791
1300.000       1.9426
1302.000       1.9439
1303.000       1.9667
1306.000       1.9584
1307.000       1.9611
1308.000       1.9179
1310.000       1.9572
1312.000       2.0695
1314.000       1.8978
1315.000       1.8029
1316.000       1.9081
1317.000       1.8012
1318.000       1.7394
1319.000       1.8111
1322.000       1.7905
1324.000       1.8136
1325.000       1.7636
1327.000       1.7061
1328.000       1.6843
1330.000       1.6715
1331.000       1.6810
1332.000       1.7093
1333.000       1.7367
1334.000       1.7500
1336.000       1.7645
1337.000       1.8246
1340.000       1.7497
1341.000       1.7031
1342.000       1.6907
1344.000       1.7211
1346.000       1.8435
1348.000       1.7234
1349.000       1.6640
1350.000       1.7932
1351.000       1.6268
1352.000       1.6370
1353.000       1.7317
1356.000       1.7190
1358.000       1.7273
1359.000       1.6964
1361.000       1.6230
1362.000       1.5685
1364.000       1.5405
1365.000       1.5862
1366.000       1.6364
1367.000       1.6473
1368.000       1.7302
1370.000       1.7588
1371.000       1.8645
1374.000       1.7200
1375.000       1.6349
1376.000       1.6351
1378.000       1.6763
1380.000       1.8066
1382.000       1.6878
1383.000       1.6465
1384.000       1.7879
1385.000       1.5980
1386.000       1.6170
1387.000       1.7082
1390.000       1.6989
1392.000       1.6872
1393.000       1.6682
1395.000       1.5674
1396.000       1.4917
1398.000       1.4190
1400.000       1.4368
1401.000       1.4091
1404.000       1.5316
1405.000       1.5921
1406.000       1.7111
1407.000       1.6382
1409.000       1.6766
1411.000       1.8224
1413.000       1.7113
1414.000       1.6953
1415.000       1.8481
1416.000       1.6611
1417.000       1.6613
1418.000       1.7676
1421.000       1.7789
1423.000       1.7247
1424.000       1.7031
1426.000       1.5680
1427.000       1.4858
1429.000       1.4085
1430.000       1.4408
1431.000       1.4435
1432.000       1.4057
1435.000       1.5509
1436.000       1.6551
1438.000       1.6653
1439.000       1.5508
1440.000       1.7569
1442.000       1.7751
1444.000       1.9554
1446.000       1.8969
1447.000       1.9281
1448.000       2.1506
1449.000       1.9003
1450.000       1.8339
1451.000       1.9304
1454.000       1.8375
1456.000       1.7050
1457.000       1.5715
1459.000       1.4167
1460.000       1.4534
1462.000       1.3644
1464.000       1.2264
1465.000       1.2001
1468.000       1.1862
1469.000       1.2809
1470.000       1.2989
1471.000       1.7894
1473.000       1.6757
1475.000       1.8078
1477.000       1.9505
1478.000       1.9985
1479.000       2.2280
1480.000       1.9896
1481.000       1.8545
1482.000       1.9074
1485.000       1.7729
1487.000       1.5994
1488.000       1.4790
1490.000       1.3543
1491.000       1.4171
1493.000       1.3435
1495.000       1.2047
1496.000       1.1937
1499.000       1.1409
1500.000       1.2110
1501.000       1.2003
1502.000       1.7748
1504.000       1.6157
1506.000       1.6912
1508.000       1.9713
1509.000       2.1849
1510.000       2.4643
1511.000       2.2131
1512.000       2.1512
1513.000       2.0509
1516.000       2.0152
1518.000       1.8825
1519.000       2.0665
1521.000       2.0752
1522.000       2.1964
1524.000       2.2194
1525.000       2.1069
1526.000       2.1426
1527.000       2.2637
1528.000       2.1068
1530.000       2.0450
1531.000       2.1015
1534.000       2.0029
1535.000       2.0305
1536.000       2.2934
1538.000       2.3404
1540.000       2.6282
1542.000       2.3874
1543.000       2.4947
1544.000       2.5871
1545.000       2.7700
1546.000       2.3053
1547.000       2.2090
1550.000       2.0750
1552.000       1.9354
1553.000       1.9678
1555.000       1.9381
1556.000       1.9734
1558.000       1.9870
1560.000       1.9750
1561.000       2.0401
1562.000       1.9606
1564.000       1.9423
1565.000       1.9931
1566.000       2.2133
1568.000       2.1673
1570.000       2.2842
1572.000       2.2504
1573.000       2.3999
1574.000       2.6000
1575.000       2.5224
1576.000       2.2941
1577.000       2.0495
1580.000       2.0257
1582.000       1.9845
1583.000       1.8177
1585.000       1.6582
1586.000       1.5921
1588.000       1.5160
1589.000       1.5148
1590.000       1.5014
1591.000       1.4836
1594.000       1.5784
1595.000       1.6765
1597.000       1.7087
1598.000       1.6122
1599.000       1.9447
1601.000       1.8494
1603.000       1.9924
1605.000       2.1075
1606.000       2.1185
1607.000       2.3857
1608.000       2.0412
1609.000       2.0141
1610.000       2.1659
1613.000       2.0816
1615.000       1.9084
1616.000       1.7384
1618.000       1.5417
1619.000       1.4164
1621.000       1.3063
1622.000       1.3415
1623.000       1.3126
1624.000       1.2146
1627.000       1.4535
1628.000       1.6175
1630.000       1.6546
1631.000       1.5025
1632.000       2.0331
1634.000       1.8004
1636.000       1.7603
1638.000       2.1478
1639.000       2.2456
1640.000       2.5153
1641.000       2.2044
1642.000       2.3536
1643.000       2.2190
1646.000       2.0666
1648.000       1.8962
1649.000       1.7425
1651.000       1.5249
1652.000       1.4444
1654.000       1.2779
1655.000       1.2310
1656.000       1.1210
1657.000       1.0260
1660.000       1.1968
1661.000       1.3749
1663.000       1.4872
1664.000       1.4003
1665.000       1.9871
1667.000       1.8217
1669.000       1.9592
1671.000       2.1870
1672.000       2.2048
1673.000       2.4856
1674.000       2.1087
1675.000       2.1057
1676.000       2.2819
1679.000       2.2031
1681.000       2.0563
1682.000       1.9526
1684.000       1.7538
1685.000       1.6852
1687.000       1.5590
1689.000       1.4994
1690.000       1.4730
1691.000       1.6082
1693.000       1.7258
1694.000       1.8854
1695.000       2.1382
1697.000       2.0589
1699.000       2.2540
1701.000       2.3198
1702.000       2.3453
1703.000       2.5691
1704.000       2.2532
1705.000       2.3041
1706.000       2.4381
1709.000       2.3763
1711.000       2.2434
1712.000       2.1506
1714.000       2.0007
1715.000       1.9538
1717.000       1.8251
1718.000       1.7834
1719.000       1.6789
1720.000       1.6034
1721.000       1.7118
1723.000       1.8227
1724.000       1.8662
1727.000       1.9239
1728.000       1.8956
1729.000       2.3409
1731.000       2.2501
1733.000       2.3673
1735.000       2.4909
1736.000       2.5316
1737.000       2.7258
1738.000       2.5264
1739.000       2.4154
1740.000       2.4432
1743.000       2.3247
1745.000       2.1947
1746.000       2.0980
1748.000       2.0116
1749.000       2.0631
1751.000       2.0032
1753.000       1.8830
1754.000       1.8607
1755.000       1.8444
1757.000       1.9044
1758.000       1.8984
1759.000       2.3147
1761.000       2.1941
1763.000       2.2426
1765.000       2.4324
1766.000       2.4958
1767.000       2.6639
1768.000       2.5356
1769.000       2.3745
1770.000       2.3768
1773.000       2.2691
1775.000       2.1626
1776.000       2.0923
1778.000       2.0348
1779.000       2.1023
1781.000       2.0576
1783.000       1.9372
1784.000       1.9066
1787.000       1.8845
1788.000       1.9344
1789.000       1.9240
1790.000       2.2753
1792.000       2.1776
1794.000       2.2187
1796.000       2.3644
1797.000       2.4363
1798.000       2.5576
1799.000       2.5219
1800.000       2.3334
1801.000       2.3124
1804.000       2.2407
1806.000       2.1518
1807.000       2.1245
1809.000       2.0862
1810.000       2.1440
1812.000       2.1302
1814.000       2.0504
1815.000       2.0612
1818.000       2.0055
1819.000       2.0237
1820.000       2.0217
1821.000       2.2947
1823.000       2.2387
1825.000       2.2799
1827.000       2.3869
1828.000       2.4290
1829.000       2.6211
1830.000       2.4581
1831.000       2.2864
1832.000       2.3053
1835.000       2.1867
1837.000       2.0768
1838.000       1.9951
1840.000       1.9299
1841.000       2.0078
1843.000       1.9339
1844.000       1.7959
1845.000       1.6959
1846.000       1.7105
1847.000       1.6193
1849.000       1.6354
1850.000       1.6026
1853.000       1.7240
1854.000       1.7991
1855.000       2.1678
1857.000       2.0748
1859.000       2.1203
1861.000       2.2522
1862.000       2.4421
1863.000       2.5169
1864.000       2.7117
1865.000       2.6154
1866.000       2.7850
1869.000       2.5777
1871.000       2.4792
1872.000       2.2278
1874.000       2.0234
1875.000       2.0923
1877.000       1.9767
1878.000       1.7945
1879.000       1.7042
1880.000       1.7790
1883.000       1.6698
1884.000       1.7223
1886.000       1.8125
1887.000       1.8305
1888.000       2.3325
1890.000       2.1915
1892.000       2.3929
1894.000       2.4504
1895.000       2.3399
1896.000       2.5553
1897.000       2.4042
1898.000       2.0493
1899.000       2.0711
1902.000       1.8785
1904.000       1.8066
1905.000       1.6815
1907.000       1.6552
1908.000       1.7466
1910.000       1.8961
1912.000       1.9756
1913.000       2.2291
1914.000       1.8868
1916.000       1.7316
1917.000       1.8193
1918.000       1.7320
1920.000       1.6708
1922.000       1.8445
1924.000       1.8316
1925.000       1.7716
1926.000       2.0117
1927.000       1.8564
1928.000       1.5846
1929.000       1.6931
1932.000       1.6861
1934.000       1.7018
1935.000       1.7691
1937.000       1.7744
1938.000       1.7136
1940.000       1.9041
1942.000       2.1770
1943.000       2.4737
1944.000       2.2428
1946.000       2.0640
1947.000       2.3031
1948.000       1.6055
1950.000       1.7978
1952.000       2.0706
1954.000       1.6751
1955.000       1.6271
1956.000       1.7793
1957.000       1.6448
1958.000       1.5246
1959.000       1.5802
1962.000       1.5300
1964.000       1.4971
1965.000       1.4700
1967.000       1.4464
1968.000       1.4664
1970.000       1.5205
1971.000       1.5286
1972.000       1.6353
1973.000       1.7491
1976.000       1.6984
1977.000       1.6613
1979.000       1.5654
1980.000       1.4915
1981.000       1.4944
1983.000       1.5054
1985.000       1.6345
1987.000       1.6106
1988.000       1.6495
1989.000       1.8927
1990.000       1.6636
1991.000       1.5698
1992.000       1.6656
1995.000       1.6319
1997.000       1.5289
1998.000       1.4919
2000.000       1.3651
2001.000       1.3266
2003.000       1.2825
2005.000       1.2848
2006.000       1.3410
2007.000       1.3304
2009.000       1.3693
2010.000       1.4801
2011.000       1.6301
2013.000       1.6238
2015.000       1.8002
2017.000       1.7865
2018.000       1.8400
2019.000       2.0713
2020.000       1.8207
2021.000       1.7817
2022.000       1.9084
2025.000       1.8890
2027.000       1.7603
2028.000       1.7294
2030.000       1.5804
2031.000       1.5154
2033.000       1.4593
2034.000       1.4814
2035.000       1.5188
2036.000       1.5494
2037.000       1.6116
2039.000       1.6704
2040.000       1.8048
2043.000       1.6593
2044.000       1.5553
2045.000       1.9085
2047.000       1.8856
2049.000       2.0849
2051.000       2.1185
2052.000       2.2103
2053.000       2.4725
2054.000       2.1708
2055.000       2.1569
2056.000       2.2966
2059.000       2.2694
2061.000       2.0962
2062.000       2.0841
2064.000       1.9435
2065.000       1.8804
2067.000       1.8215
2069.000       1.8339
2070.000       1.8650
2071.000       1.8985
2073.000       1.9541
2074.000       2.0775
2075.000       2.3220
2077.000       2.2809
2079.000       2.4752
2081.000       2.5575
2082.000       2.6916
2083.000       2.9646
2084.000       2.6317
2085.000       2.6812
2086.000       2.8475
2089.000       2.8368
2091.000       2.6287
2092.000       2.6377
2094.000       2.4732
2095.000       2.3843
2097.000       2.2881
2099.000       2.2909
2100.000       2.2673
2103.000       2.3923
2104.000       2.4784
2105.000       2.6186
2106.000       2.9363
2108.000       2.8866
2110.000       3.0847
2112.000       3.2031
2113.000       3.3839
2114.000       3.6787
2115.000       3.3146
2116.000       3.3792
2117.000       3.5536
2120.000       3.5627
2122.000       3.3298
2123.000       3.3562
2125.000       3.1491
2126.000       3.0312
2128.000       2.8907
2130.000       2.8883
2131.000       2.8244
2134.000       3.0142
2135.000       3.1396
2136.000       3.2985
2137.000       3.6883
2139.000       3.6294
2141.000       3.8966
2143.000       3.9963
