   2.000       3.0529
   3.000       3.0836
   6.000       2.9806
   8.000       2.8891
   9.000       2.7698
  11.000       2.6310
  12.000       2.6165
  14.000       2.5009
  15.000       2.4271
  16.000       2.3168
  17.000       2.2550
  18.000       2.3177
  20.000       2.4143
  21.000       2.4335
  24.000       2.5160
  25.000       2.5141
  26.000       2.8855
  28.000       2.8064
  30.000       2.9298
  32.000       2.9949
  33.000       2.9724
  34.000       3.1461
  35.000       2.9479
  36.000       2.8472
  37.000       2.9064
  40.000       2.7997
  42.000       2.7083
  43.000       2.5879
  45.000       2.4781
  46.000       2.4919
  48.000       2.3972
  49.000       2.3141
  50.000       2.2206
  51.000       2.1924
  52.000       2.1978
  54.000       2.2584
  55.000       2.2620
  58.000       2.3428
  59.000       2.3667
  60.000       2.7173
  62.000       2.6233
  64.000       2.7121
  66.000       2.8204
  67.000       2.8006
  68.000       2.9580
  69.000       2.7918
  70.000       2.6725
  71.000       2.7054
  74.000       2.5989
  76.000       2.5309
  77.000       2.4310
  79.000       2.3511
  80.000       2.3793
  82.000       2.3149
  83.000       2.2390
  84.000       2.1790
  85.000       2.1754
  86.000       2.1579
  88.000       2.1883
  89.000       2.1937
  92.000       2.2438
  93.000       2.2640
  94.000       2.5246
  96.000       2.4466
  98.000       2.5209
 100.000       2.5983
 101.000       2.5927
 102.000       2.7273
 103.000       2.6241
 104.000       2.4712
 105.000       2.4652
 108.000       2.3835
 110.000       2.3381
 111.000       2.2785
 113.000       2.2303
 114.000       2.2650
 116.000       2.2498
 118.000       2.1986
 119.000       2.2119
 120.000       2.1789
 122.000       2.1939
 123.000       2.2133
 124.000       2.3445
 126.000       2.3019
 128.000       2.3652
 130.000       2.4007
 131.000       2.4155
 132.000       2.5245
 133.000       2.4575
 134.000       2.3332
 135.000       2.3489
 138.000       2.3009
 140.000       2.2659
 141.000       2.2371
 143.000       2.1948
 144.000       2.2074
 146.000       2.1960
 148.000       2.1659
 149.000       2.1789
 152.000       2.1668
 153.000       2.1845
 154.000       2.2249
 155.000       2.2834
 157.000       2.2694
 159.000       2.3451
 161.000       2.3390
 162.000       2.3467
 163.000       2.4634
 164.000       2.3572
 165.000       2.2903
 166.000       2.3593
 169.000       2.3245
 171.000       2.2951
 172.000       2.2658
 174.000       2.2141
 175.000       2.1982
 177.000       2.1712
 178.000       2.1697
 179.000       2.1708
 180.000       2.1715
 181.000       2.2050
 183.000       2.2335
 184.000       2.2865
 187.000       2.2342
 188.000       2.1993
 189.000       2.2859
 191.000       2.2793
 193.000       2.3581
 195.000       2.3360
 196.000       2.3236
 197.000       2.4270
 198.000       2.3260
 199.000       2.2684
 200.000       2.3074
 203.000       2.2755
 205.000       2.2662
 206.000       2.2332
 208.000       2.1866
 209.000       2.1800
 211.000       2.1606
 213.000       2.1521
 214.000       2.1675
 215.000       2.1703
 217.000       2.1869
 218.000       2.2331
 219.000       2.2203
 221.000       2.2245
 223.000       2.3043
 225.000       2.2457
 226.000       2.2127
 227.000       2.3099
 228.000       2.2316
 229.000       2.1379
 230.000       2.1667
 233.000       2.1166
 235.000       2.1078
 236.000       2.0589
 238.000       2.0168
 239.000       2.0182
 241.000       2.0121
 242.000       2.0023
 243.000       2.0297
 244.000       2.0634
 245.000       2.0687
 247.000       2.0824
 248.000       2.1632
 251.000       2.0596
 252.000       2.0134
 253.000       2.0526
 255.000       2.0332
 257.000       2.0962
 259.000       2.0888
 260.000       2.0553
 261.000       2.1720
 262.000       2.0341
 263.000       2.0145
 264.000       2.0847
 267.000       2.0917
 269.000       2.1198
 270.000       2.1129
 272.000       2.0532
 273.000       2.0153
 275.000       2.0340
 276.000       2.0842
 277.000       2.1826
 278.000       2.2437
 281.000       2.2852
 282.000       2.2877
 284.000       2.2075
 285.000       2.0996
 286.000       2.0078
 288.000       2.0849
 290.000       2.2383
 292.000       2.0424
 293.000       1.9430
 294.000       2.0605
 295.000       1.9599
 296.000       1.8884
 297.000       1.9508
 300.000       1.9249
 302.000       1.9493
 303.000       1.8863
 305.000       1.8215
 306.000       1.8143
 308.000       1.7866
 310.000       1.7626
 311.000       1.7641
 314.000       1.7753
 315.000       1.8072
 316.000       1.8544
 317.000       1.8132
 319.000       1.8285
 321.000       1.9398
 323.000       1.8278
 324.000       1.7264
 325.000       1.8142
 326.000       1.7187
 327.000       1.6478
 328.000       1.7107
 331.000       1.6739
 333.000       1.6896
 334.000       1.6400
 336.000       1.5945
 337.000       1.5719
 339.000       1.5718
 341.000       1.5898
 342.000       1.6341
 343.000       1.6172
 345.000       1.6203
 346.000       1.6943
 347.000       1.5813
 349.000       1.5981
 351.000       1.7078
 353.000       1.6172
 354.000       1.6212
 355.000       1.6234
 356.000       1.7822
 357.000       1.6011
 358.000       1.5942
 361.000       1.6311
 363.000       1.8004
 364.000       1.8715
 366.000       1.9666
 367.000       1.9955
 369.000       2.1728
 370.000       2.2671
 371.000       2.5232
 372.000       2.7094
 373.000       2.6233
 375.000       2.5088
 376.000       2.6945
 379.000       2.2789
 380.000       2.1511
 381.000       1.5744
 383.000       1.7549
 385.000       1.8460
 387.000       1.5107
 388.000       1.4689
 389.000       1.5047
 390.000       1.4546
 391.000       1.6108
 392.000       1.7582
 395.000       1.9700
 397.000       2.0519
 398.000       2.2098
 400.000       2.1569
 401.000       1.9792
 403.000       2.0662
 404.000       2.3070
 405.000       2.5543
 406.000       2.6224
 407.000       2.8085
 409.000       2.8472
 410.000       3.1541
 413.000       2.6481
 414.000       2.3683
 415.000       2.0162
 417.000       2.2455
 419.000       2.5036
 421.000       2.1098
 422.000       2.1870
 423.000       2.3250
 424.000       2.1690
 425.000       2.2670
 426.000       2.4071
 429.000       2.5424
 431.000       2.5326
 432.000       2.6603
 434.000       2.5780
 435.000       2.3878
 437.000       2.4115
 439.000       2.6278
 440.000       2.7327
 443.000       2.8186
 444.000       2.8005
 445.000       3.0567
 446.000       2.5961
 448.000       2.7438
 450.000       2.9993
 452.000       2.7612
 453.000       2.8018
 454.000       3.0950
 455.000       2.6495
 456.000       2.8223
 457.000       3.0794
 460.000       3.1052
 462.000       2.9468
 463.000       2.8665
 465.000       2.5874
 466.000       2.4667
 468.000       2.2696
 469.000       2.2473
 470.000       2.1325
 471.000       2.0086
 472.000       2.2828
 474.000       2.5254
 475.000       2.7401
 478.000       2.6257
 479.000       2.4678
 480.000       3.0939
 482.000       3.0321
 484.000       3.2839
 486.000       3.3697
 487.000       3.5635
 488.000       3.7294
 489.000       3.6259
 490.000       3.8346
 491.000       4.0508
 494.000       4.3567
 496.000       4.7892
 497.000       5.1543
 499.000       5.5682
 500.000       5.7317
 502.000       6.3733
 503.000       6.7001
 504.000       7.6191
 505.000       8.3029
 508.000       8.0636
 509.000       7.6113
 511.000       6.7167
 512.000       6.2565
 513.000       4.3718
 515.000       4.9168
 517.000       5.1573
 519.000       4.4091
 520.000       4.3678
 521.000       4.5328
 522.000       4.6273
 523.000       3.9920
 524.000       3.8268
 527.000       3.5099
 529.000       3.5875
 530.000       3.4366
 532.000       3.6258
 533.000       3.9700
 535.000       4.2073
 536.000       3.9922
 537.000       4.1486
 538.000       4.5650
 541.000       3.9670
 542.000       3.6315
 544.000       3.4522
 545.000       3.6377
 546.000       3.2949
 548.000       3.1650
 550.000       3.1061
 552.000       3.2606
 553.000       3.3039
 554.000       3.3060
 555.000       3.6208
 556.000       3.1714
 557.000       2.9234
 560.000       2.8661
 562.000       2.9752
 563.000       3.1610
 565.000       3.4201
 566.000       3.4973
 568.000       3.8315
 570.000       4.1022
 571.000       4.4964
 574.000       4.0675
 575.000       3.7259
 576.000       3.7942
 577.000       3.0083
 579.000       3.2450
 581.000       3.5412
 583.000       3.0341
 584.000       2.9356
 585.000       3.1070
 586.000       3.1139
 587.000       2.5743
 588.000       2.4652
 591.000       2.1565
 593.000       2.0265
 594.000       1.9487
 596.000       2.0300
 597.000       2.2265
 599.000       2.3002
 600.000       2.1430
 601.000       2.1767
 602.000       2.3655
 605.000       2.0763
 606.000       1.9288
 608.000       1.8659
 609.000       1.9813
 610.000       2.1072
 612.000       2.0708
 614.000       2.0451
 616.000       1.9707
 617.000       2.0747
 618.000       2.3290
 619.000       2.0091
 620.000       2.0729
 621.000       1.9378
 624.000       1.9452
 626.000       1.9765
 627.000       1.8462
 629.000       1.7208
 630.000       1.7380
 632.000       1.6492
 633.000       1.5634
 634.000       1.4874
 635.000       1.4716
 636.000       1.4955
 638.000       1.5625
 639.000       1.6231
 642.000       1.6277
 643.000       1.6200
 644.000       1.8242
 646.000       1.8152
 648.000       1.9829
 650.000       1.9172
 651.000       1.8607
 652.000       2.0483
 653.000       1.8082
 654.000       1.7698
 655.000       1.8803
 658.000       1.8192
 660.000       1.7264
 661.000       1.6457
 663.000       1.5152
 664.000       1.4867
 666.000       1.4155
 667.000       1.3867
 668.000       1.3704
 669.000       1.3731
 670.000       1.4350
 672.000       1.5154
 673.000       1.6403
 676.000       1.5319
 677.000       1.4594
 678.000       1.7742
 680.000       1.7364
 682.000       1.9046
 684.000       1.9422
 685.000       2.0008
 686.000       2.2547
 687.000       1.9485
 688.000       1.9398
 689.000       2.0732
 692.000       2.0521
 694.000       1.8902
 695.000       1.8733
 697.000       1.6996
 698.000       1.6124
 700.000       1.5101
 702.000       1.4836
 703.000       1.4525
 704.000       1.5777
 706.000       1.6907
 707.000       1.8332
 708.000       2.0831
 710.000       2.0518
 712.000       2.2590
 714.000       2.3068
 715.000       2.4169
 716.000       2.6833
 717.000       2.3177
 718.000       2.4133
 719.000       2.5851
 722.000       2.5777
 724.000       2.3952
 725.000       2.3525
 727.000       2.1333
 728.000       2.0199
 730.000       1.8686
 731.000       1.8752
 732.000       1.7910
 733.000       1.6926
 734.000       1.8950
 736.000       2.0649
 737.000       2.1874
 740.000       2.1487
 741.000       2.0440
 742.000       2.5971
 744.000       2.5488
 746.000       2.7670
 748.000       2.8324
 749.000       2.9167
 750.000       3.1957
 751.000       2.8075
 752.000       2.8644
 753.000       3.0257
 756.000       2.9520
 758.000       2.7423
 759.000       2.6369
 761.000       2.4141
 762.000       2.3427
 764.000       2.1726
 765.000       2.1230
 766.000       1.9904
 767.000       1.8904
 768.000       2.0355
 770.000       2.1882
 771.000       2.2543
 774.000       2.3172
 775.000       2.2738
 776.000       2.9412
 778.000       2.8153
 780.000       2.9946
 782.000       3.1865
 783.000       3.2607
 784.000       3.5619
 785.000       3.2087
 786.000       3.1209
 787.000       3.1870
 790.000       3.0177
 792.000       2.7991
 793.000       2.6469
 795.000       2.5226
 796.000       2.5635
 798.000       2.4666
 799.000       2.3492
 800.000       2.2669
 801.000       2.2855
 802.000       2.2405
 804.000       2.2805
 805.000       2.3103
 808.000       2.3575
 809.000       2.3872
 810.000       3.0009
 812.000       2.8017
 814.000       2.8748
 816.000       3.2066
 817.000       3.3511
 818.000       3.5826
 819.000       3.4375
 820.000       3.1972
 821.000       3.1625
 824.000       3.0452
 826.000       2.8492
 827.000       2.8977
 829.000       2.8353
 830.000       2.9204
 832.000       2.8974
 833.000       2.7799
 834.000       2.7477
 835.000       2.8206
 838.000       2.7043
 839.000       2.6868
 841.000       2.7057
 842.000       2.7482
 843.000       3.2191
 845.000       3.1620
 847.000       3.2933
 849.000       3.2460
 850.000       3.3355
 851.000       3.4441
 852.000       3.5525
 853.000       3.2324
 854.000       3.0735
 857.000       2.8280
 859.000       2.7703
 860.000       2.5390
 862.000       2.5155
 863.000       2.7256
 865.000       2.7096
 866.000       2.4552
 867.000       2.3611
 868.000       2.5078
 871.000       2.1893
 872.000       2.1130
 874.000       2.1819
 875.000       2.3443
 876.000       2.6991
 878.000       2.4908
 880.000       2.4686
 882.000       2.7495
 883.000       2.7830
 884.000       2.8672
 885.000       2.9648
 886.000       2.5862
 887.000       2.4203
 890.000       2.2613
 892.000       2.2425
 893.000       2.3169
 895.000       2.4398
 896.000       2.6289
 898.000       2.7690
 899.000       2.6804
 900.000       2.8257
 901.000       3.0718
 904.000       2.7990
 905.000       2.6125
 907.000       2.4402
 908.000       2.4844
 909.000       2.3635
 911.000       2.4362
 913.000       2.6811
 915.000       2.3523
 916.000       2.4913
 917.000       2.7721
 918.000       2.5855
 919.000       2.3408
 920.000       2.2837
 923.000       2.2359
 925.000       2.1638
 926.000       2.1148
 928.000       1.9736
 929.000       1.8834
 931.000       1.7828
 933.000       1.7830
 934.000       1.7252
 937.000       1.8955
 938.000       1.9903
 939.000       2.1381
 940.000       2.1704
 942.000       2.1557
 944.000       2.3559
 946.000       2.3186
 947.000       2.3761
 948.000       2.5675
 949.000       2.3825
 950.000       2.3152
 951.000       2.4112
 954.000       2.3791
 956.000       2.3073
 957.000       2.2398
 959.000       2.0556
 960.000       1.9674
 962.000       1.8367
 964.000       1.7813
 965.000       1.6835
 968.000       1.8778
 969.000       2.0195
 970.000       2.1597
 971.000       2.3279
 973.000       2.2965
 975.000       2.4721
 977.000       2.4817
 978.000       2.4659
 979.000       2.7251
 980.000       2.3337
 981.000       2.3976
 982.000       2.5675
 985.000       2.4934
 987.000       2.3656
 988.000       2.2347
 990.000       2.0187
 991.000       1.9427
 993.000       1.7790
 994.000       1.7303
 995.000       1.6168
 996.000       1.5133
 999.000       1.6708
1000.000       1.8334
1002.000       1.9534
1003.000       1.8871
1004.000       2.3844
1006.000       2.2916
1008.000       2.4812
1010.000       2.5429
1011.000       2.5039
1012.000       2.7412
1013.000       2.4350
1014.000       2.3519
1015.000       2.4644
1018.000       2.3328
1020.000       2.2083
1021.000       2.0466
1023.000       1.8541
1024.000       1.8520
1026.000       1.7175
1028.000       1.5723
1029.000       1.4923
1032.000       1.5783
1033.000       1.7218
1034.000       1.7859
1035.000       2.2064
1037.000       2.0873
1039.000       2.2374
1041.000       2.3412
1042.000       2.3126
1043.000       2.5219
1044.000       2.3004
1045.000       2.1514
1046.000       2.2153
1049.000       2.0891
1051.000       1.9665
1052.000       1.8391
1054.000       1.7027
1055.000       1.7128
1057.000       1.6267
1059.000       1.5257
1060.000       1.4938
1063.000       1.5250
1064.000       1.6096
1065.000       1.6551
1066.000       2.0175
1068.000       1.9074
1070.000       2.0263
1072.000       2.1673
1073.000       2.1988
1074.000       2.4163
1075.000       2.1928
1076.000       2.0651
1077.000       2.1132
1080.000       2.0008
1082.000       1.8732
1083.000       1.7792
1085.000       1.6830
1086.000       1.6921
1088.000       1.6217
1089.000       1.5618
1090.000       1.5154
1091.000       1.5111
1092.000       1.5353
1094.000       1.5893
1095.000       1.6490
1098.000       1.6245
1099.000       1.6078
1100.000       1.9810
1102.000       1.8811
1104.000       1.9651
1106.000       2.1234
1107.000       2.1930
1108.000       2.3808
1109.000       2.1923
1110.000       2.1166
1111.000       2.1632
1114.000       2.0988
1116.000       1.9666
1117.000       1.9270
1119.000       1.8521
1120.000       1.8468
1122.000       1.8004
1123.000       1.7693
1124.000       1.7403
1125.000       1.7334
1126.000       1.7588
1128.000       1.8018
1129.000       1.8595
1132.000       1.8305
1133.000       1.8076
1134.000       2.1212
1136.000       2.0438
1138.000       2.1206
1140.000       2.2569
1141.000       2.3148
1142.000       2.4976
1143.000       2.2997
1144.000       2.2372
1145.000       2.2888
1148.000       2.2128
1150.000       2.0695
1151.000       2.0156
1153.000       1.9358
1154.000       1.9290
1156.000       1.8684
1157.000       1.8291
1158.000       1.7804
1159.000       1.7634
1160.000       1.7926
1162.000       1.8495
1163.000       1.8965
1166.000       1.8943
1167.000       1.8780
1168.000       2.2414
1170.000       2.1409
1172.000       2.2198
1174.000       2.4041
1175.000       2.5198
1176.000       2.7233
1177.000       2.5507
1178.000       2.4199
1179.000       2.4391
1182.000       2.3340
1184.000       2.1824
1185.000       2.1271
1187.000       2.0863
1188.000       2.1335
1190.000       2.1071
1191.000       2.0313
1192.000       2.0049
1193.000       2.0483
1194.000       1.9740
1196.000       1.9719
1197.000       1.9860
1200.000       1.9974
1201.000       2.0230
1202.000       2.3739
1204.000       2.2460
1206.000       2.2678
1208.000       2.5264
1209.000       2.5956
1210.000       2.8131
1211.000       2.5680
1212.000       2.5078
1213.000       2.5798
1216.000       2.5287
1218.000       2.4356
1219.000       2.4016
1221.000       2.3201
1222.000       2.2951
1224.000       2.2814
1225.000       2.2899
1226.000       2.3499
1227.000       2.4047
1230.000       2.4285
1231.000       2.4454
1233.000       2.4039
1234.000       2.3185
1235.000       2.5202
1237.000       2.4977
1239.000       2.6321
1241.000       2.6456
1242.000       2.6972
1243.000       2.8637
1244.000       2.7101
1245.000       2.6284
1246.000       2.6689
1249.000       2.6121
1251.000       2.5397
1252.000       2.4865
1254.000       2.4257
1255.000       2.4294
1257.000       2.3789
1258.000       2.3347
1259.000       2.2901
1260.000       2.2766
1261.000       2.2921
1263.000       2.3312
1264.000       2.3595
1267.000       2.3715
1268.000       2.3680
1269.000       2.5963
1271.000       2.5419
1273.000       2.6050
1275.000       2.6823
1276.000       2.7107
1277.000       2.8385
1278.000       2.7388
1279.000       2.6256
1280.000       2.6447
1283.000       2.5755
1285.000       2.5122
1286.000       2.4580
1288.000       2.3980
1289.000       2.4257
1291.000       2.3909
1293.000       2.3208
1294.000       2.3049
1297.000       2.2967
1298.000       2.3383
1299.000       2.3482
1300.000       2.5526
1302.000       2.5075
1304.000       2.5672
1306.000       2.6242
1307.000       2.6200
1308.000       2.7582
1309.000       2.6329
1310.000       2.5295
1311.000       2.5962
1314.000       2.5270
1316.000       2.4772
1317.000       2.4067
1319.000       2.3325
1320.000       2.3378
1322.000       2.2845
1323.000       2.2371
1324.000       2.1945
1325.000       2.1863
1326.000       2.1923
1328.000       2.2251
1329.000       2.2469
1332.000       2.2678
1333.000       2.2685
1334.000       2.4620
1336.000       2.4263
1338.000       2.5181
1340.000       2.5232
1341.000       2.5037
1342.000       2.6348
1343.000       2.5004
1344.000       2.4211
1345.000       2.4677
1348.000       2.4066
1350.000       2.3612
1351.000       2.3013
1353.000       2.2384
1354.000       2.2465
1356.000       2.2095
1357.000       2.1762
1358.000       2.1648
1359.000       2.1779
1362.000       2.1811
1363.000       2.1997
1365.000       2.2116
1366.000       2.1955
1367.000       2.3574
1369.000       2.3249
1371.000       2.4121
1373.000       2.4321
1374.000       2.4171
1375.000       2.5591
1376.000       2.4110
1377.000       2.3371
1378.000       2.3855
1381.000       2.3238
1383.000       2.2770
1384.000       2.2162
1386.000       2.1557
1387.000       2.1619
1389.000       2.1335
1391.000       2.1027
1392.000       2.1081
1395.000       2.1108
1396.000       2.1315
1397.000       2.1705
1398.000       2.2791
1400.000       2.2468
1402.000       2.3269
1404.000       2.3570
1405.000       2.3611
1406.000       2.5035
1407.000       2.3593
1408.000       2.2837
1409.000       2.3275
1412.000       2.2690
1414.000       2.2162
1415.000       2.1793
1417.000       2.1226
1418.000       2.1103
1420.000       2.0838
1422.000       2.0765
1423.000       2.0867
1426.000       2.1016
1427.000       2.1219
1428.000       2.1766
1429.000       2.2417
1431.000       2.2189
1433.000       2.3111
1435.000       2.3269
1436.000       2.3545
1437.000       2.4950
1438.000       2.3617
1439.000       2.2969
1440.000       2.3475
1443.000       2.3231
1445.000       2.2712
1446.000       2.2711
1448.000       2.1970
1449.000       2.1484
1451.000       2.1113
1453.000       2.1234
1454.000       2.1208
1457.000       2.1800
1458.000       2.2179
1459.000       2.3053
1460.000       2.3230
1462.000       2.3295
1464.000       2.4523
1466.000       2.4225
1467.000       2.4624
1468.000       2.6372
1469.000       2.4092
1470.000       2.4717
1471.000       2.6043
1474.000       2.6457
1476.000       2.5966
1477.000       2.6085
1479.000       2.4739
1480.000       2.3529
1482.000       2.2595
1484.000       2.2919
1485.000       2.2567
1486.000       2.4287
1488.000       2.5181
1489.000       2.6727
1490.000       2.6261
1492.000       2.6727
1494.000       2.8725
1496.000       2.7518
1497.000       2.7345
1498.000       2.9351
1499.000       2.6238
1500.000       2.7147
1501.000       2.8833
1504.000       2.8848
1506.000       2.8150
1507.000       2.7665
1509.000       2.5722
1510.000       2.4510
1512.000       2.3030
1514.000       2.2762
1515.000       2.1982
1516.000       2.4184
1518.000       2.5618
1519.000       2.7146
1520.000       2.8042
1522.000       2.8170
1524.000       3.0284
1526.000       2.9286
1527.000       2.8537
1528.000       3.0769
1529.000       2.7009
1530.000       2.7968
1531.000       2.9921
1534.000       2.9457
1536.000       2.8784
1537.000       2.7652
1539.000       2.5444
1540.000       2.4380
1542.000       2.2719
1543.000       2.2736
1544.000       2.1807
1545.000       2.0751
1546.000       2.2825
1548.000       2.4481
1549.000       2.5657
1552.000       2.5361
1553.000       2.4422
1554.000       2.7951
1556.000       2.7786
1558.000       2.9992
1560.000       2.9109
1561.000       2.8099
1562.000       3.0158
1563.000       2.7089
1564.000       2.6943
1565.000       2.8426
1568.000       2.7638
1570.000       2.6732
1571.000       2.5406
1573.000       2.3219
1574.000       2.2737
1576.000       2.1245
1578.000       2.0233
1579.000       1.9362
1582.000       2.0839
1583.000       2.2328
1584.000       2.3429
1585.000       2.6249
1587.000       2.5756
1589.000       2.7960
1591.000       2.7725
1592.000       2.7279
1593.000       2.9686
1594.000       2.6413
1595.000       2.6176
1596.000       2.7678
1599.000       2.6930
1601.000       2.5527
1602.000       2.4481
1604.000       2.2302
1605.000       2.1739
1607.000       2.0379
1609.000       1.9615
1610.000       1.9054
1613.000       2.0237
1614.000       2.1581
1615.000       2.2681
1616.000       2.6268
1618.000       2.5522
1620.000       2.7717
1622.000       2.8342
1623.000       2.8651
1624.000       3.1663
1625.000       2.7428
1626.000       2.8170
1627.000       3.0288
1630.000       3.0279
1632.000       2.8345
1633.000       2.8664
1635.000       2.6291
1636.000       2.6563
1638.000       2.5105
1639.000       2.3575
1640.000       2.2413
1641.000       2.2598
1642.000       2.2173
1644.000       2.3105
1645.000       2.3800
1648.000       2.4251
1649.000       2.4361
1650.000       3.0597
1652.000       3.0513
1654.000       3.3704
1656.000       3.2902
1657.000       3.4835
1658.000       3.7651
1659.000       3.4168
1660.000       3.6116
1661.000       3.8500
1664.000       4.0127
1666.000       3.8664
1667.000       4.0157
1669.000       3.7218
1670.000       3.4739
1672.000       3.2868
1674.000       3.3602
1675.000       3.2732
1678.000       3.6145
1679.000       3.7945
1680.000       4.0993
1681.000       4.1454
1683.000       4.2488
1685.000       4.8586
1687.000       4.4543
1688.000       4.5635
1689.000       4.8016
1690.000       4.7115
1691.000       4.5781
1692.000       4.8303
1695.000       4.9016
1697.000       5.2457
1698.000       5.2539
1700.000       5.4801
1701.000       5.4837
1703.000       5.8065
1705.000       6.1344
1706.000       6.5347
1709.000       6.1393
1710.000       5.8123
1711.000       5.9020
1712.000       4.6268
1714.000       4.8920
1716.000       4.9107
1718.000       4.4262
1719.000       4.2990
1720.000       4.4643
1721.000       4.3547
1722.000       4.1724
1723.000       4.2730
1726.000       4.3168
1728.000       4.4523
1729.000       4.5647
1731.000       4.6389
1732.000       4.5227
1734.000       4.7834
1736.000       5.1602
1737.000       5.5489
1740.000       5.2916
1741.000       5.0372
1742.000       5.3091
1743.000       4.2100
1745.000       4.4750
1747.000       4.7817
1749.000       4.3009
1750.000       4.2375
1751.000       4.6169
1752.000       4.0836
1753.000       4.1774
1754.000       4.4980
1757.000       4.5484
1759.000       4.5249
1760.000       4.5088
1762.000       4.2553
1763.000       3.9924
1765.000       4.0309
1766.000       4.3121
1767.000       4.6432
1768.000       4.7648
1769.000       5.0248
1771.000       5.1206
1772.000       5.6169
1775.000       4.8740
1776.000       4.4497
1777.000       4.3343
1779.000       4.4774
1781.000       4.9597
1783.000       4.5609
1784.000       4.4015
1785.000       4.7982
1786.000       4.1522
1787.000       4.2864
1788.000       4.6080
1791.000       4.5993
1793.000       4.5533
1794.000       4.5097
1796.000       4.2795
1797.000       4.0373
1799.000       3.9824
1801.000       4.1901
1802.000       4.3118
1805.000       4.4214
1806.000       4.4632
1807.000       4.7896
1808.000       4.3482
1810.000       4.4571
1812.000       4.8642
1814.000       4.5079
1815.000       4.2609
1816.000       4.6244
1817.000       4.0095
1818.000       4.1006
1819.000       4.4067
1822.000       4.3994
1824.000       4.3777
1825.000       4.3175
1827.000       4.0534
1828.000       3.7903
1830.000       3.6870
1832.000       3.8738
1833.000       3.9339
1836.000       4.1404
1837.000       4.2270
1838.000       4.5778
1839.000       4.1102
1841.000       4.2546
1843.000       4.6893
1845.000       4.2341
1846.000       3.9833
1847.000       4.2345
1848.000       3.7475
1849.000       3.8563
1850.000       4.0989
1853.000       4.0420
1855.000       4.0099
1856.000       3.8599
1858.000       3.5899
1859.000       3.4121
1861.000       3.2179
1863.000       3.1972
1864.000       3.1062
1865.000       3.3927
1867.000       3.5897
1868.000       3.8151
1869.000       3.7659
1871.000       3.7933
1873.000       4.1041
1875.000       3.8662
1876.000       3.6585
1877.000       3.8881
1878.000       3.5293
1879.000       3.4448
1880.000       3.5769
1883.000       3.4217
1885.000       3.3512
1886.000       3.1218
1888.000       2.9043
1889.000       2.8945
1891.000       2.7208
1892.000       2.5892
1893.000       2.4217
1894.000       2.3575
1895.000       2.4126
1897.000       2.5640
1898.000       2.6239
1901.000       2.7188
1902.000       2.7135
1903.000       3.1865
1905.000       3.0823
1907.000       3.2746
1909.000       3.2955
1910.000       3.1681
1911.000       3.4029
1912.000       3.0668
1913.000       2.9920
1914.000       3.1158
1917.000       2.9832
1919.000       2.8710
1920.000       2.6951
1922.000       2.4870
1923.000       2.4600
1925.000       2.2965
1926.000       2.2016
1927.000       2.0672
1928.000       1.9925
1929.000       2.0983
1931.000       2.2424
1932.000       2.3192
1935.000       2.3627
1936.000       2.3316
1937.000       2.8316
1939.000       2.7340
1941.000       2.9117
1943.000       2.9795
1944.000       2.9340
1945.000       3.1845
1946.000       2.8450
1947.000       2.7999
1948.000       2.9292
1951.000       2.8310
1953.000       2.6683
1954.000       2.5533
1956.000       2.3629
1957.000       2.3180
1959.000       2.1706
1960.000       2.1145
1961.000       2.0134
1962.000       1.9394
1963.000       2.0766
1965.000       2.2138
1966.000       2.3221
1969.000       2.3012
1970.000       2.2439
1971.000       2.7783
1973.000       2.6819
1975.000       2.8565
1977.000       2.9842
1978.000       3.0268
1979.000       3.2989
1980.000       2.9521
1981.000       2.9340
1982.000       3.0651
1985.000       2.9912
1987.000       2.7985
1988.000       2.7238
1990.000       2.5323
1991.000       2.4796
1993.000       2.3329
1995.000       2.2364
1996.000       2.1303
1999.000       2.2996
2000.000       2.4493
2001.000       2.5535
2002.000       2.9913
2004.000       2.9027
2006.000       3.0833
2008.000       3.2175
2009.000       3.2895
2010.000       3.5678
2011.000       3.1969
2012.000       3.2139
2013.000       3.3661
2016.000       3.3033
2018.000       3.1051
2019.000       3.0293
2021.000       2.8257
2022.000       2.7535
2024.000       2.5863
2025.000       2.5486
2026.000       2.4336
2027.000       2.3011
2030.000       2.4980
2031.000       2.6621
2033.000       2.7701
2034.000       2.7038
2035.000       3.2990
2037.000       3.2112
2039.000       3.3955
2041.000       3.5243
2042.000       3.5810
2043.000       3.8568
2044.000       3.4838
2045.000       3.4890
2046.000       3.6224
2049.000       3.5352
2051.000       3.3324
2052.000       3.2326
2054.000       3.0226
2055.000       2.9659
2057.000       2.7896
2058.000       2.7229
2059.000       2.5760
2060.000       2.4421
2063.000       2.6058
2064.000       2.7713
2066.000       2.9106
2067.000       2.8741
2068.000       3.5333
2070.000       3.4004
2072.000       3.5645
2074.000       3.7703
