   2.000       3.3431
   3.000       2.9630
   6.000       2.8688
   8.000       3.1310
   9.000       3.6156
  11.000       4.1596
  12.000       4.7402
  14.000       5.4689
  15.000       5.3052
  16.000       5.9573
  17.000       6.8226
  18.000       5.6649
  20.000       4.9199
  21.000       4.9432
  24.000       4.3438
  25.000       4.5113
  26.000       2.8997
  28.000       3.5283
  30.000       3.9436
  32.000       2.8707
  33.000       2.7851
  34.000       3.0101
  35.000       2.6203
  36.000       2.8366
  37.000       3.1005
  40.000       3.2086
  42.000       3.2335
  43.000       3.2074
  45.000       2.9856
  46.000       2.8115
  48.000       2.7171
  49.000       2.8333
  50.000       2.8836
  51.000       2.8405
  52.000       3.0814
  54.000       3.2243
  55.000       3.4561
  58.000       3.2030
  59.000       2.9975
  60.000       3.0581
  62.000       3.1975
  64.000       3.5174
  66.000       3.1640
  67.000       3.0069
  68.000       3.2219
  69.000       2.8192
  70.000       2.9282
  71.000       3.1196
  74.000       3.0740
  76.000       3.0405
  77.000       2.9025
  79.000       2.6831
  80.000       2.5955
  82.000       2.4473
  83.000       2.4422
  84.000       2.3997
  85.000       2.3338
  88.000       2.5063
  89.000       2.6410
  91.000       2.6954
  92.000       2.5894
  93.000       2.8609
  95.000       2.8583
  97.000       3.0904
  99.000       2.9461
 100.000       2.8436
 101.000       3.1037
 102.000       2.7911
 103.000       2.6298
 104.000       2.6690
 107.000       2.5837
 109.000       2.5462
 110.000       2.3949
 112.000       2.2280
 113.000       2.2213
 115.000       2.0943
 116.000       2.0136
 117.000       1.9240
 118.000       1.8692
 121.000       1.9525
 122.000       2.0545
 124.000       2.1316
 125.000       2.1047
 126.000       2.4359
 128.000       2.3699
 130.000       2.5268
 132.000       2.5401
 133.000       2.4529
 134.000       2.6582
 135.000       2.5638
 136.000       2.1610
 137.000       1.9844
 140.000       1.9459
 142.000       1.8897
 143.000       1.8118
 145.000       1.6942
 146.000       1.7037
 148.000       1.6289
 149.000       1.5670
 150.000       1.5354
 151.000       1.5269
 154.000       1.5922
 155.000       1.6664
 157.000       1.6804
 158.000       1.6252
 159.000       1.8781
 161.000       1.8552
 163.000       2.0231
 165.000       1.9967
 166.000       2.0049
 167.000       2.1932
 168.000       2.0451
 169.000       1.8542
 170.000       1.8725
 173.000       1.7747
 175.000       1.7096
 176.000       1.6508
 178.000       1.5891
 179.000       1.6681
 181.000       1.6223
 182.000       1.5127
 183.000       1.4856
 184.000       1.5490
 185.000       1.4569
 187.000       1.4408
 188.000       1.4731
 191.000       1.4587
 192.000       1.4960
 193.000       1.7548
 195.000       1.7019
 197.000       1.7952
 199.000       1.8642
 200.000       1.9198
 201.000       2.0307
 202.000       2.2269
 203.000       1.7858
 204.000       1.6922
 207.000       1.6938
 209.000       1.6855
 210.000       1.6590
 212.000       1.5899
 213.000       1.5806
 215.000       1.5737
 217.000       1.5703
 218.000       1.6097
 219.000       1.6005
 221.000       1.6149
 222.000       1.7050
 223.000       1.6410
 225.000       1.6936
 227.000       1.8685
 229.000       1.7324
 230.000       1.7622
 231.000       1.9222
 232.000       1.7478
 233.000       1.7312
 234.000       1.7765
 237.000       1.7637
 239.000       1.7256
 240.000       1.6981
 242.000       1.6221
 243.000       1.5948
 245.000       1.5411
 246.000       1.5374
 247.000       1.5187
 248.000       1.5018
 249.000       1.5584
 251.000       1.6095
 252.000       1.6695
 255.000       1.6328
 256.000       1.5912
 257.000       1.7426
 259.000       1.7432
 261.000       1.8562
 263.000       1.8299
 264.000       1.8653
 265.000       2.0010
 266.000       1.8650
 267.000       1.8345
 268.000       1.8939
 271.000       1.8692
 273.000       1.8081
 274.000       1.7840
 276.000       1.7056
 277.000       1.6808
 279.000       1.6301
 281.000       1.5970
 282.000       1.5771
 283.000       1.6333
 285.000       1.6865
 286.000       1.7437
 287.000       1.8702
 289.000       1.8495
 291.000       1.9411
 293.000       1.9645
 294.000       1.9897
 295.000       2.1445
 296.000       1.9715
 297.000       1.9278
 298.000       1.9799
 301.000       1.9231
 303.000       1.8705
 304.000       1.8127
 306.000       1.7288
 307.000       1.7311
 309.000       1.6515
 310.000       1.5971
 311.000       1.5325
 312.000       1.4978
 313.000       1.5503
 315.000       1.6118
 316.000       1.6531
 319.000       1.6617
 320.000       1.6519
 321.000       1.8855
 323.000       1.8600
 325.000       1.9584
 327.000       1.9457
 328.000       1.9498
 329.000       2.0616
 330.000       1.9861
 331.000       1.8780
 332.000       1.9169
 335.000       1.8721
 337.000       1.8163
 338.000       1.7725
 340.000       1.7015
 341.000       1.7189
 343.000       1.6709
 345.000       1.6046
 346.000       1.5836
 347.000       1.6139
 349.000       1.6605
 350.000       1.7030
 351.000       1.8489
 353.000       1.8158
 355.000       1.8959
 357.000       1.9221
 358.000       1.9028
 359.000       2.0303
 360.000       1.8836
 361.000       1.8375
 362.000       1.9000
 365.000       1.8296
 367.000       1.7607
 368.000       1.6817
 370.000       1.6047
 371.000       1.6289
 373.000       1.5805
 375.000       1.4958
 376.000       1.4659
 379.000       1.4808
 380.000       1.5355
 381.000       1.5544
 382.000       1.7796
 384.000       1.7104
 386.000       1.7892
 388.000       1.8751
 389.000       1.8828
 390.000       2.0514
 391.000       1.8986
 392.000       1.7513
 393.000       1.7934
 396.000       1.6704
 398.000       1.6087
 399.000       1.5164
 401.000       1.4726
 402.000       1.5111
 404.000       1.4828
 406.000       1.4146
 407.000       1.4185
 408.000       1.3821
 410.000       1.4068
 411.000       1.3985
 412.000       1.5785
 414.000       1.5075
 416.000       1.5659
 418.000       1.6078
 419.000       1.5677
 420.000       1.6409
 421.000       1.5854
 422.000       1.4877
 423.000       1.4923
 426.000       1.4166
 428.000       1.4041
 429.000       1.3337
 431.000       1.3133
 432.000       1.3555
 434.000       1.3443
 435.000       1.2918
 436.000       1.2885
 437.000       1.3322
 440.000       1.2770
 441.000       1.2639
 443.000       1.2654
 444.000       1.2761
 445.000       1.3575
 447.000       1.3143
 449.000       1.3593
 451.000       1.3870
 452.000       1.3909
 453.000       1.4734
 454.000       1.4811
 455.000       1.3072
 456.000       1.2815
 459.000       1.2387
 461.000       1.2321
 462.000       1.2214
 464.000       1.2310
 465.000       1.2573
 467.000       1.2733
 468.000       1.2543
 469.000       1.2804
 470.000       1.3201
 471.000       1.2861
 473.000       1.2752
 474.000       1.3165
 477.000       1.2504
 478.000       1.2364
 479.000       1.2376
 481.000       1.2264
 483.000       1.2553
 485.000       1.2723
 486.000       1.3063
 487.000       1.3890
 488.000       1.3510
 489.000       1.2804
 490.000       1.2895
 493.000       1.2859
 495.000       1.2601
 496.000       1.2790
 498.000       1.2518
 499.000       1.2308
 501.000       1.2365
 502.000       1.2566
 503.000       1.2913
 504.000       1.3123
 505.000       1.3372
 507.000       1.3535
 508.000       1.4183
 511.000       1.3288
 512.000       1.2722
 513.000       1.3174
 515.000       1.3270
 517.000       1.3958
 519.000       1.4104
 520.000       1.4118
 521.000       1.6071
 522.000       1.4482
 523.000       1.5230
 524.000       1.6621
 527.000       1.4734
 529.000       1.4295
 530.000       1.4354
 532.000       1.3904
 533.000       1.3838
 535.000       1.3904
 536.000       1.3976
 537.000       1.4355
 538.000       1.4745
 539.000       1.4628
 541.000       1.4625
 542.000       1.5239
 545.000       1.4344
 546.000       1.3975
 547.000       1.4356
 549.000       1.4811
 551.000       1.6228
 553.000       1.5171
 554.000       1.5510
 555.000       1.7294
 556.000       1.5207
 557.000       1.5161
 558.000       1.6007
 561.000       1.5870
 563.000       1.5014
 564.000       1.4644
 566.000       1.3718
 567.000       1.3381
 569.000       1.2926
 571.000       1.2771
 572.000       1.2757
 573.000       1.3151
 575.000       1.3610
 576.000       1.4310
 577.000       1.6349
 579.000       1.5341
 581.000       1.6042
 583.000       1.7504
 584.000       1.8447
 585.000       2.0096
 586.000       1.9304
 587.000       1.8587
 588.000       2.0015
 591.000       2.0197
 593.000       2.0351
 594.000       2.0004
 596.000       1.8674
 597.000       1.7600
 599.000       1.6682
 601.000       1.6768
 602.000       1.6340
 603.000       1.8031
 605.000       1.9032
 606.000       2.0633
 607.000       1.9121
 609.000       1.9822
 611.000       2.1574
 613.000       1.9592
 614.000       1.8713
 615.000       1.9954
 616.000       1.7841
 617.000       1.8549
 618.000       1.9768
 621.000       1.9703
 623.000       1.9700
 624.000       1.8785
 626.000       1.7244
 627.000       1.6850
 629.000       1.5863
 631.000       1.5136
 632.000       1.4598
 635.000       1.5529
 636.000       1.6639
 637.000       1.7500
 638.000       1.8540
 640.000       1.8715
 642.000       2.0369
 644.000       1.9218
 645.000       1.8480
 646.000       2.0201
 647.000       1.7500
 648.000       1.7921
 649.000       1.9316
 652.000       1.8949
 654.000       1.8163
 655.000       1.7290
 657.000       1.5627
 658.000       1.5124
 660.000       1.4107
 662.000       1.3559
 663.000       1.3191
 666.000       1.4047
 667.000       1.5095
 668.000       1.6013
 669.000       1.8137
 671.000       1.7997
 673.000       1.9846
 675.000       1.9427
 676.000       1.9235
 677.000       2.1419
 678.000       1.8315
 679.000       1.8675
 680.000       2.0033
 683.000       1.9457
 685.000       1.8079
 686.000       1.7291
 688.000       1.5891
 689.000       1.5446
 691.000       1.4540
 692.000       1.4374
 693.000       1.4130
 694.000       1.3939
 695.000       1.4863
 697.000       1.5641
 698.000       1.6690
 701.000       1.5914
 702.000       1.5271
 703.000       1.9253
 705.000       1.8577
 707.000       1.9969
 709.000       2.1108
 710.000       2.1795
 711.000       2.4283
 712.000       2.1040
 713.000       2.1221
 714.000       2.2449
 717.000       2.2107
 719.000       2.0562
 720.000       2.0257
 722.000       1.8743
 723.000       1.8047
 725.000       1.6937
 727.000       1.6547
 728.000       1.5870
 731.000       1.7389
 732.000       1.8471
 733.000       1.9635
 734.000       2.2445
 736.000       2.1981
 738.000       2.3655
 740.000       2.4542
 741.000       2.5522
 742.000       2.8084
 743.000       2.4754
 744.000       2.5317
 745.000       2.6840
 748.000       2.6634
 750.000       2.4698
 751.000       2.4291
 753.000       2.2328
 754.000       2.1429
 756.000       2.0001
 757.000       1.9966
 758.000       1.9168
 759.000       1.8258
 760.000       2.0220
 762.000       2.1739
 763.000       2.3080
 766.000       2.2441
 767.000       2.1469
 768.000       2.7066
 770.000       2.6363
 772.000       2.8382
 774.000       2.9609
 775.000       3.0803
 776.000       3.3687
 777.000       3.0126
 778.000       3.0148
 779.000       3.1653
 782.000       3.1098
 784.000       2.8853
 785.000       2.8116
 787.000       2.5826
 788.000       2.5277
 790.000       2.3694
 792.000       2.2474
 793.000       2.1559
 794.000       2.3132
 796.000       2.4802
 797.000       2.5802
 798.000       3.1380
 800.000       3.0314
 802.000       3.2334
 804.000       3.4147
 805.000       3.5156
 806.000       3.8552
 807.000       3.4128
 808.000       3.4182
 809.000       3.6099
 812.000       3.4981
 814.000       3.2364
 815.000       3.1115
 817.000       2.8793
 818.000       2.8421
 820.000       2.6691
 821.000       2.5897
 822.000       2.4889
 823.000       2.4440
 824.000       2.5308
 826.000       2.6438
 827.000       2.7241
 830.000       2.7514
 831.000       2.7185
 832.000       3.5022
 834.000       3.3424
 836.000       3.5350
 838.000       3.8006
 839.000       3.9141
 840.000       4.2614
 841.000       3.8462
 842.000       3.7687
 843.000       3.8996
 846.000       3.7470
 848.000       3.4393
 849.000       3.3278
 851.000       3.1351
 852.000       3.1354
 854.000       3.0117
 856.000       2.9046
 857.000       2.8599
 860.000       2.9241
 861.000       3.0265
 862.000       3.0913
 863.000       3.7982
 865.000       3.5993
 867.000       3.7495
 869.000       4.1186
 870.000       4.3017
 871.000       4.6481
 872.000       4.2819
 873.000       4.1698
 874.000       4.2625
 877.000       4.1398
 879.000       3.8342
 880.000       3.7913
 882.000       3.6341
 883.000       3.6463
 885.000       3.5604
 887.000       3.4587
 888.000       3.4393
 889.000       3.4624
 891.000       3.5483
 892.000       3.6085
 893.000       4.2648
 895.000       4.0966
 897.000       4.2352
 899.000       4.5846
 900.000       4.7592
 901.000       5.0426
 902.000       4.6275
 903.000       4.8634
 904.000       5.0817
 907.000       5.3124
 909.000       5.7375
 910.000       5.8013
 912.000       6.2067
 913.000       6.1492
 915.000       6.6659
 917.000       7.2896
 918.000       7.8684
 919.000       7.2821
 921.000       6.7735
 922.000       6.9238
 923.000       5.0569
 925.000       5.3221
 927.000       5.4694
 929.000       5.1845
 930.000       5.1759
 931.000       5.2759
 932.000       5.5930
 933.000       4.8953
 934.000       4.8850
 937.000       4.6762
 939.000       4.4828
 940.000       4.5345
 942.000       4.5783
 943.000       4.7970
 945.000       4.9472
 947.000       4.8553
 948.000       5.0721
 951.000       4.6375
 952.000       4.4962
 953.000       4.3802
 954.000       4.8281
 956.000       4.7952
 958.000       4.9080
 960.000       4.7906
 961.000       5.0418
 962.000       5.3753
 963.000       5.0518
 964.000       4.9578
 965.000       4.6951
 968.000       4.7048
 970.000       4.7636
 971.000       4.6215
 973.000       4.4470
 974.000       4.5576
 976.000       4.4270
 977.000       4.1864
 978.000       3.9963
 979.000       4.0171
 980.000       3.8357
 982.000       3.8778
 983.000       3.7874
 986.000       4.0625
 987.000       4.2019
 988.000       4.4436
 990.000       4.4647
 992.000       4.7074
 994.000       4.5388
 995.000       4.4453
 996.000       4.5802
 997.000       4.6442
 998.000       4.2277
 999.000       4.1437
1002.000       3.9412
1004.000       3.9161
1005.000       3.6511
1007.000       3.4638
1008.000       3.4852
1010.000       3.3165
1011.000       3.1736
1012.000       3.0190
1013.000       2.9637
1014.000       3.0018
1016.000       3.1157
1017.000       3.1572
1020.000       3.2514
1021.000       3.2733
1022.000       3.6483
1024.000       3.5381
1026.000       3.6800
1028.000       3.6925
1029.000       3.4964
1030.000       3.6709
1031.000       3.4555
1032.000       3.2524
1033.000       3.3104
1036.000       3.1530
1038.000       3.1133
1039.000       2.9382
1041.000       2.7857
1042.000       2.8217
1044.000       2.7245
1046.000       2.5815
1047.000       2.5280
1050.000       2.5713
1051.000       2.6754
1052.000       2.7368
1053.000       2.9548
1055.000       2.8870
1057.000       3.0356
1059.000       3.0159
1060.000       2.9015
1061.000       3.0943
1062.000       2.8711
1063.000       2.7311
1064.000       2.8393
1067.000       2.7514
1069.000       2.6745
1070.000       2.5552
1072.000       2.3774
1073.000       2.3664
1075.000       2.2448
1076.000       2.1697
1077.000       2.1146
1078.000       2.0811
1081.000       2.1927
1082.000       2.3086
1084.000       2.3533
1085.000       2.2730
1086.000       2.6183
1088.000       2.5844
1090.000       2.7938
1092.000       2.7540
1093.000       2.6888
1094.000       2.9312
1095.000       2.6575
1096.000       2.5300
1097.000       2.6624
1100.000       2.5849
1102.000       2.4750
1103.000       2.4009
1105.000       2.2101
1106.000       2.1559
1108.000       2.0995
1110.000       2.0752
1111.000       2.1185
1114.000       2.1425
1115.000       2.2188
1116.000       2.4047
1117.000       2.4850
1119.000       2.4769
1121.000       2.7274
1123.000       2.6437
1124.000       2.6096
1125.000       2.8555
1126.000       2.5117
1127.000       2.5090
1128.000       2.6660
1131.000       2.5845
1133.000       2.4844
1134.000       2.3564
1136.000       2.1520
1137.000       2.0772
1139.000       1.9069
1140.000       1.8677
1141.000       1.7454
1142.000       1.6368
1143.000       1.8161
1145.000       1.9750
1146.000       2.0607
1149.000       2.0853
1150.000       2.0256
1151.000       2.4586
1153.000       2.3830
1155.000       2.5685
1157.000       2.6076
1158.000       2.5924
1159.000       2.8447
1160.000       2.5594
1161.000       2.3998
1162.000       2.4301
1165.000       2.2913
1167.000       2.0954
1168.000       1.9754
1170.000       1.7872
1171.000       1.7646
1173.000       1.6097
1174.000       1.5197
1175.000       1.4000
1176.000       1.3600
1177.000       1.4118
1179.000       1.5143
1180.000       1.5585
1183.000       1.6318
1184.000       1.6271
1185.000       2.3365
1187.000       2.1344
1189.000       2.1698
1191.000       2.4113
1192.000       2.6659
1193.000       2.9052
1194.000       2.7037
1195.000       2.6960
1196.000       2.6563
1199.000       2.8361
1201.000       3.1087
1202.000       3.2347
1204.000       3.4590
1205.000       3.6871
1207.000       4.0464
1208.000       4.0699
1209.000       4.5961
1210.000       4.9104
1213.000       5.1047
1214.000       5.1311
1216.000       4.5268
1217.000       3.9159
1218.000       2.8294
1220.000       3.1344
1222.000       3.3638
1224.000       2.8154
1225.000       2.6750
1226.000       2.7395
1227.000       2.9029
1228.000       2.5554
1229.000       2.5807
1232.000       2.3741
1234.000       2.2499
1235.000       2.0574
1237.000       1.8720
1238.000       1.8789
1240.000       1.7511
1242.000       1.6096
1243.000       1.5198
1246.000       1.6168
1247.000       1.7457
1248.000       1.7902
1249.000       2.1847
1251.000       2.0336
1253.000       2.1980
1255.000       2.3516
1256.000       2.2581
1257.000       2.4832
1258.000       2.0614
1259.000       2.2530
1260.000       2.4708
1263.000       2.5021
1265.000       2.4993
1266.000       2.4739
1268.000       2.3086
1269.000       2.1118
1271.000       1.9755
1273.000       2.0460
1274.000       1.9856
1275.000       2.2743
1277.000       2.4037
1278.000       2.6376
1279.000       2.3573
1281.000       2.4407
1283.000       2.6736
1285.000       2.4343
1286.000       2.3085
1287.000       2.4936
1288.000       2.2220
1289.000       2.1656
1290.000       2.1810
1293.000       2.0910
1295.000       2.0576
1296.000       1.9248
1298.000       1.7663
1299.000       1.7490
1301.000       1.6305
1302.000       1.5542
1303.000       1.4513
1304.000       1.3976
1305.000       1.4735
1307.000       1.5880
1308.000       1.6539
1311.000       1.6793
1312.000       1.6513
1313.000       1.9355
1315.000       1.9010
1317.000       2.0468
1319.000       1.9925
1320.000       1.8663
1321.000       2.0579
1322.000       1.7921
1323.000       1.7495
1324.000       1.8770
1327.000       1.8412
1329.000       1.7943
1330.000       1.7241
1332.000       1.5761
1333.000       1.5053
1335.000       1.4132
1336.000       1.4203
1337.000       1.3901
1338.000       1.3451
1339.000       1.4791
1341.000       1.5827
1342.000       1.6948
1345.000       1.6132
1346.000       1.5291
1347.000       1.7346
1349.000       1.7500
1351.000       1.9434
1353.000       1.8300
1354.000       1.7727
1355.000       1.9453
1356.000       1.6947
1357.000       1.7021
1358.000       1.8513
1361.000       1.8160
1363.000       1.7459
1364.000       1.7080
1366.000       1.5881
1367.000       1.5153
1369.000       1.4451
1371.000       1.4496
1372.000       1.4451
1373.000       1.5287
1375.000       1.5974
1376.000       1.7083
1377.000       1.7738
1379.000       1.7714
1381.000       1.9208
1383.000       1.8715
1384.000       1.8610
1385.000       1.9947
1386.000       1.8594
1387.000       1.7734
1388.000       1.8148
1391.000       1.7373
1393.000       1.6654
1394.000       1.5829
1396.000       1.5008
1397.000       1.5166
1399.000       1.4577
1401.000       1.3783
1402.000       1.3462
1405.000       1.3711
1406.000       1.4327
1407.000       1.4559
1408.000       1.6885
1410.000       1.6202
1412.000       1.7028
1414.000       1.7734
1415.000       1.8033
1416.000       1.9208
1417.000       1.8302
1418.000       1.7199
1419.000       1.7213
1422.000       1.6474
1424.000       1.5884
1425.000       1.5274
1427.000       1.4836
1428.000       1.5136
1430.000       1.4849
1432.000       1.4240
1433.000       1.4174
1436.000       1.3936
1437.000       1.4235
1438.000       1.4243
1439.000       1.6290
1441.000       1.5613
1443.000       1.5845
1445.000       1.6891
1446.000       1.7163
1447.000       1.8124
1448.000       1.7680
1449.000       1.6276
1450.000       1.6059
1453.000       1.5166
1455.000       1.4654
1456.000       1.4157
1458.000       1.4314
1459.000       1.4925
1461.000       1.5079
1462.000       1.4566
1463.000       1.4658
1464.000       1.5336
1467.000       1.4399
1468.000       1.3973
1470.000       1.3797
1471.000       1.4102
1472.000       1.5095
1474.000       1.4302
1476.000       1.4086
1478.000       1.5698
1479.000       1.6152
1480.000       1.7416
1481.000       1.6872
1482.000       1.5037
1483.000       1.4422
1486.000       1.3948
1488.000       1.3314
1489.000       1.2902
1491.000       1.2612
1492.000       1.2817
1494.000       1.2775
1495.000       1.2474
1496.000       1.2542
1497.000       1.2903
1500.000       1.2586
1501.000       1.2589
1503.000       1.2508
1504.000       1.2400
1505.000       1.3717
1507.000       1.3259
1509.000       1.3599
1511.000       1.4038
1512.000       1.4319
1513.000       1.6039
1514.000       1.5363
1515.000       1.3057
1516.000       1.2349
1519.000       1.1016
1521.000       1.1011
1522.000       1.0364
1524.000       1.0476
1525.000       1.1312
1527.000       1.1795
1528.000       1.1282
1529.000       1.2072
1530.000       1.3366
1531.000       1.1910
1533.000       1.1100
1534.000       1.1581
1537.000       1.0437
1538.000       1.0484
1539.000       1.0334
1541.000       1.0100
1543.000       1.0648
1545.000       1.0728
1546.000       1.0775
1547.000       1.2066
1548.000       1.0943
1549.000       1.0387
1550.000       1.0995
1553.000       1.0901
1555.000       1.0740
1556.000       1.0831
1558.000       1.0976
1559.000       1.0895
1561.000       1.1726
1563.000       1.2942
1564.000       1.4547
1565.000       1.3095
1567.000       1.2098
1568.000       1.2987
1569.000       1.0898
1571.000       1.0998
1573.000       1.1909
1575.000       1.1727
1576.000       1.2536
1577.000       1.2722
1578.000       1.4070
1579.000       1.3123
1580.000       1.2140
1583.000       1.2021
1585.000       1.2153
1586.000       1.2487
1588.000       1.2288
1589.000       1.2277
1591.000       1.2512
1592.000       1.2604
1593.000       1.3088
1594.000       1.3510
1595.000       1.3442
1597.000       1.3418
1598.000       1.4103
1601.000       1.3030
1602.000       1.2556
1603.000       1.1946
1605.000       1.2757
1607.000       1.4391
1609.000       1.2813
1610.000       1.3509
1611.000       1.5238
1612.000       1.3481
1613.000       1.3748
1614.000       1.4938
1617.000       1.5510
1619.000       1.5313
1620.000       1.5559
1622.000       1.4737
1623.000       1.4201
1625.000       1.3932
1626.000       1.4326
1627.000       1.4685
1628.000       1.4663
1631.000       1.5472
1632.000       1.5931
1634.000       1.5717
1635.000       1.4852
1636.000       1.5480
1638.000       1.6108
1640.000       1.7784
1642.000       1.6430
1643.000       1.6817
1644.000       1.8305
1645.000       1.6572
1646.000       1.6788
1647.000       1.7729
1650.000       1.7639
1652.000       1.7065
1653.000       1.6839
1655.000       1.5895
1656.000       1.5542
1658.000       1.4912
1660.000       1.4677
1661.000       1.4458
1664.000       1.5135
1665.000       1.5743
1666.000       1.6516
1667.000       1.7485
1669.000       1.7419
1671.000       1.8582
1673.000       1.8479
1674.000       1.8742
1675.000       2.0356
1676.000       1.8525
1677.000       1.8324
1678.000       1.9120
1681.000       1.8751
1683.000       1.8251
1684.000       1.7804
1686.000       1.6900
1687.000       1.6654
1689.000       1.5978
1690.000       1.5820
1691.000       1.5559
1692.000       1.5310
1695.000       1.5999
1696.000       1.6562
1698.000       1.6808
1699.000       1.6408
1700.000       1.8358
1702.000       1.8197
1704.000       1.9249
1706.000       1.9098
1707.000       1.9154
1708.000       2.0458
1709.000       1.9268
1710.000       1.8458
1711.000       1.8930
1714.000       1.8327
1716.000       1.7707
1717.000       1.7199
1719.000       1.6438
1720.000       1.6522
1722.000       1.5971
1724.000       1.5322
1725.000       1.5034
1728.000       1.5471
1729.000       1.6051
1730.000       1.6631
1731.000       1.8109
1733.000       1.7687
1735.000       1.8495
1737.000       1.9003
1738.000       1.9334
1739.000       2.0886
1740.000       1.9390
1741.000       1.8758
1742.000       1.9275
1745.000       1.8770
1747.000       1.8322
1748.000       1.7846
1750.000       1.7053
1751.000       1.6856
1753.000       1.6341
1754.000       1.6167
1755.000       1.5983
1756.000       1.5850
1759.000       1.6318
1760.000       1.6788
1762.000       1.7023
1763.000       1.6653
1764.000       1.8229
1766.000       1.8078
1768.000       1.9217
1770.000       1.9058
1771.000       1.8926
1772.000       2.0817
1773.000       1.8653
1774.000       1.8082
1775.000       1.8936
1778.000       1.8300
1780.000       1.7717
1781.000       1.6906
1783.000       1.5806
1784.000       1.5639
1786.000       1.5065
1787.000       1.4797
1788.000       1.4728
1789.000       1.4927
1790.000       1.5139
1792.000       1.5579
1793.000       1.6458
1796.000       1.5733
1797.000       1.5269
1798.000       1.7507
1800.000       1.7187
1802.000       1.8600
1804.000       1.8522
1805.000       1.8288
1806.000       2.0140
1807.000       1.8058
1808.000       1.7405
1809.000       1.8325
1812.000       1.7780
1814.000       1.6895
1815.000       1.6279
1817.000       1.5047
1818.000       1.4841
1820.000       1.4339
1821.000       1.4159
1822.000       1.4426
1823.000       1.4731
1826.000       1.5254
1827.000       1.5732
1829.000       1.5541
1830.000       1.4682
1831.000       1.7421
1833.000       1.7104
1835.000       1.8714
1837.000       1.8960
1838.000       1.9420
1839.000       2.1706
1840.000       1.9217
1841.000       1.8811
1842.000       2.0015
1845.000       1.9864
1847.000       1.8748
1848.000       1.8537
1850.000       1.7008
1851.000       1.6302
1853.000       1.5714
1855.000       1.5851
1856.000       1.6080
1859.000       1.6648
1860.000       1.7204
1861.000       1.8624
1862.000       1.9957
1864.000       2.0029
1866.000       2.2209
1868.000       2.1866
1869.000       2.2690
1870.000       2.5295
1871.000       2.2185
1872.000       2.2261
1873.000       2.3829
1876.000       2.3726
1878.000       2.2263
1879.000       2.2012
1881.000       2.0252
1882.000       1.9333
1884.000       1.8381
1885.000       1.8690
1886.000       1.8716
1887.000       1.8484
1888.000       1.9842
1890.000       2.0833
1891.000       2.2240
1894.000       2.0987
1895.000       1.9850
1896.000       2.4058
1898.000       2.3752
1900.000       2.5841
1902.000       2.6402
1903.000       2.7598
1904.000       3.0485
1905.000       2.6929
1906.000       2.7194
1907.000       2.8751
1910.000       2.8434
1912.000       2.6400
1913.000       2.6133
1915.000       2.4187
1916.000       2.3399
1918.000       2.2241
1920.000       2.1971
1921.000       2.1614
1924.000       2.2807
1925.000       2.3861
1926.000       2.5124
1927.000       2.9091
1929.000       2.8453
1931.000       3.0585
1933.000       3.1813
1934.000       3.3519
1935.000       3.6816
1936.000       3.2689
1937.000       3.3321
1938.000       3.5154
1941.000       3.4768
1943.000       3.2284
1944.000       3.1712
1946.000       2.9553
1947.000       2.8930
1949.000       2.7454
1950.000       2.7169
1951.000       2.6635
1952.000       2.6099
1955.000       2.7482
1956.000       2.8559
1958.000       2.9184
1959.000       2.8448
1960.000       3.5391
1962.000       3.4234
1964.000       3.6282
1966.000       3.8485
1967.000       4.0044
1968.000       4.3511
1969.000       3.9562
1970.000       3.8916
1971.000       4.0170
1974.000       3.8918
1976.000       3.6159
1977.000       3.5315
1979.000       3.3584
1980.000       3.3740
1982.000       3.2810
1984.000       3.1803
1985.000       3.1706
1986.000       3.1866
1988.000       3.2687
1989.000       3.3399
1990.000       3.9630
1992.000       3.7900
1994.000       3.9253
1996.000       4.2537
1997.000       4.4443
1998.000       4.7569
1999.000       4.3518
2000.000       4.4686
2001.000       4.7307
2004.000       4.8285
2006.000       4.9062
2007.000       4.7680
2009.000       4.7530
2010.000       4.6881
2012.000       4.7647
2014.000       4.9207
2015.000       5.0852
2016.000       5.0063
2018.000       4.9357
2019.000       5.1368
2020.000       4.6275
2022.000       4.4859
2024.000       4.4550
2026.000       4.8493
2027.000       5.0227
2028.000       5.3342
2029.000       5.1233
2030.000       4.7759
2031.000       4.7023
2034.000       4.5600
2036.000       4.2795
2037.000       4.3504
2039.000       4.2421
2040.000       4.2638
2042.000       4.2598
2044.000       4.2363
2045.000       4.3302
2048.000       4.2295
2049.000       4.2259
2050.000       4.3062
2051.000       4.8223
2053.000       4.7224
2055.000       4.9086
2057.000       4.8708
2058.000       5.1238
2059.000       5.4759
2060.000       5.2549
2061.000       4.8719
2062.000       4.9349
2065.000       4.6676
2067.000       4.5443
2068.000       4.2266
2070.000       4.2137
2071.000       4.3482
2073.000       4.4255
2074.000       4.3209
2075.000       4.4375
2076.000       4.6557
2077.000       4.4079
2079.000       4.3059
2080.000       4.4307
2083.000       4.2025
2084.000       4.1982
2085.000       4.3974
2087.000       4.1618
2089.000       3.9163
2091.000       4.4025
2092.000       4.2753
2093.000       4.5593
2094.000       4.2745
2095.000       3.9637
2096.000       4.0101
2099.000       3.7500
2101.000       3.6594
2102.000       3.4127
2104.000       3.2409
2105.000       3.2626
2107.000       3.1613
2109.000       3.0251
2110.000       2.9901
2111.000       3.0148
2113.000       3.1181
2114.000       3.1596
2115.000       3.5118
2117.000       3.3420
2119.000       3.4521
2121.000       3.6091
2122.000       3.4829
2123.000       3.7151
2124.000       3.4015
2125.000       3.2885
2126.000       3.3546
2129.000       3.2126
2131.000       3.1445
2132.000       2.9656
2134.000       2.7868
2135.000       2.7828
2137.000       2.6327
2138.000       2.5228
2139.000       2.3821
2140.000       2.3052
2141.000       2.3926
2143.000       2.5224
2144.000       2.5889
2147.000       2.6416
2148.000       2.6290
2149.000       3.0311
2151.000       2.9433
2153.000       3.1011
2155.000       3.1311
2156.000       3.0373
2157.000       3.2402
2158.000       2.9732
2159.000       2.8803
2160.000       2.9656
2163.000       2.8426
2165.000       2.7550
2166.000       2.6052
2168.000       2.4280
2169.000       2.4481
2171.000       2.3237
2173.000       2.1608
2174.000       2.0706
2177.000       2.1574
2178.000       2.2962
2179.000       2.3559
2180.000       2.6991
2182.000       2.6174
2184.000       2.7755
2186.000       2.8132
2187.000       2.7517
2188.000       2.9763
2189.000       2.6979
2190.000       2.5933
2191.000       2.6988
2194.000       2.5776
2196.000       2.4734
2197.000       2.3190
2199.000       2.1448
2200.000       2.1576
2202.000       2.0175
2203.000       1.8961
2204.000       1.7618
2205.000       1.7089
2206.000       1.7575
2208.000       1.8754
2209.000       1.9269
2212.000       1.9917
2213.000       1.9903
2214.000       2.4412
2216.000       2.3461
2218.000       2.5052
2220.000       2.5698
2221.000       2.5095
2222.000       2.7291
2223.000       2.4905
2224.000       2.3157
2225.000       2.3763
2228.000       2.2212
2230.000       2.1157
2231.000       1.9736
2233.000       1.8419
2234.000       1.8753
2236.000       1.8135
2238.000       1.6937
2239.000       1.6892
2240.000       1.6677
2242.000       1.7458
2243.000       1.7936
2244.000       2.1114
2246.000       2.0093
2248.000       2.1425
2250.000       2.2269
2251.000       2.2003
2252.000       2.4151
2253.000       2.2172
2254.000       2.0212
2255.000       2.0711
2258.000       1.9510
2260.000       1.8475
2261.000       1.7994
2263.000       1.6436
2264.000       1.6889
2266.000       1.6502
2268.000       1.5658
2269.000       1.6300
2270.000       1.5230
2272.000       1.5588
2273.000       1.6182
2274.000       1.8946
2276.000       1.9533
2278.000       2.2674
2280.000       1.9877
2281.000       1.9199
2282.000       1.9995
2283.000       2.0263
2284.000       1.8567
2285.000       1.8856
2288.000       1.7574
2290.000       1.7640
2291.000       1.6228
2293.000       1.5656
2294.000       1.6793
2296.000       1.6437
2297.000       1.4702
2298.000       1.3696
2299.000       1.4169
2302.000       1.2770
2303.000       1.2980
2305.000       1.3760
2306.000       1.4444
2307.000       1.6083
2309.000       1.5457
2311.000       1.6308
2313.000       1.6641
2314.000       1.6579
2315.000       1.7916
2316.000       1.7648
2317.000       1.5005
2318.000       1.4573
2321.000       1.3378
2323.000       1.2821
2324.000       1.2075
2326.000       1.2319
2327.000       1.3555
2329.000       1.4391
2331.000       1.3801
2332.000       1.5039
2335.000       1.2497
2336.000       1.1848
2337.000       1.1509
2338.000       1.3462
2340.000       1.2775
2342.000       1.3433
2344.000       1.4451
2345.000       1.5418
2346.000       1.7909
2347.000       1.6416
2348.000       1.3767
2349.000       1.4198
2352.000       1.3372
2354.000       1.2157
2355.000       1.1898
2357.000       1.1179
2358.000       1.1590
2360.000       1.1930
2361.000       1.1698
2362.000       1.2898
2363.000       1.4466
2366.000       1.3571
2367.000       1.3151
2369.000       1.2176
2370.000       1.1309
2371.000       1.3764
2373.000       1.3278
2375.000       1.4769
2377.000       1.5542
2378.000       1.6646
2379.000       1.7832
2380.000       1.7829
2381.000       1.6875
2382.000       1.7233
2385.000       1.7943
2387.000       1.7959
2388.000       1.8466
2390.000       1.7534
2391.000       1.7111
2393.000       1.6577
2395.000       1.6439
2396.000       1.6174
2399.000       1.7178
2400.000       1.7744
2401.000       1.8860
2402.000       1.8575
2404.000       1.9445
2406.000       2.0962
2408.000       1.9570
2409.000       2.0088
2410.000       2.1517
2411.000       1.9741
2412.000       2.0325
2413.000       2.1633
2416.000       2.2062
2418.000       2.1382
2419.000       2.1279
2421.000       1.9823
2422.000       1.8989
2424.000       1.7953
2426.000       1.7718
2427.000       1.6976
2430.000       1.8555
2431.000       1.9647
2432.000       2.0702
2433.000       2.2135
2435.000       2.2316
2437.000       2.4065
2439.000       2.3609
2440.000       2.3874
2441.000       2.5872
2442.000       2.3075
2443.000       2.3431
2444.000       2.4652
2447.000       2.4051
2449.000       2.2854
2450.000       2.1942
2452.000       2.0525
2453.000       2.0233
2455.000       1.9101
2456.000       1.8527
2457.000       1.7483
2458.000       1.6907
2459.000       1.7506
2461.000       1.8440
2462.000       1.8491
2465.000       1.9483
2466.000       1.9431
2467.000       2.3656
2469.000       2.2752
2471.000       2.3863
2473.000       2.5127
2474.000       2.5396
2475.000       2.7514
2476.000       2.4777
2477.000       2.4695
2478.000       2.5222
2481.000       2.4618
2483.000       2.3437
2484.000       2.2743
2486.000       2.1431
2487.000       2.1150
2489.000       2.0256
2490.000       1.9888
2491.000       1.9322
2492.000       1.9000
2493.000       1.9661
2495.000       2.0399
2496.000       2.1051
2499.000       2.0950
2500.000       2.0634
2501.000       2.4271
2503.000       2.3619
2505.000       2.4884
2507.000       2.5696
2508.000       2.5858
2509.000       2.7930
2510.000       2.5436
2511.000       2.4691
2512.000       2.5424
2515.000       2.4112
2517.000       2.2985
2518.000       2.1776
2520.000       2.0871
2521.000       2.1152
2523.000       2.0304
2524.000       1.9307
2525.000       1.8281
2526.000       1.7975
2529.000       1.7890
2530.000       1.8478
2532.000       1.9368
2533.000       1.9720
2534.000       2.3533
2536.000       2.2333
2538.000       2.2883
2540.000       2.4574
2541.000       2.4728
2542.000       2.6408
2543.000       2.4945
2544.000       2.3239
2545.000       2.3249
2548.000       2.1819
2550.000       2.0794
2551.000       1.9709
2553.000       1.9346
2554.000       2.0004
2556.000       1.9551
2557.000       1.8451
2558.000       1.7671
2559.000       1.7749
2560.000       1.7057
2562.000       1.7166
2563.000       1.6898
2566.000       1.7806
2567.000       1.8406
2568.000       2.1495
2570.000       2.0115
2572.000       2.0122
2574.000       2.2380
2575.000       2.2959
2576.000       2.4061
2577.000       2.3946
2578.000       2.1720
2579.000       2.1119
2582.000       2.0022
2584.000       1.9085
2585.000       1.8733
2587.000       1.9068
2588.000       1.9825
2590.000       2.0159
2591.000       1.9578
2592.000       1.9745
2593.000       2.0544
2594.000       1.9157
2596.000       1.8616
2597.000       1.8466
2600.000       1.8499
2601.000       1.8928
2602.000       2.0606
2604.000       1.9711
2606.000       1.9419
2608.000       2.1421
2609.000       2.2488
2610.000       2.4047
2611.000       2.3124
2612.000       2.1486
2613.000       2.1496
2616.000       2.0861
2618.000       1.9824
2619.000       1.9429
2621.000       1.8878
2622.000       1.9132
2624.000       1.8617
2625.000       1.7928
2626.000       1.7263
2627.000       1.7152
2628.000       1.6938
2630.000       1.7288
2631.000       1.7183
2634.000       1.7908
2635.000       1.8156
2636.000       2.1224
2638.000       2.0428
2640.000       2.0826
2642.000       2.2388
2643.000       2.3086
2644.000       2.4898
2645.000       2.3392
2646.000       2.2069
2647.000       2.2223
2650.000       2.1515
2652.000       2.0647
2653.000       2.0159
2655.000       1.9388
2656.000       1.9482
2658.000       1.8784
2659.000       1.8164
2660.000       1.7412
2661.000       1.7012
2664.000       1.7245
2665.000       1.7805
2667.000       1.8477
2668.000       1.8587
2669.000       2.1609
2671.000       2.0958
2673.000       2.1564
2675.000       2.2515
2676.000       2.2824
2677.000       2.4086
2678.000       2.2920
2679.000       2.2032
2680.000       2.2272
2683.000       2.1515
2685.000       2.0751
2686.000       2.0173
2688.000       1.9429
2689.000       1.9904
2691.000       1.9530
2693.000       1.8571
2694.000       1.8363
2695.000       1.8128
2697.000       1.8518
2698.000       1.8278
2699.000       2.1420
2701.000       2.0984
2703.000       2.1771
2705.000       2.2104
2706.000       2.3842
2707.000       2.6846
2708.000       2.7681
2709.000       2.1953
2710.000       2.2016
2713.000       2.0555
2715.000       1.9733
2716.000       1.8587
2718.000       1.7708
2719.000       1.8384
2721.000       1.7684
2722.000       1.6369
2723.000       1.5453
2724.000       1.5481
2727.000       1.5061
2728.000       1.5533
2730.000       1.6262
2731.000       1.6569
2732.000       1.9762
2734.000       1.8692
2736.000       1.9679
2738.000       2.0736
2739.000       2.0627
2740.000       2.1656
2741.000       2.1070
2742.000       1.9545
2743.000       1.9364
2746.000       1.8206
2748.000       1.7580
2749.000       1.6786
2751.000       1.6838
2752.000       1.7743
2754.000       1.7825
2755.000       1.6871
2756.000       1.6744
2757.000       1.7478
2758.000       1.6021
2760.000       1.5499
2761.000       1.5135
2764.000       1.5616
2765.000       1.6289
2766.000       1.7834
2768.000       1.6856
2770.000       1.6627
2772.000       1.8124
2773.000       1.8198
2774.000       1.8769
2775.000       1.8639
2776.000       1.7391
2777.000       1.7147
2780.000       1.6230
2782.000       1.5841
2783.000       1.5238
2785.000       1.5471
2786.000       1.6226
2788.000       1.6353
2789.000       1.5600
2790.000       1.5518
2791.000       1.6125
2794.000       1.5020
2795.000       1.4571
2797.000       1.4605
2798.000       1.5094
2799.000       1.6044
2801.000       1.5234
2803.000       1.4844
2805.000       1.6233
2806.000       1.6251
2807.000       1.6732
2808.000       1.6903
2809.000       1.5447
2810.000       1.4975
2813.000       1.4273
2815.000       1.4170
2816.000       1.3883
2818.000       1.4331
2819.000       1.4992
2821.000       1.5424
2822.000       1.4992
2823.000       1.5255
2824.000       1.5949
2827.000       1.5002
2828.000       1.4478
2830.000       1.4143
2831.000       1.4378
2832.000       1.4197
2834.000       1.3791
2836.000       1.3582
2838.000       1.4340
2839.000       1.4506
2840.000       1.5033
2841.000       1.4999
2842.000       1.4041
2843.000       1.4079
2846.000       1.3599
2848.000       1.3559
2849.000       1.3488
2851.000       1.4155
2852.000       1.6709
2854.000       1.7895
2855.000       1.5877
2856.000       1.6992
2857.000       1.9059
2858.000       1.7400
2860.000       1.7490
2861.000       2.1164
2864.000       1.5680
2865.000       1.4357
2866.000       1.3619
2868.000       1.3666
2870.000       1.4393
2872.000       1.3680
2873.000       1.4031
2874.000       1.4436
2875.000       1.4356
2876.000       1.4174
2877.000       1.4356
2880.000       1.4804
2882.000       1.4714
2883.000       1.5159
2885.000       1.5049
2886.000       1.4575
2888.000       1.4629
2890.000       1.5235
2891.000       1.5526
2894.000       1.5747
2895.000       1.5642
2896.000       1.6288
2897.000       1.5429
2899.000       1.5814
2901.000       1.6396
2903.000       1.6104
2904.000       1.7459
2905.000       1.8768
2906.000       2.0212
2907.000       1.6907
2908.000       1.7086
2911.000       1.6815
2913.000       1.7023
2914.000       1.6671
2916.000       1.6580
2917.000       1.6770
2919.000       1.7040
2921.000       1.7037
2922.000       1.7630
2925.000       1.6916
2926.000       1.6714
2927.000       1.7036
2928.000       1.6192
2930.000       1.6334
2932.000       1.7359
2934.000       1.6694
2935.000       1.5775
2936.000       1.7039
2937.000       1.5313
2938.000       1.5152
2939.000       1.5560
2942.000       1.5256
2944.000       1.5803
2945.000       1.5450
2947.000       1.5305
2948.000       1.5122
2950.000       1.5316
2952.000       1.5778
2953.000       1.6421
2956.000       1.5928
2957.000       1.5652
2958.000       1.6019
2959.000       1.4224
2961.000       1.4643
2963.000       1.5468
2965.000       1.4122
2966.000       1.3082
2967.000       1.3950
2968.000       1.4252
2969.000       1.2904
2970.000       1.2376
2973.000       1.2465
2975.000       1.2817
2976.000       1.3507
2978.000       1.3871
2979.000       1.3883
2981.000       1.4362
2982.000       1.4703
2983.000       1.5533
2984.000       1.6111
2987.000       1.6074
2988.000       1.5815
2990.000       1.5080
2991.000       1.4488
2992.000       1.3163
2994.000       1.3703
2996.000       1.4808
2998.000       1.3435
2999.000       1.3432
3000.000       1.3887
3001.000       1.4459
3002.000       1.2860
3003.000       1.3032
3006.000       1.3206
3008.000       1.4136
3009.000       1.4025
3011.000       1.3378
3012.000       1.4935
3014.000       1.4713
3015.000       1.2698
3016.000       1.2206
3017.000       1.3514
3018.000       1.1011
3020.000       1.0583
3021.000       1.0661
3024.000       1.1081
3025.000       1.1970
3026.000       1.2864
3028.000       1.4891
3030.000       2.0186
3032.000       1.4320
3033.000       1.4382
3034.000       1.5578
3035.000       1.6189
3036.000       1.3222
3037.000       1.3003
3040.000       1.2778
3042.000       1.3060
3043.000       1.3490
3045.000       1.3791
3046.000       1.3756
3048.000       1.4695
3049.000       1.5365
3050.000       1.6918
3051.000       1.8012
3052.000       1.7720
3054.000       1.7212
3055.000       1.8540
3058.000       1.5844
3059.000       1.4891
3060.000       1.2948
3062.000       1.3764
3064.000       1.4773
3066.000       1.3444
3067.000       1.4219
3068.000       1.5312
3069.000       1.4538
3070.000       1.4562
3071.000       1.5165
3074.000       1.5692
3076.000       1.5562
3077.000       1.5975
3079.000       1.5620
3080.000       1.5074
3082.000       1.4857
3084.000       1.5242
3085.000       1.5285
3088.000       1.5927
3089.000       1.6135
3090.000       1.7091
3091.000       1.6139
3093.000       1.6790
3095.000       1.8162
3097.000       1.7047
3098.000       1.8045
3099.000       1.9193
3100.000       1.8463
3101.000       1.8462
3102.000       1.9094
3105.000       1.9642
3107.000       1.9618
3108.000       1.9812
3110.000       1.8944
3111.000       1.8213
3113.000       1.7567
3114.000       1.7936
3115.000       1.7832
3116.000       1.7269
3117.000       1.8758
3119.000       1.9707
3120.000       2.0740
3123.000       1.9841
3124.000       1.8890
3125.000       1.9859
3127.000       2.0349
3129.000       2.1541
3131.000       2.0632
3132.000       2.0933
3133.000       2.2182
3134.000       2.0371
3135.000       2.1124
3136.000       2.2211
3139.000       2.2234
3141.000       2.1657
3142.000       2.1316
3144.000       2.0155
3145.000       1.9501
3147.000       1.8611
3148.000       1.8656
3149.000       1.8055
3150.000       1.7384
3151.000       1.8538
3153.000       1.9557
3154.000       2.0089
3157.000       2.0177
3158.000       1.9646
3159.000       2.1939
3161.000       2.1874
3163.000       2.3135
3165.000       2.2914
3166.000       2.2806
3167.000       2.4385
3168.000       2.2395
3169.000       2.2170
3170.000       2.3142
3173.000       2.2522
3175.000       2.1722
3176.000       2.0867
3178.000       1.9808
3179.000       1.9761
3181.000       1.9200
3182.000       1.8737
3183.000       1.8458
3184.000       1.8579
3185.000       1.8612
3187.000       1.9012
3188.000       1.9612
3191.000       1.9320
3192.000       1.9145
3193.000       2.1951
3195.000       2.1367
3197.000       2.2536
3199.000       2.3054
3200.000       2.3113
3201.000       2.4689
3202.000       2.3208
3203.000       2.2022
3204.000       2.2530
3207.000       2.1759
3209.000       2.0702
3210.000       2.0258
3212.000       1.9648
3213.000       2.0135
3215.000       2.0224
3217.000       1.9835
3218.000       2.0477
3219.000       1.9351
3221.000       1.9241
3222.000       1.9376
3223.000       2.2081
3225.000       2.1329
3227.000       2.1825
3229.000       2.2712
3230.000       2.3406
3231.000       2.5440
3232.000       2.5913
3233.000       2.2669
3234.000       2.3695
3237.000       2.2459
3239.000       2.2560
3240.000       2.0996
3242.000       1.9790
3243.000       2.0641
3245.000       1.9673
3246.000       1.7997
3247.000       1.6808
3248.000       1.6768
3251.000       1.6389
3252.000       1.6990
3254.000       1.7803
3255.000       1.8230
3256.000       2.0846
3258.000       2.0393
3260.000       2.1586
3262.000       2.1312
3263.000       2.0732
3264.000       2.1872
3265.000       2.1434
3266.000       1.9109
3267.000       1.8659
3270.000       1.7112
3272.000       1.6906
3273.000       1.5581
3275.000       1.5835
3276.000       1.7469
3278.000       1.7737
3279.000       1.6023
3280.000       1.5728
3281.000       1.6970
3282.000       1.4362
3284.000       1.3486
3285.000       1.2937
3288.000       1.3743
3289.000       1.4913
3290.000       1.6415
3292.000       1.5298
3294.000       1.5197
3296.000       1.6863
3297.000       1.7210
3298.000       1.8637
3299.000       1.8250
3300.000       1.6087
3301.000       1.5909
3304.000       1.5245
3306.000       1.4270
3307.000       1.3957
3309.000       1.3946
3310.000       1.5039
3312.000       1.5241
3313.000       1.4181
3314.000       1.4324
3315.000       1.5439
3316.000       1.3568
3318.000       1.2818
3319.000       1.2768
3322.000       1.2736
3323.000       1.3383
3324.000       1.5981
3326.000       1.5201
3328.000       1.5575
3330.000       1.7379
3331.000       1.9061
3332.000       2.1061
3333.000       1.9803
3334.000       1.8506
3335.000       1.8897
3338.000       1.8779
3340.000       1.7563
3341.000       1.7574
3343.000       1.6494
3344.000       1.6261
3346.000       1.5725
3348.000       1.5315
3349.000       1.5350
3350.000       1.5609
3352.000       1.6272
3353.000       1.7208
3354.000       1.9686
3356.000       1.9352
3358.000       2.0563
3360.000       2.1490
3361.000       2.2772
3362.000       2.5117
3363.000       2.2526
3364.000       2.2559
3365.000       2.3804
3368.000       2.3601
3370.000       2.1999
3371.000       2.1968
3373.000       2.0573
3374.000       2.0223
3376.000       1.9458
3378.000       1.9148
3379.000       1.9122
3380.000       1.9714
3382.000       2.0380
3383.000       2.1394
3384.000       2.4236
3386.000       2.3892
3388.000       2.5744
3390.000       2.6348
3391.000       2.7976
3392.000       3.0473
3393.000       2.8090
3394.000       2.7581
3395.000       2.8779
3398.000       2.8925
3400.000       2.7114
3401.000       2.7520
3403.000       2.5960
3404.000       2.5390
3406.000       2.4825
3408.000       2.4898
3409.000       2.5265
3410.000       2.5693
3412.000       2.6254
3413.000       2.7865
3414.000       3.0224
3416.000       2.9720
3418.000       3.2392
3420.000       3.3148
