   2.000       5.3060
   3.000       4.8005
   6.000       4.3093
   8.000       4.7023
   9.000       4.6662
  11.000       5.3623
  12.000       5.9017
  14.000       6.6091
  16.000       6.8403
  17.000       7.5132
  18.000       6.4069
  20.000       5.6981
  21.000       5.5908
  22.000       4.0528
  24.000       4.4469
  26.000       4.4963
  28.000       3.6369
  29.000       3.4258
  30.000       3.5919
  31.000       3.8529
  32.000       3.0182
  33.000       2.8350
  36.000       2.5949
  38.000       2.4388
  39.000       2.1379
  41.000       1.8137
  42.000       1.8753
  44.000       1.6954
  45.000       1.4499
  46.000       1.3377
  47.000       1.4503
  48.000       1.3246
  50.000       1.4312
  51.000       1.6169
  54.000       1.5561
  55.000       1.5405
  56.000       2.3109
  58.000       2.1748
  60.000       2.5187
  62.000       2.5642
  63.000       2.5173
  64.000       2.9057
  65.000       2.4935
  66.000       2.1630
  67.000       2.2795
  70.000       2.0064
  72.000       1.7838
  73.000       1.5024
  75.000       1.2323
  76.000       1.3219
  78.000       1.2582
  80.000       1.0823
  81.000       1.2156
  84.000       0.9996
  85.000       1.0742
  86.000       1.2005
  87.000       1.7900
  89.000       1.5691
  91.000       1.8218
  93.000       2.0158
  94.000       1.9562
  95.000       2.2541
  96.000       2.0136
  97.000       1.6264
  98.000       1.5778
 101.000       1.4015
 103.000       1.2700
 104.000       1.1606
 106.000       1.0550
 107.000       1.0705
 109.000       1.1202
 111.000       1.1835
 112.000       1.3655
 113.000       1.1883
 115.000       1.1237
 116.000       1.2689
 117.000       1.2696
 119.000       1.2043
 121.000       1.4095
 123.000       1.4084
 124.000       1.3277
 125.000       1.4886
 126.000       1.4640
 127.000       1.1568
 128.000       1.1369
 131.000       1.0286
 133.000       0.9770
 134.000       0.9057
 136.000       0.8697
 137.000       0.9284
 139.000       0.9132
 141.000       0.8397
 142.000       0.8682
 145.000       0.8125
 146.000       0.8260
 147.000       0.8654
 148.000       0.9947
 150.000       0.9326
 152.000       0.9985
 154.000       1.0556
 155.000       1.0714
 156.000       1.1979
 157.000       1.1295
 158.000       0.9854
 159.000       1.0013
 162.000       0.9436
 164.000       0.9269
 165.000       0.8926
 167.000       0.8529
 168.000       0.8594
 170.000       0.8480
 172.000       0.8224
 173.000       0.8455
 176.000       0.8341
 177.000       0.8497
 178.000       0.9042
 179.000       0.9083
 181.000       0.9046
 183.000       0.9869
 185.000       0.9554
 186.000       0.9703
 187.000       1.0802
 188.000       0.9804
 189.000       0.9553
 190.000       1.0119
 193.000       1.0128
 195.000       0.9777
 196.000       0.9677
 198.000       0.9178
 199.000       0.9133
 201.000       0.9125
 203.000       0.9184
 204.000       0.9679
 205.000       0.9371
 207.000       0.9384
 208.000       1.0107
 209.000       1.0111
 211.000       1.0212
 213.000       1.1437
 215.000       1.1216
 216.000       1.1458
 217.000       1.5139
 218.000       1.4687
 219.000       1.0569
 220.000       1.0051
 223.000       0.9529
 225.000       0.9163
 226.000       0.8884
 228.000       0.8939
 229.000       0.9726
 231.000       1.0078
 232.000       0.9456
 233.000       0.9941
 234.000       1.0932
 237.000       1.0120
 238.000       0.9792
 240.000       0.9156
 241.000       0.8919
 242.000       0.9705
 244.000       0.9159
 246.000       0.9542
 248.000       1.0353
 249.000       1.0814
 250.000       1.2506
 251.000       1.1771
 252.000       1.2799
 253.000       1.2688
 256.000       1.0322
 258.000       1.0559
 259.000       0.9326
 261.000       0.9544
 262.000       1.0752
 264.000       1.1425
 265.000       1.0400
 266.000       1.0894
 267.000       1.2415
 268.000       1.0090
 270.000       0.9145
 271.000       0.9096
 274.000       0.8825
 275.000       0.9327
 276.000       0.9848
 278.000       1.0102
 280.000       1.2881
 282.000       1.1588
 283.000       1.3786
 284.000       1.6976
 285.000       1.8074
 286.000       1.2871
 287.000       1.2620
 290.000       1.1492
 292.000       1.1365
 293.000       1.0394
 295.000       0.9421
 296.000       0.9235
 298.000       0.8716
 300.000       0.8451
 301.000       0.8766
 302.000       0.8806
 304.000       0.9265
 305.000       1.0118
 306.000       1.0244
 308.000       1.0100
 310.000       1.1532
 312.000       1.0755
 313.000       1.0532
 314.000       1.2086
 315.000       1.0860
 316.000       0.9693
 317.000       1.0403
 320.000       0.9980
 322.000       0.9805
 323.000       0.9226
 325.000       0.8302
 326.000       0.8176
 328.000       0.7773
 329.000       0.7541
 330.000       0.7652
 331.000       0.7931
 334.000       0.8181
 335.000       0.8587
 337.000       0.8599
 338.000       0.7986
 339.000       0.9210
 341.000       0.9278
 343.000       1.0763
 345.000       1.0119
 346.000       1.0246
 347.000       1.1983
 348.000       1.0721
 349.000       0.9421
 350.000       0.9876
 353.000       0.9498
 355.000       0.9009
 356.000       0.8593
 358.000       0.7741
 359.000       0.7806
 361.000       0.7556
 363.000       0.7150
 364.000       0.7515
 367.000       0.7274
 368.000       0.7605
 369.000       0.8484
 370.000       0.9456
 372.000       0.9259
 374.000       1.0608
 376.000       1.0723
 377.000       1.1229
 378.000       1.2970
 379.000       1.1533
 380.000       1.0658
 381.000       1.1363
 384.000       1.1193
 386.000       1.0363
 387.000       1.0032
 389.000       0.8801
 390.000       0.8885
 392.000       0.8580
 393.000       0.8047
 394.000       0.8174
 395.000       0.8955
 396.000       0.8259
 398.000       0.8344
 399.000       0.9007
 402.000       0.8401
 403.000       0.8154
 404.000       1.1458
 406.000       1.1299
 408.000       1.2952
 410.000       1.3268
 411.000       1.4253
 412.000       1.6565
 413.000       1.4321
 414.000       1.3991
 415.000       1.5492
 418.000       1.4480
 420.000       1.5177
 421.000       1.4758
 423.000       1.4915
 424.000       1.5556
 426.000       1.6833
 427.000       1.7104
 428.000       1.9281
 429.000       2.1180
 432.000       2.0593
 433.000       1.9847
 435.000       1.7722
 436.000       1.6208
 437.000       1.2769
 439.000       1.3851
 441.000       1.5680
 443.000       1.2799
 444.000       1.1507
 445.000       1.2930
 446.000       1.1115
 447.000       1.1104
 448.000       1.2186
 451.000       1.2261
 453.000       1.2648
 454.000       1.2454
 456.000       1.1807
 457.000       1.0994
 459.000       1.1313
 460.000       1.2430
 461.000       1.3961
 462.000       1.4639
 463.000       1.5497
 465.000       1.5637
 466.000       1.7618
 469.000       1.4410
 470.000       1.2752
 471.000       1.1262
 473.000       1.2127
 475.000       1.3898
 477.000       1.1752
 478.000       1.1183
 479.000       1.2481
 480.000       1.0176
 481.000       1.1575
 482.000       1.2999
 485.000       1.3699
 487.000       1.3788
 488.000       1.4077
 490.000       1.2983
 491.000       1.1601
 493.000       1.1129
 494.000       1.2610
 495.000       1.3944
 496.000       1.3751
 499.000       1.6231
 500.000       1.7037
 502.000       1.5951
 503.000       1.3788
 504.000       1.3458
 506.000       1.4400
 508.000       1.6317
 510.000       1.4658
 511.000       1.4518
 512.000       1.7619
 513.000       1.5964
 514.000       1.3563
 515.000       1.4044
 518.000       1.2986
 520.000       1.2334
 521.000       1.1177
 523.000       1.0023
 524.000       1.0092
 526.000       0.9197
 527.000       0.8360
 528.000       0.7601
 529.000       0.7544
 530.000       0.7591
 532.000       0.8368
 533.000       0.8991
 536.000       0.9139
 537.000       0.8987
 538.000       1.1913
 540.000       1.1317
 542.000       1.2528
 544.000       1.2773
 545.000       1.2622
 546.000       1.4247
 547.000       1.3273
 548.000       1.1158
 549.000       1.1122
 552.000       0.9730
 554.000       0.8899
 555.000       0.7913
 557.000       0.7834
 558.000       0.8785
 560.000       0.8820
 561.000       0.7860
 562.000       0.8032
 563.000       0.9053
 564.000       0.7709
 566.000       0.7248
 567.000       0.7677
 570.000       0.7004
 571.000       0.7303
 572.000       0.9349
 574.000       0.8251
 576.000       0.8357
 578.000       1.0091
 579.000       1.0291
 580.000       1.1540
 581.000       1.1450
 582.000       1.0215
 583.000       1.1931
 586.000       1.0296
 588.000       0.9560
 589.000       0.9421
 591.000       0.9036
 592.000       0.9016
 594.000       0.9441
 595.000       0.9684
 596.000       1.0783
 597.000       1.1649
 600.000       1.1721
 601.000       1.1623
 603.000       1.0671
 604.000       0.9597
 605.000       0.9730
 607.000       1.0007
 609.000       1.1873
 611.000       1.0878
 612.000       1.1388
 613.000       1.3267
 614.000       1.1679
 615.000       1.1174
 616.000       1.1989
 619.000       1.2428
 621.000       1.2356
 622.000       1.2880
 624.000       1.2387
 625.000       1.1688
 627.000       1.1918
 629.000       1.2908
 630.000       1.3817
 633.000       1.3743
 634.000       1.3495
 635.000       1.4912
 636.000       1.2585
 638.000       1.3438
 640.000       1.5085
 642.000       1.3568
 643.000       1.3583
 644.000       1.5306
 645.000       1.3748
 646.000       1.2706
 647.000       1.3461
 650.000       1.3107
 652.000       1.2824
 653.000       1.2542
 655.000       1.1958
 656.000       1.1813
 658.000       1.2365
 660.000       1.3058
 661.000       1.4611
 664.000       1.3406
 665.000       1.2850
 666.000       1.4217
 667.000       1.2513
 669.000       1.2755
 671.000       1.4344
 673.000       1.3331
 674.000       1.2920
 675.000       1.4366
 676.000       1.3052
 677.000       1.1983
 678.000       1.2553
 681.000       1.2034
 683.000       1.1595
 684.000       1.0981
 686.000       1.0030
 687.000       1.0001
 689.000       0.9458
 690.000       0.8981
 691.000       0.8601
 692.000       0.8764
 693.000       0.8611
 695.000       0.9066
 696.000       0.9419
 699.000       0.9537
 700.000       0.9397
 701.000       1.1500
 703.000       1.1271
 705.000       1.2628
 707.000       1.2605
 708.000       1.2867
 709.000       1.4850
 710.000       1.3011
 711.000       1.1985
 712.000       1.2654
 715.000       1.1931
 717.000       1.1002
 718.000       1.0476
 720.000       0.9314
 721.000       0.9377
 723.000       0.8880
 724.000       0.8341
 725.000       0.8141
 726.000       0.8555
 727.000       0.8083
 729.000       0.8273
 730.000       0.8557
 733.000       0.8629
 734.000       0.8584
 735.000       1.2112
 737.000       1.1728
 739.000       1.4348
 741.000       1.4131
 744.000       3.6107
 745.000       3.5425
 748.000       3.2059
 750.000       2.9586
 751.000       2.5761
 753.000       2.2837
 754.000       2.4140
 756.000       2.1814
 757.000       1.8204
 758.000       1.5002
 759.000       1.5071
 760.000       1.3084
 762.000       1.4557
 763.000       1.4467
 766.000       1.7558
 767.000       1.9029
 768.000       2.9898
 770.000       2.6696
 772.000       2.8786
 774.000       3.2908
 775.000       3.3654
 776.000       3.7652
 777.000       3.4589
 778.000       2.9700
 779.000       2.9625
 782.000       2.6202
 784.000       2.2440
 785.000       2.0136
 787.000       1.8597
 788.000       2.1135
 790.000       2.1598
 792.000       1.9595
 793.000       2.1479
 794.000       1.6839
 796.000       1.6255
 797.000       1.5504
 798.000       2.6557
 800.000       2.3285
 802.000       2.5469
 804.000       2.9611
 805.000       3.2491
 806.000       3.8087
 807.000       3.4348
 808.000       2.8666
 809.000       2.9556
 812.000       2.7301
 814.000       2.3405
 815.000       2.2629
 817.000       2.0805
 818.000       2.1507
 820.000       2.1470
 821.000       2.0445
 822.000       2.1610
 823.000       2.3688
 824.000       2.2016
 826.000       2.1654
 827.000       2.3749
 830.000       2.0863
 831.000       2.0071
 832.000       2.8358
 834.000       2.6006
 836.000       2.9118
 838.000       3.2784
