   2.000       3.2590
   3.000       3.2182
   6.000       3.0595
   8.000       3.0549
   9.000       2.8633
  11.000       2.6796
  12.000       2.7066
  14.000       2.5551
  15.000       2.4146
  16.000       2.2604
  17.000       2.1980
  18.000       2.2412
  20.000       2.3571
  21.000       2.3881
  24.000       2.4842
  25.000       2.5035
  26.000       2.8391
  28.000       2.7977
  30.000       2.9691
  32.000       2.9023
  33.000       2.7700
  34.000       2.9721
  35.000       2.7412
  36.000       2.5577
  37.000       2.6142
  40.000       2.4502
  42.000       2.3809
  43.000       2.1917
  45.000       2.0495
  46.000       2.1140
  48.000       2.0217
  50.000       1.8373
  51.000       1.7875
  52.000       1.7915
  54.000       1.8992
  55.000       1.9169
  56.000       2.2876
  58.000       2.1664
  60.000       2.2725
  62.000       2.3650
  63.000       2.2917
  64.000       2.4690
  65.000       2.3075
  66.000       2.0861
  67.000       2.1252
  70.000       1.9507
  72.000       1.8828
  73.000       1.7089
  75.000       1.6084
  76.000       1.7079
  78.000       1.6171
  79.000       1.4365
  80.000       1.3188
  81.000       1.3346
  84.000       1.2718
  85.000       1.3244
  87.000       1.4023
  88.000       1.4496
  89.000       1.8031
  91.000       1.6835
  93.000       1.7619
  95.000       1.8630
  96.000       1.8123
  97.000       1.9742
  98.000       1.8898
  99.000       1.6030
 100.000       1.5921
 103.000       1.4303
 105.000       1.3657
 106.000       1.2428
 108.000       1.1917
 109.000       1.3034
 111.000       1.3099
 113.000       1.1882
 114.000       1.2430
 117.000       1.1100
 118.000       1.1143
 119.000       1.1467
 120.000       1.3407
 122.000       1.2579
 124.000       1.3458
 126.000       1.4091
 127.000       1.4303
 128.000       1.5809
 129.000       1.5262
 130.000       1.2770
 131.000       1.2673
 134.000       1.1626
 136.000       1.1104
 137.000       1.0408
 139.000       0.9938
 140.000       1.0647
 142.000       1.0216
 143.000       0.9127
 144.000       0.8584
 145.000       0.8922
 146.000       0.8188
 148.000       0.8318
 149.000       0.8492
 152.000       0.8780
 153.000       0.9088
 154.000       1.1331
 156.000       1.0807
 158.000       1.1557
 160.000       1.2058
 161.000       1.2375
 162.000       1.3851
 163.000       1.3247
 164.000       1.1089
 165.000       1.1141
 168.000       1.0154
 170.000       0.9804
 171.000       0.9048
 173.000       0.8693
 174.000       0.9295
 176.000       0.9221
 177.000       0.8450
 178.000       0.8412
 179.000       0.8977
 182.000       0.8389
 183.000       0.8360
 185.000       0.8302
 186.000       0.8254
 187.000       0.9568
 189.000       0.9091
 191.000       0.9856
 193.000       1.0087
 194.000       0.9943
 195.000       1.1249
 196.000       1.0732
 197.000       0.8587
 198.000       0.8442
 201.000       0.7506
 203.000       0.7460
 204.000       0.7215
 206.000       0.7092
 207.000       0.7192
 209.000       0.7324
 210.000       0.7262
 211.000       0.7647
 212.000       0.8076
 215.000       0.8038
 216.000       0.8091
 218.000       0.7746
 219.000       0.7238
 220.000       0.7208
 222.000       0.7175
 224.000       0.8105
 226.000       0.7832
 227.000       0.8044
 228.000       0.9790
 229.000       0.8680
 230.000       0.8494
 231.000       1.1302
 234.000       0.8840
 236.000       0.9182
 237.000       0.8070
 239.000       0.7160
 240.000       0.7326
 242.000       0.7116
 243.000       0.6639
 244.000       0.6850
 245.000       0.7557
 246.000       0.7081
 248.000       0.7220
 249.000       0.8023
 252.000       0.7219
 253.000       0.6770
 254.000       0.8566
 256.000       0.9020
 258.000       1.3198
 260.000       1.1381
 261.000       1.1932
 262.000       1.6021
 263.000       1.3186
 264.000       1.1930
 265.000       1.3398
 268.000       1.3808
 270.000       1.2416
 271.000       1.2752
 273.000       1.1974
 274.000       1.2146
 276.000       1.1904
 277.000       1.1433
 278.000       1.1609
 279.000       1.2244
 280.000       1.1807
 282.000       1.1848
 283.000       1.2682
 286.000       1.1768
 287.000       1.1499
 288.000       1.4602
 290.000       1.3888
 292.000       1.5680
 294.000       1.6083
 295.000       1.6916
 296.000       1.7916
 297.000       2.0217
 298.000       1.4644
 299.000       1.5329
 302.000       1.5047
 304.000       1.6089
 305.000       1.6652
 307.000       1.9447
 308.000       2.2603
 310.000       2.6532
 311.000       2.6846
 312.000       3.2665
 313.000       3.6999
 316.000       3.6382
 317.000       3.4597
 319.000       2.8287
 320.000       2.3859
 321.000       1.4645
 323.000       1.5757
 325.000       1.9340
 327.000       1.7672
 328.000       1.6477
 329.000       1.8027
 330.000       1.8654
 331.000       1.3687
 332.000       1.3168
 335.000       1.2010
 337.000       1.1685
 338.000       1.0781
 340.000       0.9514
 341.000       0.9621
 343.000       0.8930
 344.000       0.8174
 345.000       0.7695
 346.000       0.7628
 349.000       0.8042
 350.000       0.8814
 352.000       0.9159
 353.000       0.8719
 354.000       1.2068
 356.000       1.1570
 358.000       1.3469
 360.000       1.4229
 361.000       1.5591
 362.000       1.9372
 363.000       1.6008
 364.000       1.3817
 365.000       1.4982
 368.000       1.3439
 370.000       1.1774
 371.000       1.0224
 373.000       0.8474
 374.000       0.9037
 376.000       0.8692
 377.000       0.7514
 378.000       0.8116
 379.000       0.9714
 380.000       0.8455
 382.000       0.8535
 383.000       1.0313
 386.000       0.8234
 387.000       0.7485
 388.000       1.2768
 390.000       1.1279
 392.000       1.3159
 394.000       1.4732
 395.000       1.5089
 396.000       1.7957
 397.000       1.5180
 398.000       1.3413
 399.000       1.4467
 402.000       1.3405
 404.000       1.1853
 405.000       1.0903
 407.000       0.9956
 408.000       1.0619
 410.000       1.0751
 411.000       1.0093
 412.000       1.1247
 413.000       1.2746
 414.000       1.1854
 416.000       1.1569
 417.000       1.3452
 420.000       1.0623
 421.000       0.9731
 422.000       1.3411
 424.000       1.2022
 426.000       1.2595
 428.000       1.4341
 429.000       1.6489
 430.000       1.9214
 431.000       1.8889
 432.000       1.6089
 433.000       1.5946
 436.000       1.7546
 438.000       1.7965
 439.000       2.0759
 441.000       2.1816
 442.000       2.0416
 444.000       2.2906
 446.000       2.6868
 447.000       3.0105
 448.000       2.8214
 450.000       2.6063
 451.000       2.9002
 452.000       2.0150
 454.000       2.1227
 456.000       2.5002
 458.000       2.2872
 459.000       2.4475
 460.000       2.4418
 461.000       2.8465
 462.000       2.3703
 463.000       2.4493
 466.000       2.1569
 468.000       2.2692
 469.000       2.3834
 471.000       2.7962
 472.000       3.0460
 474.000       3.5442
 476.000       3.8462
 477.000       4.3678
 478.000       3.6225
 480.000       3.1203
 481.000       3.1193
 482.000       2.1573
 484.000       2.4288
 486.000       2.6709
 488.000       2.0292
 489.000       1.9911
 490.000       2.2157
 491.000       2.2001
 492.000       1.6907
 493.000       1.6731
 496.000       1.4735
 498.000       1.4973
 499.000       1.3530
 501.000       1.4225
 502.000       1.5868
 504.000       1.7563
 506.000       1.7519
 507.000       1.9637
 508.000       1.6062
 510.000       1.4625
 511.000       1.5182
 512.000       1.3022
 514.000       1.2715
 516.000       1.3461
 518.000       1.3862
 519.000       1.4828
 520.000       1.7929
 521.000       1.5812
 522.000       1.3689
 523.000       1.5585
 526.000       1.4978
 528.000       1.4523
 529.000       1.3566
 531.000       1.0647
 532.000       1.0580
 534.000       0.9675
 535.000       0.8305
 536.000       0.8327
 537.000       1.0040
 538.000       0.8292
 540.000       0.9078
 541.000       1.0854
 544.000       0.9900
 545.000       0.9026
 546.000       1.3797
 548.000       1.4690
 550.000       1.8667
 552.000       1.5503
 553.000       1.5717
 554.000       1.7900
 555.000       1.5959
 556.000       1.4671
 557.000       1.5759
 560.000       1.4933
 562.000       1.4017
 563.000       1.2757
 565.000       1.1702
 566.000       1.3556
 568.000       1.3229
 569.000       1.0662
 570.000       1.0655
 571.000       1.3165
 572.000       0.9064
 574.000       0.7747
 575.000       0.8102
 578.000       0.8412
 579.000       0.9601
 580.000       1.4717
 582.000       1.5266
 584.000       1.9010
 586.000       1.6951
 587.000       1.7909
 588.000       2.1953
 589.000       1.9044
 590.000       1.6263
 591.000       1.8238
 594.000       1.7688
 596.000       2.0402
 597.000       2.0609
 599.000       2.4774
 600.000       2.5977
 602.000       3.0784
 604.000       3.5057
 605.000       4.0073
 606.000       3.4068
 608.000       2.9140
 609.000       2.9846
 610.000       1.6171
 612.000       1.8120
 614.000       1.9963
 616.000       1.7455
 617.000       1.8501
 618.000       2.3991
 619.000       2.2920
 620.000       1.3858
 621.000       1.2792
 624.000       1.1852
 626.000       1.2573
 627.000       1.3982
 629.000       1.4669
 630.000       1.5402
 632.000       1.6463
 633.000       1.6514
 634.000       1.8122
 635.000       1.9820
 638.000       1.8727
 639.000       1.7716
 641.000       1.6072
 642.000       1.5499
 643.000       1.2693
 645.000       1.4321
 647.000       1.8392
 649.000       1.5016
 650.000       1.3514
 651.000       1.4164
 652.000       1.5533
 653.000       1.1710
 654.000       1.0556
 657.000       1.0012
 659.000       1.1760
 660.000       1.3179
 662.000       1.6471
 663.000       1.8183
 665.000       2.2038
 667.000       2.4472
 668.000       2.8349
 669.000       2.3114
 671.000       1.9400
 672.000       1.9891
 673.000       1.0399
 675.000       1.2169
 677.000       1.4205
 679.000       1.0537
 680.000       1.0683
 681.000       1.1767
 682.000       1.2595
 683.000       0.9194
 684.000       0.9010
 687.000       0.7667
 689.000       0.7144
 690.000       0.6735
 692.000       0.6785
 693.000       0.7712
 695.000       0.8003
 696.000       0.7107
 697.000       0.7388
 698.000       0.8435
 699.000       0.7125
 701.000       0.6912
 702.000       0.7613
 705.000       0.6719
 706.000       0.6600
 707.000       0.7493
 709.000       0.7121
 711.000       0.7941
 713.000       0.8687
 714.000       0.7416
 715.000       0.8742
 716.000       0.8007
 717.000       0.7698
 718.000       0.6833
 721.000       0.6087
 723.000       0.6655
 724.000       0.6753
 726.000       0.6377
 727.000       0.6670
 729.000       0.6646
 730.000       0.6263
 731.000       0.6440
 732.000       0.7055
 733.000       0.6511
 735.000       0.6496
 736.000       0.7109
 739.000       0.6417
 740.000       0.6191
 741.000       0.6878
 743.000       0.7494
 745.000       0.9538
 747.000       0.7883
 748.000       0.7868
 749.000       0.7830
 750.000       0.9116
 751.000       0.8107
 752.000       0.7905
 755.000       0.7721
 757.000       0.7580
 758.000       0.7784
 760.000       0.7464
 761.000       0.8167
 763.000       0.8128
 764.000       0.7120
 765.000       0.6880
 766.000       0.7741
 767.000       0.6193
 769.000       0.5879
 770.000       0.5852
 773.000       0.6243
 774.000       0.6721
 775.000       0.8384
 777.000       0.8080
 779.000       0.9450
 781.000       0.9644
 782.000       1.0886
 783.000       1.1994
 784.000       1.2892
 785.000       0.9814
 786.000       0.9689
 789.000       0.9460
 791.000       0.9005
 792.000       0.8937
 794.000       0.8177
 795.000       0.8214
 797.000       0.7897
 798.000       0.7542
 799.000       0.7629
 800.000       0.8016
 801.000       0.8073
 803.000       0.8480
 804.000       0.9535
 807.000       0.8428
 808.000       0.7866
 809.000       0.9978
 811.000       1.0051
 813.000       1.1886
 815.000       1.1152
 816.000       1.6171
 817.000       2.4197
 818.000       2.2331
 819.000       1.3053
 820.000       1.3840
 823.000       1.3018
 825.000       1.4731
 826.000       1.6427
 828.000       2.0482
 829.000       2.1016
 831.000       2.5906
 833.000       3.0828
 834.000       3.6012
 835.000       3.0873
 837.000       2.6161
 838.000       2.8458
 839.000       1.2951
 841.000       1.5619
 843.000       1.9841
 845.000       1.4259
 846.000       1.3849
 847.000       1.6895
 848.000       1.4032
 849.000       1.3588
 850.000       1.3845
 853.000       1.3750
 855.000       1.4288
 856.000       1.4076
 858.000       1.3568
 859.000       1.3510
 861.000       1.3920
 862.000       1.4292
 863.000       1.5841
 864.000       1.6875
 867.000       1.7426
 868.000       1.7463
 870.000       1.6038
 871.000       1.4333
 872.000       1.2984
 874.000       1.3796
 876.000       1.5451
 878.000       1.3660
 879.000       1.3633
 880.000       1.5522
 881.000       1.3244
 882.000       1.3447
 883.000       1.4726
 886.000       1.4749
 888.000       1.3954
 889.000       1.3369
 891.000       1.1741
 892.000       1.0917
 894.000       0.9909
 895.000       0.9892
 896.000       0.9686
 897.000       0.9334
 898.000       1.1300
 900.000       1.3038
 901.000       1.5365
 904.000       1.3149
 905.000       1.1422
 906.000       1.4582
 908.000       1.4355
 910.000       1.6216
 912.000       1.6421
 913.000       1.7706
 914.000       2.1148
 915.000       1.9612
 916.000       1.6152
 917.000       1.6717
 920.000       1.5808
 922.000       1.4146
 923.000       1.3267
 925.000       1.1866
 926.000       1.2061
 928.000       1.1820
 930.000       1.1385
 931.000       1.2204
 932.000       1.1344
 934.000       1.1620
 935.000       1.2690
 936.000       1.6000
 938.000       1.5011
 940.000       1.6639
 942.000       1.8367
 943.000       1.6624
 944.000       1.7063
 945.000       1.9837
 946.000       1.4869
 947.000       1.3842
 950.000       1.2612
 952.000       1.2229
 953.000       1.0908
 955.000       0.9462
 956.000       0.9651
 958.000       0.8773
 960.000       0.7787
 961.000       0.7679
 962.000       0.8360
 964.000       0.9053
 965.000       1.0231
 966.000       1.1603
 968.000       1.0888
 970.000       1.2397
 972.000       1.2994
 973.000       1.3488
 974.000       1.5684
 975.000       1.4511
 976.000       1.1842
 977.000       1.2096
 980.000       1.1402
 982.000       1.1368
 983.000       1.0572
 985.000       0.9915
 986.000       1.0118
 988.000       0.9820
 989.000       0.9270
 990.000       0.9185
 991.000       0.9596
 992.000       0.9183
 994.000       0.9317
 995.000       0.9927
 998.000       0.9482
 999.000       0.9399
1000.000       1.0661
1002.000       1.0381
1004.000       1.1413
1006.000       1.1299
1007.000       1.1048
1008.000       1.2394
1009.000       1.1453
1010.000       0.9979
1011.000       1.0151
1014.000       0.9642
1016.000       0.9743
1017.000       0.9200
1019.000       0.8673
1020.000       0.8868
1022.000       0.8835
1024.000       0.8612
1025.000       0.9083
1026.000       0.8570
1028.000       0.8613
1029.000       0.9228
1030.000       0.9028
1032.000       0.9250
1034.000       1.0517
1036.000       0.9575
1037.000       0.9584
1038.000       1.1133
1039.000       1.0296
1040.000       0.8779
1041.000       0.9214
1044.000       0.8924
1046.000       0.8866
1047.000       0.8612
1049.000       0.8147
1050.000       0.8302
1052.000       0.8515
1054.000       0.8524
1055.000       0.9316
1058.000       0.8495
1059.000       0.8307
1060.000       0.9005
1061.000       0.8649
1063.000       0.9082
1065.000       1.0651
1067.000       0.9526
1068.000       0.9999
1069.000       1.1787
1070.000       1.0628
1071.000       0.9383
1072.000       1.0005
1075.000       0.9758
1077.000       0.9354
1078.000       0.9059
1080.000       0.8252
1081.000       0.8237
1083.000       0.8036
1084.000       0.7891
1085.000       0.8345
1086.000       0.9021
1087.000       0.8758
1089.000       0.8794
1090.000       0.9673
1093.000       0.8547
1094.000       0.8039
1095.000       0.9770
1097.000       0.9778
1099.000       1.1266
1101.000       1.1171
1102.000       1.2034
1103.000       1.4227
1104.000       1.2431
1105.000       1.1547
1106.000       1.2478
1109.000       1.2312
1111.000       1.1311
1112.000       1.1299
1114.000       1.0389
1115.000       1.0064
1117.000       0.9936
1119.000       1.0308
1120.000       1.1087
1121.000       1.0690
1123.000       1.0735
1124.000       1.1785
1125.000       1.2755
1127.000       1.2787
1129.000       1.4619
1131.000       1.4581
1132.000       1.5682
1133.000       1.8039
1134.000       1.5651
1135.000       1.5385
1136.000       1.6662
1139.000       1.6746
1141.000       1.5480
1142.000       1.5636
1144.000       1.4230
1145.000       1.3668
1147.000       1.3183
1148.000       1.3518
1149.000       1.4195
1150.000       1.4554
1153.000       1.5356
1154.000       1.5751
1156.000       1.5324
1157.000       1.4165
1158.000       1.7541
1160.000       1.7610
1162.000       2.1447
1164.000       2.0789
1165.000       2.3222
1166.000       2.6739
1167.000       2.3248
1168.000       2.3420
1169.000       2.5435
1172.000       2.5787
1174.000       2.3101
1175.000       2.3458
1177.000       2.1590
1178.000       2.0736
1180.000       1.9900
1182.000       2.0058
1183.000       2.0132
1186.000       2.1018
1187.000       2.1713
1188.000       2.3189
1189.000       2.7443
1191.000       2.6098
1193.000       2.8883
1195.000       3.1765
