   2.000       2.4971
   3.000       2.4087
   6.000       2.2649
   8.000       2.1774
   9.000       2.1590
  11.000       2.1572
  12.000       2.2659
  14.000       2.3009
  15.000       2.2001
  16.000       2.2392
  17.000       2.3687
  20.000       2.2239
  21.000       2.1677
  23.000       2.1141
  24.000       2.1250
  25.000       2.3790
  27.000       2.3490
  29.000       2.4174
  31.000       2.3980
  32.000       2.2631
  33.000       2.4280
  34.000       2.1952
  35.000       2.1306
  36.000       2.2209
  39.000       2.1191
  41.000       2.1334
  42.000       2.0316
  44.000       1.9626
  45.000       2.0421
  47.000       1.9996
  48.000       1.8746
  49.000       1.8089
  50.000       1.8548
  51.000       1.7262
  53.000       1.7184
  54.000       1.6920
  57.000       1.7809
  58.000       1.8526
  59.000       1.9687
  61.000       1.9312
  63.000       2.0169
  65.000       1.9876
  66.000       1.9765
  67.000       2.1010
  68.000       2.0208
  69.000       1.9828
  70.000       2.0862
  73.000       2.1041
  75.000       2.0695
  76.000       2.1088
  78.000       2.0449
  79.000       1.9716
  81.000       1.9864
  83.000       2.0797
  84.000       2.1665
  87.000       2.1589
  88.000       2.1432
  89.000       2.2750
  90.000       2.0911
  92.000       2.1706
  94.000       2.3703
  96.000       2.2040
  97.000       2.2377
  98.000       2.4117
  99.000       2.2027
 100.000       2.2005
 101.000       2.2742
 104.000       2.2475
 106.000       2.1738
 107.000       2.1461
 109.000       2.0407
 110.000       1.9899
 112.000       1.9069
 114.000       1.8746
 115.000       1.8349
 116.000       1.9405
 118.000       2.0211
 119.000       2.1023
 120.000       2.2364
 122.000       2.2224
 124.000       2.3528
 126.000       2.3516
 127.000       2.3900
 128.000       2.5590
 129.000       2.3539
 130.000       2.3437
 131.000       2.4370
 134.000       2.4015
 136.000       2.3036
 137.000       2.2589
 139.000       2.1356
 140.000       2.1052
 142.000       2.0123
 144.000       1.9434
 145.000       1.8705
 148.000       1.9850
 149.000       2.0818
 150.000       2.1557
 151.000       2.3882
 153.000       2.3477
 155.000       2.4785
 157.000       2.5138
 158.000       2.5457
 159.000       2.7213
 160.000       2.5045
 161.000       2.4851
 162.000       2.5750
 165.000       2.5101
 167.000       2.4266
 168.000       2.3395
 170.000       2.2178
 171.000       2.2029
 173.000       2.0956
 174.000       2.0315
 175.000       1.9319
 176.000       1.8806
 177.000       1.9332
 179.000       2.0206
 180.000       2.0412
 183.000       2.1143
 184.000       2.1106
 185.000       2.4508
 187.000       2.3896
 189.000       2.4977
 191.000       2.5486
 192.000       2.5148
 193.000       2.6679
 194.000       2.4958
 195.000       2.3980
 196.000       2.4494
 199.000       2.3366
 201.000       2.2665
 202.000       2.1515
 204.000       2.0586
 205.000       2.1071
 207.000       2.0447
 209.000       1.9273
 210.000       1.8950
 213.000       1.8889
 214.000       1.9526
 215.000       1.9517
 216.000       2.2434
 218.000       2.1543
 220.000       2.2156
 222.000       2.3102
 223.000       2.2609
 224.000       2.4124
 225.000       2.2491
 226.000       2.1447
 227.000       2.2329
 230.000       2.0912
 232.000       2.0326
 233.000       1.9435
 235.000       1.8526
 236.000       1.8814
 238.000       1.8299
 240.000       1.7486
 241.000       1.7263
 244.000       1.7330
 245.000       1.7843
 246.000       1.8135
 247.000       2.0125
 249.000       1.9597
 251.000       2.0548
 253.000       2.0935
 254.000       1.9438
 255.000       2.1598
 256.000       1.9389
 257.000       1.8595
 258.000       1.7472
 261.000       1.6751
 263.000       1.6330
 264.000       1.6009
 266.000       1.5506
 267.000       1.5112
 269.000       1.4955
 270.000       1.5206
 271.000       1.5551
 272.000       1.5626
 275.000       1.6247
 276.000       1.6609
 278.000       1.6404
 279.000       1.5606
 280.000       1.7378
 282.000       1.7043
 284.000       1.7764
 286.000       1.7568
 287.000       1.8989
 288.000       1.9773
 289.000       2.0813
 290.000       1.8916
 291.000       1.8470
 294.000       1.9799
 296.000       1.9861
 297.000       2.1146
 299.000       2.0853
 300.000       2.1332
 302.000       2.1241
 303.000       2.0592
 304.000       2.0553
 305.000       2.1056
 306.000       2.0356
 308.000       2.0318
 309.000       2.0624
 312.000       2.0407
 313.000       2.0450
 314.000       2.1842
 316.000       2.2296
 318.000       2.4930
 320.000       2.3902
 321.000       2.5057
 322.000       2.6852
 323.000       2.7509
 324.000       2.4518
 325.000       2.5136
 328.000       2.6188
 330.000       2.7147
 331.000       2.8835
 333.000       3.1596
 334.000       3.1554
 336.000       3.6195
 338.000       4.0959
 339.000       4.6142
 340.000       4.0689
 342.000       3.6515
 343.000       3.8682
 344.000       2.6909
 346.000       2.8056
 348.000       3.0018
 350.000       2.8977
 351.000       3.0566
 352.000       3.3291
 353.000       3.4318
 354.000       2.6747
 355.000       2.4542
 358.000       2.0572
 360.000       1.9318
 361.000       1.9559
 363.000       2.1790
 364.000       2.5252
 366.000       2.8978
 368.000       3.0016
 369.000       3.4441
 370.000       2.7957
 372.000       2.4005
 373.000       2.5421
 374.000       2.0445
 376.000       2.0932
 378.000       2.2837
 380.000       2.0197
 381.000       2.1103
 382.000       2.3776
 383.000       2.4555
 384.000       1.9520
 385.000       1.6865
 388.000       1.5861
 390.000       1.7155
 391.000       1.7905
 393.000       1.9732
 394.000       2.2502
 396.000       2.4552
 397.000       2.3225
 398.000       2.5323
 399.000       2.8459
 402.000       2.5493
 403.000       2.3628
 405.000       2.0983
 406.000       2.0691
 407.000       1.6643
 409.000       1.8212
 411.000       2.0861
 413.000       1.7033
 414.000       1.7526
 415.000       1.8591
 416.000       1.9282
 417.000       1.6733
 418.000       1.6467
 421.000       1.6096
 423.000       1.5683
 424.000       1.5829
 426.000       1.5636
 427.000       1.5555
 429.000       1.5722
 430.000       1.5906
 431.000       1.6474
 432.000       1.6950
 433.000       1.6930
 435.000       1.6911
 436.000       1.7676
 439.000       1.6466
 440.000       1.5925
 441.000       1.6691
 443.000       1.6658
 445.000       1.7406
 447.000       1.7684
 448.000       1.8410
 449.000       1.9986
 450.000       1.8530
 451.000       1.8273
 452.000       1.9033
 455.000       1.9134
 457.000       1.8643
 458.000       1.8774
 460.000       1.8048
 461.000       1.7524
 463.000       1.7234
 465.000       1.7473
 466.000       1.7568
 469.000       1.8013
 470.000       1.8313
 471.000       1.9196
 472.000       1.9268
 474.000       1.9542
 476.000       2.0844
 478.000       2.0270
 479.000       2.0671
 480.000       2.2126
 481.000       2.0514
 482.000       2.0532
 483.000       2.1494
 486.000       2.1483
 488.000       2.0923
 489.000       2.0710
 491.000       1.9604
 492.000       1.8945
 494.000       1.8268
 495.000       1.8519
 496.000       1.8414
 497.000       1.8002
 498.000       1.9258
 500.000       2.0041
 501.000       2.1022
 504.000       2.0181
 505.000       1.9380
 506.000       2.1211
 508.000       2.1293
 510.000       2.2662
 512.000       2.2185
 513.000       2.2116
 514.000       2.3680
 515.000       2.1529
 516.000       2.1689
 517.000       2.2674
 520.000       2.2372
 522.000       2.1868
 523.000       2.1303
 525.000       2.0142
 526.000       1.9598
 528.000       1.8856
 529.000       1.8919
 530.000       1.8692
 531.000       1.8241
 534.000       1.9351
 535.000       2.0178
 537.000       2.0456
 538.000       1.9752
 539.000       2.1702
 541.000       2.1612
 543.000       2.2996
 545.000       2.2575
 546.000       2.2317
 547.000       2.3805
 548.000       2.1817
 549.000       2.1934
 550.000       2.2879
 553.000       2.2607
 555.000       2.2314
 556.000       2.1795
 558.000       2.0681
 559.000       2.0152
 561.000       1.9413
 562.000       1.9444
 563.000       1.9117
 564.000       1.8689
 565.000       1.9756
 567.000       2.0563
 568.000       2.1387
 571.000       2.0884
 572.000       2.0267
 573.000       2.1838
 575.000       2.1909
 577.000       2.3179
 579.000       2.2485
 580.000       2.2145
 581.000       2.3418
 582.000       2.1729
 583.000       2.1740
 584.000       2.2461
 587.000       2.2312
 589.000       2.2031
 590.000       2.1537
 592.000       2.0424
 593.000       1.9937
 595.000       1.9268
 596.000       1.9266
 597.000       1.8972
 598.000       1.8697
 599.000       1.9491
 601.000       2.0236
 602.000       2.0969
 605.000       2.0583
 606.000       2.0010
 607.000       2.1638
 609.000       2.1734
 611.000       2.3162
 613.000       2.2451
 614.000       2.2121
 615.000       2.3700
 616.000       2.1504
 617.000       2.1619
 618.000       2.2603
 621.000       2.2091
 623.000       2.1508
 624.000       2.0516
 626.000       1.9168
 627.000       1.9064
 629.000       1.8224
 631.000       1.7426
 632.000       1.7126
 633.000       1.7611
 635.000       1.8455
 636.000       1.8990
 637.000       2.1186
 639.000       2.0771
 641.000       2.2184
 643.000       2.2232
 644.000       2.1597
 645.000       2.3529
 646.000       2.0955
 647.000       2.0471
 648.000       2.1472
 651.000       2.0487
 653.000       1.9845
 654.000       1.8636
 656.000       1.7267
 657.000       1.7253
 659.000       1.6425
 661.000       1.5655
 662.000       1.5436
 665.000       1.5877
 666.000       1.6612
 667.000       1.7306
 668.000       1.9258
 670.000       1.8687
 672.000       2.0111
 674.000       2.0292
 675.000       1.9935
 676.000       2.1937
 677.000       1.9677
 678.000       1.8756
 679.000       1.9766
 682.000       1.9001
 684.000       1.8309
 685.000       1.7570
 687.000       1.6256
 688.000       1.5879
 690.000       1.5274
 692.000       1.5050
 693.000       1.5220
 694.000       1.5602
 696.000       1.6197
 697.000       1.7318
 698.000       1.8218
 700.000       1.8018
 702.000       1.9924
 704.000       1.9571
 705.000       1.9560
 706.000       2.1907
 707.000       1.8977
 708.000       1.8870
 709.000       2.0358
 712.000       2.0097
 714.000       1.9117
 715.000       1.8582
 717.000       1.6846
 718.000       1.5882
 720.000       1.4940
 721.000       1.5296
 722.000       1.5427
 723.000       1.5242
 724.000       1.6743
 726.000       1.7806
 727.000       1.9475
 730.000       1.7818
 731.000       1.6506
 732.000       1.9607
 734.000       1.9540
 736.000       2.1760
 738.000       2.1429
 739.000       2.1641
 740.000       2.4383
 741.000       2.0830
 742.000       2.0966
 743.000       2.2700
 746.000       2.2388
 748.000       2.0853
 749.000       2.0408
 751.000       1.8476
 752.000       1.7404
 754.000       1.6268
 756.000       1.6279
 757.000       1.6185
 758.000       1.7500
 760.000       1.8581
 761.000       2.0289
 762.000       2.2140
 764.000       2.1838
 766.000       2.4249
 768.000       2.4341
 769.000       2.5014
 770.000       2.7674
 771.000       2.3664
 772.000       2.5140
 773.000       2.7145
 776.000       2.7323
 778.000       2.5562
 779.000       2.5454
 781.000       2.3241
 782.000       2.1872
 784.000       2.0415
 786.000       2.0431
 787.000       1.9758
 790.000       2.1837
 791.000       2.3225
 792.000       2.5022
 793.000       2.7656
 795.000       2.7464
 797.000       2.9882
 799.000       3.0168
 800.000       3.1275
 801.000       3.1852
 802.000       3.3967
 803.000       2.9559
 804.000       3.0499
 807.000       2.8675
 809.000       2.7944
 810.000       2.5703
 812.000       2.5340
 813.000       2.6434
 815.000       2.6739
 817.000       2.6027
 818.000       2.6925
 819.000       2.5031
 821.000       2.4634
 822.000       2.4450
 823.000       2.6691
 825.000       2.4761
 827.000       2.3085
 829.000       2.6753
 830.000       2.8829
 831.000       2.9893
 832.000       2.8850
 833.000       3.1170
 834.000       3.5873
 837.000       3.7572
 839.000       3.6087
 840.000       3.6581
 842.000       3.3375
 843.000       3.2434
 845.000       3.0674
 847.000       2.9686
 848.000       2.9034
 851.000       3.0599
 852.000       3.2477
 853.000       3.4315
 854.000       3.8734
 856.000       3.9176
 858.000       4.3912
 860.000       4.1952
 861.000       4.2914
 862.000       4.6379
 863.000       4.1011
 864.000       4.3253
 865.000       4.5842
 868.000       4.5626
 870.000       4.6749
 871.000       4.5941
 873.000       4.4998
 874.000       4.5137
 876.000       4.5189
 877.000       4.4945
 878.000       4.5573
 879.000       4.6452
 880.000       4.6009
 882.000       4.5987
 883.000       4.7160
 886.000       4.5532
 887.000       4.4912
 888.000       4.2753
 890.000       4.4039
 892.000       4.6607
 894.000       4.2614
 895.000       3.9928
 896.000       4.1395
 897.000       3.8308
 898.000       3.8953
 899.000       4.0796
 902.000       4.0280
 904.000       4.0852
 905.000       3.9805
 907.000       3.8608
 908.000       3.8131
 910.000       3.8182
 911.000       3.8594
 912.000       3.9575
 913.000       4.0395
 916.000       4.0627
 917.000       4.0750
 919.000       4.0055
 920.000       3.8874
 921.000       3.7535
 923.000       3.8124
 925.000       4.0327
 927.000       3.7723
 928.000       3.5302
 929.000       3.6815
 930.000       3.3006
 931.000       3.5502
 932.000       3.8098
 935.000       3.8667
 937.000       3.9057
 938.000       3.8713
 940.000       3.6770
 941.000       3.4840
 943.000       3.3949
 945.000       3.5232
 946.000       3.5467
 949.000       3.7222
 950.000       3.7940
 951.000       4.0455
 952.000       3.6440
 954.000       3.7829
 956.000       4.1103
 958.000       3.7258
 959.000       3.5276
 960.000       3.7267
 961.000       3.3918
 962.000       3.4092
 963.000       3.5813
 966.000       3.5478
 968.000       3.5580
 969.000       3.4390
 971.000       3.2335
 972.000       3.1383
 974.000       3.0289
 975.000       3.0600
 976.000       3.0818
 977.000       3.0372
 980.000       3.2526
 981.000       3.3828
 983.000       3.3663
 984.000       3.1985
 985.000       3.3447
 987.000       3.3810
 989.000       3.6221
 991.000       3.4320
 992.000       3.2601
 993.000       3.5374
 994.000       3.0536
 995.000       3.1994
 996.000       3.4862
 999.000       3.5251
1001.000       3.4572
1002.000       3.4323
1004.000       3.1986
1005.000       2.9867
1007.000       2.8838
1009.000       3.0278
1010.000       3.0647
1013.000       3.2496
1014.000       3.3250
1015.000       3.6089
1016.000       3.3885
1018.000       3.4936
1020.000       3.8638
1022.000       3.5924
1023.000       3.5100
1024.000       3.7861
1025.000       3.5082
1026.000       3.3621
1027.000       3.5384
1030.000       3.4289
1032.000       3.3327
1033.000       3.1428
1035.000       2.8849
1036.000       2.8184
1038.000       2.6031
1039.000       2.5158
1040.000       2.3329
1041.000       2.1891
1042.000       2.3925
1044.000       2.5998
1045.000       2.6958
1048.000       2.7557
1049.000       2.7036
1050.000       3.2394
1052.000       3.1653
1054.000       3.4019
1056.000       3.3937
1057.000       3.2869
1058.000       3.5534
1059.000       3.1755
1060.000       3.1075
1061.000       3.2549
1064.000       3.1131
1066.000       2.9671
1067.000       2.7736
1069.000       2.5305
1070.000       2.5046
1072.000       2.3097
1073.000       2.1782
1074.000       1.9905
1075.000       1.8769
1078.000       1.9891
1079.000       2.1721
1081.000       2.3456
1082.000       2.3317
1083.000       2.9642
1085.000       2.8363
1087.000       3.0305
1089.000       3.1425
1090.000       3.0836
1091.000       3.3787
1092.000       2.9968
1093.000       2.8818
1094.000       3.0212
1097.000       2.8516
1099.000       2.6768
1100.000       2.4919
1102.000       2.2672
1103.000       2.2840
1105.000       2.1208
1107.000       1.9166
1108.000       1.7957
1111.000       1.9067
1112.000       2.0890
1113.000       2.1459
1114.000       2.7159
1116.000       2.5681
1118.000       2.7493
1120.000       2.8957
1121.000       2.8717
1122.000       3.1268
1123.000       2.8212
1124.000       2.6926
1125.000       2.7643
1128.000       2.6145
1130.000       2.4685
1131.000       2.2974
1133.000       2.1175
1134.000       2.1370
1136.000       1.9906
1137.000       1.8568
1138.000       1.7132
1139.000       1.6604
1142.000       1.6911
1143.000       1.8011
1145.000       1.9299
1146.000       1.9460
1147.000       2.4965
1149.000       2.3637
1151.000       2.5089
1153.000       2.6471
1154.000       2.6094
1155.000       2.8439
1156.000       2.5731
1157.000       2.4273
1158.000       2.5054
1161.000       2.3591
1163.000       2.2283
1164.000       2.0754
1166.000       1.9281
1167.000       1.9466
1169.000       1.8335
1170.000       1.7268
1171.000       1.6275
1172.000       1.6112
1173.000       1.6162
1175.000       1.6891
1176.000       1.7272
1179.000       1.7793
1180.000       1.7905
1181.000       2.2590
1183.000       2.1377
1185.000       2.2624
1187.000       2.3886
1188.000       2.3634
1189.000       2.5695
1190.000       2.3470
1191.000       2.2066
1192.000       2.2605
1195.000       2.1323
1197.000       2.0266
1198.000       1.9233
1200.000       1.8322
1201.000       1.8616
1203.000       1.8016
1204.000       1.7283
1205.000       1.6977
1206.000       1.7184
1209.000       1.7134
1210.000       1.7509
1212.000       1.7736
1213.000       1.7562
1214.000       2.0669
1216.000       1.9748
1218.000       2.0911
1220.000       2.1874
1221.000       2.1941
1222.000       2.3697
1223.000       2.2714
1224.000       2.0411
1225.000       2.0522
1228.000       1.9774
1230.000       1.8935
1231.000       1.9168
1233.000       1.8486
1234.000       1.8613
1236.000       1.8916
1238.000       1.9048
1239.000       2.0088
1240.000       1.8890
1242.000       1.8730
1243.000       1.9606
1244.000       2.0136
1246.000       2.0658
1248.000       2.2747
1250.000       2.1116
1251.000       2.1778
1252.000       2.2482
1253.000       2.4009
1254.000       2.2267
1255.000       2.3112
1258.000       2.1989
1260.000       2.2121
1261.000       2.0924
1263.000       1.9711
1264.000       2.0461
1266.000       2.0487
1267.000       1.9526
1268.000       2.0225
1269.000       2.1871
1272.000       2.0592
1273.000       2.0291
1275.000       1.9729
1276.000       1.9189
1277.000       1.9760
1279.000       2.0592
1281.000       2.3571
1283.000       2.0415
1284.000       1.9993
1285.000       2.3566
1286.000       2.0893
1287.000       1.8025
1288.000       1.8777
1291.000       1.7953
1293.000       1.7955
1294.000       1.7522
1296.000       1.7021
1297.000       1.7150
1299.000       1.7775
1300.000       1.8103
1301.000       1.9965
1302.000       2.1426
1305.000       2.1524
1306.000       2.1301
1308.000       1.9585
1309.000       1.7858
1310.000       1.6695
1312.000       1.7122
1314.000       1.9095
1316.000       1.7633
1317.000       1.6947
1318.000       1.9508
1319.000       1.7046
1320.000       1.5362
1321.000       1.6438
1324.000       1.5967
1326.000       1.6049
1327.000       1.6109
1329.000       1.5648
1330.000       1.4846
1332.000       1.6089
1334.000       1.8280
1335.000       2.0690
1336.000       1.9153
1338.000       1.8074
1339.000       2.0603
1340.000       1.4932
1342.000       1.5761
1344.000       1.8170
1346.000       1.5618
1347.000       1.6181
1348.000       1.7861
1349.000       1.8303
1350.000       1.4694
1351.000       1.4641
1354.000       1.3945
1356.000       1.3651
1357.000       1.2929
1359.000       1.2165
1360.000       1.2423
1362.000       1.2191
1364.000       1.1640
1365.000       1.1852
1368.000       1.1516
1369.000       1.1813
1370.000       1.2235
1371.000       1.3132
1373.000       1.3066
1375.000       1.4539
1377.000       1.4001
1378.000       1.4039
1379.000       1.5763
1380.000       1.4253
1381.000       1.3265
1382.000       1.3951
1385.000       1.3378
1387.000       1.2935
1388.000       1.2468
1390.000       1.1751
1391.000       1.1564
1393.000       1.1147
1394.000       1.1101
1395.000       1.1109
1396.000       1.1137
1397.000       1.1612
1399.000       1.2042
1400.000       1.2822
1403.000       1.2056
1404.000       1.1526
1405.000       1.3098
1407.000       1.2878
1409.000       1.3951
1411.000       1.4042
1412.000       1.4292
1413.000       1.5908
1414.000       1.4201
1415.000       1.3923
1416.000       1.4470
1419.000       1.4130
1421.000       1.3460
1422.000       1.3215
1424.000       1.2348
1425.000       1.1935
1427.000       1.1492
1428.000       1.1585
1429.000       1.1572
1430.000       1.1478
1431.000       1.2190
1433.000       1.2762
1434.000       1.3582
1437.000       1.2836
1438.000       1.2161
1439.000       1.4026
1441.000       1.3896
1443.000       1.5091
1445.000       1.5135
1446.000       1.5633
1447.000       1.7303
1448.000       1.5538
1449.000       1.5193
1450.000       1.5953
1453.000       1.5548
1455.000       1.4736
1456.000       1.4377
1458.000       1.3488
1459.000       1.3097
1461.000       1.2484
1462.000       1.2451
1463.000       1.2205
1464.000       1.1975
1465.000       1.2792
1467.000       1.3505
1468.000       1.4231
1471.000       1.3729
1472.000       1.3144
1473.000       1.5555
1475.000       1.5246
1477.000       1.6398
1479.000       1.6678
1480.000       1.7249
1481.000       1.8837
1482.000       1.7163
1483.000       1.6910
1484.000       1.7621
1487.000       1.7431
1489.000       1.6577
1490.000       1.6360
1492.000       1.5321
1493.000       1.4979
1495.000       1.4347
1497.000       1.4011
1498.000       1.3872
1499.000       1.4482
1501.000       1.5165
1502.000       1.6020
1503.000       1.7556
1505.000       1.7320
1507.000       1.8638
1509.000       1.8797
1510.000       1.9315
1511.000       2.0874
1512.000       1.9370
1513.000       1.8760
1514.000       1.9205
1517.000       1.8645
1519.000       1.7610
1520.000       1.7058
1522.000       1.6293
1523.000       1.6645
1525.000       1.6178
1526.000       1.5377
1527.000       1.4973
1528.000       1.5361
1529.000       1.4587
1531.000       1.4623
1532.000       1.4545
1535.000       1.5108
1536.000       1.5425
1537.000       1.8767
1539.000       1.8020
1541.000       1.8641
1543.000       1.9993
1544.000       2.0922
1545.000       2.2366
1546.000       2.1312
1547.000       2.0503
1548.000       2.1357
1551.000       2.1264
1553.000       2.1882
1554.000       2.1186
1556.000       2.0592
1557.000       2.0589
1559.000       2.0485
1561.000       2.0354
1562.000       2.0598
1565.000       2.0533
1566.000       2.0645
1567.000       2.1273
1568.000       1.9817
1570.000       2.0259
1572.000       2.1372
1574.000       1.9730
1575.000       1.8399
1576.000       1.9083
1577.000       1.8098
1578.000       1.7672
1579.000       1.8125
1582.000       1.7610
1584.000       1.8073
1585.000       1.7286
1587.000       1.7009
1588.000       1.7075
1590.000       1.7268
1591.000       1.7248
1592.000       1.7737
1593.000       1.8288
1596.000       1.8088
1597.000       1.7952
1599.000       1.7509
1600.000       1.7118
1601.000       1.6284
1603.000       1.6399
1605.000       1.7023
1607.000       1.6203
1608.000       1.5420
1609.000       1.6116
1610.000       1.5643
1611.000       1.4612
1612.000       1.4683
1615.000       1.4115
1617.000       1.4419
1618.000       1.4415
1620.000       1.3833
1621.000       1.4310
1623.000       1.4713
1624.000       1.4435
1625.000       1.5565
1626.000       1.6916
1629.000       1.6264
1630.000       1.5832
1632.000       1.4762
1633.000       1.3999
1634.000       1.3536
1636.000       1.5372
1638.000       2.1280
1640.000       1.4656
1641.000       1.3205
1642.000       1.7056
1643.000       1.5515
1644.000       1.3040
1645.000       1.4708
1648.000       1.3794
1650.000       1.3751
1651.000       1.4238
1653.000       1.4524
1654.000       1.4421
1656.000       1.5375
1658.000       1.6418
1659.000       1.7871
1662.000       1.6796
1663.000       1.5907
1664.000       1.7098
1665.000       1.3395
1667.000       1.4168
1669.000       1.5220
1671.000       1.3576
1672.000       1.3131
1673.000       1.4143
1674.000       1.2408
1675.000       1.3673
1676.000       1.4858
1679.000       1.5618
1681.000       1.5350
1682.000       1.5474
1684.000       1.5362
1685.000       1.5109
1687.000       1.5493
1689.000       1.6250
1690.000       1.7180
1691.000       1.6453
1693.000       1.6050
1694.000       1.6761
1695.000       1.5865
1697.000       1.5412
1699.000       1.6813
1701.000       1.7622
1702.000       1.8458
1703.000       2.0892
1704.000       1.8604
1705.000       1.7268
1706.000       1.7695
1709.000       1.6905
1711.000       1.6288
1712.000       1.5544
1714.000       1.4500
1715.000       1.4436
1717.000       1.3702
1719.000       1.3042
1720.000       1.2641
1723.000       1.3236
1724.000       1.3938
1725.000       1.4421
1726.000       1.6427
1728.000       1.5933
1730.000       1.6956
1732.000       1.7349
1733.000       1.7523
1734.000       1.8992
1735.000       1.7659
1736.000       1.6856
1737.000       1.7316
1740.000       1.6741
1742.000       1.6110
1743.000       1.5443
1745.000       1.4445
1746.000       1.4532
1748.000       1.3815
1750.000       1.2940
1751.000       1.2486
1754.000       1.3017
1755.000       1.3782
1756.000       1.4270
1757.000       1.6418
1759.000       1.5945
1761.000       1.6889
1763.000       1.7402
1764.000       1.7711
1765.000       1.9291
1766.000       1.7812
1767.000       1.6886
1768.000       1.7283
1771.000       1.6504
1773.000       1.5831
1774.000       1.5010
1776.000       1.4089
1777.000       1.4337
1779.000       1.3725
1781.000       1.2790
1782.000       1.2502
1785.000       1.2608
1786.000       1.3279
1787.000       1.3526
1788.000       1.6101
1790.000       1.5476
1792.000       1.6405
1794.000       1.6983
1795.000       1.7097
1796.000       1.8564
1797.000       1.7403
1798.000       1.6165
1799.000       1.6596
1802.000       1.5850
1804.000       1.5360
1805.000       1.4567
1807.000       1.3748
1808.000       1.3969
1810.000       1.3242
1811.000       1.2539
1812.000       1.1999
1813.000       1.2020
1814.000       1.1919
1816.000       1.2290
1817.000       1.2504
1820.000       1.2854
1821.000       1.2920
1822.000       1.5206
1824.000       1.4790
1826.000       1.5741
1828.000       1.6001
1829.000       1.6005
1830.000       1.7617
1831.000       1.6037
1832.000       1.5128
1833.000       1.5631
1836.000       1.4779
1838.000       1.4242
1839.000       1.3333
1841.000       1.2597
1842.000       1.2985
1844.000       1.2558
1846.000       1.1759
1847.000       1.1718
1850.000       1.1523
1851.000       1.1900
1852.000       1.2042
1853.000       1.4070
1855.000       1.3460
1857.000       1.4210
1859.000       1.4767
1860.000       1.4721
1861.000       1.6109
1862.000       1.5087
1863.000       1.3563
1864.000       1.3659
1867.000       1.2666
1869.000       1.2158
1870.000       1.1346
1872.000       1.0967
1873.000       1.1458
1875.000       1.1401
1877.000       1.0830
1878.000       1.1149
1881.000       1.0500
1882.000       1.0526
1883.000       1.0629
1884.000       1.2192
1886.000       1.1501
1888.000       1.1949
1890.000       1.2939
1891.000       1.3073
1892.000       1.4561
1893.000       1.3509
1894.000       1.1979
1895.000       1.2067
1898.000       1.1520
1900.000       1.1005
1901.000       1.0944
1903.000       1.0588
1904.000       1.0588
1906.000       1.0615
1908.000       1.0651
1909.000       1.1071
1912.000       1.0800
1913.000       1.0743
1914.000       1.1345
1915.000       1.1681
1917.000       1.1615
1919.000       1.2649
1921.000       1.2814
1922.000       1.5043
1923.000       1.9758
1924.000       1.8972
1925.000       1.3891
1926.000       1.4680
1929.000       1.5616
1931.000       1.5346
1932.000       1.7330
1934.000       1.7826
1935.000       1.6864
1937.000       1.9420
1939.000       2.2455
1940.000       2.5822
1943.000       2.3286
1944.000       2.1192
1945.000       2.3471
1946.000       1.6481
1948.000       1.8409
1950.000       2.1322
1952.000       1.8333
1953.000       1.9588
1954.000       2.2522
1955.000       1.9926
1956.000       1.9051
1957.000       2.0344
1960.000       2.1001
1962.000       2.0547
1963.000       2.1641
1965.000       2.1096
1966.000       2.0130
1968.000       2.1601
1970.000       2.4193
1971.000       2.7023
1972.000       2.5077
1974.000       2.3790
1975.000       2.6520
1976.000       2.1673
1978.000       2.2204
1980.000       2.5659
1982.000       2.2551
1983.000       2.2856
1984.000       2.3694
1985.000       2.3320
1986.000       2.3862
1987.000       2.4803
1990.000       2.5928
1992.000       2.6723
1993.000       2.7542
1995.000       2.7786
1996.000       2.7026
1998.000       2.8154
2000.000       3.0095
2001.000       3.1824
2004.000       3.0839
2005.000       2.9708
2006.000       3.0996
2007.000       2.5781
2009.000       2.7555
2011.000       2.9485
2013.000       2.6805
2014.000       2.6590
2015.000       2.8677
2016.000       2.6233
2017.000       2.6223
2018.000       2.7770
2021.000       2.7592
2023.000       2.6949
2024.000       2.6489
2026.000       2.5237
2027.000       2.4404
2029.000       2.3535
2031.000       2.3514
2032.000       2.3218
2033.000       2.4484
2035.000       2.5364
2036.000       2.6613
2037.000       2.6927
2039.000       2.7380
2041.000       2.9632
2043.000       2.8651
2044.000       2.8635
2045.000       3.1143
2046.000       2.7416
2047.000       2.8180
2048.000       2.9967
2051.000       2.9699
2053.000       2.8728
2054.000       2.8030
2056.000       2.6145
2057.000       2.5167
2059.000       2.3779
2061.000       2.3334
2062.000       2.2511
2063.000       2.4523
2065.000       2.5916
2066.000       2.7304
2067.000       2.8867
2069.000       2.8659
2071.000       3.0700
2073.000       3.0444
2074.000       3.0001
2075.000       3.2442
2076.000       2.8721
2077.000       2.9057
2078.000       3.0457
2081.000       2.9455
2083.000       2.8396
2084.000       2.7158
2086.000       2.5301
2087.000       2.4778
2089.000       2.3278
2091.000       2.2315
2092.000       2.1185
2095.000       2.2924
2096.000       2.4399
2097.000       2.5258
2098.000       2.8217
2100.000       2.7513
2102.000       2.9089
2104.000       2.9390
2105.000       2.8744
2106.000       3.0722
2107.000       2.8160
2108.000       2.7254
2109.000       2.8097
2112.000       2.6932
2114.000       2.6134
2115.000       2.4831
2117.000       2.3332
2118.000       2.3295
2120.000       2.2046
2122.000       2.0813
2123.000       1.9886
2126.000       2.1005
2127.000       2.2290
2128.000       2.2848
2129.000       2.5747
2131.000       2.5036
2133.000       2.6285
2135.000       2.6625
2136.000       2.6119
2137.000       2.7989
2138.000       2.5937
2139.000       2.4544
2140.000       2.5303
2143.000       2.4296
2145.000       2.3428
2146.000       2.2301
2148.000       2.0885
2149.000       2.0902
2151.000       1.9672
2152.000       1.8710
2153.000       1.7507
2154.000       1.6979
2155.000       1.7475
2157.000       1.8490
2158.000       1.8833
2161.000       1.9555
2162.000       1.9591
2163.000       2.3210
2165.000       2.2529
2167.000       2.3934
2169.000       2.4128
2170.000       2.3708
2171.000       2.5269
2172.000       2.3389
2173.000       2.2699
2174.000       2.3394
2177.000       2.2539
2179.000       2.1896
2180.000       2.0786
2182.000       1.9588
2183.000       1.9881
2185.000       1.8874
2186.000       1.7772
2187.000       1.6664
2188.000       1.6314
2191.000       1.6437
2192.000       1.7241
2194.000       1.8183
2195.000       1.8361
2196.000       2.1468
2198.000       2.0768
2200.000       2.1921
2202.000       2.2318
2203.000       2.1922
2204.000       2.3545
2205.000       2.1491
2206.000       2.1040
2207.000       2.0575
2210.000       1.9175
2212.000       1.8456
2213.000       1.6904
2215.000       1.5618
2216.000       1.5736
2218.000       1.4676
2219.000       1.3716
2220.000       1.2605
2221.000       1.2317
2222.000       1.2255
2224.000       1.2900
2225.000       1.2805
2228.000       1.3980
2229.000       1.4312
2230.000       1.7689
2232.000       1.6771
2234.000       1.7956
2236.000       1.8531
2237.000       1.8102
2238.000       1.9774
2239.000       1.8096
2240.000       1.6483
2241.000       1.6726
2244.000       1.5232
2246.000       1.4495
2247.000       1.3199
2249.000       1.2683
2250.000       1.3271
2252.000       1.2765
2253.000       1.1721
2254.000       1.1106
2255.000       1.1364
2256.000       1.0613
2258.000       1.0681
2259.000       1.0557
2262.000       1.1214
2263.000       1.1715
2264.000       1.4381
2266.000       1.3199
2268.000       1.3452
2270.000       1.4925
2271.000       1.5039
2272.000       1.6193
2273.000       1.6023
2274.000       1.3530
2275.000       1.3022
2278.000       1.2173
2280.000       1.1554
2281.000       1.1464
2283.000       1.1265
2284.000       1.1690
2286.000       1.1548
2287.000       1.1045
2288.000       1.1024
2289.000       1.1380
2290.000       1.0993
2292.000       1.0934
2293.000       1.1256
2296.000       1.0923
2297.000       1.0952
2298.000       1.2565
2300.000       1.2333
2302.000       1.2952
2304.000       1.2748
2305.000       1.3588
2306.000       1.4147
2307.000       1.4787
2308.000       1.3389
2309.000       1.3213
2312.000       1.3110
2314.000       1.2436
2315.000       1.2530
2317.000       1.2067
2318.000       1.2001
2320.000       1.1961
2322.000       1.1943
2323.000       1.2364
2324.000       1.2128
2326.000       1.2201
2327.000       1.2936
2328.000       1.3935
2330.000       1.3531
2332.000       1.4509
2334.000       1.4814
2335.000       1.5886
2336.000       1.7038
2337.000       1.7302
2338.000       1.5536
2339.000       1.5576
2342.000       1.5414
2344.000       1.6118
2345.000       1.5460
2347.000       1.5722
2348.000       1.6431
2350.000       1.7030
2352.000       1.6906
2353.000       1.7823
2356.000       1.6383
2357.000       1.5763
2358.000       1.5859
2359.000       1.4704
2361.000       1.4800
2363.000       1.5010
2365.000       1.4984
2366.000       1.5107
2367.000       1.6350
2368.000       1.5751
2369.000       1.4061
2370.000       1.4175
2373.000       1.3302
2375.000       1.2616
2376.000       1.1831
2378.000       1.1672
2379.000       1.2241
2381.000       1.2290
2382.000       1.1653
2383.000       1.1743
2384.000       1.2507
2387.000       1.1510
2388.000       1.1210
2390.000       1.1128
2391.000       1.1325
2392.000       1.3166
2394.000       1.2192
2396.000       1.2391
2398.000       1.4379
2399.000       1.5296
2400.000       1.6855
2401.000       1.6268
2402.000       1.4683
2403.000       1.4444
2406.000       1.5085
2408.000       1.5030
2409.000       1.4689
2411.000       1.4029
2412.000       1.3384
2414.000       1.3151
2416.000       1.3613
2417.000       1.3953
2418.000       1.4296
2420.000       1.4484
2421.000       1.5377
2422.000       1.5590
2424.000       1.4991
2426.000       1.5797
2428.000       1.6810
2429.000       1.8179
2430.000       2.0415
2431.000       2.1474
2432.000       1.7816
2433.000       1.9052
2436.000       1.8453
2438.000       1.7582
2439.000       1.7735
2441.000       1.6521
2442.000       1.6080
2444.000       1.5740
2446.000       1.5836
2447.000       1.6115
2450.000       1.6398
2451.000       1.6719
2452.000       1.7830
2453.000       1.8826
2455.000       1.9265
2457.000       2.1361
2459.000       2.0352
2460.000       2.1286
2461.000       2.3386
2462.000       2.0863
2463.000       2.1492
2464.000       2.3115
2467.000       2.3262
2469.000       2.2170
2470.000       2.1987
2472.000       2.0530
2473.000       1.9712
2475.000       1.8780
2476.000       1.9113
2477.000       1.9037
2478.000       1.8659
2479.000       2.0048
2481.000       2.1002
2482.000       2.2196
2485.000       2.1173
2486.000       2.0170
2487.000       2.3416
2489.000       2.3356
2491.000       2.5081
2493.000       2.5171
2494.000       2.5756
2495.000       2.8027
2496.000       2.5046
2497.000       2.5318
2498.000       2.6543
2501.000       2.6118
2503.000       2.4686
2504.000       2.4262
2506.000       2.2819
2507.000       2.2110
2509.000       2.1078
2510.000       2.1190
2511.000       2.0885
2512.000       2.0304
2513.000       2.1888
2515.000       2.2951
2516.000       2.4131
2519.000       2.3228
2520.000       2.2312
2521.000       2.6221
2523.000       2.5648
2525.000       2.7112
2527.000       2.8027
2528.000       2.8781
2529.000       3.1048
2530.000       2.8245
2531.000       2.8290
2532.000       2.9424
2535.000       2.9077
2537.000       2.7627
2538.000       2.7259
2540.000       2.5775
2541.000       2.4943
2543.000       2.3873
2544.000       2.4007
2545.000       2.3592
2546.000       2.2779
2549.000       2.4480
2550.000       2.5725
2552.000       2.6198
2553.000       2.5249
2554.000       2.9248
2556.000       2.8710
2558.000       3.0289
2560.000       3.1150
2561.000       3.1989
2562.000       3.4237
2563.000       3.1424
2564.000       3.1532
2565.000       3.2657
2568.000       3.2228
2570.000       3.0618
2571.000       3.0006
2573.000       2.8301
2574.000       2.7695
2576.000       2.6410
2577.000       2.6075
2578.000       2.5181
2579.000       2.4328
2582.000       2.5639
2583.000       2.6952
2585.000       2.7866
2586.000       2.7302
2587.000       3.2496
2589.000       3.1666
2591.000       3.3278
2593.000       3.4645
2594.000       3.5753
2595.000       3.8261
2596.000       3.5992
2597.000       3.4439
2598.000       3.4954
2601.000       3.3824
2603.000       3.1650
2604.000       3.0939
2606.000       2.9868
2607.000       3.0383
2609.000       3.0200
2611.000       2.9510
2612.000       3.0156
2615.000       2.8995
2616.000       2.9111
2617.000       2.9272
2618.000       3.4444
2620.000       3.2907
2622.000       3.3884
2624.000       3.6745
2625.000       3.8598
2626.000       4.1213
2627.000       3.8775
2628.000       3.8771
2629.000       4.1305
2632.000       4.2224
2634.000       4.0437
2635.000       4.0977
2637.000       3.8991
2638.000       3.7109
2640.000       3.7264
2642.000       3.9289
2643.000       4.1084
2646.000       4.0852
2647.000       4.0740
2648.000       4.3446
2649.000       4.3043
2651.000       4.2928
2653.000       4.6629
2655.000       4.6386
