   2.000       3.5724
   3.000       3.6467
   6.000       3.5484
   8.000       3.5462
   9.000       3.3936
  11.000       3.1961
  12.000       3.1677
  14.000       3.0157
  15.000       2.9389
  16.000       2.8186
  17.000       2.7426
  18.000       2.8495
  20.000       2.9841
  21.000       3.0501
  24.000       3.0917
  25.000       3.0592
  26.000       3.3231
  28.000       3.3232
  30.000       3.5370
  32.000       3.3902
  33.000       3.2282
  34.000       3.4231
  35.000       3.1319
  36.000       3.0748
  37.000       3.2016
  40.000       3.0814
  42.000       3.0248
  43.000       2.8608
  45.000       2.6756
  46.000       2.6671
  48.000       2.5449
  50.000       2.4192
  51.000       2.3453
  54.000       2.4339
  55.000       2.5652
  56.000       2.6326
  57.000       2.8854
  59.000       2.8271
  61.000       3.0093
  63.000       2.9739
  64.000       2.8524
  65.000       3.0629
  66.000       2.7746
  67.000       2.6778
  68.000       2.7805
  71.000       2.6497
  73.000       2.5701
  74.000       2.3971
  76.000       2.2191
  77.000       2.2049
  79.000       2.0601
  80.000       1.9648
  81.000       1.8415
  82.000       1.7780
  83.000       1.8593
  85.000       1.9760
  86.000       2.0272
  89.000       2.0887
  90.000       2.0747
  91.000       2.4735
  93.000       2.3801
  95.000       2.5321
  97.000       2.5853
  98.000       2.4803
  99.000       2.7320
 100.000       2.4702
 101.000       2.2187
 102.000       2.2646
 105.000       2.0824
 107.000       1.9998
 108.000       1.8610
 110.000       1.7306
 111.000       1.7849
 113.000       1.7602
 115.000       1.6654
 116.000       1.7162
 119.000       1.6267
 120.000       1.6638
 121.000       1.7355
 122.000       1.9175
 124.000       1.8768
 126.000       2.1958
 128.000       1.9644
 129.000       2.0189
 130.000       2.2820
 131.000       2.2411
 132.000       1.7765
 133.000       1.7651
 136.000       1.6733
 138.000       1.6476
 139.000       1.6656
 141.000       1.5326
 142.000       1.5228
 144.000       1.4454
 145.000       1.3867
 146.000       1.3352
 147.000       1.3183
 150.000       1.3608
 151.000       1.4362
 153.000       1.4875
 154.000       1.4503
 155.000       1.6563
 157.000       1.8639
 159.000       2.2429
 161.000       1.6715
 162.000       1.6276
 163.000       1.8570
 164.000       1.6728
 165.000       1.7514
 166.000       2.1609
 169.000       2.4364
 171.000       2.4333
 172.000       2.5076
 174.000       2.3811
 175.000       2.1108
 177.000       2.2050
 178.000       2.6978
 179.000       3.3388
 180.000       3.3575
 183.000       4.1787
 184.000       4.3517
 186.000       3.7599
 187.000       2.9158
 188.000       2.4502
 190.000       2.3868
 192.000       2.7696
 194.000       2.9156
 195.000       3.1351
 196.000       3.6312
 197.000       2.9878
 198.000       3.0669
 199.000       3.4099
 202.000       3.3634
 204.000       3.1515
 205.000       2.9989
 207.000       2.4755
 208.000       2.1577
 210.000       1.7596
 212.000       1.7596
 213.000       1.6703
 216.000       2.1699
 217.000       2.4882
 218.000       2.9619
 219.000       3.1748
 221.000       3.1698
 223.000       3.6797
 225.000       3.4889
 226.000       3.3165
 227.000       3.8384
 228.000       3.2410
 229.000       2.8354
 230.000       3.0141
 233.000       2.6761
 235.000       2.3944
 236.000       2.0097
 238.000       1.7667
 239.000       1.7696
 241.000       1.5891
 242.000       1.4388
 243.000       1.3265
 244.000       1.2824
 247.000       1.4305
 248.000       1.6055
 250.000       1.6842
 251.000       1.5874
 252.000       2.4190
 254.000       2.0538
 256.000       1.9866
 258.000       2.5681
 259.000       2.9585
 260.000       3.2601
 261.000       3.3083
 262.000       2.8034
 263.000       2.6474
 266.000       2.6624
 268.000       2.7443
 269.000       2.9773
 271.000       3.2116
 272.000       3.2720
 274.000       3.6380
 276.000       3.9869
 277.000       4.4228
 278.000       3.9490
 280.000       3.5839
 281.000       3.7449
 282.000       2.8839
 284.000       3.1104
 286.000       3.4650
 288.000       2.9086
 289.000       2.9239
 290.000       3.2339
 291.000       3.1473
 292.000       2.5351
 293.000       2.3400
 296.000       2.2182
 298.000       2.4233
 299.000       2.5516
 301.000       2.8797
 302.000       3.0199
 304.000       3.4902
 306.000       3.7905
 307.000       4.3159
 310.000       3.7053
 311.000       3.2691
 312.000       3.3776
 313.000       2.1422
 315.000       2.3469
 317.000       2.4195
 319.000       2.0359
 320.000       1.9251
 321.000       2.0731
 322.000       1.9155
 323.000       1.8325
 324.000       1.9464
 327.000       1.8816
 329.000       1.8801
 330.000       1.7692
 332.000       1.6682
 333.000       1.6901
 335.000       1.6781
 337.000       1.6444
 338.000       1.7164
 341.000       1.6268
 342.000       1.6370
 343.000       1.6977
 344.000       1.7115
 346.000       1.7072
 348.000       1.8749
 350.000       1.7790
 351.000       1.7185
 352.000       1.9087
 353.000       1.7053
 354.000       1.5935
 355.000       1.6602
 358.000       1.5963
 360.000       1.5675
 361.000       1.5282
 363.000       1.4673
 364.000       1.4463
 366.000       1.4691
 368.000       1.5358
 369.000       1.6441
 372.000       1.5832
 373.000       1.5390
 374.000       1.6469
 375.000       1.5277
 377.000       1.5425
 379.000       1.7539
 381.000       1.6830
 382.000       1.6701
 383.000       1.9175
 384.000       1.8737
 385.000       1.4987
 386.000       1.5335
 389.000       1.4633
 391.000       1.3883
 392.000       1.3618
 394.000       1.3036
 395.000       1.3054
 397.000       1.3534
 399.000       1.3829
 400.000       1.5192
 403.000       1.3864
 404.000       1.3583
 405.000       1.4818
 406.000       1.4474
 408.000       1.4104
 410.000       1.5392
 412.000       1.6154
 413.000       1.7074
 414.000       1.8818
 415.000       1.8990
 416.000       1.5207
 417.000       1.4886
 420.000       1.3529
 422.000       1.3482
 423.000       1.2830
 425.000       1.2404
 426.000       1.2681
 428.000       1.2582
 429.000       1.2124
 430.000       1.2213
 431.000       1.2636
 432.000       1.2432
 434.000       1.2587
 435.000       1.3377
 438.000       1.2450
 439.000       1.2149
 440.000       1.2434
 442.000       1.2475
 444.000       1.3680
 446.000       1.2824
 447.000       1.2989
 448.000       1.4331
 449.000       1.3220
 450.000       1.3056
 451.000       1.3779
 454.000       1.3981
 456.000       1.3607
 457.000       1.3778
 459.000       1.3022
 460.000       1.2415
 462.000       1.2162
 464.000       1.2515
 465.000       1.2714
 468.000       1.3166
 469.000       1.3460
 470.000       1.4540
 471.000       1.4232
 473.000       1.4582
 475.000       1.5966
 477.000       1.5357
 478.000       1.6132
 479.000       1.7755
 480.000       1.5844
 481.000       1.6516
 482.000       1.7678
 485.000       1.8136
 487.000       1.7445
 488.000       1.7737
 490.000       1.6694
 491.000       1.5700
 493.000       1.5093
 495.000       1.5476
 496.000       1.5334
 499.000       1.6429
 500.000       1.7064
 501.000       1.8316
 502.000       1.8475
 504.000       1.8892
 506.000       2.0536
 508.000       1.9823
 509.000       2.0511
 510.000       2.2227
 511.000       2.0090
 512.000       2.0603
 513.000       2.2096
 516.000       2.2025
 518.000       2.1161
 519.000       2.1050
 521.000       1.9983
 522.000       1.9233
 524.000       1.8474
 525.000       1.8770
 526.000       1.8526
 527.000       1.7942
 528.000       1.9298
 530.000       2.0224
 531.000       2.1060
 534.000       2.0538
 535.000       1.9753
 536.000       2.2156
 538.000       2.2061
 540.000       2.3298
 542.000       2.3406
 543.000       2.3841
 544.000       2.5516
 545.000       2.3266
 546.000       2.3653
 547.000       2.4608
 550.000       2.4322
 552.000       2.3382
 553.000       2.2933
 555.000       2.1798
 556.000       2.1286
 558.000       2.0423
 559.000       2.0381
 560.000       1.9907
 561.000       1.9376
 562.000       2.0421
 564.000       2.1250
 565.000       2.1885
 568.000       2.1747
 569.000       2.1259
 570.000       2.4279
 572.000       2.3847
 574.000       2.4935
 576.000       2.5583
 577.000       2.5992
 578.000       2.7791
 579.000       2.5764
 580.000       2.5287
 581.000       2.5904
 584.000       2.5338
 586.000       2.4414
 587.000       2.3865
 589.000       2.2880
 590.000       2.2644
 592.000       2.1888
 594.000       2.1361
 595.000       2.0971
 596.000       2.1717
 598.000       2.2438
 599.000       2.3011
 600.000       2.5212
 602.000       2.4684
 604.000       2.5658
 606.000       2.6343
 607.000       2.6801
 608.000       2.8511
 609.000       2.6819
 610.000       2.6012
 611.000       2.6635
 614.000       2.6092
 616.000       2.5499
 617.000       2.5001
 619.000       2.4125
 620.000       2.3901
 622.000       2.3333
 624.000       2.2974
 625.000       2.2805
 626.000       2.3406
 628.000       2.3968
 629.000       2.4682
 630.000       2.5526
 632.000       2.5332
 634.000       2.6461
 636.000       2.6299
 637.000       2.5911
 638.000       2.7297
 639.000       2.5621
 640.000       2.5038
 641.000       2.5670
 644.000       2.5020
 646.000       2.4879
 647.000       2.3688
 649.000       2.2747
 650.000       2.3018
 652.000       2.2408
 653.000       2.1643
 654.000       2.1152
 655.000       2.1374
 656.000       2.0911
 658.000       2.1144
 659.000       2.1241
 662.000       2.1679
 663.000       2.1866
 664.000       2.3581
 666.000       2.3298
 668.000       2.4521
 670.000       2.3996
 671.000       2.2859
 672.000       2.4371
 673.000       2.2567
 674.000       2.1318
 675.000       2.1795
 678.000       2.0457
 680.000       1.9933
 681.000       1.8604
 683.000       1.7962
 684.000       1.8492
 686.000       1.8063
 687.000       1.7304
 688.000       1.7236
 689.000       1.7782
 690.000       1.7192
 692.000       1.7095
 693.000       1.7649
 696.000       1.7083
 697.000       1.7242
 698.000       1.9215
 700.000       1.8407
 702.000       1.9171
 704.000       1.9902
 705.000       1.9624
 706.000       2.1244
 707.000       1.9797
 708.000       1.8338
 709.000       1.8687
 712.000       1.7988
 714.000       1.7500
 715.000       1.7156
 717.000       1.6644
 718.000       1.6679
 720.000       1.6574
 721.000       1.6464
 722.000       1.6808
 723.000       1.7235
 724.000       1.7275
 726.000       1.7434
 727.000       1.8363
 730.000       1.7134
 731.000       1.6605
 732.000       1.7657
 734.000       1.7582
 736.000       1.8753
 738.000       1.8716
 739.000       1.9084
 740.000       2.0969
 741.000       1.8992
 742.000       1.8713
 743.000       1.9736
 746.000       1.9952
 748.000       1.9247
 749.000       1.9548
 751.000       1.8450
 752.000       1.7625
 754.000       1.7289
 756.000       1.7780
 757.000       1.8091
 760.000       1.8632
 761.000       1.8989
 762.000       2.0367
 763.000       2.0083
 765.000       2.0600
 767.000       2.2667
 769.000       2.1647
 770.000       2.2143
 771.000       2.4621
 772.000       2.1269
 773.000       2.2087
 774.000       2.4259
 777.000       2.4249
 779.000       2.3265
 780.000       2.2736
 782.000       2.0618
 783.000       1.9598
 785.000       1.8550
 786.000       1.9027
 787.000       1.9369
 788.000       1.9374
 789.000       2.0750
 791.000       2.1679
 792.000       2.3325
 795.000       2.1629
 796.000       2.0244
 797.000       2.3440
 799.000       2.3485
 801.000       2.6148
 803.000       2.5473
 804.000       2.4922
 805.000       2.8196
 806.000       2.3687
 807.000       2.3624
 808.000       2.5451
 811.000       2.4697
 813.000       2.3744
 814.000       2.2942
 816.000       2.0843
 817.000       1.9409
 819.000       1.8651
 821.000       1.9589
 822.000       2.0363
 825.000       2.1171
 826.000       2.1688
 827.000       2.4038
 828.000       2.3126
 830.000       2.3447
 832.000       2.6688
 834.000       2.4828
 835.000       2.4689
 836.000       2.6411
 837.000       2.5291
 838.000       2.3031
 839.000       2.3019
 842.000       2.1699
 844.000       2.1369
 845.000       2.0954
 847.000       2.1499
 848.000       2.2398
 850.000       2.3596
 851.000       2.3766
 852.000       2.5921
 853.000       2.7958
 856.000       2.6977
 857.000       2.5725
 859.000       2.3473
 860.000       2.2569
 861.000       2.1382
 863.000       2.1061
 865.000       2.1816
 867.000       2.2570
 868.000       2.3806
 869.000       2.6070
 870.000       2.5116
 871.000       2.2657
 872.000       2.2755
 875.000       2.2859
 877.000       2.1984
 878.000       2.3240
 880.000       2.3145
 881.000       2.2797
 883.000       2.3921
 885.000       2.5291
 886.000       2.7094
 887.000       2.5725
 889.000       2.4903
 890.000       2.6801
 891.000       2.4388
 893.000       2.4939
 895.000       2.6876
 897.000       2.6342
 898.000       2.9114
 899.000       3.1224
 900.000       2.9714
 901.000       3.0183
 902.000       3.1191
 905.000       3.3290
 907.000       3.2463
 908.000       3.5269
 910.000       3.4706
 911.000       3.3743
 913.000       3.4859
 915.000       3.6968
 916.000       3.9235
 917.000       3.8128
 919.000       3.7280
 920.000       4.0230
 921.000       3.6118
 923.000       3.7689
 925.000       4.2178
 927.000       3.8298
 928.000       3.9068
 929.000       3.9066
 930.000       4.2254
 931.000       3.7545
 932.000       3.7149
 935.000       3.6100
 937.000       3.3587
 938.000       3.3924
 940.000       3.3452
 941.000       3.5703
 943.000       3.5803
 944.000       3.3277
 945.000       3.3172
 946.000       3.5280
 947.000       3.1586
 949.000       3.0386
 950.000       3.0381
 953.000       3.0518
 954.000       3.1870
 955.000       3.8135
 957.000       3.6966
 959.000       3.8057
 961.000       4.0278
 962.000       4.4351
 963.000       4.7038
 964.000       4.6078
 965.000       4.4894
 966.000       4.4631
 969.000       4.5941
 971.000       4.4324
 972.000       4.7615
 974.000       4.6936
 975.000       4.5115
 977.000       4.5094
 979.000       4.7356
 980.000       4.8374
 983.000       4.9652
 984.000       4.9317
 985.000       5.2083
 986.000       5.0398
 988.000       5.0978
 990.000       5.5754
 992.000       5.3176
 993.000       5.5161
 994.000       5.7082
 995.000       5.8977
 996.000       5.1388
 997.000       5.1279
1000.000       4.8363
1002.000       4.5360
1003.000       4.3923
1005.000       4.3250
1006.000       4.5931
1008.000       4.5665
1009.000       4.2410
1010.000       4.1552
1011.000       4.3660
1014.000       3.9778
1015.000       3.8714
1017.000       3.9240
1018.000       4.1005
1019.000       4.8540
1021.000       4.5986
1023.000       4.7743
1025.000       5.1672
1026.000       5.2992
1027.000       5.8436
1028.000       5.4514
1029.000       4.9462
1030.000       5.0556
1033.000       4.9531
1035.000       4.9718
1036.000       4.9595
1038.000       5.0342
1039.000       5.0701
1041.000       5.4990
1043.000       5.8673
1044.000       6.4920
1047.000       5.8816
1048.000       5.4813
1049.000       5.8024
1050.000       4.7810
1052.000       4.7937
1054.000       5.1661
1056.000       5.1126
1057.000       5.2584
1058.000       5.8889
1059.000       5.3012
1060.000       5.0108
1061.000       5.1890
1064.000       5.1002
1066.000       5.1729
1067.000       5.0556
1069.000       5.1027
1070.000       5.0869
1072.000       5.3648
1074.000       5.6873
1075.000       6.1102
1076.000       5.6952
1078.000       5.4309
1079.000       5.6772
1080.000       4.7856
1082.000       4.7400
1084.000       4.9627
1086.000       4.9715
1087.000       4.8937
1088.000       5.2883
1089.000       4.8615
1090.000       4.6311
1091.000       4.7748
1094.000       4.6168
1096.000       4.5806
1097.000       4.4778
1099.000       4.4429
1100.000       4.3802
1102.000       4.5164
1104.000       4.7455
1105.000       5.0504
1108.000       4.8451
1109.000       4.6849
1110.000       4.9198
1111.000       4.3682
1113.000       4.3689
1115.000       4.5633
1117.000       4.4699
1118.000       4.3339
1119.000       4.6835
1120.000       4.4771
1121.000       3.8064
1122.000       3.7330
1125.000       3.3097
1127.000       3.2585
1128.000       3.0291
1130.000       3.1462
1131.000       3.3422
1133.000       3.6040
1135.000       3.7054
1136.000       4.1009
1139.000       3.6240
1140.000       3.3287
1141.000       3.4488
1142.000       3.0575
1144.000       2.8517
1146.000       2.8181
1148.000       3.0975
1149.000       3.0691
1150.000       3.3260
1151.000       3.2141
1152.000       2.8082
1153.000       2.7584
1156.000       2.4690
1158.000       2.3672
1159.000       2.1021
1161.000       2.0291
1162.000       2.2205
1164.000       2.1755
1165.000       1.9396
1166.000       1.8828
1167.000       2.0066
1168.000       1.7716
1170.000       1.7093
1171.000       1.7379
1174.000       1.7336
1175.000       1.8528
1176.000       2.3353
1178.000       2.1089
1180.000       2.1393
1182.000       2.4487
1183.000       2.5189
1184.000       2.6970
1185.000       2.7553
1186.000       2.2663
1187.000       2.1648
1190.000       2.0847
1192.000       1.9928
1193.000       2.1220
1195.000       2.2315
1196.000       2.2831
1198.000       2.5203
1200.000       2.6766
1201.000       2.9626
1204.000       2.6512
1205.000       2.4463
1206.000       2.5707
1207.000       2.2386
1209.000       2.3058
1211.000       2.4270
1213.000       2.3604
1214.000       2.5038
1215.000       2.7640
1216.000       2.5168
1217.000       2.4056
1218.000       2.4617
1221.000       2.3827
1223.000       2.2114
1224.000       2.1514
1226.000       2.0176
1227.000       1.9961
1229.000       1.8967
1230.000       1.8441
1231.000       1.7701
1232.000       1.7249
1233.000       1.8122
1235.000       1.9117
1236.000       1.9950
1239.000       1.9760
1240.000       1.9316
1241.000       2.4076
1243.000       2.3047
1245.000       2.4350
1247.000       2.6032
1248.000       2.6851
1249.000       2.9318
1250.000       2.6888
1251.000       2.5484
1252.000       2.6009
1255.000       2.4803
1257.000       2.3241
1258.000       2.2174
1260.000       2.0931
1261.000       2.1258
1263.000       2.0512
1265.000       1.9272
1266.000       1.8899
1269.000       1.8996
1270.000       1.9839
1271.000       2.0064
1272.000       2.4803
1274.000       2.3339
1276.000       2.4109
1278.000       2.6528
1279.000       2.7210
1280.000       2.9665
1281.000       2.7215
1282.000       2.5537
1283.000       2.6088
1286.000       2.4379
1288.000       2.2761
1289.000       2.1267
1291.000       2.0419
1292.000       2.1042
1294.000       2.0450
1295.000       1.9191
1296.000       1.8359
1297.000       1.8543
1300.000       1.7785
1301.000       1.7971
1303.000       1.8696
1304.000       1.9242
1305.000       2.3889
1307.000       2.1951
1309.000       2.2292
1311.000       2.5594
1312.000       2.6003
1313.000       2.8459
1314.000       2.7414
1315.000       2.3269
1316.000       2.3353
1319.000       2.0942
1321.000       2.1483
1322.000       1.9797
1324.000       2.0011
1325.000       2.2143
1327.000       2.2919
1328.000       2.1061
1329.000       2.1901
1330.000       2.4303
1331.000       2.0868
1333.000       1.9322
1334.000       1.9875
1337.000       1.8539
1338.000       1.9333
1339.000       1.9035
1341.000       1.9613
1343.000       2.2662
1345.000       1.9752
1346.000       1.8167
1347.000       1.9478
1348.000       1.8476
1349.000       1.7669
1350.000       1.7385
1353.000       1.7299
1355.000       1.7760
1356.000       1.8196
1358.000       1.8858
1359.000       1.9306
1361.000       2.0395
1363.000       2.1121
1364.000       2.2619
1365.000       2.0703
1367.000       1.9634
1368.000       2.0082
1369.000       1.7431
1371.000       1.7952
1373.000       1.9121
1375.000       1.7968
1376.000       1.8075
1377.000       1.9234
1378.000       1.8609
1379.000       1.7580
1380.000       1.8333
1383.000       1.8157
1385.000       1.8200
1386.000       1.7004
1388.000       1.6300
1389.000       1.7258
1391.000       1.7099
1392.000       1.5872
1393.000       1.5822
1394.000       1.6758
1395.000       1.5516
1397.000       1.5481
1398.000       1.6299
1401.000       1.5481
1402.000       1.5526
1403.000       1.8097
1405.000       1.7283
1407.000       1.8451
1409.000       1.9181
1410.000       1.9896
1411.000       2.0582
1412.000       2.1642
1413.000       1.9685
1414.000       2.0733
1417.000       2.1234
1419.000       2.1693
1420.000       2.1794
1422.000       2.0938
1423.000       2.0389
1425.000       2.0238
1426.000       2.0711
1427.000       2.1391
1428.000       2.1438
1431.000       2.2779
1432.000       2.3455
1434.000       2.2840
1435.000       2.1353
1436.000       2.0637
1438.000       2.1704
1440.000       2.3509
1442.000       2.1261
1443.000       2.0872
1444.000       2.2464
1445.000       2.0190
1446.000       2.0819
1447.000       2.1994
1450.000       2.2137
1452.000       2.2061
1453.000       2.1874
1455.000       2.0860
1456.000       2.0137
1458.000       1.9608
1459.000       2.0047
1460.000       2.0190
1461.000       1.9837
1464.000       2.1116
1465.000       2.1830
1467.000       2.1801
1468.000       2.0855
1469.000       2.1496
1471.000       2.2002
1473.000       2.3562
1475.000       2.2102
1476.000       2.1777
1477.000       2.3019
1478.000       2.1337
1479.000       2.1498
1480.000       2.2375
1483.000       2.2349
1485.000       2.2159
1486.000       2.1857
1488.000       2.0867
1489.000       2.0310
1491.000       1.9575
1493.000       1.9413
1494.000       1.8929
1497.000       2.0049
1498.000       2.0776
1499.000       2.1655
1500.000       2.1795
1502.000       2.2070
1504.000       2.3416
1506.000       2.2360
1507.000       2.2083
1508.000       2.3290
1509.000       2.1622
1510.000       2.1775
1511.000       2.2675
1514.000       2.2539
1516.000       2.2186
1517.000       2.1748
1519.000       2.0630
1520.000       2.0152
1522.000       1.9321
1524.000       1.8944
1525.000       1.8386
1528.000       1.9542
1529.000       2.0372
1530.000       2.1152
1531.000       2.1827
1533.000       2.1967
1535.000       2.3444
1537.000       2.2554
1538.000       2.2120
1539.000       2.3478
1540.000       2.1581
1541.000       2.1744
1542.000       2.2709
1545.000       2.2475
1547.000       2.2287
1548.000       2.1541
1550.000       2.0155
1551.000       1.9608
1553.000       1.8476
1554.000       1.8233
1555.000       1.7342
1556.000       1.6544
1557.000       1.7758
1559.000       1.8903
1560.000       1.9406
1563.000       1.9740
1564.000       1.9325
1565.000       2.1420
1567.000       2.1509
1569.000       2.3038
1571.000       2.2065
1572.000       2.1253
1573.000       2.2738
1574.000       2.0482
1575.000       2.0590
1576.000       2.1628
1579.000       2.1109
1581.000       2.0534
1582.000       1.9474
1584.000       1.7979
1585.000       1.7670
1587.000       1.6485
1588.000       1.5872
1589.000       1.4789
1590.000       1.4165
1591.000       1.4856
1593.000       1.5926
1594.000       1.6189
1597.000       1.6997
1598.000       1.6863
1599.000       2.0086
1601.000       1.9677
1603.000       2.1140
1605.000       2.1038
1606.000       2.0532
1607.000       2.2169
1608.000       2.0141
1609.000       1.9448
1610.000       2.0199
1613.000       1.9143
1615.000       1.8248
1616.000       1.6985
1618.000       1.5743
1619.000       1.6017
1621.000       1.5222
1623.000       1.4122
1624.000       1.3861
1627.000       1.3904
1628.000       1.4691
1629.000       1.4876
1630.000       1.8363
1632.000       1.7486
1634.000       1.8489
1636.000       1.9527
1637.000       1.9375
1638.000       2.1468
1639.000       1.8975
1640.000       1.8310
1641.000       1.9504
1644.000       1.8565
1646.000       1.7367
1647.000       1.6547
1649.000       1.5046
1650.000       1.4983
1652.000       1.4291
1654.000       1.3668
1655.000       1.3827
1656.000       1.3807
1658.000       1.4483
1659.000       1.5208
1660.000       1.8088
1662.000       1.7661
1664.000       1.9576
1666.000       1.9857
1667.000       2.0532
1668.000       2.3055
1669.000       2.0141
1670.000       1.9862
1671.000       2.1141
1674.000       2.0597
1676.000       1.9014
1677.000       1.8311
1679.000       1.6773
1680.000       1.6510
1682.000       1.5488
1683.000       1.5064
1684.000       1.4596
1685.000       1.4405
1686.000       1.5159
1688.000       1.5978
1689.000       1.6950
1692.000       1.6402
1693.000       1.5898
1694.000       2.0599
1696.000       1.9820
1698.000       2.1431
1700.000       2.2670
1701.000       2.3295
1702.000       2.5948
1703.000       2.2632
1704.000       2.2637
1705.000       2.3993
1708.000       2.3306
1710.000       2.1395
1711.000       2.0770
1713.000       1.9193
1714.000       1.8908
1716.000       1.7937
1718.000       1.7303
1719.000       1.6957
1722.000       1.7729
1723.000       1.8631
1724.000       1.9510
1725.000       2.3571
1727.000       2.2638
1729.000       2.4248
1731.000       2.5956
1732.000       2.7382
1733.000       3.0105
1734.000       2.6951
1735.000       2.6963
1736.000       2.8062
1739.000       2.7726
1741.000       2.5703
1742.000       2.5488
1744.000       2.4041
1745.000       2.3420
1747.000       2.2448
1748.000       2.2464
1749.000       2.2219
1750.000       2.1824
1751.000       2.3116
1753.000       2.4081
1754.000       2.5325
1757.000       2.4357
1758.000       2.3509
1759.000       2.8533
1761.000       2.7746
1763.000       2.9343
1765.000       3.1040
1766.000       3.2643
1767.000       3.5448
1768.000       3.2220
1769.000       3.2174
1770.000       3.3417
1773.000       3.3003
1775.000       3.0724
1776.000       3.0566
1778.000       2.8953
1779.000       2.8368
1781.000       2.7354
1783.000       2.6965
1784.000       2.6504
1787.000       2.7625
1788.000       2.8592
1789.000       2.9649
1790.000       3.4062
1792.000       3.3154
1794.000       3.4789
1796.000       3.6857
1797.000       3.8737
1798.000       4.1980
1799.000       3.8551
1800.000       3.8225
1801.000       3.9863
1804.000       3.9993
1806.000       3.7473
1807.000       3.8114
1809.000       3.6311
1810.000       3.5120
1812.000       3.4707
1814.000       3.5560
1815.000       3.6383
1818.000       3.6750
1819.000       3.7097
1820.000       3.9102
1821.000       4.1484
1823.000       4.0987
1825.000       4.3891
1827.000       4.4816
