   2.000       3.9012
   3.000       3.9941
   6.000       4.0066
   8.000       4.0928
   9.000       4.0390
  11.000       3.8952
  12.000       3.8130
  14.000       3.7291
  15.000       3.7587
  16.000       3.7429
  17.000       3.6884
  18.000       3.8531
  20.000       3.9676
  21.000       4.1047
  24.000       3.9829
  25.000       3.8719
  26.000       3.8188
  28.000       3.9407
  30.000       4.1671
  32.000       3.8387
  33.000       3.6764
  34.000       3.8257
  35.000       3.5014
  36.000       3.6674
  37.000       3.8751
  40.000       3.8955
  42.000       3.8932
  43.000       3.8167
  45.000       3.6031
  46.000       3.4715
  48.000       3.3266
  49.000       3.3659
  50.000       3.2996
  51.000       3.1836
  52.000       3.4309
  54.000       3.6001
  55.000       3.7415
  58.000       3.6655
  59.000       3.5402
  60.000       3.7345
  62.000       3.7942
  64.000       4.0516
  66.000       3.8389
  67.000       3.7006
  68.000       3.9338
  69.000       3.5003
  70.000       3.6249
  71.000       3.8415
  74.000       3.7869
  76.000       3.7082
  77.000       3.5627
  79.000       3.3171
  80.000       3.2082
  82.000       3.0161
  83.000       2.9997
  84.000       2.8844
  85.000       2.7450
  88.000       2.9667
  89.000       3.1529
  91.000       3.2728
  92.000       3.1866
  93.000       3.5948
  95.000       3.5577
  97.000       3.7986
  99.000       3.7345
 100.000       3.5958
 101.000       3.8602
 102.000       3.4226
 103.000       3.4415
 104.000       3.6055
 107.000       3.4652
 109.000       3.3697
 110.000       3.1700
 112.000       2.9397
 113.000       2.8782
 115.000       2.6799
 116.000       2.6071
 117.000       2.4531
 118.000       2.3142
 121.000       2.4942
 122.000       2.6673
 124.000       2.8132
 125.000       2.7739
 126.000       3.2428
 128.000       3.1407
 130.000       3.3284
 132.000       3.3619
 133.000       3.2200
 134.000       3.4618
 135.000       3.1122
 136.000       3.0071
 137.000       3.0992
 140.000       2.9341
 142.000       2.8489
 143.000       2.6489
 145.000       2.4578
 146.000       2.4481
 148.000       2.2649
 149.000       2.1432
 150.000       1.9580
 151.000       1.8512
 152.000       1.9556
 154.000       2.1009
 155.000       2.1288
 158.000       2.2609
 159.000       2.2731
 160.000       2.7397
 162.000       2.6204
 164.000       2.7628
 166.000       2.8340
 167.000       2.7338
 168.000       2.9338
 169.000       2.7148
 170.000       2.5095
 171.000       2.5584
 174.000       2.3804
 176.000       2.2979
 177.000       2.1130
 179.000       1.9717
 180.000       2.0348
 182.000       1.9012
 183.000       1.7316
 184.000       1.5753
 185.000       1.5377
 188.000       1.5201
 189.000       1.6103
 191.000       1.7378
 192.000       1.7891
 193.000       2.2298
 195.000       2.1051
 197.000       2.1951
 199.000       2.2997
 200.000       2.2409
 201.000       2.4063
 202.000       2.2872
 203.000       2.0347
 204.000       2.0463
 207.000       1.8801
 209.000       1.7965
 210.000       1.6534
 212.000       1.5564
 213.000       1.6497
 215.000       1.5987
 217.000       1.4329
 218.000       1.4201
 219.000       1.3691
 221.000       1.4318
 222.000       1.4568
 223.000       1.7728
 225.000       1.6600
 227.000       1.7433
 229.000       1.8537
 230.000       1.8505
 231.000       2.0036
 232.000       1.9413
 233.000       1.6817
 234.000       1.6494
 237.000       1.5476
 239.000       1.4847
 240.000       1.4231
 242.000       1.3660
 243.000       1.4272
 245.000       1.3894
 246.000       1.2894
 247.000       1.2445
 248.000       1.2684
 251.000       1.2425
 252.000       1.2819
 254.000       1.3015
 255.000       1.2952
 256.000       1.5301
 258.000       1.4840
 260.000       1.5750
 262.000       1.6115
 263.000       1.6195
 264.000       1.8027
 265.000       1.6861
 266.000       1.4535
 267.000       1.4769
 270.000       1.3689
 272.000       1.3435
 273.000       1.3760
 275.000       1.2614
 276.000       1.2692
 278.000       1.2444
 280.000       1.1786
 281.000       1.1905
 284.000       1.1671
 285.000       1.2167
 286.000       1.2791
 287.000       1.3008
 289.000       1.5089
 291.000       2.0755
 293.000       1.3372
 294.000       1.3807
 295.000       1.6634
 296.000       1.6020
 297.000       1.2421
 298.000       1.2059
 301.000       1.2848
 303.000       1.3926
 304.000       1.5706
 306.000       1.4903
 307.000       1.6095
 309.000       1.5809
 310.000       1.4894
 311.000       1.6183
 312.000       1.7765
 315.000       1.7412
 316.000       1.6800
 318.000       1.5231
 319.000       1.4450
 320.000       1.4249
 322.000       1.7279
 324.000       2.3467
 326.000       1.5573
 327.000       1.6922
 328.000       1.8117
 329.000       1.9924
 330.000       1.5997
 331.000       1.3271
 334.000       1.2693
 336.000       1.2527
 337.000       1.2998
 339.000       1.3561
 340.000       1.4039
 342.000       1.4932
 343.000       1.5055
 344.000       1.6377
 345.000       1.7694
 348.000       1.7093
 349.000       1.6599
 351.000       1.5279
 352.000       1.4418
 353.000       1.3475
 355.000       1.3574
 357.000       1.3933
 359.000       1.4221
 360.000       1.5069
 361.000       1.6363
 362.000       1.5523
 363.000       1.4722
 364.000       1.4841
 367.000       1.4539
 369.000       1.4155
 370.000       1.4096
 372.000       1.4149
 373.000       1.4476
 375.000       1.4878
 376.000       1.4809
 377.000       1.5707
 378.000       1.6830
 379.000       1.5812
 381.000       1.5205
 382.000       1.5922
 385.000       1.4560
 386.000       1.4343
 387.000       1.4807
 389.000       1.4523
 391.000       1.4879
 393.000       1.5568
 394.000       1.6097
 395.000       1.7800
 396.000       1.7148
 397.000       1.4811
 398.000       1.4637
 401.000       1.4264
 403.000       1.4476
 404.000       1.4769
 406.000       1.5841
 407.000       1.7412
 409.000       1.8891
 410.000       1.8318
 411.000       2.0167
 412.000       2.2409
 413.000       2.0068
 415.000       1.8533
 416.000       1.9763
 419.000       1.6718
 420.000       1.6554
 421.000       1.4781
 423.000       1.5342
 425.000       1.6263
 427.000       1.5002
 428.000       1.5571
 429.000       1.8090
 430.000       1.9705
 431.000       1.4618
 432.000       1.6100
 435.000       1.4514
 437.000       1.4890
 438.000       1.3898
 440.000       1.4176
 441.000       1.4991
 443.000       1.5231
 445.000       1.4710
 446.000       1.5176
 447.000       1.4124
 449.000       1.3802
 450.000       1.3533
 451.000       1.3609
 453.000       1.3162
 455.000       1.3347
 457.000       1.3389
 458.000       1.3348
 459.000       1.3754
 460.000       1.4376
 461.000       1.2864
 462.000       1.2332
 465.000       1.2088
 467.000       1.2331
 468.000       1.2542
 470.000       1.3072
 471.000       1.4109
 473.000       1.4582
 474.000       1.3759
 475.000       1.4083
 476.000       1.5131
 477.000       1.3563
 479.000       1.2861
 480.000       1.2944
 483.000       1.2537
 484.000       1.2931
 485.000       1.2305
 487.000       1.2448
 489.000       1.2460
 491.000       1.2248
 492.000       1.2818
 493.000       1.3254
 494.000       1.3753
 495.000       1.2757
 496.000       1.2582
 499.000       1.1928
 501.000       1.1764
 502.000       1.1991
 504.000       1.2262
 505.000       1.2862
 507.000       1.3247
 508.000       1.2838
 509.000       1.3306
 510.000       1.4185
 513.000       1.3366
 514.000       1.2974
 516.000       1.2441
 517.000       1.2329
 518.000       1.2262
 520.000       1.2432
 522.000       1.3197
 524.000       1.2268
 525.000       1.2477
 526.000       1.3295
 527.000       1.3098
 528.000       1.1985
 529.000       1.1597
 532.000       1.1522
 534.000       1.1561
 535.000       1.1489
 537.000       1.1378
 538.000       1.1604
 540.000       1.1764
 541.000       1.1580
 542.000       1.1904
 543.000       1.2465
 544.000       1.2012
 546.000       1.1893
 547.000       1.2451
 550.000       1.1648
 551.000       1.1424
 552.000       1.1671
 554.000       1.1677
 556.000       1.2349
 558.000       1.2441
 559.000       1.3021
 560.000       1.4275
 561.000       1.3308
 562.000       1.2821
 563.000       1.3265
 566.000       1.3140
 568.000       1.2608
 569.000       1.2556
 571.000       1.2089
 572.000       1.1945
 574.000       1.1873
 576.000       1.2004
 577.000       1.2390
 580.000       1.2277
 581.000       1.2287
 582.000       1.2947
 583.000       1.3354
 585.000       1.3268
 587.000       1.4316
 589.000       1.4462
 590.000       1.5252
 591.000       1.6959
 592.000       1.5336
 593.000       1.4992
 594.000       1.5676
 597.000       1.5578
 599.000       1.4895
 600.000       1.4859
 602.000       1.4015
 603.000       1.3555
 605.000       1.3074
 607.000       1.3139
 608.000       1.3154
 611.000       1.3703
 612.000       1.4109
 613.000       1.4946
 614.000       1.5827
 616.000       1.5762
 618.000       1.6997
 620.000       1.7189
 621.000       1.8019
 622.000       1.9840
 623.000       1.7917
 624.000       1.7780
 625.000       1.8757
 628.000       1.8506
 630.000       1.7679
 631.000       1.7459
 633.000       1.6414
 634.000       1.5926
 636.000       1.5192
 638.000       1.5026
 639.000       1.4698
 642.000       1.5604
 643.000       1.6278
 644.000       1.7109
 645.000       1.8592
 647.000       1.8439
 649.000       1.9731
 651.000       1.9887
 652.000       2.0317
 653.000       2.2189
 654.000       2.0092
 655.000       1.9778
 656.000       2.0645
 659.000       2.0300
 661.000       1.9406
 662.000       1.8970
 664.000       1.7909
 665.000       1.7504
 667.000       1.6683
 668.000       1.6574
 669.000       1.6244
 670.000       1.5754
 673.000       1.6810
 674.000       1.7585
 676.000       1.7934
 677.000       1.7388
 678.000       2.0139
 680.000       1.9791
 682.000       2.1000
 684.000       2.1186
 685.000       2.2961
 686.000       2.3396
 687.000       2.5123
 688.000       2.3960
 689.000       2.4605
 692.000       2.3953
 694.000       2.3458
 695.000       2.2296
 697.000       2.0782
 698.000       2.0395
 700.000       1.9222
 701.000       1.8769
 702.000       1.7947
 703.000       1.7236
 706.000       1.8294
 707.000       1.9352
 709.000       2.0132
 710.000       1.9776
 711.000       2.2825
 713.000       2.2385
 715.000       2.3712
 717.000       2.3646
 718.000       2.3323
 719.000       2.4771
 720.000       2.3292
 721.000       2.2140
 722.000       2.2498
 725.000       2.1464
 727.000       2.0583
 728.000       1.9617
 730.000       1.8849
 731.000       1.9249
 733.000       1.8922
 735.000       1.8138
 736.000       1.8304
 737.000       1.7774
 739.000       1.8098
 740.000       1.8198
 741.000       2.1032
 743.000       2.0130
 745.000       2.0771
 747.000       2.2029
 748.000       2.2744
 749.000       2.3907
 750.000       2.3467
 751.000       2.2432
 752.000       2.2706
 755.000       2.3023
 757.000       2.2673
 758.000       2.3030
 760.000       2.2534
 761.000       2.2326
 763.000       2.2391
 764.000       2.2590
 765.000       2.3184
 766.000       2.3718
 769.000       2.3851
 770.000       2.3956
 772.000       2.3519
 773.000       2.2762
 774.000       2.3669
 776.000       2.4205
 778.000       2.5355
 780.000       2.4589
 781.000       2.4689
 782.000       2.6643
 783.000       2.4488
 784.000       2.3360
 785.000       2.3887
 788.000       2.2588
 790.000       2.1438
 791.000       1.9997
 793.000       1.9244
 794.000       1.9959
 796.000       1.9573
 797.000       1.8412
 798.000       1.7864
 799.000       1.8520
 802.000       1.7092
 803.000       1.6946
 805.000       1.7552
 806.000       1.8177
 807.000       2.1967
 809.000       2.0452
 811.000       2.0932
 813.000       2.3283
 814.000       2.3517
 815.000       2.5414
 816.000       2.4008
 817.000       2.1690
 818.000       2.1377
 821.000       1.9831
 823.000       1.8793
 824.000       1.8323
 826.000       1.8568
 827.000       1.9735
 829.000       2.0598
 831.000       2.0488
 832.000       2.1875
 833.000       1.9302
 835.000       1.8253
 836.000       1.7646
 837.000       1.9934
 839.000       1.9407
 841.000       1.9564
 843.000       1.9698
 844.000       2.0640
 845.000       2.2096
 846.000       2.1138
 847.000       2.0271
 848.000       2.0897
 851.000       2.0823
 853.000       1.9456
 854.000       1.9324
 856.000       1.8256
 857.000       1.7870
 859.000       1.7727
 860.000       1.7985
 861.000       1.8731
 862.000       1.9288
 865.000       1.9678
 866.000       1.9852
 868.000       1.9306
 869.000       1.8320
 870.000       2.1921
 872.000       2.1192
 874.000       2.3855
 876.000       2.4073
 877.000       2.6993
 878.000       2.8546
 879.000       3.0436
 880.000       2.6586
 881.000       2.6864
 884.000       2.7397
 886.000       2.9688
 887.000       2.9838
 889.000       3.1911
 890.000       3.2060
 892.000       3.4486
 894.000       3.6984
 895.000       3.9669
 896.000       3.7030
 898.000       3.4680
 899.000       3.5862
 900.000       2.5741
 902.000       2.7281
 904.000       2.7805
 906.000       2.6142
 907.000       2.4873
 908.000       2.6647
 909.000       2.5019
 910.000       2.2499
 911.000       2.2173
 914.000       2.0352
 916.000       1.9418
 917.000       1.7867
 919.000       1.7143
 920.000       1.7781
 922.000       1.7242
 923.000       1.6203
 924.000       1.5883
 925.000       1.6417
 926.000       1.5592
 928.000       1.5601
 929.000       1.5974
 932.000       1.5869
 933.000       1.6141
 934.000       1.9296
 936.000       1.7878
 938.000       1.8389
 940.000       2.0255
 941.000       2.0137
 942.000       2.1698
 943.000       2.0676
 944.000       1.8421
 945.000       1.8360
 948.000       1.7167
 950.000       1.6484
 951.000       1.5678
 953.000       1.5306
 954.000       1.6111
 956.000       1.6090
 957.000       1.5156
 958.000       1.5299
 959.000       1.6155
 960.000       1.5114
 962.000       1.4871
 963.000       1.5536
 966.000       1.4693
 967.000       1.4775
 968.000       1.6747
 970.000       1.5970
 972.000       1.6839
 974.000       1.7557
 975.000       1.7865
 976.000       1.8847
 977.000       1.8288
 978.000       1.8068
 979.000       1.8902
 982.000       1.9226
 984.000       1.9012
 985.000       1.8955
 987.000       1.7917
 988.000       1.7181
 990.000       1.6674
 992.000       1.6803
 993.000       1.6822
 994.000       1.7556
 996.000       1.8177
 997.000       1.9288
 998.000       1.8842
1000.000       1.9310
1002.000       2.1043
1004.000       1.9868
1005.000       1.9785
1006.000       2.1664
1007.000       1.8796
1008.000       1.9657
1009.000       2.1074
1012.000       2.0918
1014.000       2.0251
1015.000       1.9732
1017.000       1.8394
1018.000       1.7626
1020.000       1.6713
1022.000       1.6523
1023.000       1.6220
1024.000       1.7436
1026.000       1.8361
1027.000       1.9607
1028.000       2.0182
1030.000       2.0104
1032.000       2.1749
1034.000       2.1342
1035.000       2.1202
1036.000       2.2897
1037.000       2.0731
1038.000       2.0513
1039.000       2.1357
1042.000       2.0800
1044.000       2.0112
1045.000       1.9460
1047.000       1.8300
1048.000       1.7913
1050.000       1.7013
1052.000       1.6524
1053.000       1.6101
1054.000       1.7162
1056.000       1.8022
1057.000       1.8902
1058.000       2.0220
1060.000       1.9888
1062.000       2.1194
1064.000       2.1290
1065.000       2.1254
1066.000       2.2984
1067.000       2.0826
1068.000       2.0607
1069.000       2.1467
1072.000       2.0924
1074.000       2.0225
1075.000       1.9496
1077.000       1.8296
1078.000       1.7984
1080.000       1.6949
1081.000       1.6623
1082.000       1.5892
1083.000       1.5321
1084.000       1.6285
1086.000       1.7171
1087.000       1.7721
1090.000       1.7804
1091.000       1.7491
1092.000       2.0329
1094.000       1.9944
1096.000       2.1155
1098.000       2.1306
1099.000       2.1194
1100.000       2.2850
1101.000       2.0905
1102.000       2.0234
1103.000       2.0967
1106.000       2.0164
1108.000       1.9478
1109.000       1.8518
1111.000       1.7458
1112.000       1.7403
1114.000       1.6461
1115.000       1.5799
1116.000       1.4867
1117.000       1.4344
1118.000       1.4917
1120.000       1.5727
1121.000       1.6018
1124.000       1.6547
1125.000       1.6505
1126.000       1.9430
1128.000       1.8763
1130.000       1.9732
1132.000       2.0278
1133.000       2.0019
1134.000       2.1553
1135.000       1.9984
1136.000       1.8810
1137.000       1.9201
1140.000       1.8248
1142.000       1.7694
1143.000       1.6625
1145.000       1.5805
1146.000       1.6053
1148.000       1.5357
1149.000       1.4508
1150.000       1.3694
1151.000       1.3600
1152.000       1.3351
1154.000       1.3828
1155.000       1.3917
1158.000       1.4607
1159.000       1.4840
1160.000       1.7487
1162.000       1.6723
1164.000       1.7444
1166.000       1.8175
1167.000       1.8064
1168.000       1.9309
1169.000       1.8795
1170.000       1.6598
1171.000       1.6374
1174.000       1.5281
1176.000       1.4633
1177.000       1.3871
1179.000       1.3650
1180.000       1.4441
1182.000       1.4623
1184.000       1.3975
1185.000       1.4531
1186.000       1.3245
1188.000       1.3098
1189.000       1.2988
1190.000       1.5116
1192.000       1.4328
1194.000       1.4597
1196.000       1.5803
1197.000       1.6232
1198.000       1.7701
1199.000       1.6925
1200.000       1.4991
1201.000       1.4951
1204.000       1.4068
1206.000       1.3490
1207.000       1.3112
1209.000       1.2933
1210.000       1.3525
1212.000       1.3710
1214.000       1.3331
1215.000       1.3933
1216.000       1.2919
1218.000       1.2699
1219.000       1.2937
1220.000       1.4146
1222.000       1.3623
1224.000       1.4000
1226.000       1.4928
1227.000       1.5721
1228.000       1.7523
1229.000       1.6378
1230.000       1.4646
1231.000       1.4463
1234.000       1.3824
1236.000       1.3471
1237.000       1.3487
1239.000       1.3539
1240.000       1.4622
1242.000       1.4906
1243.000       1.3908
1244.000       1.4189
1245.000       1.5316
1248.000       1.4133
1249.000       1.3893
1251.000       1.3409
1252.000       1.3308
1253.000       1.4078
1255.000       1.4068
1257.000       1.4741
1259.000       1.4843
1260.000       1.5370
1261.000       1.6788
1262.000       1.5476
1263.000       1.5086
1264.000       1.5373
1267.000       1.4855
1269.000       1.4422
1270.000       1.4054
1272.000       1.3820
1273.000       1.4418
1275.000       1.4115
1276.000       1.3297
1277.000       1.2987
1278.000       1.3341
1279.000       1.2640
1281.000       1.2566
1282.000       1.2649
1285.000       1.2783
1286.000       1.3144
1287.000       1.4844
1289.000       1.4342
1291.000       1.4567
1293.000       1.5398
1294.000       1.5760
1295.000       1.7105
1296.000       1.5921
1297.000       1.5044
1298.000       1.5042
1301.000       1.4714
1303.000       1.4559
1304.000       1.4501
1306.000       1.4595
1307.000       1.5199
1309.000       1.5117
1310.000       1.4493
1311.000       1.4350
1312.000       1.4638
1313.000       1.4133
1315.000       1.4032
1316.000       1.4286
1319.000       1.4054
1320.000       1.4256
1321.000       1.4974
1323.000       1.4844
1325.000       1.5401
1327.000       1.5499
1328.000       1.6357
1329.000       1.7525
1330.000       1.8106
1331.000       1.5857
1332.000       1.6956
1335.000       1.7038
1337.000       1.8359
1338.000       1.7583
1340.000       2.0585
1341.000       2.4658
1343.000       2.8723
1344.000       2.8243
1345.000       3.3683
1346.000       3.9085
1349.000       3.5570
1350.000       3.1999
1352.000       2.5795
1353.000       2.3834
1354.000       1.5735
1356.000       1.5914
1358.000       2.0139
1360.000       1.8560
1361.000       1.8729
1362.000       2.2113
1363.000       1.8846
1364.000       1.6717
1365.000       1.8299
1368.000       1.6091
1370.000       1.5715
1371.000       1.4212
1373.000       1.3299
1374.000       1.3359
1376.000       1.3608
1378.000       1.3773
1379.000       1.5006
1380.000       1.3903
1382.000       1.3796
1383.000       1.5393
1384.000       1.3798
1386.000       1.3337
1388.000       1.5679
1390.000       1.4374
1391.000       1.4267
1392.000       1.5870
1393.000       1.5744
1394.000       1.3104
1395.000       1.3204
1398.000       1.2646
1400.000       1.2953
1401.000       1.1844
1403.000       1.1666
1404.000       1.1983
1406.000       1.2187
1407.000       1.2264
1408.000       1.3295
1409.000       1.4008
1412.000       1.4359
1413.000       1.4178
1415.000       1.3057
1416.000       1.2100
1417.000       1.2441
1419.000       1.2359
1421.000       1.3582
1423.000       1.3595
1424.000       1.4526
1425.000       1.7417
1426.000       1.5920
1427.000       1.5331
1428.000       1.4922
1431.000       1.3538
1433.000       1.2983
1434.000       1.2589
1436.000       1.2664
1437.000       1.3602
1439.000       1.3836
1440.000       1.2879
1441.000       1.3045
1442.000       1.4039
1443.000       1.2546
1445.000       1.1983
1446.000       1.2212
1449.000       1.1907
1450.000       1.2262
1451.000       1.3565
1453.000       1.3083
1455.000       1.3618
1457.000       1.4335
1458.000       1.4869
1459.000       1.6849
1460.000       1.5380
1461.000       1.3653
1462.000       1.3807
1465.000       1.2948
1467.000       1.2714
1468.000       1.2152
1470.000       1.1930
1471.000       1.1670
1473.000       1.1709
1474.000       1.2009
1475.000       1.2421
1476.000       1.2469
1477.000       1.3233
1479.000       1.3697
1480.000       1.4823
1483.000       1.3307
1484.000       1.2352
1485.000       1.2673
1487.000       1.2480
1489.000       1.3595
1491.000       1.3542
1492.000       1.5130
1493.000       1.9057
1494.000       1.8950
1495.000       1.3254
1496.000       1.2552
1499.000       1.2357
1501.000       1.2731
1502.000       1.2588
1504.000       1.2320
1505.000       1.2692
1507.000       1.2498
1508.000       1.1931
1509.000       1.1864
1510.000       1.2258
1513.000       1.1900
1514.000       1.1914
1516.000       1.1899
1517.000       1.1899
1518.000       1.2575
1520.000       1.2614
1522.000       1.3547
1524.000       1.3343
1525.000       1.3540
1526.000       1.4235
1527.000       1.4059
1528.000       1.3615
1529.000       1.4095
1532.000       1.4157
1534.000       1.3684
1535.000       1.3594
1537.000       1.2802
1538.000       1.2579
1540.000       1.2225
1541.000       1.2209
1542.000       1.2305
1543.000       1.2448
1546.000       1.2758
1547.000       1.3050
1549.000       1.3055
1550.000       1.2607
1551.000       1.4402
1553.000       1.4407
1555.000       1.5651
1557.000       1.5555
1558.000       1.7439
1559.000       2.1293
1560.000       1.9017
1561.000       1.7781
1562.000       1.8176
1565.000       1.7992
1567.000       1.8089
1568.000       1.8933
1570.000       1.7293
1571.000       1.7115
1573.000       1.6067
1574.000       1.5392
1575.000       1.4743
1576.000       1.4627
1577.000       1.5087
1579.000       1.6001
1580.000       1.6916
1583.000       1.6696
1584.000       1.6249
1585.000       1.8765
1587.000       2.1733
1589.000       2.6519
1591.000       2.0148
1592.000       2.2918
1593.000       2.7928
1594.000       2.5078
1595.000       2.3128
1596.000       2.5553
1599.000       2.7335
1601.000       2.9833
1602.000       3.0703
1604.000       3.2544
1605.000       3.1691
1607.000       3.5261
1609.000       3.9637
1610.000       4.3871
1611.000       4.0200
1613.000       3.7143
1614.000       3.9818
1615.000       2.5890
1617.000       2.8388
1619.000       3.2977
1621.000       2.7953
1622.000       2.7528
1623.000       2.9434
1624.000       2.9473
1625.000       2.7401
1626.000       2.9163
1629.000       2.7998
1631.000       2.7131
1632.000       2.5162
1634.000       2.2403
1635.000       2.1912
1637.000       1.9876
1638.000       1.8765
1639.000       1.7133
1640.000       1.6057
1643.000       1.7540
1644.000       1.9516
1646.000       2.1064
1647.000       2.0507
1648.000       2.5690
1650.000       2.5319
1652.000       2.8130
1654.000       2.7290
1655.000       2.6274
1656.000       2.9103
1657.000       2.4718
1658.000       2.5041
1659.000       2.6824
1662.000       2.5769
1664.000       2.4174
1665.000       2.2531
1667.000       1.9989
1668.000       1.9330
1670.000       1.7406
1671.000       1.6626
1672.000       1.5221
1673.000       1.4313
1674.000       1.5884
1676.000       1.7650
1677.000       1.8769
1680.000       1.8959
1681.000       1.8331
1682.000       2.4516
1684.000       2.3606
1686.000       2.5892
1688.000       2.6476
1689.000       2.5960
1690.000       2.8818
1691.000       2.4498
1692.000       2.4770
1693.000       2.6493
1696.000       2.5233
1698.000       2.3535
1699.000       2.1793
1701.000       1.9443
1702.000       1.8917
1704.000       1.7110
1705.000       1.6343
1706.000       1.5215
1707.000       1.4425
1710.000       1.5898
1711.000       1.7470
1713.000       1.8557
1714.000       1.7889
1715.000       2.3869
1717.000       2.2809
1719.000       2.4959
1721.000       2.5740
1722.000       2.5224
1723.000       2.7943
1724.000       2.4489
1725.000       2.3397
1726.000       2.4606
1729.000       2.3365
1731.000       2.1575
1732.000       2.0201
1734.000       1.8273
1735.000       1.8062
1737.000       1.6952
1738.000       1.6283
1739.000       1.6029
1740.000       1.6308
1741.000       1.6860
1743.000       1.7881
1744.000       1.9652
1747.000       1.8176
1748.000       1.7252
1749.000       2.2679
1751.000       2.1597
1753.000       2.3542
1755.000       2.4773
1756.000       2.5137
1757.000       2.7721
1758.000       2.4923
1759.000       2.3573
1760.000       2.4223
1763.000       2.2835
1765.000       2.1023
1766.000       1.9815
1768.000       1.8524
1769.000       1.9111
1771.000       1.8401
1773.000       1.7011
1774.000       1.6931
1777.000       1.6415
1778.000       1.7182
1779.000       1.7304
1780.000       2.2732
1782.000       2.1222
1784.000       2.2185
1786.000       2.4586
1787.000       2.5345
1788.000       2.7846
1789.000       2.5317
1790.000       2.3851
1791.000       2.4449
1794.000       2.2988
1796.000       2.1149
1797.000       1.9982
1799.000       1.8777
1800.000       1.9499
1802.000       1.8918
1804.000       1.7496
1805.000       1.7444
1808.000       1.6794
1809.000       1.7434
1810.000       1.7378
1811.000       2.2856
1813.000       2.1213
1815.000       2.1967
1817.000       2.4689
1818.000       2.6095
1819.000       2.8137
1820.000       2.6837
1821.000       2.4911
1822.000       2.4453
1825.000       2.3780
1827.000       2.2740
1828.000       2.3729
1830.000       2.3965
1831.000       2.4435
1833.000       2.5282
1835.000       2.5809
1836.000       2.7161
1837.000       2.5428
1839.000       2.4522
1840.000       2.4907
1841.000       2.5394
1843.000       2.5554
1845.000       2.6959
1847.000       2.5458
1848.000       2.6278
1849.000       2.7875
1850.000       2.7643
1851.000       2.4504
1852.000       2.4532
1855.000       2.3154
1857.000       2.1638
1858.000       2.1099
1860.000       2.0293
1861.000       2.0620
1863.000       2.0500
1865.000       2.0097
1866.000       2.0667
1867.000       1.9892
1869.000       1.9982
1870.000       2.0500
1871.000       2.3462
1873.000       2.2258
1875.000       2.2565
1877.000       2.3858
1878.000       2.5935
1879.000       2.7500
1880.000       2.6917
1881.000       2.5888
1882.000       2.7491
1885.000       2.7124
1887.000       2.5436
1888.000       2.4370
1890.000       2.2491
1891.000       2.2207
1893.000       2.0804
1894.000       2.0000
1895.000       1.8914
1896.000       1.8249
1899.000       1.9160
1900.000       2.0445
1902.000       2.1493
1903.000       2.1145
1904.000       2.7030
1906.000       2.5822
1908.000       2.7367
1910.000       2.8966
1911.000       3.1772
1912.000       3.5468
1913.000       3.2713
1914.000       3.0312
1915.000       3.1617
1918.000       3.0084
1920.000       2.7580
1921.000       2.5800
1923.000       2.3532
1924.000       2.2612
1926.000       2.0897
1927.000       2.0628
1928.000       1.9551
1929.000       1.8282
1932.000       2.0361
1933.000       2.2105
1935.000       2.3165
1936.000       2.2307
1937.000       2.9794
1939.000       2.7213
1941.000       2.6517
1943.000       3.0091
1944.000       3.0906
1945.000       3.3411
1946.000       3.4163
1947.000       2.7158
1948.000       2.6330
1951.000       2.4785
1953.000       2.3344
1954.000       2.2008
1956.000       2.0071
1957.000       1.9786
1959.000       1.8457
1960.000       1.7680
1961.000       1.6691
1962.000       1.6195
1965.000       1.6892
1966.000       1.8018
1968.000       1.9012
1969.000       1.8734
1970.000       2.3734
1972.000       2.2609
1974.000       2.4681
1976.000       2.5617
1977.000       2.5706
1978.000       2.8575
1979.000       2.5363
1980.000       2.4028
1981.000       2.4897
1984.000       2.3853
1986.000       2.2592
1987.000       2.0814
1989.000       1.9122
1990.000       1.8978
1992.000       1.9008
1994.000       1.9089
1995.000       2.0432
1998.000       1.9282
1999.000       1.9272
2000.000       2.0705
2001.000       2.3187
2003.000       2.0635
2005.000       2.4879
2007.000       2.5905
2008.000       2.6303
2009.000       2.9289
2010.000       2.5867
2011.000       2.5315
2012.000       2.6685
2015.000       2.5670
2017.000       2.4077
2018.000       2.2546
2020.000       2.0044
2021.000       1.9841
2023.000       1.8051
2025.000       1.6252
2026.000       1.5263
2027.000       1.6804
2029.000       1.8692
2030.000       1.9793
2031.000       2.4812
2033.000       2.3655
2035.000       2.5636
2037.000       2.6855
2038.000       2.6530
2039.000       2.9516
2040.000       2.5638
2041.000       2.4656
2042.000       2.5891
2045.000       2.4388
2047.000       2.2818
2048.000       2.1140
2050.000       1.8862
2051.000       1.8800
2053.000       1.7293
2055.000       1.5737
2056.000       1.4942
2059.000       1.6071
2060.000       1.7623
2061.000       1.8739
2062.000       2.2970
2064.000       2.1809
2066.000       2.3776
2068.000       2.4668
2069.000       2.4071
2070.000       2.6762
2071.000       2.3414
2072.000       2.2142
2073.000       2.3477
2076.000       2.2144
2078.000       2.0960
2079.000       1.9580
2081.000       1.7715
2082.000       1.7237
2084.000       1.6169
2086.000       1.5462
2087.000       1.5290
2088.000       1.6218
2090.000       1.7330
2091.000       1.8760
2092.000       2.0562
2094.000       1.9826
2096.000       2.2052
2098.000       2.2082
2099.000       2.1479
2100.000       2.3884
2101.000       2.1219
2102.000       1.9722
2103.000       2.0496
2106.000       1.9339
2108.000       1.8671
2109.000       1.7519
2111.000       1.6165
2112.000       1.6101
2114.000       1.5573
2116.000       1.4864
2117.000       1.4863
2120.000       1.5085
2121.000       1.5803
2122.000       1.6928
2123.000       1.8056
2125.000       1.7639
2127.000       1.9530
2129.000       1.9017
2130.000       1.8801
2131.000       2.0366
2132.000       1.9041
2133.000       1.7905
2134.000       1.8644
2137.000       1.8213
2139.000       1.7622
2140.000       1.6921
2142.000       1.5687
2143.000       1.5643
2145.000       1.5232
2147.000       1.4778
2148.000       1.5050
2149.000       1.4765
2151.000       1.5197
2152.000       1.5726
2153.000       1.7741
2155.000       1.7494
2157.000       1.9292
2159.000       1.9105
2160.000       1.9120
2161.000       2.1837
2162.000       1.9397
2163.000       1.7360
2164.000       1.6202
2167.000       1.4259
2169.000       1.3809
2170.000       1.2503
2172.000       1.2355
2173.000       1.2865
2175.000       1.3027
2176.000       1.2519
2177.000       1.2857
2178.000       1.3675
2181.000       1.2883
2182.000       1.2582
2184.000       1.2251
2185.000       1.2179
2186.000       1.3316
2188.000       1.3062
2190.000       1.3894
2192.000       1.3615
2193.000       1.5036
2194.000       1.6668
2195.000       1.7102
2196.000       1.4970
2197.000       1.6474
2200.000       1.7270
2202.000       1.6801
2203.000       1.7000
2205.000       1.6546
2206.000       1.6563
2208.000       1.6608
2209.000       1.6612
2210.000       1.7183
2211.000       1.7667
2214.000       1.7937
2215.000       1.8176
2217.000       1.7607
2218.000       1.6732
2219.000       1.7864
2221.000       1.7276
2223.000       1.9003
2225.000       1.9441
2226.000       2.0656
2227.000       2.1600
2228.000       2.2924
2229.000       1.8880
2230.000       1.3122
2233.000       1.3339
2235.000       1.3664
2236.000       1.2474
2238.000       1.2022
2239.000       1.2224
2241.000       1.2309
2242.000       1.2158
2243.000       1.2655
2244.000       1.3395
2245.000       1.2725
2247.000       1.2283
2248.000       1.2695
2251.000       1.1934
2252.000       1.1888
2253.000       1.3680
2255.000       1.3295
2257.000       1.3966
2259.000       1.4051
2260.000       1.4837
2261.000       1.5668
2262.000       1.5717
2263.000       1.4409
2264.000       1.3916
2267.000       1.4052
2269.000       1.4313
2270.000       1.4106
2272.000       1.3559
2273.000       1.3360
2275.000       1.3134
2277.000       1.3028
2278.000       1.3019
2281.000       1.3305
2282.000       1.3603
2283.000       1.4223
2284.000       1.3709
2286.000       1.4098
2288.000       1.5057
2290.000       1.4116
2291.000       1.3836
2292.000       1.4635
2293.000       1.3479
2294.000       1.3892
2295.000       1.4620
2298.000       1.4780
2300.000       1.4936
2301.000       1.4883
2303.000       1.4208
2304.000       1.3651
2306.000       1.3362
2307.000       1.3790
2308.000       1.4119
2309.000       1.4145
2310.000       1.4886
2312.000       1.5194
2313.000       1.6318
2316.000       1.4932
2317.000       1.4252
2318.000       1.4378
2320.000       1.4901
2322.000       1.6060
2324.000       1.4844
2325.000       1.4558
2326.000       1.5994
2327.000       1.4798
2328.000       1.4152
2329.000       1.4698
2332.000       1.4437
2334.000       1.4047
2335.000       1.3561
2337.000       1.2763
2338.000       1.2618
2340.000       1.2239
2341.000       1.1949
2342.000       1.1701
2343.000       1.1790
2344.000       1.1822
2346.000       1.2249
2347.000       1.2680
2350.000       1.2612
2351.000       1.2336
2352.000       1.4163
2354.000       1.3991
2356.000       1.5130
2358.000       1.5054
2359.000       1.5172
2360.000       1.6554
2361.000       1.5060
2362.000       1.4814
2363.000       1.5584
2366.000       1.5170
2368.000       1.4580
2369.000       1.4006
2371.000       1.3193
2372.000       1.3110
2374.000       1.2625
2376.000       1.2213
2377.000       1.2276
2378.000       1.2368
2380.000       1.2823
2381.000       1.3335
2382.000       1.4758
2384.000       1.4478
2386.000       1.5491
2388.000       1.5806
2389.000       1.5910
2390.000       1.7816
2391.000       1.5799
2392.000       1.5168
2393.000       1.5945
2396.000       1.5389
2398.000       1.4473
2399.000       1.3869
2401.000       1.2754
2402.000       1.2641
2404.000       1.2139
2405.000       1.1814
2406.000       1.1852
2407.000       1.2193
2410.000       1.2309
2411.000       1.2686
2413.000       1.2784
2414.000       1.2252
2415.000       1.5218
2417.000       1.4797
2419.000       1.6284
2421.000       1.6800
2422.000       1.7463
2423.000       1.9895
2424.000       1.7286
2425.000       1.6821
2426.000       1.8040
2429.000       1.7563
2431.000       1.5900
2432.000       1.5529
2434.000       1.4174
2435.000       1.3882
2437.000       1.3287
2439.000       1.3142
2440.000       1.3493
2441.000       1.3561
2443.000       1.4057
2444.000       1.5103
2445.000       1.7985
2447.000       1.7380
2449.000       1.9079
2451.000       2.0234
2452.000       2.1652
2453.000       2.4262
2454.000       2.1370
2455.000       2.1327
2456.000       2.2581
2459.000       2.2184
2461.000       2.0066
2462.000       1.9995
2464.000       1.8583
2465.000       1.8131
2467.000       1.7249
2469.000       1.7007
2470.000       1.6829
2473.000       1.7699
2474.000       1.8400
2475.000       1.9505
2476.000       2.3293
2478.000       2.2478
2480.000       2.3967
2482.000       2.5970
2483.000       2.7907
2484.000       3.0915
2485.000       2.7614
2486.000       2.7473
2487.000       2.8800
2490.000       2.8518
2492.000       2.6160
2493.000       2.6341
2495.000       2.4757
2496.000       2.4006
2498.000       2.2838
2500.000       2.2483
2501.000       2.1965
2502.000       2.3534
2504.000       2.4652
2505.000       2.6010
2506.000       2.9828
2508.000       2.9067
2510.000       3.0770
2512.000       3.2677
2513.000       3.4844
2514.000       3.7880
2515.000       3.4392
2516.000       3.4644
2517.000       3.6087
2520.000       3.5828
2522.000       3.3241
2523.000       3.3269
2525.000       3.1249
2526.000       3.0495
2528.000       2.8978
2530.000       2.8102
2531.000       2.7116
2532.000       2.9111
2534.000       3.0700
2535.000       3.2010
2536.000       3.7084
2538.000       3.6142
2540.000       3.8095
2542.000       4.0134
2543.000       4.2302
2544.000       4.5482
2545.000       4.1695
2546.000       4.1978
2547.000       4.3647
2550.000       4.3064
2552.000       4.0287
2553.000       3.9788
2555.000       3.7607
2556.000       3.7067
2558.000       3.5320
2560.000       3.4047
2561.000       3.2695
2564.000       3.4679
2565.000       3.6464
2566.000       3.7453
2567.000       4.3995
2569.000       4.2621
2571.000       4.4434
2573.000       4.7032
2574.000       4.8840
2575.000       5.2176
2576.000       4.8274
2577.000       4.7897
2578.000       4.9170
2581.000       4.8103
2583.000       4.5212
2584.000       4.4319
2586.000       4.2293
2587.000       4.2033
2589.000       4.0406
2591.000       3.9051
2592.000       3.7891
2595.000       3.9376
2596.000       4.0986
2597.000       4.1620
2598.000       4.8912
2600.000       4.7035
2602.000       4.8470
2604.000       5.2025
2605.000       5.4082
2606.000       5.7399
2607.000       5.4440
2608.000       5.2501
2609.000       5.2962
2612.000       5.1673
2614.000       4.8777
2615.000       4.8577
2617.000       4.7208
2618.000       4.7428
2620.000       4.6988
2622.000       4.6320
2623.000       4.6673
2626.000       4.6213
2627.000       4.6608
2628.000       4.7140
2629.000       5.3188
2631.000       5.1662
2633.000       5.3380
2635.000       5.5948
