   2.000       4.2499
   3.000       4.3030
   6.000       4.2428
   8.000       4.2644
   9.000       4.0926
  11.000       3.8701
  12.000       3.8189
  14.000       3.6398
  15.000       3.5672
  16.000       3.4191
  17.000       3.3074
  18.000       3.4554
  20.000       3.6145
  21.000       3.6717
  24.000       3.7515
  25.000       3.7168
  26.000       3.9864
  28.000       3.9955
  30.000       4.2257
  32.000       4.0372
  33.000       3.8689
  34.000       4.0586
  35.000       3.8909
  36.000       3.6206
  37.000       3.6549
  40.000       3.5837
  42.000       3.5596
  43.000       3.4042
  45.000       3.2054
  46.000       3.1584
  48.000       3.0001
  49.000       2.9388
  50.000       2.8177
  51.000       2.7270
  52.000       2.8559
  54.000       2.9902
  55.000       3.0479
  58.000       3.1007
  59.000       3.0690
  60.000       3.3817
  62.000       3.3558
  64.000       3.5487
  66.000       3.4593
  67.000       3.3215
  68.000       3.5148
  69.000       3.2148
  70.000       3.1721
  71.000       3.2847
  74.000       3.1690
  76.000       3.0977
  77.000       2.9382
  79.000       2.7643
  80.000       2.7530
  82.000       2.6229
  84.000       2.4922
  85.000       2.3978
  88.000       2.5125
  89.000       2.6478
  90.000       2.7048
  91.000       3.0023
  93.000       2.9261
  95.000       3.0839
  97.000       3.1005
  98.000       3.0063
  99.000       3.1969
 100.000       2.9370
 101.000       2.8541
 102.000       2.9350
 105.000       2.8135
 107.000       2.7196
 108.000       2.5811
 110.000       2.4306
 111.000       2.4290
 113.000       2.3224
 115.000       2.2017
 116.000       2.1344
 117.000       2.2178
 119.000       2.3310
 120.000       2.3827
 121.000       2.6992
 123.000       2.6084
 125.000       2.7315
 127.000       2.8102
 128.000       2.7782
 129.000       2.9575
 130.000       2.7632
 131.000       2.6339
 132.000       2.6869
 135.000       2.5645
 137.000       2.4551
 138.000       2.3319
 140.000       2.2263
 141.000       2.2695
 143.000       2.2169
 145.000       2.1039
 146.000       2.0934
 147.000       2.0644
 149.000       2.1250
 150.000       2.1400
 151.000       2.4936
 153.000       2.3865
 155.000       2.4732
 157.000       2.6133
 158.000       2.6217
 159.000       2.8361
 160.000       2.6123
 161.000       2.4687
 162.000       2.5284
 165.000       2.3947
 167.000       2.2549
 168.000       2.1284
 170.000       2.0166
 171.000       2.0550
 173.000       1.9740
 174.000       1.8619
 175.000       1.7736
 176.000       1.7810
 179.000       1.7384
 180.000       1.7804
 182.000       1.8653
 183.000       1.8935
 184.000       2.3433
 186.000       2.2121
 188.000       2.3093
 190.000       2.4938
 191.000       2.5241
 192.000       2.7611
 193.000       2.5353
 194.000       2.3606
 195.000       2.4107
 198.000       2.2922
 200.000       2.1886
 201.000       2.0924
 203.000       2.0011
 204.000       2.0182
 206.000       1.9842
 208.000       1.9344
 209.000       1.9677
 210.000       1.9364
 212.000       1.9675
 213.000       2.0378
 214.000       2.2395
 216.000       2.1409
 218.000       2.2256
 220.000       2.3622
 221.000       2.3560
 222.000       2.5799
 223.000       2.3707
 224.000       2.2425
 225.000       2.3269
 228.000       2.3256
 230.000       2.2911
 231.000       2.3501
 233.000       2.3379
 234.000       2.2728
 236.000       2.3612
 238.000       2.5209
 239.000       2.6902
 242.000       2.6244
 243.000       2.5339
 244.000       2.7307
 245.000       2.3187
 247.000       2.4197
 249.000       2.6121
 251.000       2.4067
 252.000       2.4564
 253.000       2.6227
 254.000       2.5722
 255.000       2.3191
 256.000       2.2494
 259.000       2.1879
 261.000       2.1539
 262.000       2.2858
 264.000       2.3923
 265.000       2.7577
 267.000       2.8278
 268.000       2.5033
 269.000       2.5448
 270.000       2.7607
 273.000       2.5979
 274.000       2.5793
 276.000       2.3878
 277.000       2.3283
 278.000       2.2918
 280.000       2.3856
 282.000       2.5462
 284.000       2.2814
 285.000       2.3022
 286.000       2.4772
 287.000       2.4925
 288.000       2.0713
 289.000       1.9078
 292.000       1.8089
 294.000       1.8160
 295.000       1.7618
 297.000       1.7270
 298.000       1.7165
 300.000       1.7799
 301.000       1.8426
 302.000       2.0396
 303.000       2.1414
 306.000       2.2613
 307.000       2.2981
 309.000       2.1052
 310.000       1.8562
 311.000       1.7174
 313.000       1.7307
 315.000       1.8730
 317.000       1.7759
 318.000       1.7706
 319.000       1.9578
 320.000       1.8059
 321.000       1.6309
 322.000       1.6722
 325.000       1.5558
 327.000       1.4833
 328.000       1.3758
 330.000       1.3301
 331.000       1.3931
 333.000       1.3852
 334.000       1.3085
 335.000       1.3241
 336.000       1.4101
 337.000       1.3010
 339.000       1.2709
 340.000       1.3211
 343.000       1.2626
 344.000       1.2756
 345.000       1.5002
 347.000       1.3935
 349.000       1.4189
 351.000       1.5843
 352.000       1.5993
 353.000       1.7611
 354.000       1.6142
 355.000       1.4915
 356.000       1.5253
 359.000       1.4402
 361.000       1.3607
 362.000       1.2895
 364.000       1.2435
 365.000       1.3098
 367.000       1.2842
 368.000       1.1961
 369.000       1.1780
 370.000       1.2362
 373.000       1.1571
 374.000       1.1459
 376.000       1.1523
 377.000       1.1747
 378.000       1.4325
 380.000       1.3450
 382.000       1.3941
 384.000       1.5395
 385.000       1.7395
 386.000       2.1522
 387.000       1.9330
 388.000       1.6468
 389.000       1.7369
 392.000       1.7002
 394.000       1.6148
 395.000       1.5635
 397.000       1.4576
 398.000       1.3854
 400.000       1.3219
 401.000       1.3628
 402.000       1.3732
 403.000       1.3385
 404.000       1.4757
 406.000       1.5498
 407.000       1.6612
 410.000       1.5447
 411.000       1.4501
 412.000       1.6969
 414.000       1.5965
 416.000       1.6959
 418.000       1.8152
 419.000       1.9511
 420.000       2.1449
 421.000       2.0906
 422.000       1.8951
 423.000       1.8880
 426.000       1.9326
 428.000       2.1178
 429.000       2.2961
 431.000       2.4609
 432.000       2.7948
 434.000       3.0605
 435.000       3.0098
 436.000       3.5353
 437.000       3.9081
 440.000       3.9851
 441.000       3.8926
 443.000       3.2707
 444.000       2.7901
 445.000       1.8526
 447.000       2.1752
 449.000       2.4698
 451.000       1.8595
 452.000       1.7832
 453.000       1.8900
 454.000       1.7734
 455.000       1.7485
 456.000       1.8055
 459.000       1.8070
 461.000       1.7808
 462.000       1.7565
 464.000       1.6569
 465.000       1.6002
 467.000       1.5366
 468.000       1.5539
 469.000       1.5368
 470.000       1.4956
 471.000       1.6086
 473.000       1.6840
 474.000       1.7608
 477.000       1.7015
 478.000       1.6323
 479.000       1.7914
 481.000       1.8055
 483.000       1.9277
 485.000       1.8839
 486.000       1.9094
 487.000       2.0624
 488.000       1.8638
 489.000       1.8970
 490.000       1.9863
 493.000       1.9770
 495.000       1.9466
 496.000       1.8961
 498.000       1.7834
 499.000       1.7292
 501.000       1.6455
 502.000       1.6435
 503.000       1.5926
 504.000       1.5320
 505.000       1.6504
 507.000       1.7425
 508.000       1.8123
 511.000       1.7874
 512.000       1.7327
 513.000       1.9302
 515.000       1.9272
 517.000       2.0452
 519.000       2.0067
 520.000       1.9735
 521.000       2.1174
 522.000       1.9273
 523.000       1.9110
 524.000       1.9864
 527.000       1.9353
 529.000       1.8923
 530.000       1.8232
 532.000       1.6996
 533.000       1.6624
 535.000       1.5704
 536.000       1.5446
 537.000       1.4776
 538.000       1.4257
 539.000       1.5133
 541.000       1.6087
 542.000       1.6718
 545.000       1.6706
 546.000       1.6297
 547.000       1.8712
 549.000       1.8442
 551.000       1.9802
 553.000       1.9761
 554.000       1.9580
 555.000       2.1403
 556.000       1.9859
 557.000       1.8253
 558.000       1.8682
 561.000       1.7889
 563.000       1.7232
 564.000       1.6685
 566.000       1.5537
 567.000       1.5785
 569.000       1.5635
 571.000       1.5121
 572.000       1.5659
 573.000       1.4774
 575.000       1.5020
 576.000       1.5532
 577.000       1.7718
 579.000       1.7859
 581.000       2.1024
 583.000       1.8895
 584.000       1.9857
 585.000       2.2083
 586.000       2.0421
 587.000       1.8936
 588.000       1.9440
 591.000       1.8526
 593.000       1.7134
 594.000       1.7274
 596.000       1.6958
 597.000       1.8031
 599.000       1.7588
 600.000       1.6174
 601.000       1.5588
 602.000       1.6066
 603.000       1.4851
 605.000       1.4573
 606.000       1.4216
 609.000       1.5033
 610.000       1.5862
 611.000       1.9278
 613.000       1.8710
 615.000       1.9546
 617.000       1.9474
 618.000       2.0989
 619.000       2.2537
 620.000       2.1976
 621.000       2.0338
 622.000       2.0091
 625.000       1.9257
 627.000       1.7925
 628.000       1.8115
 630.000       1.7480
 631.000       1.7629
 633.000       1.7191
 634.000       1.6753
 635.000       1.6480
 636.000       1.6593
 639.000       1.6461
 640.000       1.6527
 642.000       1.6775
 643.000       1.6887
 644.000       2.0420
 646.000       1.9916
 648.000       2.0965
 650.000       2.0722
 651.000       2.1528
 652.000       2.2988
 653.000       2.2685
 654.000       2.0041
 655.000       1.9044
 658.000       1.7564
 660.000       1.7363
 661.000       1.6405
 663.000       1.6790
 664.000       1.7957
 666.000       1.8182
 667.000       1.7061
 668.000       1.6912
 669.000       1.7733
 670.000       1.6025
 672.000       1.5387
 673.000       1.4860
 676.000       1.5483
 677.000       1.6295
 678.000       1.6905
 680.000       1.5929
 682.000       1.5652
 684.000       1.7027
 685.000       1.7192
 686.000       1.8026
 687.000       1.8243
 688.000       1.6023
 689.000       1.5458
 692.000       1.4810
 694.000       1.4688
 695.000       1.4521
 697.000       1.4696
 698.000       1.5368
 700.000       1.5955
 702.000       1.5822
 703.000       1.6695
 706.000       1.5206
 707.000       1.4677
 708.000       1.4578
 709.000       1.5012
 711.000       1.4915
 713.000       1.5557
 715.000       1.5495
 716.000       1.6271
 717.000       1.7399
 718.000       1.6762
 719.000       1.6140
 720.000       1.6519
 723.000       1.6756
 725.000       1.6009
 726.000       1.6345
 728.000       1.5790
 729.000       1.6150
 731.000       1.6248
 732.000       1.5860
 733.000       1.6266
 734.000       1.7114
 735.000       1.6047
 737.000       1.5596
 738.000       1.5740
 741.000       1.5378
 742.000       1.5493
 743.000       1.7594
 745.000       1.7786
 747.000       1.9194
 749.000       1.8850
 750.000       2.0249
 751.000       2.1764
 752.000       2.1393
 753.000       1.9658
 754.000       1.9465
 757.000       1.9728
 759.000       2.0026
 760.000       2.0835
 762.000       2.1320
 763.000       2.1279
 765.000       2.2315
 766.000       2.3038
 767.000       2.4634
 768.000       2.5795
 771.000       2.5590
 772.000       2.5048
 774.000       2.3587
 775.000       2.2534
 776.000       2.0661
 778.000       2.1323
 780.000       2.1944
 782.000       2.1202
 783.000       2.2686
 784.000       2.4592
 785.000       2.3541
 786.000       2.2193
 787.000       2.3019
 790.000       2.2782
 792.000       2.2285
 793.000       2.1846
 795.000       2.0879
 796.000       2.0666
 798.000       2.0223
 800.000       2.0035
 801.000       2.0176
 804.000       2.0249
 805.000       2.0631
 806.000       2.1138
 807.000       2.2424
 809.000       2.2457
 811.000       2.3768
 813.000       2.3207
 814.000       2.2889
 815.000       2.4639
 816.000       2.2722
 817.000       2.1698
 818.000       2.2514
 821.000       2.2019
 823.000       2.1449
 824.000       2.1366
 826.000       2.0761
 827.000       2.0122
 829.000       2.1006
 831.000       2.2543
 832.000       2.4411
 833.000       2.3028
 835.000       2.2298
 836.000       2.4036
 837.000       2.1534
 839.000       2.1801
 841.000       2.3581
 843.000       2.2581
 844.000       2.2448
 845.000       2.3911
 846.000       2.2142
 847.000       2.1666
 848.000       2.2377
 851.000       2.1806
 853.000       2.1158
 854.000       2.0355
 856.000       1.9270
 857.000       1.9074
 859.000       1.8193
 860.000       1.7714
 861.000       1.6947
 862.000       1.6611
 863.000       1.6928
 865.000       1.7600
 866.000       1.7738
 869.000       1.8402
 870.000       1.8385
 871.000       2.1218
 873.000       2.0705
 875.000       2.1724
 877.000       2.2102
 878.000       2.1969
 879.000       2.3473
 880.000       2.1946
 881.000       2.0915
 882.000       2.2015
 885.000       2.0756
 887.000       1.9995
 888.000       1.9002
 890.000       1.8260
 891.000       1.8429
 893.000       1.7822
 894.000       1.7151
 895.000       1.6547
 896.000       1.6456
 897.000       1.6383
 899.000       1.6698
 900.000       1.6718
 903.000       1.7232
 904.000       1.7419
 905.000       2.0125
 907.000       1.9238
 909.000       1.9817
 911.000       2.0925
 912.000       2.1085
 913.000       2.2412
 914.000       2.1398
 915.000       2.0135
 916.000       2.0059
 919.000       1.9097
 921.000       1.8426
 922.000       1.7660
 924.000       1.7353
 925.000       1.7950
 927.000       1.7874
 929.000       1.7167
 930.000       1.7367
 933.000       1.6651
 934.000       1.6734
 935.000       1.6519
 936.000       1.8838
 938.000       1.8022
 940.000       1.8357
 942.000       1.9664
 943.000       1.9920
 944.000       2.1454
 945.000       2.0157
 946.000       1.8853
 947.000       1.8734
 950.000       1.7708
 952.000       1.6983
 953.000       1.6183
 955.000       1.6004
 956.000       1.6731
 958.000       1.6624
 959.000       1.5764
 960.000       1.5536
 961.000       1.6111
 962.000       1.4926
 964.000       1.4531
 965.000       1.4159
 968.000       1.4771
 969.000       1.5376
 970.000       1.7434
 972.000       1.6550
 974.000       1.6862
 976.000       1.8267
 977.000       1.8681
 978.000       1.9944
 979.000       1.9022
 980.000       1.7854
 981.000       1.7758
 984.000       1.6883
 986.000       1.6065
 987.000       1.5557
 989.000       1.5632
 990.000       1.6419
 992.000       1.6902
 994.000       1.6580
 995.000       1.7359
 998.000       1.5857
 999.000       1.5316
1000.000       1.4872
1001.000       1.7142
1003.000       1.6271
1005.000       1.6375
1007.000       1.8098
1008.000       1.8968
1009.000       1.9245
1010.000       2.0344
1011.000       1.8624
1012.000       1.8898
1015.000       1.8760
1017.000       1.7915
1018.000       1.8173
1020.000       1.7947
1021.000       1.7767
1023.000       1.8044
1024.000       1.8414
1025.000       1.9295
1026.000       1.9944
1027.000       2.0035
1029.000       1.9945
1030.000       2.1066
1033.000       1.9214
1034.000       1.8412
1035.000       1.9427
1037.000       1.9310
1039.000       2.0185
1041.000       2.0795
1042.000       2.2124
1043.000       2.3284
1044.000       2.3061
1045.000       2.1606
1046.000       2.0760
1049.000       2.0838
1051.000       2.0272
1052.000       2.1635
1054.000       2.1737
1055.000       2.2266
1057.000       2.2433
1058.000       2.1891
1059.000       2.2053
1060.000       2.2729
1063.000       2.1928
1064.000       2.1649
1066.000       2.1505
1067.000       2.1553
1068.000       2.2763
1070.000       2.3182
1072.000       2.4917
1074.000       2.3210
1075.000       2.5464
1076.000       2.7834
1077.000       2.5998
1078.000       2.5077
1079.000       2.3822
1082.000       2.4098
1084.000       2.6419
1085.000       2.7604
1087.000       3.0783
1088.000       3.5242
1090.000       3.7832
1091.000       3.5617
1092.000       3.8698
1093.000       4.2001
1096.000       4.1076
1097.000       4.0126
1099.000       3.5291
1100.000       3.2749
1101.000       2.3348
1103.000       2.5588
1105.000       2.6041
1107.000       2.3024
1108.000       2.1363
1109.000       2.2280
1110.000       2.2079
1111.000       1.8994
1112.000       1.8717
1115.000       1.6998
1117.000       1.6990
1118.000       1.5956
1120.000       1.6680
1121.000       1.7593
1123.000       1.8370
1124.000       1.8057
1125.000       1.9000
1126.000       2.0338
1127.000       1.8782
1129.000       1.7735
1130.000       1.7990
1133.000       1.6817
1134.000       1.7027
1135.000       1.5977
1137.000       1.5659
1139.000       1.5246
1141.000       1.5730
1142.000       1.4220
1143.000       1.4669
1144.000       1.5189
1145.000       1.3366
1146.000       1.3491
1149.000       1.3016
1151.000       1.3693
1152.000       1.3414
1154.000       1.3556
1155.000       1.3911
1157.000       1.4252
1158.000       1.4175
1159.000       1.4795
1160.000       1.5475
1163.000       1.5179
1164.000       1.4906
1166.000       1.4189
1167.000       1.3844
1168.000       1.2330
1170.000       1.2685
1172.000       1.3104
1174.000       1.2310
1175.000       1.2424
1176.000       1.3409
1177.000       1.2848
1178.000       1.2588
1179.000       1.3345
1182.000       1.3986
1184.000       1.4104
1185.000       1.4603
1187.000       1.4060
1188.000       1.3278
1190.000       1.3607
1192.000       1.4609
1193.000       1.5548
1196.000       1.5442
1197.000       1.5250
1198.000       1.6767
1199.000       1.4088
1201.000       1.4933
1203.000       1.6672
1205.000       1.5186
1206.000       1.5588
1207.000       1.7368
1208.000       1.5244
1209.000       1.5691
1210.000       1.6826
1213.000       1.6949
1215.000       1.6297
1216.000       1.6120
1218.000       1.4900
1219.000       1.4173
1221.000       1.3447
1223.000       1.3437
1224.000       1.3206
1227.000       1.4224
1228.000       1.4947
1229.000       1.6052
1230.000       1.7021
1232.000       1.7036
1234.000       1.8535
1236.000       1.8282
1237.000       1.8803
1238.000       2.0524
1239.000       1.8361
1240.000       1.8721
1241.000       1.9791
1244.000       1.9676
1246.000       1.8794
1247.000       1.8454
1249.000       1.7139
1250.000       1.6498
1252.000       1.5455
1254.000       1.5169
1255.000       1.4573
1258.000       1.5904
1259.000       1.6863
1260.000       1.7784
1261.000       1.9545
1263.000       1.9341
1265.000       2.0745
1267.000       2.0848
1268.000       2.1194
1269.000       2.2954
1270.000       2.0798
1271.000       2.0658
1272.000       2.1510
1275.000       2.0873
1277.000       1.9838
1278.000       1.9208
1280.000       1.8023
1281.000       1.7754
1283.000       1.6755
1285.000       1.6072
1286.000       1.5397
1289.000       1.6473
1290.000       1.7419
1291.000       1.8048
1292.000       2.0648
1294.000       2.0037
1296.000       2.1096
1298.000       2.1959
1299.000       2.2279
1300.000       2.4330
1301.000       2.1826
1302.000       2.1625
1303.000       2.2387
1306.000       2.1515
1308.000       2.0431
1309.000       1.9454
1311.000       1.8047
1312.000       1.7878
1314.000       1.6678
1316.000       1.5602
1317.000       1.4621
1320.000       1.5880
1321.000       1.7082
1322.000       1.7602
1323.000       2.0886
1325.000       2.0121
1327.000       2.1340
1329.000       2.2083
1330.000       2.1843
1331.000       2.3691
1332.000       2.1685
1333.000       2.0375
1334.000       2.0907
1337.000       1.9504
1339.000       1.8464
1340.000       1.6995
1342.000       1.6052
1343.000       1.6614
1345.000       1.5734
1346.000       1.4358
1347.000       1.3162
1348.000       1.3184
1349.000       1.2391
1351.000       1.2822
1352.000       1.2416
1355.000       1.3986
1356.000       1.4628
1357.000       1.8543
1359.000       1.7260
1361.000       1.7918
1363.000       1.9400
1364.000       1.9171
1365.000       2.0626
1366.000       1.9398
1367.000       1.7615
1368.000       1.7675
1371.000       1.6327
1373.000       1.5520
1374.000       1.4263
1376.000       1.3794
1377.000       1.4665
1379.000       1.4240
1380.000       1.2875
1381.000       1.2163
1382.000       1.2658
1383.000       1.1333
1385.000       1.1206
1386.000       1.0874
1389.000       1.1899
1390.000       1.2664
1391.000       1.5580
1393.000       1.4410
1395.000       1.4857
1397.000       1.6399
1398.000       1.6474
1399.000       1.7928
1400.000       1.7070
1401.000       1.5086
1402.000       1.5049
1405.000       1.3837
1407.000       1.3018
1408.000       1.2212
1410.000       1.1925
1411.000       1.2695
1413.000       1.2922
1415.000       1.2357
1416.000       1.3011
1419.000       1.1728
1420.000       1.1497
1421.000       1.1483
1422.000       1.3556
1424.000       1.2614
1426.000       1.3169
1428.000       1.4548
1429.000       1.5353
1430.000       1.6649
1431.000       1.6732
1432.000       1.4577
1433.000       1.4510
1436.000       1.4755
1438.000       1.4271
1439.000       1.5405
1441.000       1.5691
1442.000       1.5558
1444.000       1.6801
1445.000       1.7712
1446.000       1.9725
1447.000       2.1159
1450.000       2.0958
1451.000       2.0346
1453.000       1.8586
1454.000       1.7167
1455.000       1.6042
1457.000       1.6852
1459.000       1.8265
1461.000       1.7326
1462.000       1.8930
1463.000       2.0609
1464.000       1.9061
1465.000       1.9836
1466.000       2.0999
1469.000       2.2312
1471.000       2.1220
1472.000       2.2152
1474.000       2.0784
1475.000       1.9684
1477.000       1.9408
1478.000       2.0243
1479.000       2.1089
1480.000       2.1367
1483.000       2.2488
1484.000       2.3184
1486.000       2.2719
1487.000       2.1119
1488.000       2.4195
1490.000       2.3604
1492.000       2.5938
1494.000       2.6540
1495.000       2.7945
1496.000       2.9863
1497.000       2.9835
1498.000       2.6481
1499.000       2.7119
1502.000       2.6132
1504.000       2.6504
1505.000       2.4504
1507.000       2.3515
1508.000       2.4865
1510.000       2.4556
1512.000       2.2667
1513.000       2.2662
1516.000       2.1338
1517.000       2.1829
1518.000       2.1272
1519.000       2.4206
1521.000       2.3706
1523.000       2.4731
1525.000       2.4400
1526.000       2.3598
1527.000       2.5025
1528.000       2.3896
1529.000       2.2144
1530.000       2.2341
1533.000       2.1372
1535.000       2.0715
1536.000       1.9927
1538.000       1.9510
1539.000       2.0145
1541.000       2.0322
1543.000       1.9861
1544.000       2.0588
1547.000       1.9367
1548.000       1.9157
1549.000       1.9255
1550.000       2.1124
1552.000       2.0535
1554.000       2.1462
1556.000       2.2279
1557.000       2.2982
1558.000       2.4762
1559.000       2.3017
1560.000       2.2722
1561.000       2.3638
1564.000       2.3863
1566.000       2.2754
1567.000       2.3046
1569.000       2.2091
1570.000       2.1524
1572.000       2.1342
1573.000       2.1832
1574.000       2.2597
1575.000       2.2926
1578.000       2.3648
1579.000       2.3941
1581.000       2.3409
1582.000       2.2293
1583.000       2.4661
1585.000       2.4713
1587.000       2.6452
1589.000       2.6770
1590.000       2.8172
1591.000       3.0698
1592.000       2.7553
1593.000       2.8328
1594.000       2.9979
1597.000       3.0441
1599.000       2.8778
1600.000       2.9116
1602.000       2.7374
1603.000       2.6349
1605.000       2.5772
1606.000       2.6384
1607.000       2.6896
1608.000       2.6958
1609.000       2.8134
1611.000       2.8814
1612.000       3.0187
1615.000       2.8506
1616.000       2.7278
1617.000       3.1220
1619.000       3.1232
1621.000       3.3519
1623.000       3.3780
1624.000       3.4920
1625.000       3.7755
1626.000       3.3507
1627.000       3.5284
1628.000       3.6318
1631.000       3.7270
1633.000       3.9325
1634.000       3.9834
1636.000       3.9920
1637.000       3.9616
1639.000       4.0725
1640.000       4.1845
1641.000       4.3965
1642.000       4.5296
1645.000       4.5460
1646.000       4.4888
1648.000       4.2988
1649.000       4.1431
1650.000       3.5899
1652.000       3.8155
1654.000       3.9758
1656.000       3.5134
1657.000       3.2579
1658.000       3.3213
1659.000       3.1529
1660.000       3.3056
1661.000       3.5179
1664.000       3.6232
1666.000       3.7420
1667.000       3.7496
1669.000       3.6511
1670.000       3.5125
1672.000       3.5194
1673.000       3.6661
1674.000       3.7924
1675.000       3.7960
1678.000       3.9672
1679.000       4.0201
1681.000       3.9284
1682.000       3.7462
1683.000       3.4928
1685.000       3.6596
1687.000       3.8754
1689.000       3.4989
1690.000       3.3617
1691.000       3.4696
1692.000       3.1354
1693.000       3.4696
1694.000       3.7036
1697.000       3.8190
1699.000       3.8467
1700.000       3.8521
1702.000       3.6564
1703.000       3.4299
1705.000       3.3169
1706.000       3.4953
1707.000       3.5568
1708.000       3.4291
1711.000       3.8037
1712.000       3.9739
1714.000       3.9417
1715.000       3.7008
1716.000       3.7125
1718.000       3.8428
1720.000       4.1049
1722.000       3.8128
1723.000       3.7247
1724.000       4.0082
1725.000       3.7133
1726.000       3.5160
1727.000       3.5978
1730.000       3.4229
1732.000       3.3434
1733.000       3.1285
1735.000       2.9619
1736.000       3.0062
1738.000       2.8845
1740.000       2.6906
1741.000       2.6103
1742.000       2.6554
1744.000       2.7926
1745.000       2.8049
1746.000       3.2136
1748.000       3.0756
1750.000       3.1932
1752.000       3.2877
1753.000       3.1615
1754.000       3.3443
1755.000       3.1332
1756.000       2.9399
1757.000       2.9887
1760.000       2.8009
1762.000       2.7369
1763.000       2.5392
1765.000       2.4284
1766.000       2.5073
1768.000       2.4065
1769.000       2.2422
1770.000       2.1151
1771.000       2.1237
1772.000       2.0289
1774.000       2.0593
1775.000       2.0179
1778.000       2.1779
1779.000       2.2597
1780.000       2.6089
1782.000       2.4775
1784.000       2.5576
1786.000       2.6553
1787.000       2.5523
1788.000       2.6962
1789.000       2.5785
1790.000       2.3468
1791.000       2.3577
1794.000       2.1737
1796.000       2.1286
1797.000       1.9817
1799.000       1.9464
1800.000       2.0371
1802.000       2.0255
1803.000       1.9280
1804.000       1.9358
1805.000       2.0173
1806.000       1.9048
1808.000       1.8623
1809.000       1.8973
1812.000       1.8478
1813.000       1.8821
1814.000       2.0346
1816.000       1.9365
1818.000       1.9739
1820.000       2.0629
1821.000       2.0375
1822.000       2.1316
1823.000       2.1373
1824.000       1.8912
1825.000       1.8594
1828.000       1.7913
1830.000       1.7773
1831.000       1.7641
1833.000       1.7851
1834.000       1.8265
1836.000       1.8722
1838.000       1.8747
1839.000       1.9459
1840.000       1.8421
1842.000       1.8049
1843.000       1.8338
1844.000       1.7933
1846.000       1.8019
1848.000       1.8302
1850.000       1.8171
1851.000       1.8060
1852.000       1.9287
1853.000       1.8595
1854.000       1.6634
1855.000       1.6450
1858.000       1.5280
1860.000       1.4738
1861.000       1.3796
1863.000       1.3456
1864.000       1.4343
1866.000       1.4085
1867.000       1.2918
1868.000       1.2436
1869.000       1.2959
1870.000       1.1789
1872.000       1.1665
1873.000       1.1572
1876.000       1.2087
1877.000       1.2623
1878.000       1.4682
1880.000       1.3881
1882.000       1.4462
1884.000       1.5305
1885.000       1.5193
1886.000       1.6531
1887.000       1.5789
1888.000       1.3851
1889.000       1.3804
1892.000       1.2578
1894.000       1.2207
1895.000       1.1382
1897.000       1.1272
1898.000       1.2110
1900.000       1.2447
1902.000       1.1939
1903.000       1.2745
1906.000       1.1247
1907.000       1.0918
1908.000       1.0975
1909.000       1.1897
1911.000       1.1233
1913.000       1.1692
1915.000       1.2321
1916.000       1.2281
1917.000       1.3428
1918.000       1.3068
1919.000       1.1176
1920.000       1.1131
1923.000       1.0627
1925.000       1.0513
1926.000       1.0346
1928.000       1.0067
1929.000       1.0295
1931.000       1.0637
1933.000       1.0750
1934.000       1.1619
1937.000       1.0703
1938.000       1.0347
1939.000       1.0985
1940.000       1.0536
1942.000       1.0647
1944.000       1.1791
1946.000       1.1157
1947.000       1.1833
1948.000       1.3157
1949.000       1.3850
1950.000       1.1950
1951.000       1.5622
1954.000       1.4426
1956.000       1.4450
1957.000       1.4849
1959.000       1.5002
1960.000       1.5975
1962.000       1.7251
1963.000       1.7049
1964.000       1.9151
1965.000       2.0996
1968.000       2.0721
1969.000       2.0383
1971.000       1.8195
1972.000       1.6256
1973.000       1.4498
1975.000       1.5686
1977.000       1.7693
1979.000       1.5236
1980.000       1.6900
1981.000       2.0509
1982.000       2.1232
1983.000       1.5383
1984.000       1.6519
1987.000       1.6697
1989.000       1.6590
1990.000       1.6963
1992.000       1.5684
1993.000       1.5329
1995.000       1.4922
1996.000       1.4946
1997.000       1.5127
1998.000       1.5097
2001.000       1.5897
2002.000       1.6480
2004.000       1.6382
2005.000       1.5528
2006.000       1.7560
2008.000       1.9027
2010.000       2.3611
2012.000       2.0149
2013.000       2.5639
2014.000       3.3771
2015.000       2.9791
2016.000       2.3562
2017.000       2.1800
2020.000       2.1203
2022.000       2.4501
2023.000       2.6933
2025.000       3.2789
2026.000       3.5487
2028.000       4.2430
2030.000       4.7200
2031.000       5.4127
2032.000       4.4153
2034.000       3.7217
2035.000       3.6275
2036.000       2.1460
2038.000       2.6651
2040.000       3.1445
2042.000       2.1268
2043.000       2.3108
2044.000       2.8291
2045.000       2.9326
2046.000       2.0406
2047.000       1.7874
2050.000       1.5822
2052.000       1.6096
2053.000       1.5248
2055.000       1.6288
2056.000       1.7722
2058.000       1.9178
2060.000       1.9538
2061.000       2.1478
2062.000       1.8303
2064.000       1.6675
2065.000       1.6426
2066.000       1.4705
2068.000       1.4985
2070.000       1.4839
2072.000       1.4167
2073.000       1.4216
2074.000       1.4601
2075.000       1.4857
2076.000       1.4313
2077.000       1.5073
2080.000       1.5401
2082.000       1.5579
2083.000       1.5632
2085.000       1.5333
2086.000       1.5026
2088.000       1.4955
2090.000       1.5261
2091.000       1.5578
2094.000       1.5693
2095.000       1.5719
2096.000       1.6442
2097.000       1.5102
2099.000       1.5844
2101.000       1.7210
2103.000       1.5680
2104.000       1.5549
2105.000       1.6724
2106.000       1.4927
2107.000       1.5930
2108.000       1.6832
2111.000       1.6915
2113.000       1.6672
2114.000       1.6563
2116.000       1.6014
2117.000       1.5639
2119.000       1.5422
2121.000       1.5593
2122.000       1.5682
2125.000       1.6012
2126.000       1.6205
2127.000       1.6901
2128.000       1.6782
2130.000       1.6897
2132.000       1.8068
2134.000       1.7634
2135.000       1.8057
2136.000       1.9728
2137.000       1.8183
2138.000       1.7907
2139.000       1.8983
2142.000       1.9391
2144.000       1.9270
2145.000       1.9885
2147.000       1.9507
2148.000       1.8484
2150.000       1.8850
2152.000       2.0273
2153.000       2.1409
2154.000       2.1166
2156.000       2.0927
2157.000       2.2577
2158.000       1.9318
2160.000       2.0367
2162.000       2.2573
2164.000       2.0121
2165.000       2.0415
2166.000       2.1467
2167.000       2.0816
2168.000       2.0225
2169.000       2.0548
2172.000       2.0870
2174.000       2.0673
2175.000       2.0796
2177.000       2.0019
2178.000       1.9852
2180.000       1.9484
2181.000       1.9326
2182.000       1.9308
2183.000       1.9429
2184.000       1.9684
2186.000       2.0128
2187.000       2.0825
2190.000       2.0171
2191.000       1.9716
2192.000       2.1264
2194.000       2.1343
2196.000       2.3276
2198.000       2.2385
2199.000       2.3028
2200.000       2.5377
2201.000       2.2554
2202.000       2.2810
2203.000       2.4620
2206.000       2.4535
2208.000       2.4094
2209.000       2.2995
2211.000       2.0771
2212.000       2.0297
2214.000       1.9213
2216.000       1.8661
2217.000       1.8697
2220.000       1.9378
2221.000       2.0376
2222.000       2.1870
2223.000       2.3446
2225.000       2.3569
2227.000       2.6166
2229.000       2.5256
2230.000       2.4402
2231.000       2.7578
2232.000       2.2701
2233.000       2.3375
2234.000       2.5690
2237.000       2.5201
2239.000       2.4122
2240.000       2.3124
2242.000       2.0734
2243.000       1.9438
2245.000       1.8210
2246.000       1.8816
2247.000       1.9341
2248.000       1.9120
2251.000       2.1126
2252.000       2.2286
2254.000       2.2119
2255.000       2.0348
2256.000       2.3922
2258.000       2.3940
2260.000       2.6830
2262.000       2.5862
2263.000       2.5401
2264.000       2.8357
2265.000       2.3983
2266.000       2.4909
2267.000       2.6800
2270.000       2.7050
2272.000       2.5807
2273.000       2.5831
2275.000       2.3569
2276.000       2.1598
2278.000       2.0808
2279.000       2.2423
2280.000       2.3692
2281.000       2.3633
2282.000       2.6295
2284.000       2.7564
2285.000       3.0616
2288.000       2.6689
2289.000       2.4072
2290.000       2.6726
2292.000       2.7399
2294.000       3.0602
2296.000       2.9000
2297.000       2.9271
2298.000       3.2299
2299.000       2.7704
2300.000       2.9159
2301.000       3.2029
2304.000       3.2301
2306.000       3.0398
2307.000       3.0441
2309.000       2.7772
2310.000       2.5795
2312.000       2.4161
2314.000       2.4660
2315.000       2.4031
2318.000       2.6721
2319.000       2.8232
2320.000       3.0733
2321.000       3.2448
2323.000       3.2625
2325.000       3.5854
2327.000       3.5265
2328.000       3.6286
2329.000       3.9309
2330.000       3.4473
2331.000       3.7021
2332.000       3.9171
2335.000       4.0327
2337.000       3.8812
2338.000       3.8871
2340.000       3.5610
2341.000       3.3084
2343.000       3.1107
2344.000       3.2519
2345.000       3.2326
2346.000       3.0851
2347.000       3.4984
2349.000       3.7435
2350.000       4.0145
2353.000       3.7805
2354.000       3.5267
2355.000       4.0396
2357.000       4.1155
2359.000       4.4921
2361.000       4.3273
2362.000       4.3547
2363.000       4.7163
2364.000       4.1121
2365.000       4.3437
2366.000       4.6464
2369.000       4.6413
2371.000       4.4079
2372.000       4.3287
2374.000       3.9737
2375.000       3.7713
2377.000       3.5404
2378.000       3.5987
2379.000       3.5161
2380.000       3.3643
2381.000       3.7165
2383.000       3.9547
2384.000       4.1580
2387.000       4.0471
2388.000       3.8616
2389.000       4.5948
2391.000       4.5502
2393.000       4.8945
2395.000       4.9135
2396.000       4.9409
2397.000       5.3165
2398.000       4.7276
2399.000       4.8852
2400.000       4.8666
2403.000       4.9797
2405.000       5.3227
2406.000       5.4120
2408.000       5.5225
2409.000       5.5408
2411.000       5.7610
2412.000       5.8847
2413.000       6.1776
2414.000       6.4000
2417.000       6.3150
2418.000       6.1762
2420.000       5.9032
2421.000       5.7524
2422.000       4.7985
2424.000       5.1275
2426.000       5.2519
2428.000       4.5754
2429.000       4.2527
2430.000       4.1486
2431.000       4.1251
2432.000       4.3754
2433.000       4.5481
2436.000       4.7819
2438.000       5.0212
2439.000       5.1215
2441.000       5.0684
2442.000       4.8495
2444.000       4.9587
2445.000       5.2567
2446.000       5.5497
2447.000       5.6184
2450.000       5.8385
2451.000       5.8504
2453.000       5.6199
2454.000       5.3153
2455.000       4.6273
2457.000       4.9586
2459.000       5.2354
2461.000       4.5514
2462.000       4.3247
2463.000       4.3379
2464.000       4.0300
2465.000       4.5676
2466.000       4.8532
2469.000       5.1277
2471.000       5.2611
2472.000       5.3763
2474.000       5.1851
2475.000       4.8470
2477.000       4.8024
2478.000       5.1435
2479.000       5.3526
2480.000       5.2560
2483.000       5.7190
2484.000       5.8786
2486.000       5.7368
2487.000       5.3658
2488.000       5.0310
2490.000       5.3423
2492.000       5.6897
2494.000       5.0884
2495.000       4.8830
2496.000       5.2044
2497.000       4.6871
2498.000       4.7274
2499.000       4.9837
2502.000       4.8920
2504.000       4.7877
2505.000       4.5578
2507.000       4.1969
2508.000       4.0935
2510.000       3.7973
2512.000       3.5863
2513.000       3.3344
2516.000       3.6995
2517.000       4.0107
2518.000       4.1708
2519.000       4.6183
2521.000       4.5710
2523.000       4.9061
2525.000       4.7834
2526.000       4.5915
2527.000       4.8992
2528.000       4.3336
2529.000       4.4397
2530.000       4.6927
2533.000       4.5567
2535.000       4.3656
2536.000       4.1113
2538.000       3.7603
2539.000       3.6723
2541.000       3.3749
2542.000       3.2437
2543.000       2.9679
2544.000       2.7687
2545.000       3.0128
2547.000       3.2906
2548.000       3.3761
2551.000       3.5386
2552.000       3.4956
2553.000       4.3359
2555.000       4.1925
2557.000       4.4795
2559.000       4.5707
2560.000       4.4636
2561.000       4.8065
2562.000       4.3606
2563.000       4.1594
2564.000       4.2737
2567.000       3.9948
2569.000       3.7500
2570.000       3.4600
2572.000       3.2158
2573.000       3.3246
2575.000       3.1870
2577.000       2.9135
2578.000       2.8690
2579.000       2.8049
2581.000       2.9501
2582.000       2.9346
2583.000       3.8228
2585.000       3.5483
2587.000       3.6873
2589.000       4.0521
2590.000       4.0104
2591.000       4.3677
2592.000       3.8950
2593.000       3.7641
2594.000       3.9167
2597.000       3.7017
2599.000       3.4462
2600.000       3.2064
2602.000       2.9211
2603.000       2.9463
2605.000       2.7343
2607.000       2.4637
2608.000       2.3241
2609.000       2.4574
2611.000       2.6833
2612.000       2.7341
2613.000       3.5561
2615.000       3.3413
2617.000       3.5393
2619.000       3.8004
2620.000       3.7735
2621.000       4.1105
2622.000       3.6728
2623.000       3.5425
2624.000       3.7226
2627.000       3.4992
2629.000       3.2472
2630.000       3.0177
2632.000       2.7657
2633.000       2.7888
2635.000       2.5796
2636.000       2.3900
2637.000       2.1702
2638.000       2.0884
2639.000       2.1340
2641.000       2.2919
2642.000       2.3297
2645.000       2.4843
2646.000       2.5182
2647.000       3.3872
2649.000       3.1674
2651.000       3.3439
2653.000       3.6369
2654.000       3.6148
2655.000       3.9601
2656.000       3.5292
2657.000       3.3800
2658.000       3.5102
2661.000       3.2961
2663.000       3.0832
2664.000       2.8719
2666.000       2.6462
2667.000       2.6712
2669.000       2.5374
2670.000       2.4000
2671.000       2.3260
2672.000       2.3618
2675.000       2.3526
2676.000       2.4411
2678.000       2.5145
2679.000       2.4785
2680.000       3.1552
2682.000       2.9863
2684.000       3.2048
2686.000       3.3813
2687.000       3.3555
2688.000       3.7219
2689.000       3.3822
2690.000       3.0164
2691.000       3.0881
2694.000       2.8458
2696.000       2.6120
2697.000       2.4410
2699.000       2.2944
2700.000       2.4092
2702.000       2.3972
2703.000       2.2498
2704.000       2.3192
2705.000       2.5201
2708.000       2.3531
2709.000       2.3093
2711.000       2.2405
2712.000       2.1975
2713.000       2.7623
2715.000       2.5792
2717.000       2.7662
2719.000       2.9967
2720.000       3.0000
2721.000       3.4032
2722.000       3.0434
2723.000       2.6761
2724.000       2.8103
2727.000       2.6515
2729.000       2.4892
2730.000       2.5240
2732.000       2.3357
2733.000       2.5054
2735.000       2.4502
2736.000       2.2646
2737.000       2.3979
2738.000       2.6099
2741.000       2.5784
2742.000       2.5630
2744.000       2.3704
2745.000       2.2247
2746.000       2.5446
2748.000       2.7046
2750.000       3.2975
2752.000       2.6785
2753.000       2.5269
2754.000       2.7347
2755.000       2.5624
2756.000       2.3161
2757.000       2.3417
2760.000       2.1749
2762.000       2.1514
2763.000       2.0166
2765.000       1.9620
2766.000       2.0664
2768.000       2.0744
2769.000       1.9633
2770.000       2.0003
2771.000       2.1299
2772.000       1.9651
2774.000       1.9110
2775.000       1.9798
2778.000       1.8804
2779.000       1.9000
2780.000       2.0011
2782.000       1.9533
2784.000       2.0742
2786.000       2.0401
2787.000       1.9393
2788.000       2.0864
2789.000       1.9612
2790.000       1.7896
2791.000       1.8350
2794.000       1.7380
2796.000       1.7398
2797.000       1.6551
2799.000       1.6099
2800.000       1.6510
2802.000       1.6722
2803.000       1.6398
2804.000       1.7181
2805.000       1.8248
2808.000       1.7696
2809.000       1.7446
2811.000       1.6678
2812.000       1.6100
2813.000       1.6326
2815.000       1.6379
2817.000       1.7577
2819.000       1.6716
2820.000       1.6493
2821.000       1.7936
2822.000       1.6952
2823.000       1.5638
2824.000       1.6034
2827.000       1.5753
2829.000       1.5348
2830.000       1.5384
2832.000       1.4985
2833.000       1.4813
2835.000       1.5018
2837.000       1.5487
2838.000       1.6290
2839.000       1.5854
2841.000       1.5656
2842.000       1.6761
2843.000       1.5792
2845.000       1.5960
2847.000       1.7183
2849.000       1.6752
2850.000       1.7537
2851.000       1.8647
2852.000       1.7697
2853.000       1.8150
2854.000       1.9225
2857.000       2.0011
2859.000       1.9808
2860.000       2.0146
2862.000       1.9113
2863.000       1.8402
2865.000       1.8028
2866.000       1.8574
2867.000       1.8983
2868.000       1.8952
2869.000       2.0051
2871.000       2.0720
2872.000       2.2152
2875.000       2.0453
2876.000       1.9308
2877.000       2.0366
2879.000       2.1040
2881.000       2.2667
2883.000       2.1699
2884.000       2.2257
2885.000       2.4191
2886.000       2.1930
2887.000       2.2042
2888.000       2.3167
2891.000       2.3198
2893.000       2.2181
2894.000       2.2034
2896.000       2.0733
2897.000       1.9998
2899.000       1.9364
2900.000       1.9682
2901.000       1.9826
2902.000       1.9663
2905.000       2.0700
2906.000       2.1435
2908.000       2.1489
2909.000       2.0533
2910.000       2.3458
2912.000       2.3350
2914.000       2.4946
2916.000       2.5193
2917.000       2.6100
2918.000       2.8244
2919.000       2.5422
2920.000       2.6181
2921.000       2.7547
2924.000       2.7540
2926.000       2.6090
2927.000       2.5930
2929.000       2.4398
2930.000       2.3544
2932.000       2.2728
2933.000       2.3044
2934.000       2.2979
2935.000       2.2635
2936.000       2.3961
2938.000       2.4860
2939.000       2.6072
2942.000       2.5024
2943.000       2.4076
2944.000       2.8087
2946.000       2.7730
2948.000       2.9386
2950.000       3.0233
2951.000       3.1417
2952.000       3.4006
2953.000       3.0749
2954.000       3.1211
2955.000       3.2554
2958.000       3.2236
2960.000       3.0309
2961.000       3.0102
2963.000       2.8685
2964.000       2.8037
2966.000       2.7029
2968.000       2.6752
2969.000       2.6278
2972.000       2.7482
2973.000       2.8408
2974.000       2.9426
2975.000       3.3025
2977.000       3.2256
2979.000       3.3693
2981.000       3.5430
2982.000       3.7033
2983.000       3.6509
2984.000       3.9785
2985.000       3.6682
2986.000       3.7938
2989.000       3.7633
2991.000       3.5305
2992.000       3.5304
2994.000       3.3768
2995.000       3.3043
2997.000       3.2008
2999.000       3.1713
3000.000       3.1150
3003.000       3.2493
3004.000       3.3515
3005.000       3.4638
3006.000       3.8759
3008.000       3.7897
3010.000       3.9546
3012.000       4.1534
3013.000       4.3718
3014.000       4.6422
3015.000       4.3414
3016.000       4.3748
3017.000       4.4984
3020.000       4.5163
3022.000       4.2701
3023.000       4.3143
3025.000       4.1558
3026.000       4.0666
3028.000       4.0018
3029.000       4.0465
3030.000       4.0729
3031.000       4.0638
3032.000       4.1894
3034.000       4.2744
3035.000       4.4303
3038.000       4.2615
3039.000       4.1413
3040.000       4.7035
3042.000       4.6329
3044.000       4.8238
3046.000       5.0142
