   2.000       4.1772
   3.000       4.3405
   6.000       4.3886
   8.000       4.4677
   9.000       4.4065
  11.000       4.2021
  12.000       4.0733
  14.000       3.9338
  15.000       3.9744
  16.000       3.9146
  17.000       3.8004
  18.000       4.0479
  20.000       4.2194
  21.000       4.3624
  24.000       4.2817
  25.000       4.1495
  26.000       4.1924
  28.000       4.3236
  30.000       4.5957
  32.000       4.2345
  33.000       4.0386
  34.000       4.2174
  35.000       3.8095
  36.000       4.0119
  37.000       4.2402
  40.000       4.2289
  42.000       4.2066
  43.000       4.0682
  45.000       3.8135
  46.000       3.6906
  48.000       3.4968
  49.000       3.4931
  50.000       3.3633
  51.000       3.2175
  52.000       3.4583
  54.000       3.6521
  55.000       3.7485
  58.000       3.7775
  59.000       3.6895
  60.000       4.0165
  62.000       4.0316
  64.000       4.2928
  66.000       4.1250
  67.000       3.9522
  68.000       4.1927
  69.000       3.7625
  70.000       3.8146
  71.000       3.9913
  74.000       3.8629
  76.000       3.7799
  77.000       3.5692
  79.000       3.3286
  80.000       3.2722
  82.000       3.0671
  83.000       2.9826
  84.000       2.8147
  85.000       2.6781
  88.000       2.8352
  89.000       3.0085
  91.000       3.1698
  92.000       3.1473
  93.000       3.6315
  95.000       3.5303
  97.000       3.7194
  99.000       3.7564
 100.000       3.6048
 101.000       3.8594
 102.000       3.4673
 103.000       3.3952
 104.000       3.4661
 107.000       3.2901
 109.000       3.2033
 110.000       2.9763
 112.000       2.7756
 113.000       2.7770
 115.000       2.5934
 116.000       2.4603
 117.000       2.2824
 118.000       2.1759
 121.000       2.2611
 122.000       2.3983
 124.000       2.5563
 125.000       2.5779
 126.000       3.0625
 128.000       2.9261
 130.000       3.0717
 132.000       3.1598
 133.000       3.0246
 134.000       3.2488
 135.000       2.9710
 136.000       2.7813
 137.000       2.8399
 140.000       2.6321
 142.000       2.5471
 143.000       2.3320
 145.000       2.1925
 146.000       2.2456
 148.000       2.1055
 149.000       1.9415
 150.000       1.7701
 151.000       1.7212
 152.000       1.7097
 154.000       1.8013
 155.000       1.7922
 158.000       1.9465
 159.000       2.0080
 160.000       2.4426
 162.000       2.2911
 164.000       2.3781
 166.000       2.5211
 167.000       2.4486
 168.000       2.6297
 169.000       2.4900
 170.000       2.2120
 171.000       2.2019
 174.000       2.0298
 176.000       1.9690
 177.000       1.8198
 179.000       1.7444
 180.000       1.8351
 182.000       1.7629
 183.000       1.6008
 184.000       1.4882
 185.000       1.5030
 188.000       1.4197
 189.000       1.4555
 191.000       1.5394
 192.000       1.6042
 193.000       1.9232
 195.000       1.8139
 197.000       1.8700
 199.000       1.9793
 200.000       1.9627
 201.000       2.1158
 202.000       2.0474
 203.000       1.7830
 204.000       1.7700
 207.000       1.6312
 209.000       1.5557
 210.000       1.4574
 212.000       1.4030
 213.000       1.5039
 215.000       1.4973
 217.000       1.3707
 218.000       1.3943
 219.000       1.2946
 221.000       1.3149
 222.000       1.3334
 223.000       1.5768
 225.000       1.4872
 227.000       1.5648
 229.000       1.6662
 230.000       1.6970
 231.000       1.8531
 232.000       1.7876
 233.000       1.5627
 234.000       1.5517
 237.000       1.4782
 239.000       1.4222
 240.000       1.3955
 242.000       1.3343
 243.000       1.3677
 245.000       1.3439
 246.000       1.2794
 247.000       1.2637
 248.000       1.2964
 251.000       1.2737
 252.000       1.3083
 254.000       1.3172
 255.000       1.2899
 256.000       1.4823
 258.000       1.4828
 260.000       1.6725
 262.000       1.5438
 263.000       1.5994
 264.000       1.7837
 265.000       1.6892
 266.000       1.4558
 267.000       1.4660
 270.000       1.3662
 272.000       1.3654
 273.000       1.3784
 275.000       1.2981
 276.000       1.3250
 278.000       1.3035
 280.000       1.2417
 281.000       1.2559
 284.000       1.2103
 285.000       1.2363
 286.000       1.2509
 287.000       1.2809
 289.000       1.4810
 291.000       2.0603
 293.000       1.4454
 294.000       1.5966
 295.000       2.0417
 296.000       1.7564
 297.000       1.3900
 298.000       1.3575
 301.000       1.3043
 303.000       1.3061
 304.000       1.4015
 306.000       1.4156
 307.000       1.5512
 309.000       1.5537
 310.000       1.4758
 311.000       1.6273
 312.000       1.7501
 315.000       1.8170
 316.000       1.7982
 318.000       1.5863
 319.000       1.4361
 320.000       1.4073
 322.000       1.5013
 324.000       1.7574
 326.000       1.4512
 327.000       1.4563
 328.000       1.5362
 329.000       1.5884
 330.000       1.3830
 331.000       1.3410
 334.000       1.2389
 336.000       1.1918
 337.000       1.1264
 339.000       1.1256
 340.000       1.1980
 342.000       1.2170
 343.000       1.1460
 344.000       1.1607
 345.000       1.2556
 348.000       1.1332
 349.000       1.0948
 351.000       1.0773
 352.000       1.0966
 353.000       1.2115
 355.000       1.1334
 357.000       1.1492
 359.000       1.2809
 360.000       1.3368
 361.000       1.4563
 362.000       1.3964
 363.000       1.2716
 364.000       1.2604
 367.000       1.2167
 369.000       1.1743
 370.000       1.1633
 372.000       1.1734
 373.000       1.2195
 375.000       1.2607
 376.000       1.2335
 377.000       1.2973
 378.000       1.3893
 379.000       1.3027
 381.000       1.2709
 382.000       1.3455
 385.000       1.2144
 386.000       1.1880
 387.000       1.2493
 389.000       1.2149
 391.000       1.2519
 393.000       1.3296
 394.000       1.4225
 395.000       1.5274
 396.000       1.4937
 397.000       1.4053
 398.000       1.3957
 401.000       1.4040
 403.000       1.3744
 404.000       1.4468
 406.000       1.4441
 407.000       1.4523
 409.000       1.4825
 410.000       1.4972
 411.000       1.5736
 412.000       1.6435
 413.000       1.6179
 415.000       1.5952
 416.000       1.6894
 419.000       1.5308
 420.000       1.4786
 421.000       1.5007
 423.000       1.5313
 425.000       1.6741
 427.000       1.5577
 428.000       1.5868
 429.000       1.6265
 430.000       1.7516
 431.000       1.5194
 432.000       1.4539
 435.000       1.3966
 437.000       1.3934
 438.000       1.4048
 440.000       1.4616
 441.000       1.5519
 443.000       1.6529
 445.000       1.6606
 446.000       1.7807
 447.000       1.5902
 449.000       1.5030
 450.000       1.5264
 451.000       1.4219
 453.000       1.4362
 455.000       1.4617
 457.000       1.4468
 458.000       1.5222
 459.000       1.6161
 460.000       1.6413
 461.000       1.4412
 462.000       1.3841
 465.000       1.3289
 467.000       1.2838
 468.000       1.3123
 470.000       1.3760
 471.000       1.4713
 473.000       1.5322
 474.000       1.4788
 475.000       1.5450
 476.000       1.6606
 477.000       1.5200
 479.000       1.4539
 480.000       1.4978
 483.000       1.3880
 484.000       1.3958
 485.000       1.4087
 487.000       1.3807
 489.000       1.3535
 491.000       1.4588
 492.000       1.6097
 493.000       1.6959
 494.000       1.7294
 495.000       1.6272
 496.000       1.6737
 499.000       1.6391
 501.000       1.6859
 502.000       1.6587
 504.000       1.6944
 505.000       1.8081
 507.000       1.8776
 508.000       1.7873
 509.000       1.8310
 510.000       1.9762
 513.000       1.7806
 514.000       1.6937
 516.000       1.6428
 517.000       1.6826
 518.000       1.6299
 520.000       1.6117
 522.000       1.6693
 524.000       1.6891
 525.000       1.7722
 526.000       1.9539
 527.000       1.8485
 528.000       1.6463
 529.000       1.5287
 532.000       1.4602
 534.000       1.4009
 535.000       1.3479
 537.000       1.3069
 538.000       1.3315
 540.000       1.3069
 541.000       1.2577
 542.000       1.2471
 543.000       1.2796
 544.000       1.2431
 546.000       1.2535
 547.000       1.2927
 550.000       1.2685
 551.000       1.2644
 552.000       1.4206
 554.000       1.3811
 556.000       1.4513
 558.000       1.5058
 559.000       1.5322
 560.000       1.6840
 561.000       1.5478
 562.000       1.4727
 563.000       1.5172
 566.000       1.4699
 568.000       1.4191
 569.000       1.3723
 571.000       1.3110
 572.000       1.3207
 574.000       1.3045
 576.000       1.2772
 577.000       1.3031
 580.000       1.2758
 581.000       1.2912
 582.000       1.3317
 583.000       1.4298
 585.000       1.4023
 587.000       1.4998
 589.000       1.5119
 590.000       1.5280
 591.000       1.6769
 592.000       1.5458
 593.000       1.4666
 594.000       1.5255
 597.000       1.4987
 599.000       1.4587
 600.000       1.4345
 602.000       1.3677
 603.000       1.3440
 605.000       1.3179
 607.000       1.3120
 608.000       1.3275
 611.000       1.3416
 612.000       1.3678
 613.000       1.4296
 614.000       1.4769
 616.000       1.4814
 618.000       1.6074
 620.000       1.5695
 621.000       1.5986
 622.000       1.7540
 623.000       1.6096
 624.000       1.5443
 625.000       1.6103
 628.000       1.5878
 630.000       1.5339
 631.000       1.5152
 633.000       1.4374
 634.000       1.3945
 636.000       1.3476
 638.000       1.3504
 639.000       1.3451
 642.000       1.3987
 643.000       1.4398
 644.000       1.5167
 645.000       1.5807
 647.000       1.5767
 649.000       1.6983
 651.000       1.6840
 652.000       1.7224
 653.000       1.8859
 654.000       1.7047
 655.000       1.6971
 656.000       1.7803
 659.000       1.7658
 661.000       1.7096
 662.000       1.6825
 664.000       1.5840
 665.000       1.5306
 667.000       1.4609
 668.000       1.4771
 669.000       1.4688
 670.000       1.4325
 673.000       1.5432
 674.000       1.6125
 676.000       1.6269
 677.000       1.5558
 678.000       1.7450
 680.000       1.7418
 682.000       1.8641
 684.000       1.8407
 685.000       1.8555
 686.000       2.0060
 687.000       1.8218
 688.000       1.8228
 689.000       1.9084
 692.000       1.8835
 694.000       1.8181
 695.000       1.7774
 697.000       1.6631
 698.000       1.6169
 700.000       1.5427
 701.000       1.5413
 702.000       1.5174
 703.000       1.4731
 706.000       1.5871
 707.000       1.6692
 709.000       1.6930
 710.000       1.6219
 711.000       1.8548
 713.000       1.8384
 715.000       1.9702
 717.000       1.9668
 718.000       1.9915
 719.000       2.1693
 720.000       1.9808
 721.000       1.9196
 722.000       1.9925
 725.000       1.9332
 727.000       1.8286
 728.000       1.7607
 730.000       1.6458
 731.000       1.6411
 733.000       1.5853
 735.000       1.5271
 736.000       1.5366
 737.000       1.5288
 739.000       1.5911
 740.000       1.6394
 741.000       1.9141
 743.000       1.8408
 745.000       1.9534
 747.000       2.0559
 748.000       2.1091
 749.000       2.3099
 750.000       2.0727
 751.000       2.0555
 752.000       2.1574
 755.000       2.1323
 757.000       2.0466
 758.000       1.9940
 760.000       1.8598
 761.000       1.8070
 763.000       1.7268
 764.000       1.7153
 765.000       1.6832
 766.000       1.6573
 769.000       1.7309
 770.000       1.8154
 772.000       1.8658
 773.000       1.8033
 774.000       2.1053
 776.000       2.0792
 778.000       2.2279
 780.000       2.2351
 781.000       2.2365
 782.000       2.4425
 783.000       2.1809
 784.000       2.1394
 785.000       2.2303
 788.000       2.1210
 790.000       1.9953
 791.000       1.8590
 793.000       1.7375
 794.000       1.7588
 796.000       1.6703
 797.000       1.5696
 798.000       1.4780
 799.000       1.4822
 802.000       1.4289
 803.000       1.4766
 805.000       1.5752
 806.000       1.6108
 807.000       2.0584
 809.000       1.9276
 811.000       2.0112
 813.000       2.1942
 814.000       2.2190
 815.000       2.4043
 816.000       2.2371
 817.000       2.0765
 818.000       2.0801
 821.000       1.9555
 823.000       1.8127
 824.000       1.7652
 826.000       1.7044
 827.000       1.7849
 829.000       1.7895
 831.000       1.7223
 832.000       1.7813
 833.000       1.6458
 835.000       1.6229
 836.000       1.5842
 837.000       2.0103
 839.000       1.9225
 841.000       1.9814
 843.000       2.0364
 844.000       2.1697
 845.000       2.2940
 846.000       2.2544
 847.000       2.1268
 848.000       2.1571
 851.000       2.1444
 853.000       2.0037
 854.000       2.0057
 856.000       1.9070
 857.000       1.8526
 859.000       1.8331
 860.000       1.8840
 861.000       1.9693
 862.000       2.0086
 865.000       2.0836
 866.000       2.1009
 868.000       2.0369
 869.000       1.9270
 870.000       2.2630
 872.000       2.1905
 874.000       2.4338
 876.000       2.4659
 877.000       2.7796
 878.000       2.9711
 879.000       3.0986
 880.000       2.7307
 881.000       2.7231
 884.000       2.7636
 886.000       3.0074
 887.000       3.0323
 889.000       3.2678
 890.000       3.3034
 892.000       3.5643
 894.000       3.8140
 895.000       4.0939
 896.000       3.7950
 898.000       3.5383
 899.000       3.6322
 900.000       2.6025
 902.000       2.7836
 904.000       2.8246
 906.000       2.6200
 907.000       2.4721
 908.000       2.6327
 909.000       2.4818
 910.000       2.2349
 911.000       2.2356
 914.000       2.0356
 916.000       1.9415
 917.000       1.7660
 919.000       1.7040
 920.000       1.7917
 922.000       1.7412
 923.000       1.6110
 924.000       1.5564
 925.000       1.6050
 926.000       1.4949
 928.000       1.4830
 929.000       1.4786
 932.000       1.5269
 933.000       1.5903
 934.000       1.9152
 936.000       1.7496
 938.000       1.7778
 940.000       2.0008
 941.000       1.9856
 942.000       2.1209
 943.000       2.0618
 944.000       1.7784
 945.000       1.7165
 948.000       1.5551
 950.000       1.4916
 951.000       1.3807
 953.000       1.3941
 954.000       1.5235
 956.000       1.5391
 957.000       1.4102
 958.000       1.4087
 959.000       1.5149
 960.000       1.3359
 962.000       1.2739
 963.000       1.2833
 966.000       1.2633
 967.000       1.3279
 968.000       1.5227
 970.000       1.3959
 972.000       1.4021
 974.000       1.5863
 975.000       1.6461
 976.000       1.7646
 977.000       1.6575
 978.000       1.7141
 979.000       1.8341
 982.000       1.8750
 984.000       1.8153
 985.000       1.8101
 987.000       1.6781
 988.000       1.5938
 990.000       1.5147
 992.000       1.5107
 993.000       1.4838
 994.000       1.6015
 996.000       1.6915
 997.000       1.8102
 998.000       1.8747
1000.000       1.8969
1002.000       2.0658
1004.000       2.0110
1005.000       2.0389
1006.000       2.2432
1007.000       1.9617
1008.000       2.0082
1009.000       2.1239
1012.000       2.0797
1014.000       1.9862
1015.000       1.9213
1017.000       1.7774
1018.000       1.7318
1020.000       1.6289
1022.000       1.5646
1023.000       1.5172
1024.000       1.6287
1026.000       1.7340
1027.000       1.8287
1028.000       2.0334
1030.000       1.9916
1032.000       2.1308
1034.000       2.1629
1035.000       2.1597
1036.000       2.3531
1037.000       2.1157
1038.000       2.0669
1039.000       2.1483
1042.000       2.0621
1044.000       1.9690
1045.000       1.8815
1047.000       1.7595
1048.000       1.7456
1050.000       1.6533
1052.000       1.5725
1053.000       1.5252
1054.000       1.6115
1056.000       1.7030
1057.000       1.7712
1058.000       1.9986
1060.000       1.9327
1062.000       2.0453
1064.000       2.1099
1065.000       2.1095
1066.000       2.2803
1067.000       2.0857
1068.000       2.0165
1069.000       2.0646
1072.000       1.9786
1074.000       1.8993
1075.000       1.8108
1077.000       1.7097
1078.000       1.7030
1080.000       1.6110
1081.000       1.5529
1082.000       1.4723
1083.000       1.4286
1084.000       1.4793
1086.000       1.5522
1087.000       1.5810
1090.000       1.6245
1091.000       1.6191
1092.000       1.9120
1094.000       1.8446
1096.000       1.9353
1098.000       1.9991
1099.000       2.0063
1100.000       2.1509
1101.000       2.0150
1102.000       1.9057
1103.000       1.9375
1106.000       1.8515
1108.000       1.7918
1109.000       1.7040
1111.000       1.6266
1112.000       1.6436
1114.000       1.5763
1115.000       1.5050
1116.000       1.4323
1117.000       1.4138
1118.000       1.4197
1120.000       1.4708
1121.000       1.4897
1124.000       1.5348
1125.000       1.5456
1126.000       1.7931
1128.000       1.7271
1130.000       1.8004
1132.000       1.8733
1133.000       1.8683
1134.000       2.0179
1135.000       1.8828
1136.000       1.7497
1137.000       1.7777
1140.000       1.6825
1142.000       1.6244
1143.000       1.5388
1145.000       1.4758
1146.000       1.5090
1148.000       1.4645
1149.000       1.3905
1150.000       1.3445
1151.000       1.3608
1152.000       1.3187
1154.000       1.3433
1155.000       1.3615
1158.000       1.3866
1159.000       1.4018
1160.000       1.6191
1162.000       1.5502
1164.000       1.6175
1166.000       1.6803
1167.000       1.6798
1168.000       1.7914
1169.000       1.7572
1170.000       1.5498
1171.000       1.5231
1174.000       1.4265
1176.000       1.3875
1177.000       1.3189
1179.000       1.3088
1180.000       1.3759
1182.000       1.4052
1184.000       1.3678
1185.000       1.4349
1186.000       1.3049
1188.000       1.2787
1189.000       1.2807
1190.000       1.4008
1192.000       1.3433
1194.000       1.3754
1196.000       1.4474
1197.000       1.4691
1198.000       1.6062
1199.000       1.5463
1200.000       1.3477
1201.000       1.3371
1204.000       1.2584
1206.000       1.2607
1207.000       1.2608
1209.000       1.2471
1210.000       1.2914
1212.000       1.3254
1214.000       1.3163
1215.000       1.3941
1216.000       1.2846
1218.000       1.2522
1219.000       1.2951
1220.000       1.2214
1222.000       1.3133
1224.000       1.6059
1226.000       1.3444
1227.000       1.2905
1228.000       1.4847
1229.000       1.3541
1230.000       1.2464
1231.000       1.3052
1234.000       1.2756
1236.000       1.2917
1237.000       1.2120
1239.000       1.1563
1240.000       1.1968
1242.000       1.1869
1243.000       1.1149
1244.000       1.1117
1245.000       1.1804
1248.000       1.1067
1249.000       1.1153
1251.000       1.1289
1252.000       1.1116
1253.000       1.2018
1255.000       1.1998
1257.000       1.3114
1259.000       1.2875
1260.000       1.2867
1261.000       1.4698
1262.000       1.3040
1263.000       1.1670
1264.000       1.1813
1267.000       1.0874
1269.000       1.0508
1270.000       1.0118
1272.000       0.9972
1273.000       1.0497
1275.000       1.0328
1276.000       0.9737
1277.000       0.9785
1278.000       1.0250
1279.000       0.9885
1281.000       0.9941
1282.000       1.0734
1285.000       0.9753
1286.000       0.9631
1287.000       1.0925
1289.000       1.0415
1291.000       1.0713
1293.000       1.1733
1294.000       1.2344
1295.000       1.3763
1296.000       1.2865
1297.000       1.1746
1298.000       1.1901
1301.000       1.1752
1303.000       1.1350
1304.000       1.0960
1306.000       1.0447
1307.000       1.0445
1309.000       1.0344
1310.000       1.0131
1311.000       1.0290
1312.000       1.0708
1313.000       1.0471
1315.000       1.0574
1316.000       1.1143
1319.000       1.0597
1320.000       1.0269
1321.000       1.2034
1323.000       1.1557
1325.000       1.2300
1327.000       1.2584
1328.000       1.4015
1329.000       1.5337
1330.000       1.5143
1331.000       1.4662
1332.000       1.6839
1335.000       1.6353
1337.000       1.6624
1338.000       1.6183
1340.000       1.5219
1341.000       1.5507
1343.000       1.5829
1344.000       1.5677
1345.000       1.7057
1346.000       1.8274
1349.000       1.8550
1350.000       1.8730
1352.000       1.7394
1353.000       1.5668
1354.000       1.4874
1356.000       1.5848
1358.000       1.8395
1360.000       1.5744
1361.000       1.5216
1362.000       1.7316
1363.000       1.5047
1364.000       1.4294
1365.000       1.5193
1368.000       1.4668
1370.000       1.4489
1371.000       1.4039
1373.000       1.3346
1374.000       1.2636
1376.000       1.2271
1378.000       1.2833
1379.000       1.3105
1380.000       1.4303
1382.000       1.4531
1383.000       1.6553
1384.000       1.3792
1386.000       1.3777
1388.000       1.4988
1390.000       1.4643
1391.000       1.4888
1392.000       1.6446
1393.000       1.5820
1394.000       1.3457
1395.000       1.3209
1398.000       1.2242
1400.000       1.2037
1401.000       1.1440
1403.000       1.0946
1404.000       1.1229
1406.000       1.0987
1407.000       1.0524
1408.000       1.0570
1409.000       1.0914
1412.000       1.0897
1413.000       1.1109
1415.000       1.1008
1416.000       1.0621
1417.000       1.1988
1419.000       1.1903
1421.000       1.2698
1423.000       1.2468
1424.000       1.2669
1425.000       1.4390
1426.000       1.2895
1427.000       1.1917
1428.000       1.2534
1431.000       1.1832
1433.000       1.1060
1434.000       1.0475
1436.000       1.0240
1437.000       1.0773
1439.000       1.0881
1440.000       1.0271
1441.000       1.0528
1442.000       1.1290
1443.000       1.0560
1445.000       1.0493
1446.000       1.1205
1449.000       1.0277
1450.000       1.0040
1451.000       1.1856
1453.000       1.1132
1455.000       1.1676
1457.000       1.3057
1458.000       1.3951
1459.000       1.5955
1460.000       1.4657
1461.000       1.2885
1462.000       1.2861
1465.000       1.2368
1467.000       1.2107
1468.000       1.1957
1470.000       1.1528
1471.000       1.1506
1473.000       1.1375
1474.000       1.1214
1475.000       1.1380
1476.000       1.1665
1477.000       1.1691
1479.000       1.2001
1480.000       1.2783
1483.000       1.1923
1484.000       1.1431
1485.000       1.2539
1487.000       1.2462
1489.000       1.3706
1491.000       1.3122
1492.000       1.4035
1493.000       1.6011
1494.000       1.5926
1495.000       1.3085
1496.000       1.3311
1499.000       1.3708
1501.000       1.3573
1502.000       1.3523
1504.000       1.2711
1505.000       1.2691
1507.000       1.2292
1508.000       1.2015
1509.000       1.1977
1510.000       1.2181
1513.000       1.2276
1514.000       1.2619
1516.000       1.2732
1517.000       1.2355
1518.000       1.4523
1520.000       1.4084
1522.000       1.5958
1524.000       1.6509
1525.000       1.8009
1526.000       1.9036
1527.000       2.0774
1528.000       1.7063
1529.000       1.7385
1532.000       1.8066
1534.000       1.8101
1535.000       1.8819
1537.000       1.6509
1538.000       1.5827
1540.000       1.4900
1541.000       1.4601
1542.000       1.4568
1543.000       1.4618
1546.000       1.5635
1547.000       1.6969
1549.000       1.7269
1550.000       1.5808
1551.000       1.8999
1553.000       2.1040
1555.000       2.6744
1557.000       2.1452
1558.000       2.2440
1559.000       2.7681
1560.000       2.4357
1561.000       2.0500
1562.000       2.1321
1565.000       2.0598
1567.000       2.0465
1568.000       2.0543
1570.000       1.9191
1571.000       1.8794
1573.000       1.7669
1574.000       1.7295
1575.000       1.6510
1576.000       1.5958
1577.000       1.6902
1579.000       1.7865
1580.000       1.8384
1583.000       1.8610
1584.000       1.8276
1585.000       2.0237
1587.000       2.2340
1589.000       2.7324
1591.000       2.2343
1592.000       2.4921
1593.000       3.1159
1594.000       2.7670
1595.000       2.3636
1596.000       2.3992
1599.000       2.5856
1601.000       2.8361
1602.000       2.9319
1604.000       3.2584
1605.000       3.4692
1607.000       4.1946
1609.000       4.6130
1610.000       5.3524
1611.000       4.2941
1613.000       3.7214
1614.000       3.8745
1615.000       2.5893
1617.000       2.9367
1619.000       3.6507
1621.000       3.0072
1622.000       3.0428
1623.000       3.2035
1624.000       3.8189
1625.000       2.4870
1626.000       2.1725
1629.000       2.0959
1631.000       2.0057
1632.000       1.9141
1634.000       1.7797
1635.000       1.7535
1637.000       1.6513
1638.000       1.6018
1639.000       1.5294
1640.000       1.4845
1643.000       1.5537
1644.000       1.6432
1646.000       1.7174
1647.000       1.6892
1648.000       2.0225
1650.000       1.9654
1652.000       2.1106
1654.000       2.1398
1655.000       2.1489
1656.000       2.3331
1657.000       2.1141
1658.000       2.0711
1659.000       2.1490
1662.000       2.0532
1664.000       1.9677
1665.000       1.8583
1667.000       1.7380
1668.000       1.7382
1670.000       1.6388
1671.000       1.5675
1672.000       1.4816
1673.000       1.4472
1674.000       1.4835
1676.000       1.5496
1677.000       1.5768
1680.000       1.6254
1681.000       1.6312
1682.000       1.9802
1684.000       1.9032
1686.000       2.0066
1688.000       2.0783
1689.000       2.0748
1690.000       2.2387
1691.000       2.1057
1692.000       1.9316
1693.000       1.9613
1696.000       1.8582
1698.000       1.7788
1699.000       1.6928
1701.000       1.6244
1702.000       1.6564
1704.000       1.6096
1705.000       1.5378
1706.000       1.5016
1707.000       1.5006
1710.000       1.5114
1711.000       1.5424
1713.000       1.5640
1714.000       1.5577
1715.000       1.8135
1717.000       1.7337
1719.000       1.8028
1721.000       1.9193
1722.000       2.0743
1723.000       2.1612
1724.000       2.5324
1725.000       2.0749
1726.000       2.0778
1729.000       2.0516
1731.000       2.0355
1732.000       1.9263
1734.000       1.7672
1735.000       1.7412
1737.000       1.6391
1738.000       1.5803
1739.000       1.5043
1740.000       1.4677
1741.000       1.5425
1743.000       1.6492
1744.000       1.7336
1747.000       1.7208
1748.000       1.6726
1749.000       1.9493
1751.000       1.9527
1753.000       2.1250
1755.000       2.0606
1756.000       2.0528
1757.000       2.2509
1758.000       2.0582
1759.000       1.9313
1760.000       1.9747
1763.000       1.8548
1765.000       1.7219
1766.000       1.6097
1768.000       1.5359
1769.000       1.6056
1771.000       1.5898
1773.000       1.5057
1774.000       1.5540
1777.000       1.4380
1778.000       1.4495
1779.000       1.4385
1780.000       1.8433
1782.000       1.7071
1784.000       1.7687
1786.000       1.9962
1787.000       2.0928
1788.000       2.3051
1789.000       2.1128
1790.000       1.9912
1791.000       2.0292
1794.000       1.9088
1796.000       1.7300
1797.000       1.6654
1799.000       1.6164
1800.000       1.6989
1802.000       1.6861
1804.000       1.5970
1805.000       1.6357
1808.000       1.5291
1809.000       1.5299
1810.000       1.5148
1811.000       1.9721
1813.000       1.8195
1815.000       1.8477
1817.000       2.1601
1818.000       2.3620
1819.000       2.5621
1820.000       2.4295
1821.000       2.3500
1822.000       2.3378
1825.000       2.4014
1827.000       2.3430
1828.000       2.5342
1830.000       2.5729
1831.000       2.5258
1833.000       2.6593
1835.000       2.8535
1836.000       3.0580
1837.000       2.8904
1839.000       2.7688
1840.000       2.9147
1841.000       2.6452
1843.000       2.6751
1845.000       2.9296
1847.000       2.7797
1848.000       2.8817
1849.000       2.9491
1850.000       3.1697
1851.000       2.6664
1852.000       2.5928
1855.000       2.4423
1857.000       2.2828
1858.000       2.2769
1860.000       2.2158
1861.000       2.2494
1863.000       2.2339
1865.000       2.1879
1866.000       2.2242
1867.000       2.1658
1869.000       2.1786
1870.000       2.2075
1871.000       2.5431
1873.000       2.4664
1875.000       2.5294
1877.000       2.5444
1878.000       2.7148
1879.000       2.9485
1880.000       2.7786
1881.000       2.6258
1882.000       2.7333
1885.000       2.6664
1887.000       2.5156
1888.000       2.3610
1890.000       2.1709
1891.000       2.1121
1893.000       2.0011
1894.000       1.9697
1895.000       1.9237
1896.000       1.8834
1899.000       2.0000
1900.000       2.1170
1902.000       2.1703
1903.000       2.0826
1904.000       2.6255
1906.000       2.4902
1908.000       2.5971
1910.000       2.7211
1911.000       2.7713
1912.000       2.9897
1913.000       3.2571
1914.000       2.5070
1915.000       2.4906
1918.000       2.2780
1920.000       2.1487
1921.000       1.9580
1923.000       1.8403
1924.000       1.8147
1926.000       1.7308
1927.000       1.6825
1928.000       1.6203
1929.000       1.5832
1932.000       1.6505
1933.000       1.7368
1935.000       1.8000
1936.000       1.7609
1937.000       2.1942
1939.000       2.0361
1941.000       1.9354
1943.000       2.1520
1944.000       2.1826
1945.000       2.2552
1946.000       2.3511
1947.000       2.0063
1948.000       1.8891
1951.000       1.7970
1953.000       1.7362
1954.000       1.6272
1956.000       1.5083
1957.000       1.5322
1959.000       1.4692
1960.000       1.3778
1961.000       1.3260
1962.000       1.3452
1965.000       1.3257
1966.000       1.3809
1968.000       1.4312
1969.000       1.4162
1970.000       1.6877
1972.000       1.6204
1974.000       1.7519
1976.000       1.7992
1977.000       1.7815
1978.000       1.9839
1979.000       1.7582
1980.000       1.7394
1981.000       1.8965
1984.000       1.8804
1986.000       1.8171
1987.000       1.7703
1989.000       1.6170
1990.000       1.5412
1992.000       1.4607
1994.000       1.4536
1995.000       1.4433
1998.000       1.5383
1999.000       1.6209
2000.000       1.7585
2001.000       1.8131
2003.000       1.8281
2005.000       2.0346
2007.000       1.9473
2008.000       1.9237
2009.000       2.1496
2010.000       1.8518
2011.000       1.8449
2012.000       1.9985
2015.000       1.9422
2017.000       1.8588
2018.000       1.7793
2020.000       1.6339
2021.000       1.5882
2023.000       1.5014
2025.000       1.4603
2026.000       1.4442
2027.000       1.5208
2029.000       1.6048
2030.000       1.7032
2031.000       1.8475
2033.000       1.8244
2035.000       2.0133
2037.000       1.9707
2038.000       1.9476
2039.000       2.1300
2040.000       1.9265
2041.000       1.8420
2042.000       1.9043
2045.000       1.8176
2047.000       1.7263
2048.000       1.6484
2050.000       1.5515
2051.000       1.5620
2053.000       1.4958
2055.000       1.4258
2056.000       1.4015
2059.000       1.4395
2060.000       1.4976
2061.000       1.5510
2062.000       1.7732
2064.000       1.7103
2066.000       1.8157
2068.000       1.8803
2069.000       1.9045
2070.000       2.0725
2071.000       1.9243
2072.000       1.8041
2073.000       1.8473
2076.000       1.7767
2078.000       1.7032
2079.000       1.6574
2081.000       1.5771
2082.000       1.5665
2084.000       1.5132
2086.000       1.4716
2087.000       1.4629
2088.000       1.5066
2090.000       1.5573
2091.000       1.6280
2092.000       1.7581
2094.000       1.7193
2096.000       1.8182
2098.000       1.8583
2099.000       1.8789
2100.000       2.0318
2101.000       1.8676
2102.000       1.8266
2103.000       1.9007
2106.000       1.8662
2108.000       1.7852
2109.000       1.7695
2111.000       1.6830
2112.000       1.6488
2114.000       1.5953
2116.000       1.5720
2117.000       1.5493
2120.000       1.6233
2121.000       1.6811
2122.000       1.7700
2123.000       1.8765
2125.000       1.8624
2127.000       1.9941
2129.000       1.9979
2130.000       2.1915
2131.000       2.5625
2132.000       2.5911
2133.000       1.9009
2134.000       1.9017
2137.000       1.8108
2139.000       1.9080
2140.000       2.0072
2142.000       2.1472
2143.000       2.2546
2145.000       2.7099
2147.000       3.1265
2148.000       3.7273
2149.000       3.0761
2151.000       2.6308
2152.000       2.9468
2153.000       1.6927
2155.000       1.9242
2157.000       2.3126
2159.000       1.7031
2160.000       1.6555
2161.000       1.9018
2162.000       1.8657
2163.000       1.5578
2164.000       1.5736
2167.000       1.4867
2169.000       1.4418
2170.000       1.3843
2172.000       1.2726
2173.000       1.2608
2175.000       1.2431
2176.000       1.2341
2177.000       1.2984
2178.000       1.3741
2181.000       1.3784
2182.000       1.3976
2184.000       1.3529
2185.000       1.2596
2186.000       1.4323
2188.000       1.4820
2190.000       1.7770
2192.000       1.4762
2193.000       1.4624
2194.000       1.6265
2195.000       1.5338
2196.000       1.3549
2197.000       1.2969
2200.000       1.2149
2202.000       1.1931
2203.000       1.1311
2205.000       1.1285
2206.000       1.2076
2208.000       1.2282
2209.000       1.1649
2210.000       1.2291
2211.000       1.2973
2214.000       1.3403
2215.000       1.3882
2217.000       1.2829
2218.000       1.1497
2219.000       1.1995
2221.000       1.1718
2223.000       1.2443
2225.000       1.2192
2226.000       1.3271
2227.000       1.4217
2228.000       1.4196
2229.000       1.3484
2230.000       1.2647
2233.000       1.2995
2235.000       1.3995
2236.000       1.2852
2238.000       1.2361
2239.000       1.2722
2241.000       1.2513
2242.000       1.1848
2243.000       1.1610
2244.000       1.2015
2245.000       1.1294
2247.000       1.1279
2248.000       1.1382
2251.000       1.1565
2252.000       1.1777
2253.000       1.3660
2255.000       1.3574
2257.000       1.4816
2259.000       1.4547
2260.000       1.5594
2261.000       1.6334
2262.000       1.7190
2263.000       1.5178
2264.000       1.5910
2267.000       1.4690
2269.000       1.4225
2270.000       1.3606
2272.000       1.2611
2273.000       1.2381
2275.000       1.1737
2277.000       1.1303
2278.000       1.1070
2281.000       1.1647
2282.000       1.2314
2283.000       1.2992
2284.000       1.3862
2286.000       1.3744
2288.000       1.5169
2290.000       1.4549
2291.000       1.4597
2292.000       1.5777
2293.000       1.4405
2294.000       1.4327
2295.000       1.5131
2298.000       1.4694
2300.000       1.4175
2301.000       1.3599
2303.000       1.2711
2304.000       1.2452
2306.000       1.1896
2307.000       1.1783
2308.000       1.1680
2309.000       1.1641
2310.000       1.2166
2312.000       1.2597
2313.000       1.3540
2316.000       1.2696
2317.000       1.2287
2318.000       1.4280
2320.000       1.3928
2322.000       1.4936
2324.000       1.5132
2325.000       1.5210
2326.000       1.6788
2327.000       1.6270
2328.000       1.4242
2329.000       1.4179
2332.000       1.3362
2334.000       1.2783
2335.000       1.2221
2337.000       1.2045
2338.000       1.2429
2340.000       1.2370
2341.000       1.1899
2342.000       1.1882
2343.000       1.2307
2344.000       1.1663
2346.000       1.1516
2347.000       1.1622
2350.000       1.1572
2351.000       1.1721
2352.000       1.3210
2354.000       1.2575
2356.000       1.2958
2358.000       1.3905
2359.000       1.4572
2360.000       1.5863
2361.000       1.5256
2362.000       1.3876
2363.000       1.3835
2366.000       1.3392
2368.000       1.3122
2369.000       1.2843
2371.000       1.2541
2372.000       1.2786
2374.000       1.2747
2376.000       1.2442
2377.000       1.2706
2378.000       1.2313
2380.000       1.2392
2381.000       1.2711
2382.000       1.3363
2384.000       1.3234
2386.000       1.3794
2388.000       1.3949
2389.000       1.3999
2390.000       1.5291
2391.000       1.4461
2392.000       1.3361
2393.000       1.3873
2396.000       1.3783
2398.000       1.3498
2399.000       1.3234
2401.000       1.2283
2402.000       1.2190
2404.000       1.1986
2405.000       1.1782
2406.000       1.1996
2407.000       1.2494
2410.000       1.2374
2411.000       1.2667
2413.000       1.2641
2414.000       1.2055
2415.000       1.3606
2417.000       1.3848
2419.000       1.5580
2421.000       1.4757
2422.000       1.5312
2423.000       1.7338
2424.000       1.5273
2425.000       1.5028
2426.000       1.6303
2429.000       1.6069
2431.000       1.4882
2432.000       1.4490
2434.000       1.3245
2435.000       1.3046
2437.000       1.2732
2439.000       1.2782
2440.000       1.3432
2441.000       1.2984
2443.000       1.3199
2444.000       1.4101
2445.000       1.6189
2447.000       1.5799
2449.000       1.7565
2451.000       1.8159
2452.000       1.9252
2453.000       2.1821
2454.000       1.9023
2455.000       1.8688
2456.000       2.0147
2459.000       1.9370
2461.000       1.7457
2462.000       1.7046
2464.000       1.5832
2465.000       1.5719
2467.000       1.5184
2469.000       1.4926
2470.000       1.5234
2473.000       1.5186
2474.000       1.5540
2475.000       1.6315
2476.000       2.0076
2478.000       1.9111
2480.000       2.0471
2482.000       2.2481
2483.000       2.4321
2484.000       2.7089
2485.000       2.4371
2486.000       2.3755
2487.000       2.4682
2490.000       2.4337
2492.000       2.2235
2493.000       2.2412
2495.000       2.1210
2496.000       2.0735
2498.000       1.9986
2500.000       1.9927
2501.000       1.9947
2502.000       2.0672
2504.000       2.1271
2505.000       2.2383
2506.000       2.5764
2508.000       2.5019
2510.000       2.6442
2512.000       2.8395
2513.000       3.0650
2514.000       3.3479
2515.000       3.0450
2516.000       3.0523
2517.000       3.1840
2520.000       3.1684
2522.000       2.9291
2523.000       2.9598
2525.000       2.8053
2526.000       2.7446
2528.000       2.6363
2530.000       2.5904
2531.000       2.5354
2532.000       2.6781
2534.000       2.7831
2535.000       2.9030
2536.000       3.3245
2538.000       3.2483
2540.000       3.4110
2542.000       3.6133
2543.000       3.8588
2544.000       4.1504
2545.000       3.8285
2546.000       3.8583
2547.000       4.0045
2550.000       3.9825
2552.000       3.7066
2553.000       3.7234
2555.000       3.5460
2556.000       3.4777
2558.000       3.3393
2560.000       3.2721
2561.000       3.1775
2564.000       3.3544
2565.000       3.4913
2566.000       3.6091
2567.000       4.1490
2569.000       4.0468
2571.000       4.2114
2573.000       4.4634
2574.000       4.7085
2575.000       5.0310
2576.000       4.6586
2577.000       4.6816
2578.000       4.8420
2581.000       4.8126
2583.000       4.5092
2584.000       4.4943
2586.000       4.2774
2587.000       4.1953
2589.000       4.0254
2591.000       3.9370
2592.000       3.8136
2595.000       4.0225
2596.000       4.1937
2597.000       4.3079
2598.000       4.9682
2600.000       4.8380
2602.000       5.0248
2604.000       5.3176
2605.000       5.5625
2606.000       5.9451
2607.000       5.5038
2608.000       5.4885
2609.000       5.6447
2612.000       5.5784
2614.000       5.2350
2615.000       5.2038
2617.000       4.9589
2618.000       4.9030
2620.000       4.7619
2622.000       4.6776
2623.000       4.6230
2626.000       4.7359
2627.000       4.8734
2628.000       4.9893
2629.000       5.7327
2631.000       5.5638
2633.000       5.7740
2635.000       6.0943
