   2.000       2.5851
   3.000       2.6293
   6.000       2.4733
   8.000       2.4491
   9.000       2.2700
  11.000       2.1067
  12.000       2.1191
  14.000       1.9848
  15.000       1.8644
  16.000       1.7243
  17.000       1.6728
  18.000       1.7096
  20.000       1.8203
  21.000       1.8478
  24.000       1.9433
  25.000       1.9537
  26.000       2.2513
  28.000       2.1904
  30.000       2.3528
  32.000       2.3098
  33.000       2.2138
  34.000       2.3978
  35.000       2.1984
  36.000       2.0366
  37.000       2.0945
  40.000       1.9593
  42.000       1.8980
  43.000       1.7370
  45.000       1.6022
  46.000       1.6385
  48.000       1.5282
  49.000       1.3948
  50.000       1.2599
  51.000       1.2344
  52.000       1.2123
  54.000       1.2957
  55.000       1.2996
  58.000       1.4177
  59.000       1.4523
  60.000       1.8236
  62.000       1.7289
  64.000       1.8488
  66.000       1.9128
  67.000       1.8849
  68.000       2.0772
  69.000       1.9248
  70.000       1.6962
  71.000       1.7177
  74.000       1.5695
  76.000       1.4744
  77.000       1.3427
  79.000       1.2526
  80.000       1.3169
  82.000       1.2688
  84.000       1.1492
  85.000       1.1526
  86.000       1.0976
  88.000       1.1468
  89.000       1.1564
  90.000       1.4979
  92.000       1.3831
  94.000       1.4638
  96.000       1.6090
  97.000       1.6281
  98.000       1.8297
  99.000       1.6731
 100.000       1.4613
 101.000       1.4338
 104.000       1.2904
 106.000       1.2072
 107.000       1.0987
 109.000       1.0322
 110.000       1.0961
 112.000       1.0231
 113.000       0.8993
 114.000       0.8058
 115.000       0.8141
 116.000       0.7562
 118.000       0.7837
 119.000       0.7829
 122.000       0.8611
 123.000       0.9150
 124.000       1.2356
 126.000       1.1363
 128.000       1.1974
 130.000       1.3182
 131.000       1.3449
 132.000       1.4922
 133.000       1.4122
 134.000       1.2287
 135.000       1.2315
 138.000       1.1112
 140.000       1.0485
 141.000       0.9609
 143.000       0.9122
 144.000       0.9889
 146.000       0.9702
 148.000       0.8748
 149.000       0.8892
 152.000       0.8225
 153.000       0.8361
 154.000       0.8361
 155.000       1.0632
 157.000       0.9883
 159.000       1.0482
 161.000       1.1351
 162.000       1.1708
 163.000       1.3053
 164.000       1.3216
 165.000       1.0296
 166.000       0.9845
 169.000       0.9524
 171.000       0.9912
 172.000       1.0651
 174.000       1.1364
 175.000       1.1335
 177.000       1.2662
 179.000       1.4043
 180.000       1.5695
 181.000       1.4116
 183.000       1.2936
 184.000       1.3899
 185.000       0.9623
 187.000       1.0693
 189.000       1.1702
 191.000       0.9585
 192.000       0.9388
 193.000       1.0197
 194.000       0.9837
 195.000       0.8940
 196.000       0.8976
 199.000       0.8616
 201.000       0.8761
 202.000       0.8601
 204.000       0.8666
 205.000       0.8985
 207.000       0.9405
 209.000       0.9553
 210.000       1.0512
 213.000       0.9578
 214.000       0.9111
 215.000       0.9841
 216.000       0.8274
 218.000       0.8452
 220.000       0.9053
 222.000       0.8826
 223.000       0.8961
 224.000       1.2394
 225.000       1.2326
 226.000       0.8485
 227.000       0.7862
 230.000       0.7628
 232.000       0.7357
 233.000       0.7623
 235.000       0.7706
 236.000       0.7805
 238.000       0.8118
 239.000       0.8159
 240.000       0.8780
 241.000       0.9375
 244.000       0.9251
 245.000       0.9139
 247.000       0.8562
 248.000       0.8011
 249.000       0.8206
 251.000       0.8106
 253.000       0.8944
 255.000       0.8712
 256.000       0.9460
 257.000       0.9863
 258.000       1.2057
 259.000       1.0372
 260.000       0.9642
 263.000       0.8499
 265.000       0.9604
 266.000       0.9396
 268.000       0.9735
 269.000       1.1270
 271.000       1.1921
 272.000       1.0614
 273.000       1.1039
 274.000       1.2674
 275.000       1.0030
 277.000       0.8823
 278.000       0.8724
 281.000       0.8408
 282.000       0.9276
 283.000       0.8513
 285.000       0.9699
 287.000       1.3740
 289.000       1.0510
 290.000       0.9849
 291.000       1.1270
 292.000       1.2269
 293.000       0.9200
 294.000       0.9263
 297.000       0.8392
 299.000       0.8174
 300.000       0.7555
 302.000       0.7003
 303.000       0.7093
 305.000       0.7108
 307.000       0.7226
 308.000       0.8046
 309.000       0.7381
 311.000       0.7256
 312.000       0.8108
 313.000       0.7761
 315.000       0.7614
 317.000       0.8773
 319.000       0.8605
 320.000       0.8888
 321.000       1.0736
 322.000       0.9108
 323.000       0.8207
 324.000       0.8897
 327.000       0.8516
 329.000       0.8163
 330.000       0.7885
 332.000       0.7149
 333.000       0.6875
 335.000       0.6672
 336.000       0.6810
 337.000       0.7268
 338.000       0.7611
 341.000       0.8029
 342.000       0.8276
 344.000       0.7969
 345.000       0.7167
 346.000       0.8104
 348.000       0.8189
 350.000       0.9578
 352.000       0.9082
 353.000       0.9434
 354.000       1.1160
 355.000       0.9752
 356.000       0.8761
 357.000       0.9390
 360.000       0.9127
 362.000       0.8637
 363.000       0.8322
 365.000       0.7439
 366.000       0.7260
 368.000       0.6930
 369.000       0.6696
 370.000       0.6759
 371.000       0.7038
 372.000       0.7335
 374.000       0.7954
 375.000       0.9201
 378.000       0.7958
 379.000       0.7188
 380.000       0.9031
 382.000       0.8927
 384.000       1.0331
 386.000       1.0303
 387.000       1.0876
 388.000       1.2705
 389.000       1.1150
 390.000       1.0386
 391.000       1.1139
 394.000       1.0896
 396.000       0.9969
 397.000       0.9601
 399.000       0.8500
 400.000       0.8483
 402.000       0.8206
 403.000       0.7889
 404.000       0.8158
 405.000       0.8919
 406.000       0.8367
 408.000       0.8406
 409.000       0.9019
 412.000       0.8352
 413.000       0.8018
 414.000       1.1130
 416.000       1.0799
 418.000       1.2216
 420.000       1.2789
 421.000       1.3853
 422.000       1.5969
 423.000       1.4089
 424.000       1.3449
 425.000       1.4469
 428.000       1.4571
 430.000       1.5533
 431.000       1.5185
 433.000       1.5109
 434.000       1.5383
 436.000       1.6285
 437.000       1.6620
 438.000       1.8397
 439.000       1.9837
 442.000       1.9609
 443.000       1.9151
 445.000       1.7481
 446.000       1.6105
 447.000       1.3141
 449.000       1.4186
 451.000       1.5792
 453.000       1.3194
 454.000       1.1912
 455.000       1.3176
 456.000       1.1196
 457.000       1.1607
 458.000       1.2732
 461.000       1.2729
 463.000       1.3128
 464.000       1.2724
 466.000       1.1932
 467.000       1.1258
 469.000       1.1325
 470.000       1.2218
 471.000       1.3519
 472.000       1.4030
 473.000       1.4990
 475.000       1.5173
 476.000       1.7105
 479.000       1.4102
 480.000       1.2613
 481.000       1.1588
 483.000       1.2320
 485.000       1.4054
 487.000       1.1991
 488.000       1.1230
 489.000       1.2414
 490.000       1.0198
 491.000       1.1525
 492.000       1.2898
 495.000       1.3412
 497.000       1.3432
 498.000       1.3514
 500.000       1.2469
 501.000       1.1398
 503.000       1.0872
 504.000       1.2068
 505.000       1.3340
 506.000       1.3240
 509.000       1.5557
 510.000       1.6200
 512.000       1.5108
 513.000       1.3098
 514.000       1.3084
 516.000       1.3826
 518.000       1.5633
 520.000       1.4392
 521.000       1.3885
 522.000       1.6941
 523.000       1.6021
 524.000       1.2943
 525.000       1.3473
 528.000       1.2467
 530.000       1.1738
 531.000       1.0708
 533.000       0.9672
 534.000       0.9953
 536.000       0.9352
 538.000       0.8314
 539.000       0.8099
 542.000       0.8128
 543.000       0.8857
 544.000       0.9274
 545.000       1.1682
 547.000       1.1023
 549.000       1.2132
 551.000       1.2647
 552.000       1.2607
 553.000       1.4322
 554.000       1.3154
 555.000       1.1102
 556.000       1.1073
 559.000       0.9769
 561.000       0.8872
 562.000       0.7912
 564.000       0.7748
 565.000       0.8635
 567.000       0.8614
 568.000       0.7646
 569.000       0.7790
 570.000       0.8827
 571.000       0.7378
 573.000       0.6777
 574.000       0.6980
 577.000       0.6671
 578.000       0.7089
 579.000       0.9421
 581.000       0.8301
 583.000       0.8538
 585.000       1.0281
 586.000       1.0510
 587.000       1.1951
 588.000       1.0897
 589.000       0.9871
 590.000       1.0053
 593.000       1.0103
 595.000       0.9521
 596.000       0.9496
 598.000       0.8763
 599.000       0.8456
 601.000       0.8339
 602.000       0.8512
 603.000       0.8957
 604.000       0.9177
 607.000       0.9770
 608.000       1.0142
 610.000       0.9816
 611.000       0.8908
 612.000       1.0575
 614.000       1.0542
 616.000       1.1893
 618.000       1.2117
 619.000       1.2843
 620.000       1.5067
 621.000       1.2760
 622.000       1.2265
 623.000       1.2988
 626.000       1.2439
 628.000       1.1527
 629.000       1.0990
 631.000       0.9989
 632.000       0.9877
 634.000       0.9370
 635.000       0.9086
 636.000       0.9114
 637.000       0.9270
 640.000       0.9802
 641.000       1.0346
 643.000       1.0332
 644.000       0.9615
 645.000       1.2350
 647.000       1.1873
 649.000       1.3209
 651.000       1.3628
 652.000       1.4066
 653.000       1.6080
 654.000       1.3982
 655.000       1.3348
 656.000       1.4088
 659.000       1.3371
 661.000       1.2703
 662.000       1.1993
 664.000       1.0877
 665.000       1.0607
 667.000       0.9947
 669.000       0.9608
 670.000       0.9733
 673.000       1.0122
 674.000       1.0730
 675.000       1.1883
 676.000       1.2768
 678.000       1.2347
 680.000       1.3665
 682.000       1.3665
 683.000       1.3450
 684.000       1.5294
 685.000       1.4209
 686.000       1.1996
 687.000       1.3670
 690.000       1.2714
 692.000       1.2726
 693.000       1.2116
 695.000       1.1570
 696.000       1.1582
 698.000       1.2276
 700.000       1.2866
 701.000       1.4587
 704.000       1.3066
 705.000       1.2504
 706.000       1.4029
 707.000       1.1287
 709.000       1.1660
 711.000       1.3611
 713.000       1.1851
 714.000       1.1206
 715.000       1.2736
 716.000       1.1875
 717.000       1.0101
 718.000       1.0442
 721.000       1.0047
 723.000       1.0116
 724.000       0.9516
 726.000       0.8741
 727.000       0.9000
 729.000       0.8640
 730.000       0.8012
 731.000       0.7896
 732.000       0.8439
 733.000       0.7742
 735.000       0.7820
 736.000       0.8135
 739.000       0.8136
 740.000       0.8112
 741.000       0.9420
 743.000       0.9509
 745.000       1.0913
 747.000       1.0214
 748.000       1.0376
 749.000       1.2232
 750.000       1.0689
 751.000       0.9644
 752.000       1.0321
 755.000       0.9634
 757.000       0.9150
 758.000       0.8378
 760.000       0.7453
 761.000       0.7785
 763.000       0.7579
 765.000       0.7153
 766.000       0.7716
 769.000       0.7035
 770.000       0.7123
 771.000       0.7706
 772.000       0.9205
 774.000       0.8905
 776.000       1.0394
 778.000       1.0436
 779.000       1.1069
 780.000       1.3191
 781.000       1.1702
 782.000       1.0004
 783.000       1.0587
 786.000       0.9974
 788.000       0.9213
 789.000       0.8864
 791.000       0.8041
 792.000       0.8143
 794.000       0.7854
 795.000       0.7698
 796.000       0.8276
 797.000       0.8865
 800.000       0.9002
 801.000       0.9006
 803.000       0.8518
 804.000       0.7855
 805.000       1.0067
 807.000       0.9788
 809.000       1.1273
 811.000       1.1673
 812.000       1.2992
 813.000       1.5257
 814.000       1.3562
 815.000       1.2541
 816.000       1.3245
 819.000       1.3094
 821.000       1.1672
 822.000       1.1764
 824.000       1.0609
 825.000       1.0434
 827.000       1.0091
 829.000       0.9975
 830.000       1.0422
 833.000       1.0391
 834.000       1.0653
 835.000       1.1750
 836.000       1.4206
 838.000       1.3949
 840.000       1.5766
 842.000       1.6444
 843.000       1.8421
 844.000       2.1074
 845.000       1.8443
 846.000       1.8230
 847.000       1.9536
 850.000       1.9537
 852.000       1.7388
 853.000       1.7485
 855.000       1.5871
 856.000       1.5292
 858.000       1.4521
 860.000       1.4468
 861.000       1.4514
 864.000       1.5174
 865.000       1.5779
 866.000       1.6928
 867.000       2.0872
 869.000       1.9882
 871.000       2.2259
 873.000       2.4204
