   2.000       4.5038
   3.000       4.6615
   6.000       4.5961
   8.000       4.5290
   9.000       4.3152
  11.000       3.9722
  12.000       3.8654
  14.000       3.5895
  15.000       3.5032
  16.000       3.2803
  17.000       3.0951
  18.000       3.3607
  20.000       3.6236
  21.000       3.7350
  24.000       3.8282
  25.000       3.7523
  26.000       4.3211
  28.000       4.3071
  30.000       4.6457
  32.000       4.4854
  33.000       4.2576
  34.000       4.5680
  35.000       4.0595
  36.000       4.0354
  37.000       4.2473
  40.000       4.1169
  42.000       3.9643
  43.000       3.7304
  45.000       3.4159
  46.000       3.3376
  48.000       3.0783
  49.000       2.9685
  50.000       2.7388
  51.000       2.5710
  52.000       2.7848
  54.000       3.0205
  55.000       3.1003
  58.000       3.2266
  59.000       3.1867
  60.000       3.8938
  62.000       3.7824
  64.000       4.0563
  66.000       4.0998
  67.000       3.9788
  68.000       4.2993
  69.000       3.8038
  70.000       3.7713
  71.000       3.9525
  74.000       3.7712
  76.000       3.5712
  77.000       3.3378
  79.000       3.0598
  80.000       3.0342
  82.000       2.7941
  83.000       2.6414
  84.000       2.4176
  85.000       2.2721
  88.000       2.4149
  89.000       2.6207
  91.000       2.8243
  92.000       2.8188
  93.000       3.6040
  95.000       3.4326
  97.000       3.6344
  99.000       3.8222
 100.000       3.7628
 101.000       4.1041
 102.000       3.6308
 103.000       3.5449
 104.000       3.6887
 107.000       3.5061
 109.000       3.2780
 110.000       3.0665
 112.000       2.7767
 113.000       2.7761
 115.000       2.5524
 117.000       2.3025
 118.000       2.1223
 121.000       2.3181
 122.000       2.5610
 123.000       2.6445
 124.000       3.3761
 126.000       3.2014
 128.000       3.4132
 130.000       3.6134
 131.000       3.5685
 132.000       3.9088
 133.000       3.4422
 134.000       3.3485
 135.000       3.5167
 138.000       3.3273
 140.000       3.1109
 141.000       2.8805
 143.000       2.6008
 144.000       2.5958
 146.000       2.3594
 147.000       2.1737
 148.000       1.9374
 149.000       1.8116
 152.000       1.9170
 153.000       2.1219
 155.000       2.3358
 156.000       2.3416
 157.000       3.1662
 159.000       2.9855
 161.000       3.2002
 163.000       3.3804
 164.000       3.3201
 165.000       3.6402
 166.000       3.2523
 167.000       3.0458
 168.000       3.1635
 171.000       2.9150
 173.000       2.7364
 174.000       2.4634
 176.000       2.2192
 177.000       2.2784
 179.000       2.1077
 181.000       1.8371
 182.000       1.7381
 183.000       1.7937
 185.000       1.9896
 186.000       2.0328
 187.000       2.6700
 189.000       2.4638
 191.000       2.6513
 193.000       2.8038
 194.000       2.6459
 195.000       2.8428
 196.000       2.6151
 197.000       2.3715
 198.000       2.3874
 201.000       2.1302
 203.000       2.1113
 204.000       1.8272
 206.000       1.7321
 207.000       1.8237
 209.000       1.7334
 210.000       1.5595
 211.000       1.4634
 212.000       1.5169
 215.000       1.4076
 216.000       1.4403
 218.000       1.5235
 219.000       1.5729
 220.000       1.8357
 222.000       1.6785
 224.000       1.7825
 226.000       1.8306
 227.000       1.6010
 228.000       1.7322
 229.000       2.1580
 230.000       1.4548
 231.000       1.4914
 234.000       1.4524
 236.000       1.4257
 237.000       1.3676
 239.000       1.3327
 240.000       1.4031
 242.000       1.3854
 244.000       1.3012
 245.000       1.3238
 246.000       1.2476
 248.000       1.2554
 249.000       1.2556
 250.000       1.4241
 252.000       1.3777
 254.000       1.4298
 256.000       1.4564
 257.000       1.5768
 258.000       1.7040
 259.000       1.6143
 260.000       1.5849
 261.000       1.5135
 264.000       1.5440
 266.000       1.5804
 267.000       1.5720
 269.000       1.4966
 270.000       1.5804
 272.000       1.5275
 273.000       1.3975
 274.000       1.3214
 275.000       1.3516
 278.000       1.2538
 279.000       1.2510
 281.000       1.3065
 282.000       1.3787
 283.000       1.4586
 285.000       1.5471
 287.000       1.7218
 289.000       1.5363
 290.000       1.4540
 291.000       1.6506
 292.000       1.3808
 293.000       1.3924
 294.000       1.2876
 297.000       1.2814
 299.000       1.4079
 300.000       1.6791
 302.000       1.6579
 303.000       1.7518
 305.000       1.8291
 306.000       1.7728
 307.000       1.8924
 308.000       2.0806
 311.000       1.9089
 312.000       1.8135
 314.000       1.6992
 315.000       1.6721
 316.000       1.5029
 318.000       1.9561
 320.000       2.5949
 322.000       1.4639
 323.000       1.6817
 324.000       1.8776
 325.000       1.8384
 326.000       1.6886
 327.000       1.7182
 330.000       1.6770
 332.000       1.6080
 333.000       1.5566
 335.000       1.4534
 336.000       1.4306
 338.000       1.3811
 340.000       1.3431
 341.000       1.3495
 342.000       1.3783
 344.000       1.4379
 345.000       1.5305
 346.000       1.6993
 348.000       1.6593
 350.000       1.7888
 352.000       1.8488
 353.000       1.9554
 354.000       2.1863
 355.000       2.0706
 356.000       1.8261
 357.000       1.8572
 360.000       1.7739
 362.000       1.6810
 363.000       1.6674
 365.000       1.6408
 366.000       1.6647
 368.000       1.7387
 370.000       1.7967
 371.000       1.9563
 374.000       1.7931
 375.000       1.7106
 376.000       1.7997
 377.000       1.7676
 379.000       1.7313
 381.000       1.8335
 383.000       1.8786
 384.000       1.9139
 385.000       2.0957
 386.000       1.8998
 387.000       1.8566
 388.000       1.9490
 391.000       1.8898
 393.000       1.7953
 394.000       1.7241
 396.000       1.6029
 397.000       1.5866
 399.000       1.4799
 400.000       1.4135
 401.000       1.3172
 402.000       1.2755
 403.000       1.3252
 405.000       1.4145
 406.000       1.4413
 409.000       1.5117
 410.000       1.5006
 411.000       1.8601
 413.000       1.8024
 415.000       1.9116
 417.000       1.9748
 418.000       2.0026
 419.000       2.1714
 420.000       2.0031
 421.000       1.9131
 422.000       1.9602
 425.000       1.8680
 427.000       1.7669
 428.000       1.6793
 430.000       1.5734
 431.000       1.6008
 433.000       1.5142
 435.000       1.4010
 436.000       1.3487
 439.000       1.3922
 440.000       1.4760
 441.000       1.5021
 442.000       1.8384
 444.000       1.7561
 446.000       1.8406
 448.000       1.9523
 449.000       1.9857
 450.000       2.1609
 451.000       2.0158
 452.000       1.8662
 453.000       1.9029
 456.000       1.8049
 458.000       1.7004
 459.000       1.6227
 461.000       1.5395
 462.000       1.5653
 464.000       1.4779
 465.000       1.3967
 466.000       1.3241
 467.000       1.3094
 468.000       1.3167
 470.000       1.3659
 471.000       1.3916
 474.000       1.4270
 475.000       1.4408
 476.000       1.7848
 478.000       1.6958
 480.000       1.7706
 482.000       1.8967
 483.000       1.9332
 484.000       2.0906
 485.000       1.9572
 486.000       1.8383
 487.000       1.8714
 490.000       1.7797
 492.000       1.6706
 493.000       1.6018
 495.000       1.5233
 496.000       1.5609
 498.000       1.5191
 500.000       1.4398
 501.000       1.4398
 502.000       1.4226
 504.000       1.4623
 505.000       1.4908
 506.000       1.7775
 508.000       1.6917
 510.000       1.7737
 512.000       1.9086
 513.000       1.9690
 514.000       2.1636
 515.000       1.9728
 516.000       1.8833
 517.000       1.9439
 520.000       1.8473
 522.000       1.7374
 523.000       1.6597
 525.000       1.5591
 526.000       1.5548
 528.000       1.4706
 529.000       1.4145
 530.000       1.3475
 531.000       1.3166
 532.000       1.3607
 534.000       1.4285
 535.000       1.4671
 538.000       1.4897
 539.000       1.4774
 540.000       1.8326
 542.000       1.7454
 544.000       1.8417
 546.000       1.9744
 547.000       2.0204
 548.000       2.2304
 549.000       2.0274
 550.000       1.9052
 551.000       1.9664
 554.000       1.8704
 556.000       1.7592
 557.000       1.6493
 559.000       1.5319
 560.000       1.5514
 562.000       1.4713
 563.000       1.3808
 564.000       1.3063
 565.000       1.3078
 566.000       1.2948
 568.000       1.3487
 569.000       1.3823
 572.000       1.4203
 573.000       1.4259
 574.000       1.8324
 576.000       1.7287
 578.000       1.8446
 580.000       1.9824
 581.000       2.0084
 582.000       2.2233
 583.000       1.9911
 584.000       1.8816
 585.000       1.9454
 588.000       1.8327
 590.000       1.7330
 591.000       1.5895
 593.000       1.4616
 594.000       1.4879
 596.000       1.3960
 597.000       1.2868
 598.000       1.2054
 599.000       1.2275
 602.000       1.1797
 603.000       1.2358
 605.000       1.3208
 606.000       1.3331
 607.000       1.7589
 609.000       1.6471
 611.000       1.7399
 613.000       1.8883
 614.000       1.9115
 615.000       2.1247
 616.000       1.9244
 617.000       1.7555
 618.000       1.7804
 621.000       1.6513
 623.000       1.4943
 624.000       1.4200
 626.000       1.3410
 627.000       1.4114
 629.000       1.3841
 631.000       1.2955
 632.000       1.3379
 633.000       1.2404
 635.000       1.2515
 636.000       1.2462
 637.000       1.6804
 639.000       1.5510
 641.000       1.5807
 643.000       1.7399
 644.000       1.9126
 645.000       2.0418
 646.000       2.0150
 647.000       1.9315
 648.000       1.9767
 651.000       1.9959
 653.000       1.8449
 654.000       1.9297
 656.000       1.7575
 657.000       1.7016
 659.000       1.6279
 660.000       1.6448
 661.000       1.6749
 662.000       1.6775
 665.000       1.7734
 666.000       1.8322
 668.000       1.8191
 669.000       1.7220
 670.000       2.1608
 672.000       2.2477
 674.000       2.5106
 676.000       2.2431
 677.000       2.3580
 678.000       2.4020
 679.000       2.5693
 680.000       2.3530
 681.000       2.4257
 684.000       2.4838
 686.000       2.6799
 687.000       2.6552
 689.000       2.8156
 690.000       2.8348
 692.000       3.0290
 694.000       3.2298
 695.000       3.4595
 696.000       3.2369
 698.000       3.0452
 699.000       3.1584
 700.000       2.3154
 702.000       2.4097
 704.000       2.4176
 706.000       2.3615
 707.000       2.2596
 708.000       2.4150
 709.000       2.2990
 710.000       2.0196
 711.000       1.9939
 714.000       1.7883
 716.000       1.7024
 717.000       1.5401
 719.000       1.5284
 720.000       1.6430
 722.000       1.6283
 723.000       1.5013
 724.000       1.4808
 725.000       1.5674
 726.000       1.3973
 728.000       1.3324
 729.000       1.2996
 732.000       1.3492
 733.000       1.4363
 734.000       1.6953
 736.000       1.5219
 738.000       1.5214
 740.000       1.7901
 741.000       1.8214
 742.000       1.9955
 743.000       1.9355
 744.000       1.6142
 745.000       1.5703
 748.000       1.4227
 750.000       1.3326
 751.000       1.2867
 753.000       1.3003
 754.000       1.3972
 756.000       1.4342
 757.000       1.3545
 758.000       1.4082
 759.000       1.5238
 760.000       1.3758
 762.000       1.3035
 763.000       1.3346
 766.000       1.2498
 767.000       1.2763
 768.000       1.4231
 770.000       1.3461
 772.000       1.4030
 774.000       1.5270
 775.000       1.5479
 776.000       1.6659
 777.000       1.5883
 778.000       1.5657
 779.000       1.6586
 782.000       1.6565
 784.000       1.5936
 785.000       1.5012
 787.000       1.3933
 788.000       1.3837
 790.000       1.3266
 792.000       1.2830
 793.000       1.2890
 796.000       1.3042
 797.000       1.3544
 798.000       1.4219
 799.000       1.6412
 801.000       1.5140
 803.000       1.5531
 805.000       1.7681
 806.000       1.8649
 807.000       2.1664
 808.000       1.9654
 809.000       1.6677
 810.000       1.7195
 813.000       1.6099
 815.000       1.5968
 816.000       1.5466
 818.000       1.4540
 819.000       1.4479
 821.000       1.3924
 822.000       1.3652
 823.000       1.3541
 824.000       1.3540
 827.000       1.3907
 828.000       1.4294
 830.000       1.4427
 831.000       1.4080
 832.000       1.5133
 834.000       1.6280
 836.000       2.0839
 838.000       1.6562
 839.000       1.6262
 840.000       1.8331
 841.000       1.6302
 842.000       1.5277
 843.000       1.5834
 846.000       1.5133
 848.000       1.4689
 849.000       1.4135
 851.000       1.3383
 852.000       1.3268
 854.000       1.2764
 856.000       1.2412
 857.000       1.2263
 860.000       1.2793
 861.000       1.3227
 862.000       1.3994
 863.000       1.4495
 865.000       1.4345
 867.000       1.5664
 869.000       1.5361
 870.000       1.5524
 871.000       1.7033
 872.000       1.5806
 873.000       1.4809
 874.000       1.5250
 877.000       1.4754
 879.000       1.4567
 880.000       1.4040
 882.000       1.3378
 883.000       1.3292
 885.000       1.2820
 886.000       1.2633
 887.000       1.2565
 888.000       1.2560
 889.000       1.3019
 891.000       1.3399
 892.000       1.4205
 895.000       1.3431
 896.000       1.3028
 897.000       1.4267
 899.000       1.4129
 901.000       1.5139
 903.000       1.4914
 904.000       1.5085
 905.000       1.6458
 906.000       1.5402
 907.000       1.4442
 908.000       1.4900
 911.000       1.4372
 913.000       1.4000
 914.000       1.3472
 916.000       1.2789
 917.000       1.2768
 919.000       1.2438
 921.000       1.2090
 922.000       1.2152
 925.000       1.2325
 926.000       1.2661
 927.000       1.3337
 928.000       1.4045
 930.000       1.3813
 932.000       1.4728
 934.000       1.4902
 935.000       1.4824
 936.000       1.6936
 937.000       1.6251
 938.000       1.4188
 939.000       1.4745
 942.000       1.3523
 944.000       1.3335
 945.000       1.4433
 947.000       1.5270
 948.000       1.6078
 950.000       1.8993
 951.000       1.9996
 952.000       2.3918
 953.000       2.7230
 956.000       2.5698
 957.000       2.4050
 959.000       2.0488
 960.000       1.8140
 961.000       1.3870
 963.000       1.5726
 965.000       1.8315
 967.000       1.4681
 968.000       1.5289
 969.000       1.7320
 970.000       1.5320
 971.000       1.4834
 972.000       1.5865
 975.000       1.5772
 977.000       1.5494
 978.000       1.5263
 980.000       1.4347
 981.000       1.4049
 983.000       1.3667
 984.000       1.3616
 985.000       1.3670
 986.000       1.3699
 989.000       1.4261
 990.000       1.4830
 992.000       1.4858
 993.000       1.4159
 994.000       1.5362
 996.000       1.5596
 998.000       1.7097
1000.000       1.6252
1001.000       1.6319
1002.000       1.8191
1003.000       1.6130
1004.000       1.5634
1005.000       1.6359
1008.000       1.5618
1010.000       1.4819
1011.000       1.3965
1013.000       1.2978
1014.000       1.3165
1016.000       1.2548
1017.000       1.1822
1018.000       1.1343
1019.000       1.1659
1020.000       1.1066
1022.000       1.1324
1023.000       1.1395
1026.000       1.1949
1027.000       1.2088
1028.000       1.5265
1030.000       1.4491
1032.000       1.5439
1034.000       1.6577
1035.000       1.7531
1036.000       1.9767
1037.000       1.7797
1038.000       1.6973
1039.000       1.7773
1042.000       1.8047
1044.000       1.7470
1045.000       1.7342
1047.000       1.6708
1048.000       1.6866
1050.000       1.7009
1052.000       1.7065
1053.000       1.7979
1054.000       1.7059
1056.000       1.6938
1057.000       1.7940
1058.000       1.8399
1060.000       1.7487
1062.000       1.9009
1064.000       1.9997
1065.000       2.1835
1066.000       2.3870
1067.000       2.2252
1068.000       2.2570
1069.000       2.2737
1072.000       2.4258
1074.000       2.7032
1075.000       2.8280
1077.000       3.1310
1078.000       3.2015
1080.000       3.6827
1082.000       4.1128
1083.000       4.6411
1084.000       4.0024
1086.000       3.5504
1087.000       3.6609
1088.000       2.3778
1090.000       2.6352
1092.000       3.1261
1094.000       2.5287
1095.000       2.3750
1096.000       2.6054
1097.000       2.2218
1098.000       2.4192
1099.000       2.6919
1102.000       2.8469
1104.000       2.8710
1105.000       2.7891
1107.000       2.5529
1108.000       2.2811
1110.000       2.3485
1112.000       2.6833
1113.000       2.9632
1114.000       2.8786
1116.000       2.8462
1117.000       3.2212
1118.000       2.7416
1120.000       2.6759
1122.000       3.1415
1124.000       2.8203
1125.000       2.7868
1126.000       3.0077
1127.000       2.6278
1128.000       2.8595
1129.000       3.0897
1132.000       3.1424
1134.000       3.1479
1135.000       3.1065
1137.000       2.8786
1138.000       2.6131
1140.000       2.4914
1142.000       2.6690
1143.000       2.6775
1146.000       2.9438
1147.000       3.0407
1148.000       3.3582
1149.000       2.9513
1151.000       3.0526
1153.000       3.3852
1155.000       3.0880
1156.000       2.9138
1157.000       3.2049
1158.000       2.8082
1159.000       2.6600
1160.000       2.7981
1163.000       2.5973
1165.000       2.5558
1166.000       2.3348
1168.000       2.1645
1169.000       2.1486
1171.000       2.0918
1173.000       2.0623
1174.000       2.1377
1175.000       2.1070
1177.000       2.1569
1178.000       2.3206
1179.000       2.2844
1181.000       2.2006
1183.000       2.4012
1185.000       2.3488
1186.000       2.1665
1187.000       2.3687
1188.000       2.1787
1189.000       1.8659
1190.000       1.8670
1193.000       1.6535
1195.000       1.6324
1196.000       1.4413
1198.000       1.3425
1199.000       1.4328
1201.000       1.3645
1202.000       1.2230
1203.000       1.1816
1204.000       1.2164
1207.000       1.2194
1208.000       1.2721
1210.000       1.2637
1211.000       1.2349
1212.000       1.4678
1214.000       1.3772
1216.000       1.4912
1218.000       1.5196
1219.000       1.5217
1220.000       1.6721
1221.000       1.6373
1222.000       1.3814
1223.000       1.3805
1226.000       1.3550
1228.000       1.2863
1229.000       1.3261
1231.000       1.1583
1232.000       1.2306
1234.000       1.2534
1236.000       1.1411
1237.000       1.2395
1240.000       1.0765
1241.000       1.1057
1242.000       1.2226
1243.000       1.4265
1245.000       1.5946
1247.000       2.1691
1249.000       1.5730
1250.000       1.6078
1251.000       1.7751
1252.000       1.7864
1253.000       1.4979
1254.000       1.5216
1257.000       1.4370
1259.000       1.4341
1260.000       1.4000
1262.000       1.3551
1263.000       1.3446
1265.000       1.3676
1267.000       1.4114
1268.000       1.5123
1271.000       1.4593
1272.000       1.4231
1273.000       1.5299
1274.000       1.3645
1276.000       1.3915
1278.000       1.5259
1280.000       1.4229
1281.000       1.4240
1282.000       1.5755
1283.000       1.4221
1284.000       1.3775
1285.000       1.4541
1288.000       1.4496
1290.000       1.4287
1291.000       1.4311
1293.000       1.3727
1294.000       1.3199
1296.000       1.3192
1297.000       1.3820
1298.000       1.4656
1299.000       1.4985
1300.000       1.5707
1302.000       1.5914
1303.000       1.7283
1306.000       1.5225
1307.000       1.4160
1308.000       1.4281
1310.000       1.4659
1312.000       1.6041
1314.000       1.5151
1315.000       1.5359
1316.000       1.6950
1317.000       1.4977
1318.000       1.5410
1319.000       1.6519
1322.000       1.6852
1324.000       1.6446
1325.000       1.6695
1327.000       1.5789
1328.000       1.4824
1330.000       1.4467
1331.000       1.5323
1332.000       1.5924
1333.000       1.5804
1334.000       1.7308
1336.000       1.7988
1337.000       1.9500
1340.000       1.7496
1341.000       1.6156
1342.000       1.6917
1344.000       1.7466
1346.000       1.9125
1348.000       1.8089
1349.000       1.8458
1350.000       2.0257
1351.000       1.7590
1352.000       1.8816
1353.000       2.0280
1356.000       2.0597
1358.000       1.9914
1359.000       2.0109
1361.000       1.8910
1362.000       1.7707
1364.000       1.7066
1365.000       1.8021
1366.000       1.8448
1367.000       1.8026
1368.000       1.9955
1370.000       2.0882
1371.000       2.2523
1374.000       2.0592
1375.000       1.9148
1376.000       2.0599
1378.000       2.0992
1380.000       2.2701
1382.000       2.1848
1383.000       2.1908
1384.000       2.3719
1385.000       2.1033
1386.000       2.1881
1387.000       2.3318
1390.000       2.3314
1392.000       2.2422
1393.000       2.2101
1395.000       2.0450
1396.000       1.9415
1398.000       1.8089
1400.000       1.7872
1401.000       1.6951
1404.000       1.9011
1405.000       2.0266
1406.000       2.1561
1407.000       2.2995
1409.000       2.2996
1411.000       2.4687
1413.000       2.4345
1414.000       2.4231
1415.000       2.6250
1416.000       2.3334
1417.000       2.3674
1418.000       2.4936
1421.000       2.4427
1423.000       2.3456
1424.000       2.2506
1426.000       2.0766
1427.000       2.0189
1429.000       1.8913
1430.000       1.8541
1431.000       1.7746
1432.000       1.7037
1435.000       1.8270
1436.000       1.9515
1438.000       2.0355
1439.000       1.9753
1440.000       2.3602
1442.000       2.3118
1444.000       2.4803
1446.000       2.4982
1447.000       2.4657
1448.000       2.6730
1449.000       2.4439
1450.000       2.2946
1451.000       2.3433
1454.000       2.1792
1456.000       2.0436
1457.000       1.8688
1459.000       1.7539
1460.000       1.8483
1462.000       1.7951
1464.000       1.6329
1465.000       1.6306
1468.000       1.5394
1469.000       1.5981
1470.000       1.5582
1471.000       2.0811
1473.000       1.9163
1475.000       1.9914
1477.000       2.1987
1478.000       2.2031
1479.000       2.3922
1480.000       2.2426
1481.000       2.0150
1482.000       2.0147
1485.000       1.8459
1487.000       1.7176
1488.000       1.5865
1490.000       1.5436
1491.000       1.6368
1493.000       1.6365
1495.000       1.5393
1496.000       1.5795
1499.000       1.4582
1500.000       1.4547
1501.000       1.4274
1502.000       1.8161
1504.000       1.6541
1506.000       1.6698
1508.000       1.9372
1509.000       2.0498
1510.000       2.2078
1511.000       2.1296
1512.000       1.9961
1513.000       2.0966
1516.000       2.0121
1518.000       1.9529
1519.000       1.9906
1521.000       1.9515
1522.000       1.9733
1524.000       2.0168
1525.000       2.0132
1526.000       2.1308
1527.000       2.2507
1528.000       2.2059
1530.000       2.1885
1531.000       2.3533
1534.000       2.0877
1535.000       1.9868
1536.000       2.1612
1538.000       2.1630
1540.000       2.3151
1542.000       2.1968
1543.000       2.3268
1544.000       2.4516
1545.000       2.5890
1546.000       2.1332
1547.000       2.0074
1550.000       1.8601
1552.000       1.7632
1553.000       1.8542
1555.000       1.9463
1556.000       2.0372
1558.000       2.2499
1560.000       2.3736
1561.000       2.6416
1562.000       2.2728
1564.000       2.0782
1565.000       2.1412
1566.000       1.9853
1568.000       2.0152
1570.000       2.1982
1572.000       2.0017
1573.000       2.1711
1574.000       2.3877
1575.000       2.3148
1576.000       2.0822
1577.000       1.9871
1580.000       1.9319
1582.000       1.8340
1583.000       1.7169
1585.000       1.5699
1586.000       1.5327
1588.000       1.4766
1589.000       1.4553
1590.000       1.4691
1591.000       1.4922
1594.000       1.5619
1595.000       1.6465
1597.000       1.6421
1598.000       1.5301
1599.000       1.8694
1601.000       1.7900
1603.000       1.9734
1605.000       2.0323
1606.000       2.0649
1607.000       2.3359
1608.000       2.0323
1609.000       1.9447
1610.000       2.0877
1613.000       2.0121
1615.000       1.8387
1616.000       1.6844
1618.000       1.4988
1619.000       1.3883
1621.000       1.2979
1622.000       1.3419
1623.000       1.3532
1624.000       1.3003
1627.000       1.4954
1628.000       1.6208
1630.000       1.6283
1631.000       1.4753
1632.000       1.9690
1634.000       1.7382
1636.000       1.7262
1638.000       2.0953
1639.000       2.2593
1640.000       2.5217
1641.000       2.2928
1642.000       2.3269
1643.000       2.2015
1646.000       2.0470
1648.000       1.9143
1649.000       1.7740
1651.000       1.5899
1652.000       1.5258
1654.000       1.3798
1655.000       1.3447
1656.000       1.2772
1657.000       1.2033
1660.000       1.3757
1661.000       1.5186
1663.000       1.5854
1664.000       1.4899
1665.000       1.9764
1667.000       1.8522
1669.000       1.9877
1671.000       2.1396
1672.000       2.1547
1673.000       2.4142
1674.000       2.1191
1675.000       2.0666
1676.000       2.2022
1679.000       2.1825
1681.000       2.0674
1682.000       2.0331
1684.000       1.8799
1685.000       1.8065
1687.000       1.7242
1689.000       1.7256
1690.000       1.7335
1691.000       1.8383
1693.000       1.9153
1694.000       2.0899
1695.000       2.1632
1697.000       2.1446
1699.000       2.3516
1701.000       2.3490
1702.000       2.3876
1703.000       2.6010
1704.000       2.2616
1705.000       2.4141
1706.000       2.5889
1709.000       2.5855
1711.000       2.4758
1712.000       2.4227
1714.000       2.2429
1715.000       2.1476
1717.000       1.9989
1718.000       2.0033
1719.000       1.9137
1720.000       1.8037
1721.000       2.0044
1723.000       2.1599
1724.000       2.2567
1727.000       2.2489
1728.000       2.1597
1729.000       2.5613
1731.000       2.5322
1733.000       2.7032
1735.000       2.7151
1736.000       2.7272
1737.000       2.9408
1738.000       2.6563
1739.000       2.6336
1740.000       2.7368
1743.000       2.6448
1745.000       2.4891
1746.000       2.3785
1748.000       2.2156
1749.000       2.2123
1751.000       2.0867
1753.000       1.9508
1754.000       1.8716
1755.000       1.9665
1757.000       2.0997
1758.000       2.1448
1759.000       2.6000
1761.000       2.4784
1763.000       2.5936
1765.000       2.7600
1766.000       2.7892
1767.000       3.0039
1768.000       2.7338
1769.000       2.6857
1770.000       2.7505
1773.000       2.6469
1775.000       2.5109
1776.000       2.3965
1778.000       2.2394
1779.000       2.2586
1781.000       2.1289
1783.000       1.9704
1784.000       1.8629
1787.000       1.9629
1788.000       2.0980
1789.000       2.1275
1790.000       2.5950
1792.000       2.4866
1794.000       2.5941
1796.000       2.7214
1797.000       2.7311
1798.000       2.9038
1799.000       2.7338
1800.000       2.5887
1801.000       2.6282
1804.000       2.5107
1806.000       2.3876
1807.000       2.2722
1809.000       2.1259
1810.000       2.1784
1812.000       2.0755
1814.000       1.9097
1815.000       1.8359
1818.000       1.8662
1819.000       1.9770
1820.000       1.9812
1821.000       2.4689
1823.000       2.3629
1825.000       2.4518
1827.000       2.5843
1828.000       2.6011
1829.000       2.7979
1830.000       2.6244
1831.000       2.4442
1832.000       2.4858
1835.000       2.3367
1837.000       2.2133
1838.000       2.0776
1840.000       1.9950
1841.000       2.0937
1843.000       2.0045
1844.000       1.8328
1845.000       1.7154
1846.000       1.7326
1847.000       1.6272
1849.000       1.6527
1850.000       1.6213
1853.000       1.7560
1854.000       1.8409
1855.000       2.2824
1857.000       2.1313
1859.000       2.1768
1861.000       2.4011
1862.000       2.5129
1863.000       2.6864
1864.000       2.6330
1865.000       2.4581
1866.000       2.5032
1869.000       2.3464
1871.000       2.2425
1872.000       2.0757
1874.000       1.9472
1875.000       2.0116
1877.000       1.9754
1878.000       1.8812
1879.000       1.9172
1880.000       2.0407
1883.000       1.9443
1884.000       1.9168
1886.000       1.8822
1887.000       1.8620
1888.000       2.2275
1890.000       2.1107
1892.000       2.2641
1894.000       2.3918
1895.000       2.3764
1896.000       2.6972
1897.000       2.4707
1898.000       2.0837
1899.000       2.1443
1902.000       2.0236
1904.000       1.9376
1905.000       1.9672
1907.000       1.9479
1908.000       1.9125
1910.000       2.1319
1912.000       2.3635
1913.000       2.7167
1916.000       2.4222
1917.000       2.2284
1918.000       2.4763
1919.000       1.9820
1921.000       2.0658
1923.000       2.3512
1925.000       2.1334
1926.000       2.1236
1927.000       2.4838
1928.000       2.0635
1929.000       1.9219
1930.000       2.1132
1933.000       1.9769
1935.000       1.7798
1936.000       1.6793
1938.000       1.4868
1939.000       1.4633
1941.000       1.3898
1943.000       1.3523
1944.000       1.4134
1945.000       1.4192
1947.000       1.4864
1948.000       1.6643
1949.000       1.9249
1951.000       1.8420
1953.000       2.0978
1955.000       2.1851
1956.000       2.2392
1957.000       2.5730
1958.000       2.1462
1959.000       2.1337
1960.000       2.3236
1963.000       2.2530
1965.000       2.0990
1966.000       1.9917
1968.000       1.7575
1969.000       1.7401
1971.000       1.5917
1972.000       1.5038
1973.000       1.4578
1974.000       1.4556
1977.000       1.5582
1978.000       1.6743
1980.000       1.7159
1981.000       1.6216
1982.000       2.1898
1984.000       2.1278
1986.000       2.3680
1988.000       2.4190
1989.000       2.4040
1990.000       2.7282
1991.000       2.3115
1992.000       2.2567
1993.000       2.4523
1996.000       2.3762
1998.000       2.2083
1999.000       2.1236
2001.000       1.8806
2002.000       1.7894
2004.000       1.6439
2006.000       1.5911
2007.000       1.5765
2008.000       1.7100
2010.000       1.8537
2011.000       2.0447
2012.000       2.2920
2014.000       2.2600
2016.000       2.5366
2018.000       2.5090
2019.000       2.4942
2020.000       2.7958
2021.000       2.3562
2022.000       2.4135
2023.000       2.6376
2026.000       2.6088
2028.000       2.4432
2029.000       2.3701
2031.000       2.0977
2032.000       1.9407
2034.000       1.7792
2035.000       1.8423
2036.000       1.8410
2037.000       1.7793
2038.000       2.0355
2040.000       2.2011
2041.000       2.4282
2044.000       2.2200
2045.000       2.0350
2046.000       2.5466
2048.000       2.5266
2050.000       2.8153
2052.000       2.7849
2053.000       2.7678
2054.000       3.0933
2055.000       2.6145
2056.000       2.6767
2057.000       2.9350
2060.000       2.8663
2062.000       2.6788
2063.000       2.5870
2065.000       2.3243
2066.000       2.1992
2068.000       2.0372
2070.000       2.0042
2071.000       1.9651
2072.000       2.1498
2074.000       2.3047
2075.000       2.5002
2076.000       2.7879
2078.000       2.7434
2080.000       3.0341
2082.000       3.0333
2083.000       3.0766
2084.000       3.3741
2085.000       2.9552
2086.000       3.0249
2087.000       3.2279
2090.000       3.2050
2092.000       3.0056
2093.000       2.9621
2095.000       2.7119
2096.000       2.5795
2098.000       2.4178
2100.000       2.4002
2101.000       2.3325
2104.000       2.5478
2105.000       2.6973
2106.000       2.8891
2107.000       3.2110
2109.000       3.1741
2111.000       3.4409
2113.000       3.4787
2114.000       3.5709
2115.000       3.8942
2116.000       3.4364
2117.000       3.5516
2118.000       3.7847
2121.000       3.7945
2123.000       3.5692
2124.000       3.5540
2126.000       3.2801
2127.000       3.1172
2129.000       2.9308
2131.000       2.9200
2132.000       2.8216
2135.000       3.0916
2136.000       3.2655
2137.000       3.4740
2138.000       3.8412
2140.000       3.7877
2142.000       4.0942
2144.000       4.1583
