   2.000       4.0003
   3.000       4.1264
   6.000       4.0422
   8.000       3.9956
   9.000       3.8096
  11.000       3.5271
  12.000       3.4222
  14.000       3.1931
  15.000       3.1437
  16.000       2.9763
  17.000       2.8262
  18.000       3.0611
  20.000       3.2708
  21.000       3.3723
  24.000       3.4285
  25.000       3.3563
  26.000       3.7808
  28.000       3.7617
  30.000       4.0419
  32.000       3.9053
  33.000       3.7281
  34.000       3.9906
  35.000       3.5525
  36.000       3.5463
  37.000       3.7187
  40.000       3.5703
  42.000       3.4665
  43.000       3.2444
  45.000       2.9910
  46.000       2.9483
  48.000       2.7227
  49.000       2.6035
  50.000       2.3962
  51.000       2.2525
  52.000       2.4217
  54.000       2.6137
  55.000       2.6683
  58.000       2.7947
  59.000       2.7789
  60.000       3.3398
  62.000       3.2226
  64.000       3.4220
  66.000       3.4642
  67.000       3.3330
  68.000       3.5790
  69.000       3.2633
  70.000       3.0817
  71.000       3.1684
  74.000       2.9615
  76.000       2.8420
  77.000       2.6087
  79.000       2.4163
  80.000       2.4562
  82.000       2.2836
  83.000       2.1049
  84.000       1.9100
  85.000       1.8322
  88.000       1.8600
  89.000       1.9944
  91.000       2.1641
  92.000       2.2044
  93.000       2.7640
  95.000       2.5940
  97.000       2.7283
  99.000       2.8893
 100.000       2.8273
 101.000       3.0638
 102.000       2.8321
 103.000       2.5798
 104.000       2.5887
 107.000       2.3799
 109.000       2.2628
 110.000       2.0596
 112.000       1.9152
 113.000       2.0207
 115.000       1.9449
 117.000       1.7328
 118.000       1.7021
 121.000       1.6366
 122.000       1.7360
 123.000       1.7421
 124.000       2.2474
 126.000       2.0865
 128.000       2.1867
 130.000       2.3603
 131.000       2.3440
 132.000       2.5540
 133.000       2.3881
 134.000       2.1192
 135.000       2.1444
 138.000       1.9405
 140.000       1.8105
 141.000       1.6195
 143.000       1.5217
 144.000       1.6608
 146.000       1.5846
 147.000       1.3608
 148.000       1.2362
 149.000       1.3028
 152.000       1.1304
 153.000       1.1400
 155.000       1.2354
 156.000       1.3347
 157.000       1.8501
 159.000       1.6671
 161.000       1.7316
 163.000       1.9741
 164.000       2.0101
 165.000       2.2297
 166.000       2.1386
 167.000       1.7617
 168.000       1.7301
 171.000       1.5078
 173.000       1.3848
 174.000       1.2951
 176.000       1.2866
 177.000       1.4373
 179.000       1.5220
 181.000       1.4533
 182.000       1.5966
 183.000       1.3403
 185.000       1.2707
 186.000       1.3441
 187.000       1.5062
 189.000       1.3764
 191.000       1.4324
 193.000       1.6500
 194.000       1.8047
 195.000       2.0563
 196.000       1.9265
 197.000       1.6729
 198.000       1.6831
 201.000       1.6987
 203.000       1.6397
 204.000       1.6901
 206.000       1.5781
 207.000       1.6807
 209.000       1.6053
 210.000       1.4538
 211.000       1.3979
 212.000       1.4354
 215.000       1.4037
 216.000       1.4551
 218.000       1.4827
 219.000       1.4692
 220.000       1.8450
 222.000       1.8904
 224.000       2.0796
 226.000       2.0205
 227.000       2.5892
 228.000       3.2046
 229.000       3.1151
 230.000       2.1556
 231.000       2.0710
 234.000       1.7681
 236.000       1.5468
 237.000       1.4721
 239.000       1.3623
 240.000       1.3914
 242.000       1.3276
 244.000       1.2247
 245.000       1.2225
 246.000       1.2059
 248.000       1.2735
 249.000       1.3173
 250.000       1.7134
 252.000       1.5803
 254.000       1.6096
 256.000       1.7574
 257.000       1.9199
 258.000       2.0968
 259.000       2.0593
 260.000       1.8191
 261.000       1.9547
 264.000       1.7999
 266.000       1.7624
 267.000       1.6768
 269.000       1.6050
 270.000       1.6739
 272.000       1.6316
 273.000       1.5090
 274.000       1.4307
 275.000       1.4564
 278.000       1.3636
 279.000       1.3857
 281.000       1.4554
 282.000       1.5037
 283.000       1.7241
 285.000       1.6598
 287.000       1.7464
 289.000       1.8169
 290.000       1.8198
 291.000       2.0784
 292.000       1.9115
 293.000       1.6093
 294.000       1.4883
 297.000       1.3820
 299.000       1.2999
 300.000       1.5717
 302.000       1.4790
 303.000       1.4693
 305.000       1.4817
 306.000       1.5023
 307.000       1.6036
 308.000       1.6826
 311.000       1.7076
 312.000       1.7114
 314.000       1.6226
 315.000       1.5097
 316.000       1.7322
 318.000       1.9646
 320.000       2.4210
 322.000       1.6437
 323.000       1.8679
 324.000       2.1343
 325.000       1.9210
 326.000       1.8770
 327.000       1.9984
 330.000       1.9702
 332.000       1.8449
 333.000       1.7870
 335.000       1.6113
 336.000       1.5592
 338.000       1.4434
 340.000       1.3584
 341.000       1.3011
 342.000       1.4468
 344.000       1.5748
 345.000       1.7059
 346.000       1.9585
 348.000       1.9128
 350.000       2.1149
 352.000       2.1579
 353.000       2.2427
 354.000       2.4584
 355.000       2.2344
 356.000       2.1917
 357.000       2.3023
 360.000       2.2670
 362.000       2.1900
 363.000       2.1413
 365.000       2.0169
 366.000       1.9635
 368.000       1.8983
 370.000       1.8919
 371.000       1.8920
 374.000       1.9659
 375.000       2.0273
 376.000       2.1613
 377.000       2.2104
 379.000       2.1898
 381.000       2.3502
 383.000       2.3397
 384.000       2.3255
 385.000       2.5397
 386.000       2.2954
 387.000       2.1946
 388.000       2.2692
 391.000       2.1509
 393.000       2.0473
 394.000       1.9263
 396.000       1.8072
 397.000       1.8109
 399.000       1.7031
 400.000       1.6240
 401.000       1.5259
 402.000       1.4850
 403.000       1.5192
 405.000       1.5973
 406.000       1.6139
 409.000       1.6894
 410.000       1.6946
 411.000       2.0656
 413.000       1.9548
 415.000       2.0639
 417.000       2.1868
 418.000       2.1961
 419.000       2.3669
 420.000       2.2048
 421.000       2.0910
 422.000       1.9403
 425.000       1.8676
 427.000       1.8141
 428.000       1.7332
 430.000       1.6537
 431.000       1.6885
 433.000       1.6429
 435.000       1.5526
 436.000       1.5331
 439.000       1.5304
 440.000       1.5813
 441.000       1.6023
 442.000       1.8353
 444.000       1.7834
 446.000       1.8673
 448.000       1.9202
 449.000       1.9375
 450.000       2.0970
 451.000       1.9820
 452.000       1.8048
 453.000       1.8181
 456.000       1.7109
 458.000       1.6620
 459.000       1.5641
 461.000       1.5012
 462.000       1.5516
 464.000       1.5028
 465.000       1.4061
 466.000       1.3491
 467.000       1.3731
 468.000       1.3064
 470.000       1.3191
 471.000       1.3216
 474.000       1.3723
 475.000       1.4102
 476.000       1.6484
 478.000       1.5806
 480.000       1.6548
 482.000       1.7142
 483.000       1.7190
 484.000       1.8479
 485.000       1.8055
 486.000       1.5837
 487.000       1.5735
 490.000       1.4770
 492.000       1.4383
 493.000       1.3709
 495.000       1.3449
 496.000       1.4002
 498.000       1.4156
 500.000       1.3780
 501.000       1.4354
 502.000       1.3333
 504.000       1.3184
 505.000       1.3386
 506.000       1.4400
 508.000       1.3898
 510.000       1.4513
 512.000       1.5017
 513.000       1.5019
 514.000       1.6439
 515.000       1.5614
 516.000       1.3941
 517.000       1.4421
 520.000       1.3578
 522.000       1.3360
 523.000       1.2856
 525.000       1.2573
 526.000       1.2840
 528.000       1.2866
 529.000       1.2567
 530.000       1.2813
 531.000       1.3374
 532.000       1.2919
 534.000       1.2818
 535.000       1.3399
 538.000       1.2630
 539.000       1.2444
 540.000       1.3072
 542.000       1.2826
 544.000       1.3605
 546.000       1.3668
 547.000       1.3946
 548.000       1.5249
 549.000       1.4682
 550.000       1.3201
 551.000       1.3459
 554.000       1.3232
 556.000       1.3005
 557.000       1.2976
 559.000       1.2687
 560.000       1.2699
 562.000       1.2938
 563.000       1.3036
 564.000       1.3719
 565.000       1.4431
 566.000       1.4125
 568.000       1.3988
 569.000       1.4820
 572.000       1.3487
 573.000       1.2927
 574.000       1.3149
 576.000       1.3459
 578.000       1.4622
 580.000       1.3857
 581.000       1.4165
 582.000       1.5828
 583.000       1.4460
 584.000       1.3257
 585.000       1.3664
 588.000       1.3038
 590.000       1.2429
 591.000       1.1710
 593.000       1.0960
 594.000       1.1228
 596.000       1.0919
 597.000       1.0385
 598.000       1.0411
 599.000       1.1143
 602.000       1.0349
 603.000       1.0274
 605.000       1.0419
 606.000       1.0395
 607.000       1.2732
 609.000       1.2162
 611.000       1.3120
 613.000       1.3940
 614.000       1.4426
 615.000       1.6316
 616.000       1.4503
 617.000       1.3604
 618.000       1.3946
 621.000       1.3295
 623.000       1.2022
 624.000       1.1824
 626.000       1.1306
 627.000       1.1753
 629.000       1.2011
 631.000       1.2050
 632.000       1.3053
 633.000       1.1644
 635.000       1.1137
 636.000       1.1155
 637.000       1.4007
 639.000       1.3081
 641.000       1.3925
 643.000       1.4958
 644.000       1.6588
 645.000       1.7573
 646.000       1.7728
 647.000       1.6805
 648.000       1.7372
 651.000       1.7771
 653.000       1.6511
 654.000       1.6831
 656.000       1.5549
 657.000       1.4984
 659.000       1.4667
 660.000       1.5062
 661.000       1.5819
 662.000       1.6338
 665.000       1.6789
 666.000       1.6956
 668.000       1.6487
 669.000       1.5511
 670.000       1.9238
 672.000       1.8871
 674.000       2.1684
 676.000       2.1211
 677.000       2.4138
 678.000       2.6304
 679.000       2.7131
 680.000       2.3259
 681.000       2.2927
 684.000       2.2875
 686.000       2.5224
 687.000       2.5252
 689.000       2.7790
 690.000       2.8667
 692.000       3.1553
 694.000       3.3817
 695.000       3.6857
 696.000       3.3172
 698.000       3.0332
 699.000       3.0975
 700.000       2.1120
 702.000       2.2831
 704.000       2.2848
 706.000       2.0837
 707.000       1.9412
 708.000       2.0747
 709.000       2.0041
 710.000       1.6974
 711.000       1.6496
 714.000       1.4289
 716.000       1.3747
 717.000       1.2156
 719.000       1.2154
 720.000       1.3238
 722.000       1.2942
 723.000       1.1701
 724.000       1.1434
 725.000       1.2066
 726.000       1.1081
 728.000       1.0773
 729.000       1.1171
 732.000       1.0729
 733.000       1.1275
 734.000       1.3361
 736.000       1.1810
 738.000       1.1802
 740.000       1.4315
 741.000       1.5084
 742.000       1.7015
 743.000       1.6157
 744.000       1.3402
 745.000       1.3163
 748.000       1.2269
 750.000       1.0961
 751.000       1.0896
 753.000       1.0314
 754.000       1.1032
 756.000       1.0973
 757.000       1.0009
 758.000       1.0087
 759.000       1.0871
 760.000       1.0168
 762.000       1.0247
 763.000       1.1251
 766.000       1.0053
 767.000       0.9808
 768.000       1.3126
 770.000       1.2399
 772.000       1.3903
 774.000       1.5301
 775.000       1.6405
 776.000       1.7997
 777.000       1.7232
 778.000       1.6985
 779.000       1.8724
 782.000       1.7377
 784.000       1.6770
 785.000       1.5759
 787.000       1.5100
 788.000       1.5623
 790.000       1.5424
 792.000       1.4572
 793.000       1.4706
 796.000       1.4129
 797.000       1.4440
 798.000       1.4579
 799.000       1.6762
 801.000       1.6007
 803.000       1.6868
 805.000       1.7738
 806.000       1.8020
 807.000       1.9890
 808.000       1.8388
 809.000       1.6753
 810.000       1.7101
 813.000       1.6173
 815.000       1.5600
 816.000       1.4863
 818.000       1.4313
 819.000       1.4707
 821.000       1.4435
 822.000       1.3776
 823.000       1.3601
 824.000       1.4023
 827.000       1.3425
 828.000       1.3450
 830.000       1.3639
 831.000       1.3744
 832.000       1.5632
 834.000       1.5153
 836.000       1.6096
 838.000       1.6399
 839.000       1.6322
 840.000       1.7895
 841.000       1.6797
 842.000       1.5105
 843.000       1.5706
 846.000       1.4670
 848.000       1.4026
 849.000       1.3371
 851.000       1.3040
 852.000       1.3504
 854.000       1.3519
 856.000       1.3008
 857.000       1.3409
 860.000       1.2699
 861.000       1.2705
 862.000       1.2963
 863.000       1.4309
 865.000       1.3744
 867.000       1.4541
 869.000       1.5189
 870.000       1.5664
 871.000       1.7293
 872.000       1.6200
 873.000       1.4869
 874.000       1.5264
 877.000       1.4803
 879.000       1.4208
 880.000       1.3973
 882.000       1.3580
 883.000       1.3611
 885.000       1.3448
 886.000       1.3376
 887.000       1.3650
 888.000       1.3968
 889.000       1.4028
 891.000       1.4109
 892.000       1.4794
 895.000       1.3883
 896.000       1.3507
 897.000       1.4864
 899.000       1.4569
 901.000       1.5441
 903.000       1.5905
 904.000       1.6604
 905.000       1.8252
 906.000       1.6701
 907.000       1.6459
 908.000       1.5937
 911.000       1.5959
 913.000       1.5452
 914.000       1.5586
 916.000       1.5012
 917.000       1.4677
 919.000       1.4471
 921.000       1.4609
 922.000       1.4724
 925.000       1.5056
 926.000       1.5254
 927.000       1.6070
 928.000       1.6328
 930.000       1.6629
 932.000       1.7979
 934.000       1.7523
 935.000       1.8352
 936.000       2.0411
 937.000       1.9589
 938.000       1.6869
 939.000       1.6903
 942.000       1.6235
 944.000       1.5884
 945.000       1.6124
 947.000       1.6487
 948.000       1.6868
 950.000       1.7775
 951.000       1.8045
 952.000       1.9584
 953.000       2.0953
 956.000       2.0383
 957.000       1.9724
 959.000       1.8296
 960.000       1.7385
 961.000       1.6191
 963.000       1.6309
 965.000       1.7196
 967.000       1.6883
 968.000       1.7213
 969.000       1.8809
 970.000       1.7458
 971.000       1.6622
 972.000       1.7056
 975.000       1.6727
 977.000       1.6490
 978.000       1.6200
 980.000       1.5347
 981.000       1.5107
 983.000       1.4714
 984.000       1.4631
 985.000       1.4723
 986.000       1.4642
 989.000       1.5471
 990.000       1.6065
 992.000       1.5969
 993.000       1.5169
 994.000       1.6344
 996.000       1.6502
 998.000       1.7676
1000.000       1.7019
1001.000       1.6617
1002.000       1.8087
1003.000       1.6446
1004.000       1.5772
1005.000       1.6436
1008.000       1.5838
1010.000       1.5312
1011.000       1.4634
1013.000       1.3654
1014.000       1.3773
1016.000       1.3022
1017.000       1.2255
1018.000       1.1506
1019.000       1.1439
1020.000       1.1352
1022.000       1.1906
1023.000       1.2051
1026.000       1.2614
1027.000       1.2711
1028.000       1.5442
1030.000       1.4985
1032.000       1.6065
1034.000       1.6705
1035.000       1.7140
1036.000       1.8723
1037.000       1.7269
1038.000       1.6518
1039.000       1.7073
1042.000       1.6608
1044.000       1.5652
1045.000       1.5047
1047.000       1.4738
1048.000       1.6831
1050.000       1.7279
1052.000       1.5564
1053.000       1.6401
1054.000       1.4064
1056.000       1.3706
1057.000       1.3768
1058.000       1.6945
1060.000       1.6024
1062.000       1.6189
1064.000       1.7753
1065.000       1.9441
1066.000       2.0119
1067.000       2.1793
1068.000       1.9226
1069.000       1.9889
1072.000       1.9596
1074.000       2.0897
1075.000       2.1060
1077.000       2.2450
1078.000       2.4013
1080.000       2.5841
1082.000       2.6517
1083.000       2.8788
1084.000       2.5543
1086.000       2.3516
1087.000       2.3918
1088.000       1.8919
1090.000       2.0244
1092.000       2.1822
1094.000       1.9658
1095.000       1.9428
1096.000       2.1910
1097.000       1.9481
1098.000       1.7610
1099.000       1.7853
1102.000       1.5787
1104.000       1.4673
1105.000       1.3411
1107.000       1.3097
1108.000       1.3254
1110.000       1.3411
1112.000       1.4044
1113.000       1.5288
1114.000       1.5081
1116.000       1.4505
1117.000       1.6788
1118.000       1.5152
1120.000       1.3765
1122.000       1.3266
1124.000       1.5191
1125.000       1.6333
1126.000       1.9071
1127.000       1.6944
1128.000       1.6238
1129.000       1.7217
1132.000       1.6750
1134.000       1.5867
1135.000       1.5031
1137.000       1.3286
1138.000       1.2770
1140.000       1.1863
1142.000       1.1421
1143.000       1.1202
1146.000       1.2028
1147.000       1.2952
1148.000       1.4073
1149.000       1.5930
1151.000       1.5704
1153.000       1.7904
1155.000       1.7514
1156.000       1.7337
1157.000       1.9629
1158.000       1.7478
1159.000       1.5574
1160.000       1.6232
1163.000       1.4999
1165.000       1.4190
1166.000       1.3460
1168.000       1.2703
1169.000       1.2848
1171.000       1.3193
1173.000       1.3467
1174.000       1.4721
1175.000       1.3437
1177.000       1.3090
1178.000       1.4157
1179.000       1.4033
1181.000       1.3728
1183.000       1.5403
1185.000       1.5028
1186.000       1.4851
1187.000       1.6619
1188.000       1.5303
1189.000       1.3341
1190.000       1.3649
1193.000       1.2802
1195.000       1.2207
1196.000       1.1625
1198.000       1.0905
1199.000       1.1419
1201.000       1.1282
1202.000       1.0507
1203.000       1.0572
1204.000       1.1214
1207.000       1.0816
1208.000       1.0986
1210.000       1.0828
1211.000       1.0456
1212.000       1.2435
1214.000       1.2348
1216.000       1.3573
1218.000       1.3241
1219.000       1.3283
1220.000       1.4927
1221.000       1.3586
1222.000       1.2383
1223.000       1.3075
1226.000       1.2687
1228.000       1.2154
1229.000       1.2097
1231.000       1.1406
1232.000       1.2040
1234.000       1.1884
1236.000       1.1009
1237.000       1.1354
1240.000       1.0800
1241.000       1.0970
1242.000       1.1532
1243.000       1.2722
1245.000       1.3086
1247.000       1.5176
1249.000       1.3930
1250.000       1.4694
1251.000       1.5271
1252.000       1.6609
1253.000       1.4596
1254.000       1.7094
1257.000       1.5993
1259.000       1.5971
1260.000       1.5603
1262.000       1.5161
1263.000       1.5267
1265.000       1.5020
1267.000       1.4674
1268.000       1.4646
1271.000       1.4704
1272.000       1.4971
1273.000       1.5369
1274.000       1.5169
1276.000       1.5299
1278.000       1.6267
1280.000       1.5382
1281.000       1.5112
1282.000       1.6144
1283.000       1.5510
1284.000       1.4586
1285.000       1.5074
1288.000       1.4720
1290.000       1.4706
1291.000       1.4159
1293.000       1.3480
1294.000       1.3487
1296.000       1.3025
1297.000       1.2672
1298.000       1.2477
1299.000       1.2598
1300.000       1.2606
1302.000       1.2931
1303.000       1.3408
1306.000       1.3223
1307.000       1.3017
1308.000       1.4054
1310.000       1.4063
1312.000       1.5082
1314.000       1.4555
1315.000       1.4264
1316.000       1.5771
1317.000       1.4122
1318.000       1.3565
1319.000       1.4351
1322.000       1.3860
1324.000       1.3532
1325.000       1.2895
1327.000       1.2057
1328.000       1.2012
1330.000       1.1537
1331.000       1.1274
1332.000       1.1279
1333.000       1.1537
1334.000       1.1624
1336.000       1.1876
1337.000       1.2543
1340.000       1.1959
1341.000       1.1616
1342.000       1.3237
1344.000       1.3106
1346.000       1.4260
1348.000       1.4013
1349.000       1.3940
1350.000       1.5664
1351.000       1.3857
1352.000       1.3254
1353.000       1.4391
1356.000       1.3846
1358.000       1.3295
1359.000       1.2868
1361.000       1.2046
1362.000       1.1711
1364.000       1.1339
1365.000       1.1564
1366.000       1.2058
1367.000       1.2327
1368.000       1.2880
1370.000       1.3105
1371.000       1.4256
1374.000       1.2747
1375.000       1.2004
1376.000       1.3450
1378.000       1.3340
1380.000       1.4609
1382.000       1.4548
1383.000       1.4840
1384.000       1.6636
1385.000       1.4645
1386.000       1.4499
1387.000       1.5277
1390.000       1.5053
1392.000       1.4160
1393.000       1.3992
1395.000       1.2954
1396.000       1.2339
1398.000       1.1684
1400.000       1.1728
1401.000       1.1560
1404.000       1.2543
1405.000       1.3126
1406.000       1.4271
1407.000       1.5060
1409.000       1.4948
1411.000       1.6345
1413.000       1.6471
1414.000       1.7029
1415.000       1.9142
1416.000       1.6762
1417.000       1.6510
1418.000       1.7533
1421.000       1.7324
1423.000       1.6258
1424.000       1.6026
1426.000       1.4738
1427.000       1.3993
1429.000       1.3304
1430.000       1.3498
1431.000       1.3560
1432.000       1.3398
1435.000       1.4529
1436.000       1.5464
1438.000       1.5577
1439.000       1.4482
1440.000       1.7473
1442.000       1.7252
1444.000       1.8902
1446.000       1.9213
1447.000       1.9881
1448.000       2.2329
1449.000       1.9635
1450.000       1.8934
1451.000       1.9882
1454.000       1.8938
1456.000       1.7312
1457.000       1.6068
1459.000       1.4391
1460.000       1.4608
1462.000       1.3572
1464.000       1.2202
1465.000       1.1790
1468.000       1.1952
1469.000       1.3072
1470.000       1.3443
1471.000       1.8633
1473.000       1.7365
1475.000       1.8870
1477.000       2.0488
1478.000       2.1170
1479.000       2.3507
1480.000       2.1075
1481.000       1.9870
1482.000       2.0426
1485.000       1.9062
1487.000       1.7228
1488.000       1.5879
1490.000       1.4618
1491.000       1.5196
1493.000       1.4449
1495.000       1.3076
1496.000       1.2859
1499.000       1.2423
1500.000       1.3177
1501.000       1.3035
1502.000       1.8989
1504.000       1.7169
1506.000       1.7727
1508.000       2.0960
1509.000       2.2657
1510.000       2.4886
1511.000       2.3432
1512.000       2.1837
1513.000       2.2054
1516.000       2.1345
1518.000       2.0620
1519.000       2.1683
1521.000       2.1914
1522.000       2.3376
1524.000       2.3570
1525.000       2.2291
1526.000       2.2489
1527.000       2.3595
1528.000       2.2004
1530.000       2.1280
1531.000       2.1672
1534.000       2.0843
1535.000       2.1396
1536.000       2.3311
1538.000       2.3957
1540.000       2.6031
1542.000       2.3462
1543.000       2.3807
1544.000       2.5168
1545.000       2.5697
1546.000       2.1636
1547.000       2.0894
1550.000       1.9173
1552.000       1.7936
1553.000       1.7560
1555.000       1.7398
1556.000       1.8381
1558.000       1.8771
1560.000       1.8253
1561.000       1.9150
1562.000       1.7463
1564.000       1.7001
1565.000       1.6948
1566.000       1.9646
1568.000       1.9094
1570.000       1.9513
1572.000       1.9382
1573.000       2.0760
1574.000       2.2614
1575.000       2.1215
1576.000       2.0464
1577.000       2.1871
1580.000       2.1471
1582.000       2.0415
1583.000       1.8791
1585.000       1.6881
1586.000       1.6051
1588.000       1.4915
1589.000       1.4844
1590.000       1.4413
1591.000       1.3920
1594.000       1.5313
1595.000       1.6621
1597.000       1.7219
1598.000       1.6169
1599.000       2.0537
1601.000       1.9371
1603.000       2.0988
1605.000       2.2586
1606.000       2.2616
1607.000       2.5688
1608.000       2.1521
1609.000       2.1354
1610.000       2.3056
1613.000       2.1830
1615.000       1.9949
1616.000       1.7952
1618.000       1.6114
1619.000       1.4886
1621.000       1.3761
1622.000       1.4177
1623.000       1.3924
1624.000       1.2889
1627.000       1.5336
1628.000       1.6897
1630.000       1.7249
1631.000       1.5766
1632.000       2.0947
1634.000       1.8506
1636.000       1.7784
1638.000       2.1489
1639.000       2.2498
1640.000       2.4697
1641.000       2.2555
1642.000       2.3788
1643.000       2.2026
1646.000       2.0605
1648.000       1.9316
1649.000       1.7999
1651.000       1.6184
1652.000       1.5497
1654.000       1.4042
1655.000       1.3619
1656.000       1.2619
1657.000       1.1692
1660.000       1.3219
1661.000       1.4746
1663.000       1.5761
1664.000       1.5067
1665.000       2.0152
1667.000       1.8807
1669.000       1.9829
1671.000       2.1814
1672.000       2.2052
1673.000       2.4961
1674.000       2.1342
1675.000       2.0602
1676.000       2.1828
1679.000       2.0748
1681.000       1.9457
1682.000       1.8367
1684.000       1.6699
1685.000       1.6394
1687.000       1.5484
1689.000       1.4920
1690.000       1.5023
1691.000       1.5640
1693.000       1.6453
1694.000       1.7836
1695.000       1.9954
1697.000       1.8975
1699.000       2.0441
1701.000       2.1466
1702.000       2.1516
1703.000       2.3552
1704.000       2.0602
1705.000       2.1135
1706.000       2.2340
1709.000       2.1853
1711.000       2.0767
1712.000       1.9712
1714.000       1.7992
1715.000       1.7596
1717.000       1.6212
1718.000       1.5577
1719.000       1.4314
1720.000       1.3495
1721.000       1.4474
1723.000       1.5687
1724.000       1.6007
1727.000       1.6901
1728.000       1.6732
1729.000       2.1192
1731.000       2.0443
1733.000       2.1954
1735.000       2.2639
1736.000       2.2316
1737.000       2.4410
1738.000       2.2163
1739.000       2.0510
1740.000       2.0902
1743.000       1.9293
1745.000       1.8132
1746.000       1.6659
1748.000       1.5700
1749.000       1.6470
1751.000       1.5891
1753.000       1.4430
1754.000       1.4322
1755.000       1.3792
1757.000       1.4407
1758.000       1.4299
1759.000       1.8519
1761.000       1.7056
1763.000       1.7514
1765.000       1.9528
1766.000       1.9596
1767.000       2.1343
1768.000       1.9999
1769.000       1.8105
1770.000       1.8109
1773.000       1.6913
1775.000       1.6099
1776.000       1.5099
1778.000       1.4368
1779.000       1.5046
1781.000       1.4576
1783.000       1.3357
1784.000       1.3140
1787.000       1.2869
1788.000       1.3375
1789.000       1.3393
1790.000       1.6506
1792.000       1.5656
1794.000       1.6266
1796.000       1.7286
1797.000       1.7659
1798.000       1.9005
1799.000       1.8306
1800.000       1.6629
1801.000       1.6697
1804.000       1.6026
1806.000       1.5162
1807.000       1.4890
1809.000       1.4226
1810.000       1.4744
1812.000       1.4571
1814.000       1.3653
1815.000       1.3745
1818.000       1.3226
1819.000       1.3572
1820.000       1.3845
1821.000       1.6400
1823.000       1.6072
1825.000       1.7265
1827.000       1.7560
1828.000       1.9176
1829.000       2.0547
1830.000       2.0016
1831.000       1.9132
1832.000       1.9722
1835.000       1.9849
1837.000       1.8684
1838.000       1.8896
1840.000       1.7916
1841.000       1.8028
1843.000       1.7387
1844.000       1.6751
1845.000       1.6189
1846.000       1.6108
1847.000       1.6137
1849.000       1.6598
1850.000       1.6886
1853.000       1.7132
1854.000       1.7125
1855.000       2.0749
1857.000       2.0608
1859.000       2.1909
1861.000       2.2379
1862.000       2.3891
1863.000       2.7269
1864.000       2.5627
1865.000       2.3518
1866.000       2.5504
1869.000       2.1678
1871.000       1.9516
1872.000       1.6408
1874.000       1.4645
1875.000       1.6401
1877.000       1.7519
1878.000       1.6264
1879.000       1.9190
1880.000       2.2839
1883.000       2.0790
1884.000       1.9731
1886.000       1.6962
1887.000       1.4800
1888.000       1.9097
1890.000       1.6877
1892.000       1.9788
1894.000       2.1104
1895.000       2.0666
1896.000       2.3664
1897.000       2.1208
1898.000       1.7868
1899.000       1.8426
1902.000       1.7113
1904.000       1.6407
1905.000       1.5699
1907.000       1.4559
1908.000       1.4645
1910.000       1.5393
1912.000       1.6121
1913.000       1.8334
1916.000       1.6217
1917.000       1.5365
1918.000       1.6954
1919.000       1.5868
1921.000       1.5943
1923.000       1.8527
1925.000       1.6991
1926.000       1.6454
1927.000       1.9410
1928.000       1.6333
1929.000       1.4969
1930.000       1.7327
1933.000       1.7717
1935.000       1.7970
1936.000       1.7720
1938.000       1.6434
1939.000       1.4822
1941.000       1.5353
1943.000       1.8189
1944.000       2.0655
1945.000       2.0244
1947.000       1.9452
1948.000       2.3075
1949.000       1.5738
1951.000       1.6765
1953.000       1.9940
1955.000       1.6597
1956.000       1.5394
1957.000       1.7149
1958.000       1.5745
1959.000       1.3690
1960.000       1.4284
1963.000       1.3354
1965.000       1.3427
1966.000       1.2570
1968.000       1.1579
1969.000       1.1400
1971.000       1.1128
1972.000       1.1118
1973.000       1.1801
1974.000       1.2418
1977.000       1.2864
1978.000       1.3261
1980.000       1.2731
1981.000       1.1546
1982.000       1.1899
1984.000       1.2058
1986.000       1.4037
1988.000       1.2862
1989.000       1.2813
1990.000       1.4698
1991.000       1.2516
1992.000       1.2357
1993.000       1.3547
1996.000       1.3362
1998.000       1.2563
1999.000       1.1838
2001.000       1.0414
2002.000       1.0201
2004.000       0.9737
2006.000       0.9780
2007.000       1.0600
2008.000       1.0179
2010.000       1.0452
2011.000       1.1680
2012.000       1.2848
2014.000       1.2408
2016.000       1.4346
2018.000       1.4627
2019.000       1.5263
2020.000       1.7749
2021.000       1.4862
2022.000       1.4705
2023.000       1.6056
2026.000       1.5705
2028.000       1.4455
2029.000       1.3902
2031.000       1.2295
2032.000       1.1834
2034.000       1.1189
2035.000       1.1334
2036.000       1.1993
2037.000       1.2634
2038.000       1.2937
2040.000       1.3129
2041.000       1.4551
2044.000       1.2785
2045.000       1.1909
2046.000       1.5869
2048.000       1.5468
2050.000       1.7519
2052.000       1.8264
2053.000       1.9688
2054.000       2.2668
2055.000       1.9404
2056.000       1.9151
2057.000       2.0463
2060.000       2.0038
2062.000       1.7824
2063.000       1.7771
2065.000       1.6265
2066.000       1.5702
2068.000       1.5029
2070.000       1.5172
2071.000       1.5578
2072.000       1.5948
2074.000       1.6438
2075.000       1.7775
2076.000       2.1186
2078.000       2.0408
2080.000       2.2222
2082.000       2.4146
2083.000       2.6351
2084.000       2.9683
2085.000       2.5752
2086.000       2.6194
2087.000       2.7837
2090.000       2.7663
2092.000       2.4943
2093.000       2.5174
2095.000       2.3234
2096.000       2.2272
2098.000       2.0941
2100.000       2.0742
2101.000       2.0201
2104.000       2.1936
2105.000       2.3114
2106.000       2.4726
2107.000       2.9189
2109.000       2.8368
2111.000       3.0416
2113.000       3.2530
2114.000       3.4882
2115.000       3.8447
2116.000       3.4143
2117.000       3.4630
2118.000       3.6503
2121.000       3.6423
2123.000       3.3488
2124.000       3.3502
2126.000       3.0986
2127.000       2.9792
2129.000       2.7960
2131.000       2.7453
2132.000       2.6377
2135.000       2.8776
2136.000       3.0480
2137.000       3.2093
2138.000       3.7889
2140.000       3.6585
2142.000       3.9210
2144.000       4.1746
