   2.000       3.7181
   3.000       3.8109
   6.000       3.6668
   8.000       3.6627
   9.000       3.4239
  11.000       3.2043
  12.000       3.2180
  14.000       3.0412
  15.000       2.8924
  16.000       2.7145
  17.000       2.6538
  18.000       2.6737
  20.000       2.7950
  21.000       2.7932
  24.000       2.9641
  25.000       3.0001
  26.000       3.3456
  28.000       3.2983
  30.000       3.5227
  32.000       3.4013
  33.000       3.1867
  34.000       3.4023
  35.000       3.0746
  36.000       2.9605
  37.000       3.0783
  40.000       2.8900
  42.000       2.8276
  43.000       2.5899
  45.000       2.4160
  46.000       2.4499
  48.000       2.3064
  49.000       2.1668
  50.000       2.0375
  51.000       2.0117
  52.000       2.0111
  54.000       2.0911
  55.000       2.1179
  58.000       2.2049
  59.000       2.2375
  60.000       2.6491
  62.000       2.5245
  64.000       2.6631
  66.000       2.7437
  67.000       2.6262
  68.000       2.8516
  69.000       2.5890
  70.000       2.3983
  71.000       2.4618
  74.000       2.2980
  76.000       2.2028
  77.000       2.0505
  79.000       1.9121
  80.000       1.9386
  82.000       1.8430
  83.000       1.7466
  84.000       1.6967
  85.000       1.6986
  88.000       1.7399
  89.000       1.8125
  91.000       1.8438
  92.000       1.8049
  93.000       2.1815
  95.000       2.0884
  97.000       2.2367
  99.000       2.3241
 100.000       2.3264
 101.000       2.5813
 102.000       2.2981
 103.000       2.1876
 104.000       2.2941
 107.000       2.2126
 109.000       2.0489
 110.000       1.9788
 112.000       1.7836
 113.000       1.7399
 115.000       1.6061
 117.000       1.4982
 118.000       1.4116
 121.000       1.5768
 122.000       1.7231
 123.000       1.8679
 124.000       2.2004
 126.000       2.1339
 128.000       2.3404
 130.000       2.4227
 131.000       2.4811
 132.000       2.7897
 133.000       2.3969
 134.000       2.3741
 135.000       2.5462
 138.000       2.4686
 140.000       2.2667
 141.000       2.1596
 143.000       1.9082
 144.000       1.8211
 146.000       1.6194
 147.000       1.5623
 148.000       1.4274
 149.000       1.2880
 152.000       1.5235
 153.000       1.7352
 155.000       1.8619
 156.000       1.7606
 157.000       2.4259
 159.000       2.3176
 161.000       2.5491
 163.000       2.6734
 164.000       2.7153
 165.000       3.0339
 166.000       2.6344
 167.000       2.5521
 168.000       2.6928
 171.000       2.5406
 173.000       2.3210
 174.000       2.1284
 176.000       1.8594
 177.000       1.8483
 179.000       1.6598
 181.000       1.4410
 182.000       1.3185
 183.000       1.4704
 185.000       1.6811
 186.000       1.7705
 187.000       2.4442
 189.000       2.2450
 191.000       2.4229
 193.000       2.6831
 194.000       2.6560
 195.000       3.0039
 196.000       2.5658
 197.000       2.3895
 198.000       2.4831
 201.000       2.2076
 203.000       2.0282
 204.000       1.7402
 206.000       1.5555
 207.000       1.6293
 209.000       1.4711
 210.000       1.2558
 211.000       1.0726
 212.000       1.0868
 215.000       0.9794
 216.000       1.0647
 218.000       1.2339
 219.000       1.3145
 220.000       1.9858
 222.000       1.7233
 224.000       1.8462
 226.000       2.1458
 227.000       1.9539
 228.000       1.8609
 229.000       2.4764
 230.000       1.7626
 231.000       1.7591
 234.000       1.6251
 236.000       1.6237
 237.000       1.4213
 239.000       1.3369
 240.000       1.4074
 242.000       1.3199
 243.000       1.1925
 244.000       1.1297
 245.000       1.1087
 248.000       1.1890
 249.000       1.2736
 251.000       1.2753
 252.000       1.2331
 253.000       1.5036
 255.000       1.3889
 257.000       1.3180
 259.000       1.4971
 260.000       1.4841
 261.000       1.5233
 262.000       1.4173
 263.000       1.5956
 264.000       1.7010
 267.000       1.8080
 269.000       1.8312
 270.000       1.8829
 272.000       1.8030
 273.000       1.8982
 275.000       1.8061
 276.000       1.6303
 277.000       1.4796
 278.000       1.4663
 281.000       1.3766
 282.000       1.4207
 284.000       1.5474
 285.000       1.6419
 286.000       1.7827
 288.000       1.8931
 290.000       2.0906
 292.000       1.8898
 293.000       1.8926
 294.000       2.1270
 295.000       1.7935
 296.000       1.8693
 297.000       1.7384
 300.000       1.7421
 302.000       1.7530
 303.000       2.0807
 305.000       2.0910
 306.000       2.1819
 308.000       2.2857
 309.000       2.2583
 310.000       2.4082
 311.000       2.6031
 314.000       2.4411
 315.000       2.3212
 317.000       2.1705
 318.000       2.1393
 319.000       2.0304
 321.000       2.4233
 323.000       2.9757
 325.000       2.0654
 326.000       2.0854
 327.000       2.2517
 328.000       2.1381
 329.000       2.0397
 330.000       2.1002
 333.000       2.0754
 335.000       1.9285
 336.000       1.8626
 338.000       1.6863
 339.000       1.6830
 341.000       1.5840
 343.000       1.4656
 344.000       1.4267
 345.000       1.4858
 347.000       1.5989
 348.000       1.6759
 349.000       2.1426
 351.000       2.0526
 353.000       2.2228
 355.000       2.4082
 356.000       2.4465
 357.000       2.9285
 358.000       2.4987
 359.000       2.0715
 360.000       2.2571
 363.000       2.0725
 365.000       1.9067
 366.000       1.8347
 368.000       1.6635
 369.000       1.5970
 371.000       1.7555
 373.000       1.9505
 374.000       2.2934
 377.000       2.0442
 378.000       1.9151
 379.000       2.2481
 380.000       1.8752
 382.000       1.9011
 384.000       2.3048
 386.000       2.0778
 387.000       2.0273
 388.000       2.2322
 389.000       1.9861
 390.000       1.9052
 391.000       1.9831
 394.000       1.8856
 396.000       1.8344
 397.000       1.7037
 399.000       1.5726
 400.000       1.5662
 402.000       1.4661
 403.000       1.3993
 404.000       1.3234
 405.000       1.3033
 406.000       1.3345
 408.000       1.4078
 409.000       1.4552
 412.000       1.4815
 413.000       1.4688
 414.000       1.7665
 416.000       1.6986
 418.000       1.8199
 420.000       1.8591
 421.000       1.8469
 422.000       2.0100
 423.000       1.8821
 424.000       1.7430
 425.000       1.6247
 428.000       1.5724
 430.000       1.5298
 431.000       1.4738
 433.000       1.3955
 434.000       1.4104
 436.000       1.3689
 438.000       1.3089
 439.000       1.3001
 442.000       1.3065
 443.000       1.3541
 444.000       1.4016
 445.000       1.5472
 447.000       1.5210
 449.000       1.6372
 451.000       1.6453
 452.000       1.6839
 453.000       1.8506
 454.000       1.7165
 455.000       1.6103
 456.000       1.6627
 459.000       1.6069
 461.000       1.5442
 462.000       1.4828
 464.000       1.4027
 465.000       1.4139
 467.000       1.3519
 468.000       1.2951
 469.000       1.2517
 470.000       1.2543
 471.000       1.2564
 473.000       1.2932
 474.000       1.3330
 477.000       1.3351
 478.000       1.3312
 479.000       1.5884
 481.000       1.5415
 483.000       1.6415
 485.000       1.6922
 486.000       1.7389
 487.000       1.9020
 488.000       1.7868
 489.000       1.6385
 490.000       1.6661
 493.000       1.5832
 495.000       1.5111
 496.000       1.4436
 498.000       1.3942
 499.000       1.4386
 501.000       1.4324
 503.000       1.3841
 504.000       1.4218
 505.000       1.3547
 507.000       1.3595
 508.000       1.3850
 509.000       1.5677
 511.000       1.5028
 513.000       1.5761
 515.000       1.6682
 516.000       1.7173
 517.000       1.8884
 518.000       1.7640
 519.000       1.6165
 520.000       1.6855
 523.000       1.5710
 525.000       1.4902
 526.000       1.4314
 528.000       1.3820
 529.000       1.4109
 531.000       1.3801
 532.000       1.3264
 533.000       1.3140
 534.000       1.3477
 535.000       1.3117
 537.000       1.3211
 538.000       1.3577
 541.000       1.3351
 542.000       1.3318
 543.000       1.5563
 545.000       1.4841
 547.000       1.5584
 549.000       1.6623
 550.000       1.7261
 551.000       1.8897
 552.000       1.7832
 553.000       1.6418
 554.000       1.9075
 557.000       1.7928
 559.000       1.7593
 560.000       1.6440
 562.000       1.5651
 563.000       1.5998
 565.000       1.5608
 566.000       1.4818
 567.000       1.4552
 568.000       1.5080
 569.000       1.4258
 571.000       1.4277
 572.000       1.4397
 575.000       1.4660
 576.000       1.4860
 577.000       1.6829
 579.000       1.6332
 581.000       1.7421
 583.000       1.7523
 584.000       1.7126
 585.000       1.8862
 586.000       1.7082
 587.000       1.5869
 588.000       1.6417
 591.000       1.5473
 593.000       1.4690
 594.000       1.3559
 596.000       1.2527
 597.000       1.2828
 599.000       1.2299
 600.000       1.1519
 601.000       1.1280
 602.000       1.1892
 605.000       1.1092
 606.000       1.1168
 608.000       1.1588
 609.000       1.1646
 610.000       1.4786
 612.000       1.3953
 614.000       1.4991
 616.000       1.6171
 617.000       1.6506
 618.000       1.8784
 619.000       1.6500
 620.000       1.5212
 621.000       1.5553
 624.000       1.4462
 626.000       1.2930
 627.000       1.2466
 629.000       1.1758
 630.000       1.2393
 632.000       1.2485
 634.000       1.2145
 635.000       1.3051
 636.000       1.1590
 638.000       1.1238
 639.000       1.1232
 640.000       1.5134
 642.000       1.3983
 644.000       1.4844
 646.000       1.5860
 647.000       1.7711
 648.000       1.8968
 649.000       1.9025
 650.000       1.7813
 651.000       1.8361
 654.000       1.8537
 656.000       1.6739
 657.000       1.6774
 659.000       1.5680
 660.000       1.4926
 662.000       1.4699
 663.000       1.5350
 664.000       1.6210
 665.000       1.6542
 668.000       1.7439
 669.000       1.7739
 671.000       1.7142
 672.000       1.5896
 673.000       2.0170
 675.000       1.9081
 677.000       2.1412
 679.000       2.3070
 680.000       2.6568
 681.000       2.8133
 682.000       3.1013
 683.000       2.5132
 684.000       2.5036
 687.000       2.4495
 689.000       2.6515
 690.000       2.6155
 692.000       2.8391
 693.000       2.9387
 695.000       3.1948
 697.000       3.3783
 698.000       3.6550
 699.000       3.3065
 701.000       3.0516
 702.000       3.1099
 703.000       2.2366
 705.000       2.3724
 707.000       2.3474
 709.000       2.2001
 710.000       2.0703
 711.000       2.1984
 712.000       2.1455
 713.000       1.8221
 714.000       1.7726
 717.000       1.5500
 719.000       1.4629
 720.000       1.2992
 722.000       1.2811
 723.000       1.4067
 725.000       1.3715
 726.000       1.2258
 727.000       1.2027
 728.000       1.2955
 729.000       1.1413
 731.000       1.0852
 732.000       1.1032
 735.000       1.0906
 736.000       1.1694
 737.000       1.4737
 739.000       1.3013
 741.000       1.3145
 743.000       1.5875
 744.000       1.6768
 745.000       1.8908
 746.000       1.7957
 747.000       1.4928
 748.000       1.4853
 751.000       1.3860
 753.000       1.2354
 754.000       1.2229
 756.000       1.1717
 757.000       1.2632
 759.000       1.2459
 760.000       1.1308
 761.000       1.1327
 762.000       1.2203
 763.000       1.1231
 765.000       1.1140
 766.000       1.1968
 769.000       1.0942
 770.000       1.0996
 771.000       1.4416
 773.000       1.3516
 775.000       1.4922
 777.000       1.6330
 778.000       1.7136
 779.000       1.8405
 780.000       1.8154
 781.000       1.6820
 782.000       1.6943
 785.000       1.5815
 787.000       1.5527
 788.000       1.5644
 790.000       1.4575
 791.000       1.4994
 793.000       1.5065
 795.000       1.4520
 796.000       1.5080
 799.000       1.4124
 800.000       1.4173
 801.000       1.4557
 802.000       1.5684
 804.000       1.8003
 806.000       2.4288
 808.000       1.6531
 809.000       1.7241
 810.000       2.0342
 811.000       1.8702
 812.000       1.5242
 813.000       1.5777
 816.000       1.4909
 818.000       1.4767
 819.000       1.4188
 821.000       1.3637
 822.000       1.3855
 824.000       1.3611
 825.000       1.3215
 826.000       1.3255
 827.000       1.3646
 830.000       1.3414
 831.000       1.3445
 833.000       1.3430
 834.000       1.3269
 835.000       1.4280
 837.000       1.4384
 839.000       1.5904
 841.000       1.5360
 842.000       1.5705
 843.000       1.7572
 844.000       1.5958
 845.000       1.4874
 846.000       1.5249
 849.000       1.4664
 851.000       1.4197
 852.000       1.3724
 854.000       1.3058
 855.000       1.3158
 857.000       1.2818
 859.000       1.2347
 860.000       1.2404
 863.000       1.2464
 864.000       1.2807
 865.000       1.3384
 866.000       1.4503
 868.000       1.4327
 870.000       1.5431
 872.000       1.5499
 873.000       1.5893
 874.000       1.7676
 875.000       1.6324
 876.000       1.4918
 877.000       1.5369
 880.000       1.4807
 882.000       1.4312
 883.000       1.3965
 885.000       1.3163
 886.000       1.3128
 888.000       1.2611
 889.000       1.2297
 890.000       1.2148
 891.000       1.2175
 892.000       1.2509
 894.000       1.2938
 895.000       1.3619
 898.000       1.3076
 899.000       1.2702
 900.000       1.4676
 902.000       1.4511
 904.000       1.5655
 906.000       1.5726
 907.000       1.6273
 908.000       1.8068
 909.000       1.6379
 910.000       1.5707
 911.000       1.6605
 914.000       1.6143
 916.000       1.5476
 917.000       1.4857
 919.000       1.3653
 920.000       1.3485
 922.000       1.2969
 924.000       1.2599
 925.000       1.2638
 928.000       1.2978
 929.000       1.3452
 930.000       1.4314
 931.000       1.5732
 933.000       1.5444
 935.000       1.6887
 937.000       1.6976
 938.000       1.6733
 939.000       1.9245
 940.000       1.7085
 941.000       1.6346
 942.000       1.9226
 945.000       1.8514
 947.000       1.8547
 948.000       1.7803
 950.000       1.6311
 951.000       1.5584
 953.000       1.5836
 954.000       1.6658
 955.000       1.8516
 956.000       1.9725
 959.000       2.0359
 960.000       2.0466
 962.000       1.9062
 963.000       1.7017
 964.000       1.6529
 966.000       1.7482
 968.000       2.0338
 970.000       1.7195
 971.000       1.5945
 972.000       1.7830
 973.000       1.5749
 974.000       1.4736
 975.000       1.5624
 978.000       1.5263
 980.000       1.5152
 981.000       1.4685
 983.000       1.3653
 984.000       1.3072
 986.000       1.2886
 987.000       1.3303
 988.000       1.4067
 989.000       1.4462
 992.000       1.5190
 993.000       1.5596
 995.000       1.5098
 996.000       1.3860
 997.000       1.4310
 999.000       1.4805
1001.000       1.6662
1003.000       1.5073
1004.000       1.4817
1005.000       1.6548
1006.000       1.4650
1007.000       1.4076
1008.000       1.4907
1011.000       1.4368
1013.000       1.3655
1014.000       1.3050
1016.000       1.2196
1017.000       1.2254
1019.000       1.1648
1020.000       1.1133
1021.000       1.0842
1022.000       1.0972
1023.000       1.1066
1025.000       1.1506
1026.000       1.2039
1029.000       1.1815
1030.000       1.1566
1031.000       1.4045
1033.000       1.3537
1035.000       1.4457
1037.000       1.5251
1038.000       1.7702
1039.000       2.0126
1040.000       1.8004
1041.000       1.8915
1042.000       1.9661
1045.000       2.0267
1047.000       1.9318
1048.000       2.0286
1050.000       1.6743
1051.000       1.6503
1053.000       1.4255
1055.000       1.3201
1056.000       1.3695
1057.000       1.3992
1059.000       1.5416
1060.000       1.6913
1061.000       2.1832
1063.000       2.3915
1065.000       2.8487
1067.000       2.0299
1068.000       2.3212
1069.000       2.6665
1070.000       2.5566
1071.000       2.3244
1072.000       2.3143
1075.000       2.1816
1077.000       2.3222
1078.000       2.3045
1080.000       2.5755
1081.000       2.7783
1083.000       3.1306
1085.000       3.3149
1086.000       3.6960
1087.000       3.1479
1089.000       2.7992
1090.000       2.8361
1091.000       2.0625
1093.000       2.2045
1095.000       2.2825
1097.000       2.0006
1098.000       1.9360
1099.000       2.0888
1100.000       1.9550
1101.000       1.8899
1102.000       1.9734
1105.000       1.8327
1107.000       1.7621
1108.000       1.5845
1110.000       1.5244
1111.000       1.4973
1113.000       1.5349
1115.000       1.6311
1116.000       1.7800
1117.000       1.6811
1119.000       1.6263
1120.000       1.7743
1121.000       1.7267
1123.000       1.5784
1125.000       1.5487
1127.000       1.7605
1128.000       1.7556
1129.000       2.0348
1130.000       1.7950
1131.000       1.5851
1132.000       1.6387
1135.000       1.5930
1137.000       1.5188
1138.000       1.4946
1140.000       1.3426
1141.000       1.2535
1143.000       1.1769
1145.000       1.1604
1146.000       1.1313
1149.000       1.3403
1150.000       1.4388
1151.000       1.7152
1152.000       1.5946
1154.000       1.5741
1156.000       1.8003
1158.000       1.8115
1159.000       1.9806
1160.000       2.3419
1161.000       2.1649
1162.000       1.7968
1163.000       1.8180
1166.000       1.6335
1168.000       1.4409
1169.000       1.3365
1171.000       1.3104
1172.000       1.4269
1174.000       1.4987
1176.000       1.4994
1177.000       1.6896
1178.000       1.3817
1180.000       1.2748
1181.000       1.2727
1182.000       1.6610
1184.000       1.4871
1186.000       1.5383
1188.000       1.8535
1189.000       1.9678
1190.000       2.1659
1191.000       2.1385
1192.000       1.8778
1193.000       1.8384
1196.000       1.7170
1198.000       1.5578
1199.000       1.6074
1201.000       1.4186
1202.000       1.4264
1204.000       1.2781
1206.000       1.1447
1207.000       1.1099
1208.000       1.1966
1210.000       1.3147
1211.000       1.4255
1212.000       1.8923
1214.000       1.9418
1216.000       2.2191
1218.000       1.8702
1219.000       2.0585
1220.000       2.2206
1221.000       2.2349
1222.000       1.9413
1223.000       1.8935
1226.000       1.8297
1228.000       1.6987
1229.000       1.6561
1231.000       1.4977
1232.000       1.6173
1234.000       1.5276
1236.000       1.3026
1237.000       1.2662
1240.000       1.2275
1241.000       1.3163
1242.000       1.3389
1243.000       1.9470
1245.000       1.8477
1247.000       2.0725
1249.000       2.1922
1250.000       2.3708
1251.000       2.6475
1252.000       2.6030
1253.000       2.0891
1254.000       2.0057
1257.000       1.7728
1259.000       1.6344
1260.000       1.6333
1262.000       1.6141
1263.000       1.6884
1265.000       1.6982
1267.000       1.6318
1268.000       1.6726
1271.000       1.6040
1272.000       1.5928
1273.000       1.6278
1274.000       1.7939
1276.000       1.7503
1278.000       1.8424
1280.000       1.7755
1281.000       1.9812
1282.000       2.1464
1283.000       2.2039
1284.000       2.0190
1285.000       1.6008
1288.000       1.5520
1290.000       1.6250
1291.000       1.5695
1293.000       1.5254
1294.000       1.5411
1296.000       1.5255
1297.000       1.5051
1298.000       1.5284
1299.000       1.5659
1300.000       1.5539
1302.000       1.5533
1303.000       1.6093
1306.000       1.5351
1307.000       1.5094
1308.000       1.4456
1310.000       1.5137
1312.000       1.6505
1314.000       1.4600
1315.000       1.4186
1316.000       1.5543
1317.000       1.4287
1318.000       1.3533
1319.000       1.4217
1322.000       1.3950
1324.000       1.3864
1325.000       1.3628
1327.000       1.3152
1328.000       1.2898
1330.000       1.2784
1331.000       1.3077
1332.000       1.3642
1333.000       1.3950
1334.000       1.4404
1336.000       1.4555
1337.000       1.5647
1340.000       1.4096
1341.000       1.3327
1342.000       1.3529
1344.000       1.3730
1346.000       1.4796
1348.000       1.4274
1349.000       1.4524
1350.000       1.6175
1351.000       1.4466
1352.000       1.4395
1353.000       1.5129
1356.000       1.5119
1358.000       1.4785
1359.000       1.4922
1361.000       1.4249
1362.000       1.3595
1364.000       1.3392
1365.000       1.4106
1366.000       1.4841
1367.000       1.4975
1368.000       1.5991
1370.000       1.6316
1371.000       1.7685
1374.000       1.5711
1375.000       1.4623
1376.000       1.5120
1378.000       1.5456
1380.000       1.6730
1382.000       1.6144
1383.000       1.6595
1384.000       1.8247
1385.000       1.6262
1386.000       1.6638
1387.000       1.7775
1390.000       1.7773
1392.000       1.6943
1393.000       1.6972
1395.000       1.5891
1396.000       1.5059
1398.000       1.4244
1400.000       1.4397
1401.000       1.3999
1404.000       1.5424
1405.000       1.6124
1406.000       1.7341
1407.000       1.7901
1409.000       1.7935
1411.000       1.9304
1413.000       1.9289
1414.000       1.9747
1415.000       2.1792
1416.000       1.9306
1417.000       1.9312
1418.000       2.0420
1421.000       2.0210
1423.000       1.9237
1424.000       1.8853
1426.000       1.7387
1427.000       1.6660
1429.000       1.5652
1430.000       1.5681
1431.000       1.5341
1432.000       1.4808
1435.000       1.6176
1436.000       1.7320
1438.000       1.7775
1439.000       1.6850
1440.000       2.0148
1442.000       1.9891
1444.000       2.1579
1446.000       2.1755
1447.000       2.2088
1448.000       2.4430
1449.000       2.1800
1450.000       2.0932
1451.000       2.1845
1454.000       2.0736
1456.000       1.9148
1457.000       1.7644
1459.000       1.5948
1460.000       1.6326
1462.000       1.5263
1464.000       1.3670
1465.000       1.3234
1468.000       1.3285
1469.000       1.4432
1470.000       1.4657
1471.000       2.0274
1473.000       1.8744
1475.000       2.0019
1477.000       2.2109
1478.000       2.2622
1479.000       2.5074
1480.000       2.2656
1481.000       2.0965
1482.000       2.1473
1485.000       1.9802
1487.000       1.7853
1488.000       1.6349
1490.000       1.5204
1491.000       1.6160
1493.000       1.5634
1495.000       1.4039
1496.000       1.4046
1499.000       1.3074
1500.000       1.3648
1501.000       1.3303
1502.000       1.9621
1504.000       1.7583
1506.000       1.8065
1508.000       2.1627
1509.000       2.3212
1510.000       2.5583
1511.000       2.4146
1512.000       2.1943
1513.000       2.2495
1516.000       2.1102
1518.000       1.9956
1519.000       2.0588
1521.000       2.0338
1522.000       2.1562
1524.000       2.1428
1525.000       1.9991
1526.000       1.9777
1527.000       2.0771
1528.000       1.8939
1530.000       1.8329
1531.000       1.8209
1534.000       1.8551
1535.000       1.9361
1536.000       2.2860
1538.000       2.3042
1540.000       2.4731
1542.000       2.2881
1543.000       2.3785
1544.000       2.4335
1545.000       2.6200
1546.000       2.2403
1547.000       2.0858
1550.000       1.9581
1552.000       1.8935
1553.000       1.9392
1555.000       2.0488
1556.000       2.1875
1558.000       2.3630
1560.000       2.4143
1561.000       2.6314
1562.000       2.2810
1564.000       2.1041
1565.000       2.0892
1566.000       2.0824
1568.000       2.0734
1570.000       2.2103
1572.000       2.2140
1573.000       2.2143
1574.000       2.3959
1575.000       2.2769
1576.000       2.0916
1577.000       2.1373
1580.000       2.0506
1582.000       1.9479
1583.000       1.7859
1585.000       1.6294
1586.000       1.5771
1588.000       1.4948
1589.000       1.4738
1590.000       1.4551
1591.000       1.4452
1594.000       1.5321
1595.000       1.6354
1597.000       1.6698
1598.000       1.5730
1599.000       1.9519
1601.000       1.8278
1603.000       1.9705
1605.000       2.1170
1606.000       2.1054
1607.000       2.3620
1608.000       2.0008
1609.000       2.0150
1610.000       2.1851
1613.000       2.1007
1615.000       1.9323
1616.000       1.7468
1618.000       1.5617
1619.000       1.4355
1621.000       1.3279
1622.000       1.3783
1623.000       1.3698
1624.000       1.2829
1627.000       1.5200
1628.000       1.6683
1630.000       1.6928
1631.000       1.5363
1632.000       2.0216
1634.000       1.7864
1636.000       1.7254
1638.000       2.1195
1639.000       2.1699
1640.000       2.4262
1641.000       2.3355
1642.000       2.1577
1643.000       2.4820
1646.000       2.2055
1648.000       1.9985
1649.000       1.7680
1651.000       1.5597
1652.000       1.4795
1654.000       1.3327
1655.000       1.3009
1656.000       1.2451
1657.000       1.2024
1660.000       1.3423
1661.000       1.4820
1663.000       1.5550
1664.000       1.4521
1665.000       2.0647
1667.000       1.7882
1669.000       1.9991
1671.000       2.3666
1672.000       2.4988
1673.000       2.9996
1674.000       2.7100
1675.000       2.1569
1676.000       2.1784
1679.000       1.9810
1681.000       1.8824
1682.000       1.8355
1684.000       1.9056
1685.000       2.0695
1687.000       2.3702
1689.000       2.4996
1690.000       2.8764
1691.000       2.3483
1693.000       2.0876
1694.000       2.2292
1695.000       2.0392
1697.000       1.9087
1699.000       2.1355
1701.000       2.3451
1702.000       2.6402
1703.000       3.0538
1704.000       2.9296
1705.000       2.3594
1706.000       2.3451
1709.000       2.3238
1711.000       2.2140
1712.000       2.1430
1714.000       1.9740
1715.000       1.9085
1717.000       1.7728
1718.000       1.7452
1719.000       1.6400
1720.000       1.5479
1721.000       1.6895
1723.000       1.8258
1724.000       1.8837
1727.000       1.9255
1728.000       1.8767
1729.000       2.2927
1731.000       2.2424
1733.000       2.4067
1735.000       2.4630
1736.000       2.4892
1737.000       2.7154
1738.000       2.4447
1739.000       2.3718
1740.000       2.4429
1743.000       2.3143
1745.000       2.1666
1746.000       2.0443
1748.000       1.9135
1749.000       1.9446
1751.000       1.8519
1753.000       1.7135
1754.000       1.6647
1755.000       1.6948
1757.000       1.7927
1758.000       1.8041
1759.000       2.2834
1761.000       2.1419
1763.000       2.2143
1765.000       2.4314
1766.000       2.4860
1767.000       2.6934
1768.000       2.4891
1769.000       2.3632
1770.000       2.3871
1773.000       2.2606
1775.000       2.1273
1776.000       2.0145
1778.000       1.9049
1779.000       1.9721
1781.000       1.8857
1783.000       1.7255
1784.000       1.6600
1787.000       1.6715
1788.000       1.7585
1789.000       1.7378
1790.000       2.2384
1792.000       2.1119
1794.000       2.1780
1796.000       2.3569
1797.000       2.4016
1798.000       2.5711
1799.000       2.4431
1800.000       2.2710
1801.000       2.2500
1804.000       2.1557
1806.000       2.0634
1807.000       1.9888
1809.000       1.9040
1810.000       1.9885
1812.000       1.9329
1814.000       1.7870
1815.000       1.7606
1818.000       1.7195
1819.000       1.7759
1820.000       1.7500
1821.000       2.1457
1823.000       2.0769
1825.000       2.1771
1827.000       2.2258
1828.000       2.2551
1829.000       2.3606
1830.000       2.3243
1831.000       2.1626
1832.000       2.1570
1835.000       2.0751
1837.000       1.9991
1838.000       1.9314
1840.000       1.8827
1841.000       2.0064
1843.000       1.9411
1844.000       1.7662
1845.000       1.6720
1846.000       1.7068
1847.000       1.5844
1849.000       1.5736
1850.000       1.5494
1853.000       1.6412
1854.000       1.7388
1855.000       2.0833
1857.000       1.9968
1859.000       2.0390
1861.000       2.1749
1862.000       2.2594
1863.000       2.3602
1864.000       2.3707
1865.000       2.2463
1866.000       2.2265
1869.000       2.2353
1871.000       2.3205
1872.000       2.2658
1874.000       2.1960
1875.000       2.2390
1877.000       2.2599
1878.000       2.2192
1879.000       2.2818
1880.000       2.3963
1883.000       2.3088
1884.000       2.2804
1886.000       2.2299
1887.000       2.1891
1888.000       2.0929
1890.000       2.1781
1892.000       2.3819
1894.000       2.1451
1895.000       2.0344
1896.000       2.2887
1897.000       2.0310
1898.000       1.8238
1899.000       1.9419
1902.000       1.7795
1904.000       1.7218
1905.000       1.5212
1907.000       1.4072
1908.000       1.5180
1910.000       1.6048
1912.000       1.6010
1913.000       1.8441
1916.000       1.5100
1917.000       1.3941
1918.000       1.4527
1919.000       1.5625
1921.000       1.4750
1923.000       1.6846
1925.000       1.6891
1926.000       1.6126
1927.000       1.8812
1928.000       1.5463
1929.000       1.4467
1930.000       1.5444
1933.000       1.4103
1935.000       1.3136
1936.000       1.1470
1938.000       1.0131
1939.000       1.0557
1941.000       1.0198
1943.000       0.9298
1944.000       0.9978
1945.000       0.8981
1947.000       0.9437
1948.000       1.0216
1949.000       1.3063
1951.000       1.1945
1953.000       1.3161
1955.000       1.4735
1956.000       1.5129
1957.000       1.7816
1958.000       1.4726
1959.000       1.3937
1960.000       1.4790
1963.000       1.4039
1965.000       1.2392
1966.000       1.2080
1968.000       1.0770
1969.000       1.0244
1971.000       0.9472
1972.000       0.9664
1973.000       1.0138
1974.000       1.0184
1977.000       1.1619
1978.000       1.2390
1980.000       1.1986
1981.000       1.0594
1982.000       1.4569
1984.000       1.3966
1986.000       1.5880
1988.000       1.6858
1989.000       1.8551
1990.000       2.1276
1991.000       1.8330
1992.000       1.8339
1993.000       1.9837
1996.000       1.9928
1998.000       1.8140
1999.000       1.8223
2001.000       1.6098
2002.000       1.5030
2004.000       1.3574
2006.000       1.3063
2007.000       1.2355
2008.000       1.4472
2010.000       1.5971
2011.000       1.7718
2012.000       2.0606
2014.000       2.0396
2016.000       2.2784
2018.000       2.3135
2019.000       2.4173
2020.000       2.7167
2021.000       2.3175
2022.000       2.3809
2023.000       2.5815
2026.000       2.5476
2028.000       2.3461
2029.000       2.2664
2031.000       2.0041
2032.000       1.8959
2034.000       1.6963
2035.000       1.6659
2036.000       1.5389
2037.000       1.4216
2038.000       1.6411
2040.000       1.8381
2041.000       1.9604
2044.000       1.9644
2045.000       1.8663
2046.000       2.5318
2048.000       2.4516
2050.000       2.6943
2052.000       2.7831
2053.000       2.8353
2054.000       3.1473
2055.000       2.7468
2056.000       2.7115
2057.000       2.8789
2060.000       2.7380
2062.000       2.5186
2063.000       2.3607
2065.000       2.1356
2066.000       2.1456
2068.000       2.0038
2070.000       1.8412
2071.000       1.7868
2072.000       1.8452
2074.000       1.9847
2075.000       2.0425
2076.000       2.6860
2078.000       2.5161
2080.000       2.6809
2082.000       2.9226
2083.000       2.9916
2084.000       3.2865
2085.000       2.9759
2086.000       2.8114
2087.000       2.8643
2090.000       2.6973
2092.000       2.4816
2093.000       2.3436
2095.000       2.1888
2096.000       2.2455
2098.000       2.1605
2100.000       2.0216
2101.000       2.0091
2104.000       1.9911
2105.000       2.0656
2106.000       2.1003
2107.000       2.7008
2109.000       2.5232
2111.000       2.6371
2113.000       2.9277
2114.000       3.0750
2115.000       3.3455
2116.000       3.1211
2117.000       2.9394
2118.000       2.9856
2121.000       2.9062
2123.000       2.6858
2124.000       2.6714
2126.000       2.5455
2127.000       2.5431
2129.000       2.4930
2131.000       2.4501
2132.000       2.4698
2135.000       2.4736
2136.000       2.5139
2137.000       2.5940
2138.000       3.0397
2140.000       2.9227
2142.000       3.1189
2144.000       3.3300
