   2.000       3.7156
   3.000       3.8661
   6.000       3.8876
   8.000       3.8947
   9.000       3.8213
  11.000       3.5795
  12.000       3.4408
  14.000       3.2833
  15.000       3.3238
  16.000       3.2718
  17.000       3.1674
  18.000       3.4245
  20.000       3.6090
  21.000       3.7888
  24.000       3.6669
  25.000       3.5137
  26.000       3.7030
  28.000       3.7970
  30.000       4.1036
  32.000       3.8206
  33.000       3.6704
  34.000       3.9277
  35.000       3.4329
  36.000       3.6199
  37.000       3.8831
  40.000       3.8523
  42.000       3.7724
  43.000       3.6170
  45.000       3.3088
  46.000       3.1564
  48.000       2.9218
  49.000       2.9196
  50.000       2.7730
  51.000       2.5996
  52.000       2.9068
  54.000       3.1437
  55.000       3.2833
  58.000       3.2822
  59.000       3.1618
  60.000       3.6410
  62.000       3.6266
  64.000       3.9247
  66.000       3.8085
  67.000       3.6471
  68.000       3.9627
  69.000       3.4443
  70.000       3.4584
  71.000       3.6673
  74.000       3.5093
  76.000       3.3840
  77.000       3.1468
  79.000       2.8577
  80.000       2.7899
  82.000       2.5457
  83.000       2.4509
  84.000       2.2682
  85.000       2.1118
  88.000       2.3258
  89.000       2.5322
  91.000       2.6993
  92.000       2.6499
  93.000       3.2636
  95.000       3.1333
  97.000       3.3653
  99.000       3.4312
 100.000       3.2930
 101.000       3.5866
 102.000       3.1836
 103.000       3.0281
 104.000       3.1365
 107.000       2.9091
 109.000       2.7896
 110.000       2.5272
 112.000       2.2887
 113.000       2.3170
 115.000       2.1317
 117.000       1.8921
 118.000       1.7385
 121.000       1.8885
 122.000       2.0897
 123.000       2.1476
 124.000       2.6746
 126.000       2.4965
 128.000       2.6507
 130.000       2.7939
 131.000       2.6849
 132.000       2.9166
 133.000       2.6839
 134.000       2.4046
 135.000       2.4357
 138.000       2.2129
 140.000       2.1243
 141.000       1.8980
 143.000       1.7531
 144.000       1.8441
 146.000       1.7272
 147.000       1.5218
 148.000       1.3643
 149.000       1.3521
 152.000       1.3127
 153.000       1.4102
 155.000       1.5235
 156.000       1.5630
 157.000       2.0342
 159.000       1.8787
 161.000       1.9896
 163.000       2.1187
 164.000       2.0788
 165.000       2.2507
 166.000       2.1891
 167.000       1.8481
 168.000       1.8440
 171.000       1.6948
 173.000       1.5998
 174.000       1.4838
 176.000       1.4153
 177.000       1.5114
 179.000       1.5358
 181.000       1.4330
 182.000       1.5086
 183.000       1.3423
 185.000       1.3534
 186.000       1.4120
 187.000       1.6468
 189.000       1.5573
 191.000       1.6808
 193.000       1.7661
 194.000       1.8161
 195.000       2.0200
 196.000       1.8874
 197.000       1.7112
 198.000       1.7570
 201.000       1.7253
 203.000       1.7049
 204.000       1.7154
 206.000       1.6742
 207.000       1.6960
 209.000       1.7206
 210.000       1.6954
 211.000       1.7699
 212.000       1.8528
 215.000       1.8628
 216.000       1.9030
 218.000       1.8343
 219.000       1.7056
 220.000       1.7335
 222.000       1.7774
 224.000       1.9074
 226.000       1.8016
 227.000       1.9015
 228.000       2.1073
 229.000       2.1293
 230.000       1.7425
 231.000       1.7905
 234.000       1.6847
 236.000       1.5880
 237.000       1.5550
 239.000       1.5303
 240.000       1.5607
 242.000       1.6452
 244.000       1.7047
 245.000       1.8679
 246.000       1.6831
 248.000       1.6082
 249.000       1.7151
 250.000       1.6630
 252.000       1.5971
 254.000       1.6673
 256.000       1.7197
 257.000       1.8683
 258.000       1.9919
 259.000       1.9561
 260.000       1.8518
 261.000       1.8053
 264.000       1.8105
 266.000       1.8582
 267.000       1.8047
 269.000       1.7088
 270.000       1.8175
 272.000       1.7749
 273.000       1.6104
 274.000       1.5422
 275.000       1.6292
 278.000       1.4495
 279.000       1.4216
 281.000       1.4844
 282.000       1.5702
 283.000       1.6957
 285.000       1.7513
 287.000       1.9314
 289.000       1.7726
 290.000       1.7363
 291.000       1.9531
 292.000       1.7039
 293.000       1.6689
 294.000       1.5984
 297.000       1.6521
 299.000       1.6963
 300.000       1.7487
 302.000       1.6261
 303.000       1.5508
 305.000       1.5166
 306.000       1.5714
 307.000       1.6400
 308.000       1.6612
 311.000       1.7652
 312.000       1.8182
 314.000       1.7736
 315.000       1.6420
 316.000       1.7404
 318.000       1.8560
 320.000       2.1495
 322.000       1.8006
 323.000       2.0655
 324.000       2.3455
 325.000       2.3059
 326.000       1.9190
 327.000       2.0307
 330.000       1.9382
 332.000       1.8162
 333.000       1.7239
 335.000       1.6045
 336.000       1.5896
 338.000       1.5337
 340.000       1.4916
 341.000       1.5086
 342.000       1.5201
 344.000       1.5728
 345.000       1.6528
 346.000       1.8654
 348.000       1.8065
 350.000       1.9692
 352.000       2.0326
 353.000       2.0476
 354.000       2.2913
 355.000       2.2293
 356.000       1.8929
 357.000       1.9307
 360.000       1.8958
 362.000       1.8215
 363.000       1.8878
 365.000       1.8884
 366.000       1.8677
 368.000       2.0144
 370.000       2.1745
 371.000       2.4191
 374.000       2.2053
 375.000       2.0677
 376.000       2.2210
 377.000       1.9170
 379.000       1.9729
 381.000       2.1563
 383.000       2.0612
 384.000       2.1006
 385.000       2.3036
 386.000       2.0655
 387.000       2.0914
 388.000       2.1984
 391.000       2.1912
 393.000       2.1225
 394.000       2.0925
 396.000       1.9675
 397.000       1.9343
 399.000       1.8353
 400.000       1.8080
 401.000       1.7581
 402.000       1.7246
 403.000       1.8077
 405.000       1.8890
 406.000       1.9599
 409.000       1.9400
 410.000       1.8942
 411.000       2.1678
 413.000       2.1672
 415.000       2.3114
 417.000       2.2818
 418.000       2.2594
 419.000       2.4427
 420.000       2.2060
 421.000       2.1665
 422.000       2.2564
 425.000       2.1636
 427.000       2.0738
 428.000       1.9627
 430.000       1.8104
 431.000       1.8167
 433.000       1.6945
 435.000       1.5684
 436.000       1.4847
 439.000       1.5845
 440.000       1.7015
 441.000       1.7529
 442.000       2.0757
 444.000       2.0039
 446.000       2.1220
 448.000       2.1732
 449.000       2.1370
 450.000       2.3262
 451.000       2.1105
 452.000       1.9951
 453.000       2.0611
 456.000       1.9353
 458.000       1.8647
 459.000       1.7315
 461.000       1.6235
 462.000       1.6646
 464.000       1.5492
 465.000       1.4320
 466.000       1.3273
 467.000       1.3040
 468.000       1.3158
 470.000       1.3811
 471.000       1.4243
 474.000       1.4617
 475.000       1.4858
 476.000       1.8143
 478.000       1.7258
 480.000       1.8133
 482.000       1.8630
 483.000       1.8115
 484.000       1.9186
 485.000       1.8917
 486.000       1.6432
 487.000       1.6420
 490.000       1.5220
 492.000       1.4742
 493.000       1.3752
 495.000       1.3231
 496.000       1.4101
 498.000       1.4025
 500.000       1.3030
 501.000       1.3411
 502.000       1.2480
 504.000       1.2610
 505.000       1.2949
 506.000       1.4614
 508.000       1.3884
 510.000       1.4591
 512.000       1.5353
 513.000       1.5665
 514.000       1.7177
 515.000       1.5886
 516.000       1.5041
 517.000       1.5320
 520.000       1.4634
 522.000       1.3847
 523.000       1.3320
 525.000       1.2471
 526.000       1.2421
 528.000       1.1880
 529.000       1.1473
 530.000       1.1097
 531.000       1.0992
 532.000       1.1361
 534.000       1.1866
 535.000       1.2432
 538.000       1.2203
 539.000       1.1929
 540.000       1.4542
 542.000       1.3991
 544.000       1.4993
 546.000       1.5756
 547.000       1.6361
 548.000       1.8235
 549.000       1.6530
 550.000       1.5524
 551.000       1.5996
 554.000       1.5340
 556.000       1.4414
 557.000       1.3861
 559.000       1.3081
 560.000       1.3146
 562.000       1.2714
 563.000       1.2282
 564.000       1.2103
 565.000       1.2307
 566.000       1.2236
 568.000       1.2558
 569.000       1.3065
 572.000       1.2789
 573.000       1.2571
 574.000       1.5342
 576.000       1.4688
 578.000       1.5622
 580.000       1.6681
 581.000       1.7171
 582.000       1.9174
 583.000       1.7143
 584.000       1.6145
 585.000       1.6659
 588.000       1.5818
 590.000       1.4812
 591.000       1.3843
 593.000       1.2897
 594.000       1.3103
 596.000       1.2499
 597.000       1.1647
 598.000       1.1032
 599.000       1.1299
 602.000       1.0762
 603.000       1.1229
 605.000       1.1898
 606.000       1.1958
 607.000       1.5592
 609.000       1.4563
 611.000       1.5303
 613.000       1.6916
 614.000       1.7435
 615.000       1.9223
 616.000       1.8132
 617.000       1.5831
 618.000       1.5491
 621.000       1.4093
 623.000       1.3028
 624.000       1.2824
 626.000       1.2955
 627.000       1.4032
 629.000       1.4773
 631.000       1.4606
 632.000       1.5791
 633.000       1.3640
 635.000       1.2725
 636.000       1.2454
 637.000       1.4488
 639.000       1.3974
 641.000       1.4434
 643.000       1.4602
 644.000       1.5849
 645.000       1.6910
 646.000       1.6745
 647.000       1.5600
 648.000       1.6007
 651.000       1.5868
 653.000       1.4866
 654.000       1.4933
 656.000       1.3941
 657.000       1.4091
 659.000       1.4180
 660.000       1.4078
 661.000       1.5109
 662.000       1.6286
 665.000       1.5945
 666.000       1.5633
 668.000       1.4737
 669.000       1.3927
 670.000       1.6676
 672.000       1.6747
 674.000       1.8983
 676.000       1.7840
 677.000       1.9194
 678.000       1.9544
 679.000       2.1238
 680.000       1.9209
 681.000       1.9928
 684.000       2.0540
 686.000       2.2263
 687.000       2.2256
 689.000       2.3724
 690.000       2.3720
 692.000       2.5657
 694.000       2.7789
 695.000       3.0093
 696.000       2.8065
 698.000       2.6199
 699.000       2.7621
 700.000       1.9198
 702.000       2.0156
 704.000       2.0555
 706.000       1.9767
 707.000       1.8924
 708.000       2.0622
 709.000       1.9265
 710.000       1.6805
 711.000       1.6746
 714.000       1.5120
 716.000       1.4276
 717.000       1.3151
 719.000       1.2734
 720.000       1.3610
 722.000       1.3368
 723.000       1.2254
 724.000       1.2130
 725.000       1.2927
 726.000       1.1733
 728.000       1.1433
 729.000       1.1760
 732.000       1.1486
 733.000       1.1880
 734.000       1.4478
 736.000       1.3329
 738.000       1.3992
 740.000       1.5628
 741.000       1.6202
 742.000       1.8292
 743.000       1.7008
 744.000       1.4549
 745.000       1.4686
 748.000       1.3680
 750.000       1.2677
 751.000       1.2170
 753.000       1.1443
 754.000       1.2072
 756.000       1.1762
 757.000       1.0795
 758.000       1.0935
 759.000       1.1859
 760.000       1.0968
 762.000       1.0896
 763.000       1.1795
 766.000       1.0783
 767.000       1.0653
 768.000       1.3563
 770.000       1.2847
 772.000       1.3901
 774.000       1.4776
 775.000       1.4968
 776.000       1.6169
 777.000       1.6075
 778.000       1.4924
 779.000       1.5758
 782.000       1.5422
 784.000       1.4660
 785.000       1.3601
 787.000       1.2471
 788.000       1.2496
 790.000       1.1966
 792.000       1.1335
 793.000       1.1372
 796.000       1.1357
 797.000       1.1935
 798.000       1.2585
 799.000       1.5281
 801.000       1.3915
 803.000       1.4322
 805.000       1.6471
 806.000       1.7488
 807.000       2.0472
 808.000       1.8171
 809.000       1.5835
 810.000       1.6781
 813.000       1.5760
 815.000       1.5015
 816.000       1.4280
 818.000       1.3354
 819.000       1.3326
 821.000       1.2768
 822.000       1.2357
 823.000       1.2185
 824.000       1.2380
 827.000       1.2415
 828.000       1.2739
 830.000       1.2984
 831.000       1.2743
 832.000       1.4882
 834.000       1.4601
 836.000       1.6288
 838.000       1.6292
 839.000       1.6600
 840.000       1.8722
 841.000       1.6478
 842.000       1.5857
 843.000       1.6564
 846.000       1.5942
 848.000       1.5037
 849.000       1.4630
 851.000       1.3667
 852.000       1.3471
 854.000       1.2882
 856.000       1.2504
 857.000       1.2456
 860.000       1.2870
 861.000       1.3433
 862.000       1.4253
 863.000       1.5902
 865.000       1.5556
 867.000       1.6920
 869.000       1.7262
 870.000       1.8063
 871.000       1.9998
 872.000       1.7961
 873.000       1.7764
 874.000       1.8700
 877.000       1.8660
 879.000       1.7617
 880.000       1.7368
 882.000       1.5981
 883.000       1.5774
 885.000       1.4816
 886.000       1.4470
 887.000       1.4151
 888.000       1.3951
 889.000       1.4772
 891.000       1.5448
 892.000       1.6482
 895.000       1.5683
 896.000       1.5215
 897.000       1.8819
 899.000       1.8662
 901.000       2.0262
 903.000       2.0448
 904.000       2.0636
 905.000       2.3213
 906.000       2.0980
 907.000       2.3317
 908.000       2.7957
 911.000       2.6992
 913.000       2.6916
 914.000       2.5819
 916.000       2.4961
 917.000       2.5267
 919.000       2.4774
 921.000       2.3951
 922.000       2.3799
 925.000       2.3904
 926.000       2.4372
 927.000       2.4768
 928.000       2.6036
 930.000       2.5830
 932.000       2.6996
 934.000       2.6568
 935.000       2.6463
 936.000       2.7959
 937.000       2.7646
 938.000       2.4555
 939.000       2.4412
 942.000       2.3458
 944.000       2.3300
 945.000       2.2899
 947.000       2.2996
 948.000       2.3581
 950.000       2.4252
 951.000       2.4093
 952.000       2.5250
 953.000       2.6650
 956.000       2.5681
 957.000       2.4990
 959.000       2.3877
 960.000       2.3397
 961.000       2.2921
 963.000       2.3013
 965.000       2.3944
 967.000       2.3256
 968.000       2.3173
 969.000       2.4379
 970.000       2.3408
 971.000       2.2776
 972.000       2.3299
 975.000       2.3259
 977.000       2.3057
 978.000       2.3042
 980.000       2.2537
 981.000       2.2238
 983.000       2.2226
 984.000       2.2491
 985.000       2.3015
 986.000       2.3326
 989.000       2.3684
 990.000       2.3887
 992.000       2.3471
 993.000       2.2729
 994.000       2.3208
 996.000       2.3576
 998.000       2.4708
1000.000       2.3964
1001.000       2.3961
1002.000       2.6037
1003.000       2.4132
1004.000       2.2207
1005.000       2.2324
1008.000       2.0639
1010.000       1.9710
1011.000       1.8453
1013.000       1.8143
1014.000       1.9501
1016.000       1.9408
1017.000       1.7718
1018.000       1.7312
1019.000       1.8507
1020.000       1.6066
1022.000       1.5419
1023.000       1.4942
1026.000       1.5881
1027.000       1.6953
1028.000       2.0217
1030.000       1.8943
1032.000       1.9150
1034.000       2.1346
1035.000       2.1234
1036.000       2.3100
1037.000       2.2383
1038.000       2.0196
1039.000       1.9338
1042.000       1.7478
1044.000       1.7188
1045.000       1.6516
1047.000       1.6388
1048.000       1.7107
1050.000       1.7552
1052.000       1.7524
1053.000       1.8728
1054.000       1.6962
1056.000       1.6358
1057.000       1.6700
1058.000       1.7195
1060.000       1.7184
1062.000       1.9264
1064.000       1.8147
1065.000       1.8719
1066.000       2.0899
1067.000       2.0730
1068.000       1.7611
1069.000       1.9459
1072.000       1.9261
1074.000       2.0252
1075.000       2.1027
1077.000       2.2808
1078.000       2.3468
1080.000       2.6683
1082.000       2.9583
1083.000       3.3407
1084.000       2.9144
1086.000       2.6001
1087.000       2.7531
1088.000       1.9332
1090.000       2.1490
1092.000       2.5983
1094.000       1.9539
1095.000       1.9797
1096.000       2.1926
1097.000       2.0333
1098.000       1.8918
1099.000       1.9570
1102.000       1.9037
1104.000       1.8133
1105.000       1.7094
1107.000       1.6124
1108.000       1.5734
1110.000       1.5553
1112.000       1.6050
1113.000       1.7022
1114.000       1.6628
1116.000       1.6628
1117.000       1.7940
1118.000       1.8863
1120.000       1.7220
1122.000       1.7251
1124.000       1.9937
1125.000       2.1351
1126.000       2.4494
1127.000       2.0391
1128.000       2.1540
1129.000       2.3668
1132.000       2.3661
1134.000       2.3380
1135.000       2.3277
1137.000       2.1397
1138.000       1.9231
1140.000       1.8259
1142.000       2.0154
1143.000       2.0869
1146.000       2.2892
1147.000       2.3310
1148.000       2.6496
1149.000       2.2266
1151.000       2.3118
1153.000       2.6128
1155.000       2.3758
1156.000       2.2175
1157.000       2.4236
1158.000       2.2429
1159.000       2.0508
1160.000       2.1724
1163.000       2.1497
1165.000       2.1376
1166.000       2.0916
1168.000       1.9014
1169.000       1.8178
1171.000       1.7880
1173.000       1.8373
1174.000       1.9462
1175.000       1.9182
1177.000       1.9614
1178.000       2.1669
1179.000       2.0376
1181.000       2.1276
1183.000       2.4409
1185.000       2.1381
1186.000       2.0155
1187.000       2.1834
1188.000       1.9556
1189.000       1.9454
1190.000       2.1075
1193.000       2.1378
1195.000       2.1752
1196.000       2.1028
1198.000       1.9407
1199.000       1.9814
1201.000       1.8651
1202.000       1.8036
1203.000       1.8733
1204.000       1.8941
1207.000       2.0807
1208.000       2.1195
1210.000       1.9910
1211.000       1.8634
1212.000       2.0023
1214.000       2.0564
1216.000       2.2696
1218.000       2.0772
1219.000       2.0414
1220.000       2.2452
1221.000       2.0306
1222.000       2.0010
1223.000       2.1635
1226.000       2.2477
1228.000       2.2909
1229.000       2.3400
1231.000       2.2810
1232.000       2.1367
1234.000       2.3545
1236.000       2.7017
1237.000       3.0866
1240.000       2.8077
1241.000       2.6087
1242.000       2.8764
1243.000       2.1601
1245.000       2.2641
1247.000       2.6226
1249.000       2.1460
1250.000       2.2056
1251.000       2.3041
1252.000       2.5645
1253.000       2.0627
1254.000       2.0331
1257.000       1.9549
1259.000       1.8716
1260.000       1.8388
1262.000       1.7589
1263.000       1.7916
1265.000       1.7442
1267.000       1.6588
1268.000       1.6427
1271.000       1.6345
1272.000       1.6822
1273.000       1.6906
1274.000       2.0070
1276.000       1.9436
1278.000       2.0651
1280.000       2.1078
1281.000       2.2454
1282.000       2.5496
1283.000       2.4274
1284.000       1.9947
1285.000       2.0182
1288.000       1.8989
1290.000       1.8615
1291.000       1.7946
1293.000       1.6935
1294.000       1.6752
1296.000       1.6075
1297.000       1.5734
1298.000       1.5329
1299.000       1.5207
1300.000       1.5583
1302.000       1.6215
1303.000       1.6871
1306.000       1.6642
1307.000       1.6324
1308.000       1.7938
1310.000       1.8048
1312.000       1.9779
1314.000       1.8747
1315.000       1.8304
1316.000       2.0041
1317.000       1.7875
1318.000       1.7604
1319.000       1.8787
1322.000       1.8378
1324.000       1.7990
1325.000       1.7321
1327.000       1.6066
1328.000       1.5689
1330.000       1.4870
1331.000       1.4599
1332.000       1.4144
1333.000       1.3933
1334.000       1.4516
1336.000       1.5341
1337.000       1.6173
1340.000       1.5876
1341.000       1.5387
1342.000       1.7473
1344.000       1.7566
1346.000       1.9249
1348.000       1.8352
1349.000       1.8102
1350.000       1.9830
1351.000       1.7486
1352.000       1.7753
1353.000       1.9026
1356.000       1.8740
1358.000       1.7874
1359.000       1.7340
1361.000       1.5933
1362.000       1.5310
1364.000       1.4390
1365.000       1.4429
1366.000       1.4229
1367.000       1.3972
1368.000       1.4959
1370.000       1.5804
1371.000       1.6844
1374.000       1.6140
1375.000       1.5391
1376.000       1.8317
1378.000       1.8122
1380.000       1.9756
1382.000       1.9793
1383.000       2.0004
1384.000       2.2172
1385.000       1.9222
1386.000       1.9568
1387.000       2.0894
1390.000       2.0225
1392.000       1.8831
1393.000       1.8121
1395.000       1.6588
1396.000       1.6108
1398.000       1.4964
1400.000       1.4422
1401.000       1.3795
1404.000       1.5042
1405.000       1.6054
1406.000       1.6917
1407.000       1.9986
1409.000       1.9291
1411.000       2.0669
1413.000       2.1722
1414.000       2.2364
1415.000       2.4486
1416.000       2.2495
1417.000       2.1620
1418.000       2.2374
1421.000       2.1799
1423.000       2.0525
1424.000       1.9727
1426.000       1.7912
1427.000       1.7219
1429.000       1.5905
1430.000       1.5807
1431.000       1.5415
1432.000       1.4840
1435.000       1.6436
1436.000       1.7641
1438.000       1.8121
1439.000       1.7134
1440.000       2.1444
1442.000       2.0896
1444.000       2.2848
1446.000       2.3181
1447.000       2.3509
1448.000       2.5914
1449.000       2.3335
1450.000       2.2111
1451.000       2.2868
1454.000       2.1521
1456.000       1.9853
1457.000       1.8270
1459.000       1.6584
1460.000       1.7204
1462.000       1.6128
1464.000       1.4183
1465.000       1.3631
1468.000       1.3551
1469.000       1.4816
1470.000       1.4912
1471.000       2.0922
1473.000       1.9264
1475.000       2.0567
1477.000       2.2651
1478.000       2.2610
1479.000       2.4900
1480.000       2.2574
1481.000       2.0797
1482.000       2.1264
1485.000       1.9572
1487.000       1.8092
1488.000       1.6494
1490.000       1.5270
1491.000       1.6223
1493.000       1.5632
1495.000       1.3933
1496.000       1.3900
1499.000       1.3035
1500.000       1.3669
1501.000       1.3454
1502.000       1.8853
1504.000       1.7304
1506.000       1.8144
1508.000       2.0225
1509.000       2.1253
1510.000       2.3184
1511.000       2.1957
1512.000       2.0137
1513.000       2.0467
1516.000       1.9999
1518.000       1.9145
1519.000       1.9851
1521.000       1.9754
1522.000       2.0239
1524.000       2.0427
1525.000       2.0055
1526.000       2.0513
1527.000       2.1277
1528.000       2.0580
1530.000       2.0223
1531.000       2.0744
1534.000       1.9818
1535.000       1.9694
1536.000       2.1136
1538.000       2.0996
1540.000       2.2313
1542.000       2.1872
1543.000       2.2789
1544.000       2.3351
1545.000       2.4398
1546.000       2.2148
1547.000       2.1862
1550.000       2.1765
1552.000       2.0819
1553.000       2.1166
1555.000       2.0713
1556.000       2.0549
1558.000       2.0600
1560.000       2.0820
1561.000       2.1337
1562.000       2.1024
1564.000       2.1019
1565.000       2.1737
1566.000       2.3085
1568.000       2.2220
1570.000       2.3176
1572.000       2.4368
1573.000       2.4194
1574.000       2.6401
1575.000       2.3578
1576.000       2.3044
1577.000       2.3085
1580.000       2.2051
1582.000       2.0967
1583.000       1.9743
1585.000       1.8891
1586.000       1.9124
1588.000       1.8471
1589.000       1.7721
1590.000       1.7171
1591.000       1.7228
1594.000       1.7083
1595.000       1.7486
1597.000       1.7967
1598.000       1.8020
1599.000       2.1585
1601.000       2.0300
1603.000       2.0822
1605.000       2.2955
1606.000       2.3287
1607.000       2.5252
1608.000       2.3309
1609.000       2.2105
1610.000       2.2732
1613.000       2.1815
1615.000       2.0377
1616.000       1.9111
1618.000       1.7550
1619.000       1.6724
1621.000       1.5586
1622.000       1.5620
1623.000       1.5101
1624.000       1.4099
1627.000       1.6084
1628.000       1.7414
1630.000       1.7929
1631.000       1.6955
1632.000       2.1675
1634.000       1.9811
1636.000       1.9739
1638.000       2.3016
1639.000       2.1841
1640.000       2.3269
1641.000       2.2764
1642.000       2.1242
1643.000       2.0053
1646.000       1.8499
1648.000       1.7118
1649.000       1.5689
1651.000       1.3921
1652.000       1.3249
1654.000       1.1974
1655.000       1.1750
1656.000       1.1306
1657.000       1.0693
1660.000       1.2384
1661.000       1.3709
1663.000       1.4130
1664.000       1.3091
1665.000       1.7698
1667.000       1.6379
1669.000       1.7787
1671.000       1.9325
1672.000       2.0042
1673.000       2.2171
1674.000       2.0223
1675.000       1.9096
1676.000       1.9645
1679.000       1.8991
1681.000       1.8119
1682.000       1.7695
1684.000       1.7279
1685.000       1.7410
1687.000       1.7801
1689.000       1.8241
1690.000       1.9489
1691.000       1.8148
1693.000       1.7699
1694.000       1.8469
1695.000       1.9054
1697.000       1.8491
1699.000       1.9351
1701.000       2.0237
1702.000       2.0919
1703.000       2.3352
1704.000       2.0181
1705.000       2.0735
1706.000       2.2025
1709.000       2.1560
1711.000       2.0701
1712.000       1.9796
1714.000       1.8200
1715.000       1.7702
1717.000       1.6397
1718.000       1.6034
1719.000       1.5103
1720.000       1.4380
1721.000       1.5594
1723.000       1.6769
1724.000       1.7475
1727.000       1.7619
1728.000       1.7186
1729.000       2.0863
1731.000       2.0351
1733.000       2.1799
1735.000       2.2044
1736.000       2.1493
1737.000       2.3300
1738.000       2.1312
1739.000       1.9985
1740.000       2.0509
1743.000       1.9325
1745.000       1.8528
1746.000       1.7259
1748.000       1.6117
1749.000       1.6476
1751.000       1.5823
1753.000       1.4653
1754.000       1.4513
1755.000       1.4439
1757.000       1.5187
1758.000       1.5527
1759.000       1.8408
1761.000       1.7533
1763.000       1.8513
1765.000       1.9280
1766.000       1.9130
1767.000       2.0769
1768.000       1.9291
1769.000       1.8007
1770.000       1.8454
1773.000       1.7834
1775.000       1.7357
1776.000       1.6737
1778.000       1.5709
1779.000       1.5638
1781.000       1.5045
1783.000       1.4393
1784.000       1.4101
1787.000       1.4641
1788.000       1.5327
1789.000       1.6076
1790.000       1.7323
1792.000       1.7109
1794.000       1.8316
1796.000       1.8054
1797.000       1.8167
1798.000       1.9641
1799.000       1.8434
1800.000       1.7461
1801.000       1.8169
1804.000       1.8018
1806.000       1.7604
1807.000       1.7389
1809.000       1.6343
1810.000       1.6069
1812.000       1.5536
1814.000       1.5167
1815.000       1.5077
1818.000       1.5538
1819.000       1.6185
1820.000       1.7145
1821.000       1.7721
1823.000       1.8051
1825.000       1.9892
1827.000       1.8538
1828.000       1.8617
1829.000       2.0119
1830.000       1.8912
1831.000       1.8072
1832.000       1.8822
1835.000       1.8746
1837.000       1.8257
1838.000       1.7981
1840.000       1.6952
1841.000       1.7096
1843.000       1.6386
1844.000       1.5729
1845.000       1.5420
1846.000       1.5685
1847.000       1.5479
1849.000       1.5792
1850.000       1.6299
1853.000       1.6142
1854.000       1.6059
1855.000       1.8551
1857.000       1.8664
1859.000       2.0059
1861.000       1.9520
1862.000       1.9524
1863.000       2.1044
1864.000       1.9135
1865.000       2.0012
1866.000       2.1414
1869.000       2.0590
1871.000       1.9498
1872.000       1.8921
1874.000       1.8128
1875.000       1.8247
1877.000       1.8077
1878.000       1.7823
1879.000       1.8165
1880.000       1.8501
1883.000       1.8777
1884.000       1.8926
1886.000       1.8517
1887.000       1.7948
1888.000       2.0436
1890.000       1.9591
1892.000       2.0459
1894.000       2.2071
1895.000       2.2928
1896.000       2.6031
1897.000       2.4341
1898.000       1.9866
1899.000       1.9480
1902.000       1.7516
1904.000       1.6657
1905.000       1.8108
1907.000       1.9233
1908.000       1.9836
1910.000       2.1991
1912.000       2.3799
1913.000       2.6852
1916.000       2.4365
1917.000       2.2058
1918.000       2.4142
1919.000       1.8382
1921.000       2.0690
1923.000       2.4594
1925.000       1.8068
1926.000       2.3734
1927.000       2.3630
1928.000       2.9447
1929.000       2.8389
1930.000       3.0756
1933.000       2.9141
1935.000       2.9402
1936.000       2.6829
1938.000       2.4603
1939.000       2.5113
1941.000       2.3865
1943.000       2.1582
1944.000       2.0872
1945.000       2.1193
1947.000       2.2848
1948.000       2.3475
1949.000       2.5510
1951.000       2.5226
1953.000       2.7445
1955.000       2.5333
1956.000       2.2135
1957.000       2.3625
1958.000       2.1185
1959.000       2.0195
1960.000       2.1654
1963.000       2.0689
1965.000       2.0329
1966.000       1.8448
1968.000       1.6179
1969.000       1.6050
1971.000       1.5224
1972.000       1.4150
1973.000       1.3592
1974.000       1.4161
1977.000       1.3735
1978.000       1.4830
1980.000       1.5635
1981.000       1.4908
1982.000       1.8330
1984.000       1.8125
1986.000       2.0786
1988.000       1.9755
1989.000       1.8527
1990.000       2.1424
1991.000       1.6905
1992.000       1.7826
1993.000       2.0394
1996.000       1.9926
1998.000       1.8192
1999.000       1.6935
2001.000       1.4153
2002.000       1.3015
2004.000       1.1687
2006.000       1.1304
2007.000       1.1612
2008.000       1.2117
2010.000       1.3687
2011.000       1.5537
2012.000       1.9058
2014.000       1.8580
2016.000       2.1654
2018.000       2.1807
2019.000       2.2489
2020.000       2.6065
2021.000       2.0940
2022.000       2.2065
2023.000       2.4660
2026.000       2.3919
2028.000       2.1164
2029.000       2.0330
2031.000       1.7810
2032.000       1.6851
2034.000       1.5126
2035.000       1.5178
2036.000       1.5002
2037.000       1.4759
2038.000       1.6398
2040.000       1.7498
2041.000       1.9139
2044.000       1.7851
2045.000       1.6741
2046.000       2.4427
2048.000       2.3205
2050.000       2.5508
2052.000       2.7853
2053.000       2.9814
2054.000       3.3606
2055.000       2.9121
2056.000       2.8973
2057.000       3.0540
2060.000       2.9638
2062.000       2.6459
2063.000       2.6141
2065.000       2.3977
2066.000       2.3387
2068.000       2.1829
2070.000       2.1002
2071.000       2.0365
2072.000       2.1974
2074.000       2.3369
2075.000       2.4714
2076.000       3.0975
2078.000       2.9529
2080.000       3.1407
2082.000       3.4507
2083.000       3.6834
2084.000       4.0647
2085.000       3.6071
2086.000       3.6188
2087.000       3.8008
2090.000       3.7308
2092.000       3.4022
2093.000       3.3641
2095.000       3.1126
2096.000       3.0318
2098.000       2.8312
2100.000       2.7204
2101.000       2.5780
2104.000       2.8289
2105.000       3.0198
2106.000       3.1639
2107.000       3.8523
2109.000       3.6986
2111.000       3.9118
2113.000       4.2160
2114.000       4.4398
2115.000       4.8192
2116.000       4.3586
2117.000       4.3654
2118.000       4.5252
2121.000       4.4712
2123.000       4.1445
2124.000       4.0896
2126.000       3.7999
2127.000       3.7090
2129.000       3.4901
2131.000       3.3600
2132.000       3.2009
2135.000       3.4614
2136.000       3.6795
2137.000       3.8190
2138.000       4.5977
2140.000       4.4168
2142.000       4.6613
2144.000       4.9868
