   2.000       3.6514
   3.000       3.7232
   6.000       3.3225
   8.000       3.1542
   9.000       2.7060
  11.000       2.4172
  12.000       2.6134
  14.000       2.4669
  15.000       2.1044
  16.000       1.9820
  17.000       2.1881
  18.000       1.8274
  20.000       1.8127
  21.000       1.9032
  24.000       1.9515
  25.000       2.0766
  26.000       2.8492
  28.000       2.5805
  30.000       2.9141
  32.000       3.0235
  33.000       2.8272
  34.000       3.1650
  35.000       2.9666
  36.000       2.2566
  37.000       2.1990
  40.000       1.7684
  42.000       1.6467
  43.000       1.3757
  45.000       1.4128
  46.000       1.6886
  48.000       1.8818
  49.000       1.7482
  50.000       2.0461
  51.000       2.4099
  52.000       2.0561
  54.000       1.8311
  55.000       2.0839
  58.000       1.5225
  59.000       1.4710
  60.000       1.4734
  62.000       1.2808
  64.000       1.4680
  66.000       1.5526
  67.000       1.5164
  68.000       1.6965
  69.000       1.6769
  70.000       1.2478
  71.000       1.1702
  74.000       1.0107
  76.000       0.9628
  77.000       0.9164
  79.000       0.9430
  80.000       1.0549
  82.000       1.1438
  84.000       1.1284
  85.000       1.2617
  86.000       1.0453
  88.000       0.9622
  89.000       1.0066
  90.000       0.9942
  92.000       0.9562
  94.000       1.0440
  96.000       1.0652
  97.000       1.1334
  98.000       1.2860
  99.000       1.2443
 100.000       1.0281
 101.000       1.0234
 104.000       0.9517
 106.000       0.9272
 107.000       0.8845
 109.000       0.8574
 110.000       0.8962
 112.000       0.8743
 113.000       0.8147
 114.000       0.7963
 115.000       0.8254
 116.000       0.7857
 118.000       0.7981
 119.000       0.8323
 122.000       0.8146
 123.000       0.8159
 124.000       0.9229
 126.000       0.8921
 128.000       0.9528
 130.000       0.9719
 131.000       0.9885
 132.000       1.1217
 133.000       1.0644
 134.000       0.8965
 135.000       0.9019
 138.000       0.8331
 140.000       0.8389
 141.000       0.7815
 143.000       0.7523
 144.000       0.7848
 146.000       0.7732
 147.000       0.7234
 148.000       0.7138
 149.000       0.7518
 150.000       0.7083
 152.000       0.7160
 153.000       0.7558
 156.000       0.7236
 157.000       0.7203
 158.000       0.7706
 160.000       0.7561
 162.000       0.8377
 164.000       0.8161
 165.000       0.8199
 166.000       0.9855
 167.000       0.9206
 168.000       0.6924
 169.000       0.7067
 172.000       0.6348
 174.000       0.6509
 175.000       0.6024
 177.000       0.5653
 178.000       0.5914
 180.000       0.5977
 181.000       0.5600
 182.000       0.5823
 183.000       0.6469
 184.000       0.5894
 186.000       0.5865
 187.000       0.6470
 190.000       0.5759
 191.000       0.5502
 192.000       0.5821
 194.000       0.5967
 196.000       0.7368
 198.000       0.6620
 199.000       0.7118
 200.000       0.8841
 201.000       0.7300
 202.000       0.7361
 203.000       0.8234
 206.000       0.6646
 208.000       0.6074
 209.000       0.5597
 211.000       0.4804
 212.000       0.4817
 214.000       0.4782
 215.000       0.4728
 216.000       0.5343
 217.000       0.6126
 218.000       0.5781
 220.000       0.5759
 221.000       0.6564
 224.000       0.5416
 225.000       0.4794
 226.000       0.6393
 228.000       0.6276
 230.000       0.7980
 232.000       0.7896
 233.000       0.9376
 234.000       1.0425
 235.000       1.1535
 236.000       0.8926
 237.000       0.9113
 240.000       0.9666
 242.000       1.1354
 243.000       1.1802
 245.000       1.2313
 246.000       1.2764
 248.000       1.3849
 249.000       1.4131
 250.000       1.5726
 251.000       1.7079
 254.000       1.6642
 255.000       1.6074
 257.000       1.4528
 258.000       1.3447
 259.000       0.9204
 261.000       1.1024
 263.000       1.2332
 265.000       0.9123
 266.000       0.9121
 267.000       1.0845
 268.000       0.9770
 269.000       0.8968
 270.000       1.0000
 273.000       1.0549
 275.000       1.0725
 276.000       1.0921
 278.000       1.0208
 279.000       0.9436
 281.000       0.9897
 283.000       1.0932
 284.000       1.2128
 287.000       1.1702
 288.000       1.1443
 289.000       1.3096
 290.000       1.0255
 292.000       1.1143
 294.000       1.3307
 296.000       1.1812
 297.000       1.1980
 298.000       1.5040
 299.000       1.1733
 300.000       1.0730
 301.000       1.1396
 304.000       1.0748
 306.000       1.0166
 307.000       0.9552
 309.000       0.8570
 310.000       0.8080
 312.000       0.8467
 313.000       0.9005
 314.000       1.0493
 315.000       1.1687
 316.000       1.1594
 318.000       1.1666
 319.000       1.3665
 322.000       1.0690
 323.000       0.9145
 324.000       0.9984
 326.000       0.9814
 328.000       1.1537
 330.000       1.1299
 331.000       1.1355
 332.000       1.3154
 333.000       1.0395
 334.000       1.1424
 335.000       1.3181
 338.000       1.3364
 340.000       1.4253
 341.000       1.3763
 343.000       1.5164
 344.000       1.6368
 346.000       1.8403
 347.000       1.8860
 348.000       2.1935
 349.000       2.4319
 352.000       2.3800
 353.000       2.2710
 355.000       1.9470
 356.000       1.7382
 357.000       1.1757
 359.000       1.1804
 361.000       1.2280
 363.000       1.2525
 364.000       1.2682
 365.000       1.4195
 366.000       1.3537
 367.000       1.1371
 368.000       1.1194
 371.000       1.0027
 373.000       0.9569
 374.000       0.8576
 376.000       0.8039
 377.000       0.8987
 379.000       0.8648
 381.000       0.7301
 382.000       0.7298
 385.000       0.6786
 386.000       0.7165
 387.000       0.7392
 388.000       0.9573
 390.000       0.8755
 392.000       0.9505
 394.000       1.0385
 395.000       1.0953
 396.000       1.2544
 397.000       1.1947
 398.000       0.9784
 399.000       0.9770
 402.000       0.8949
 404.000       0.8427
 405.000       0.7860
 407.000       0.7364
 408.000       0.7849
 410.000       0.7711
 412.000       0.6974
 413.000       0.7154
 416.000       0.6668
 417.000       0.6899
 418.000       0.7249
 419.000       0.8781
 421.000       0.8359
 423.000       0.9253
 425.000       0.9485
 426.000       0.9931
 427.000       1.1364
 428.000       1.0792
 429.000       0.9088
 430.000       0.9220
 433.000       0.8699
 435.000       0.8490
 436.000       0.8244
 438.000       0.7728
 439.000       0.8036
 441.000       0.7929
 443.000       0.7471
 444.000       0.7765
 447.000       0.7308
 448.000       0.7391
 449.000       0.7689
 450.000       0.8645
 452.000       0.9024
 454.000       1.1009
 456.000       0.9305
 457.000       0.9920
 458.000       1.1325
 459.000       1.0961
 460.000       0.9228
 461.000       0.9499
 464.000       0.9410
 466.000       0.9090
 467.000       0.9035
 469.000       0.8253
 470.000       0.8381
 472.000       0.8180
 474.000       0.7844
 475.000       0.8200
 478.000       0.7800
 479.000       0.7991
 480.000       0.8511
 481.000       0.9769
 483.000       1.0232
 485.000       1.2083
 487.000       1.0863
 488.000       1.1866
 489.000       1.3744
 490.000       1.2524
 491.000       1.1499
 492.000       1.2353
 495.000       1.2601
 497.000       1.1668
 498.000       1.1943
 500.000       1.0216
 501.000       1.0207
 503.000       0.9563
 504.000       0.9093
 505.000       0.9430
 506.000       1.0257
 509.000       0.9985
 510.000       1.0070
 512.000       0.9931
 513.000       0.9419
 514.000       1.3711
 516.000       1.3949
 518.000       1.8498
 520.000       1.6568
 522.000       4.7127
 523.000       5.0583
 524.000       5.0308
 525.000       4.1396
 526.000       4.1434
 529.000       3.7591
 531.000       3.1715
 532.000       2.9489
 534.000       2.6282
 535.000       2.8564
 537.000       2.8920
 539.000       2.6814
 540.000       2.9885
 543.000       2.3807
 544.000       2.3421
 545.000       2.2970
 546.000       3.9350
 548.000       3.5271
 550.000       3.8142
 552.000       4.3437
