   2.000       6.9144
   3.000       7.0920
   6.000       7.1441
   8.000       7.3795
   9.000       7.3448
  11.000       7.2409
  12.000       7.1816
  14.000       7.1604
  15.000       7.2213
  16.000       7.3021
  17.000       7.3253
  18.000       7.4194
  20.000       7.4574
  21.000       7.6171
  24.000       7.3924
  25.000       7.2719
  26.000       6.8729
  28.000       7.0971
  30.000       7.3194
  32.000       6.7760
  33.000       6.4277
  34.000       6.4765
  35.000       6.2154
  36.000       6.4241
  37.000       6.6324
  40.000       6.7143
  42.000       6.8615
  43.000       6.8317
  45.000       6.6690
  46.000       6.4943
  48.000       6.4058
  50.000       6.4970
  51.000       6.4634
  54.000       6.6794
  55.000       6.7657
  56.000       6.9754
  57.000       6.4607
  59.000       6.6617
  61.000       6.9491
  63.000       6.4269
  64.000       6.1726
  65.000       6.2691
  66.000       5.9271
  67.000       6.2368
  68.000       6.4951
  71.000       6.6042
  73.000       6.6634
  74.000       6.6287
  76.000       6.3775
  77.000       6.1584
  79.000       6.0177
  80.000       6.1505
  81.000       6.1429
  82.000       6.0116
  83.000       6.3638
  85.000       6.5707
  86.000       6.7990
  89.000       6.5906
  90.000       6.3717
  91.000       6.4080
  93.000       6.5704
  95.000       6.9092
  97.000       6.4870
  98.000       6.2908
  99.000       6.5097
 100.000       5.9953
 101.000       6.3034
 102.000       6.6067
 105.000       6.6352
 107.000       6.5714
 108.000       6.4656
 110.000       6.1459
 111.000       5.9484
 113.000       5.7054
 115.000       5.6648
 116.000       5.4859
 119.000       5.8557
 120.000       6.0970
 121.000       6.3095
 122.000       6.4336
 124.000       6.4765
 126.000       6.8218
 128.000       6.6016
 129.000       6.4394
 130.000       6.7424
 131.000       6.1662
 132.000       6.3355
 133.000       6.6027
 136.000       6.5291
 138.000       6.4067
 139.000       6.2284
 141.000       5.8918
 142.000       5.7323
 144.000       5.4554
 146.000       5.3202
 147.000       5.1173
 148.000       5.4956
 150.000       5.7716
 151.000       5.9375
 152.000       6.3015
 154.000       6.2446
 156.000       6.5435
 158.000       6.4869
 159.000       6.3436
 160.000       6.6493
 161.000       6.1010
 162.000       6.2165
 163.000       6.4351
 166.000       6.3422
 168.000       6.1950
 169.000       5.9876
 171.000       5.6354
 172.000       5.5149
 174.000       5.2205
 175.000       5.1385
 176.000       4.8987
 177.000       4.7029
 178.000       4.9528
 180.000       5.1979
 181.000       5.2411
 184.000       5.4322
 185.000       5.3904
 186.000       6.1353
 188.000       6.0423
 190.000       6.3359
 192.000       6.3395
 193.000       6.2228
 194.000       6.5487
 195.000       6.0402
 196.000       6.0180
 197.000       6.2054
 200.000       6.0122
 202.000       5.8009
 203.000       5.5436
 205.000       5.2224
 206.000       5.2398
 208.000       5.0059
 210.000       4.7475
 211.000       4.5910
 212.000       4.7588
 214.000       4.9780
 215.000       5.0093
 216.000       5.8149
 218.000       5.6201
 220.000       5.8471
 222.000       6.0478
 223.000       6.0103
 224.000       6.3195
 225.000       5.9519
 226.000       5.7485
 227.000       5.8044
 230.000       5.6232
 232.000       5.4919
 233.000       5.3135
 235.000       5.1772
 236.000       5.1911
 238.000       5.0830
 239.000       4.9899
 240.000       4.9051
 241.000       4.8797
 242.000       4.9131
 244.000       4.9823
 245.000       5.0336
 248.000       5.0477
 249.000       5.0508
 250.000       5.4959
 252.000       5.3438
 254.000       5.4321
 256.000       5.6325
 257.000       5.5311
 258.000       5.8342
 259.000       5.4402
 260.000       5.2509
 261.000       5.3319
 264.000       5.0940
 266.000       4.9092
 267.000       4.6550
 269.000       4.4369
 270.000       4.4905
 272.000       4.3433
 274.000       4.1176
 275.000       4.0302
 276.000       4.0833
 278.000       4.2352
 279.000       4.2469
 280.000       4.9143
 282.000       4.6979
 284.000       4.8222
 286.000       5.0862
 287.000       5.0247
 288.000       5.2942
 289.000       4.9729
 290.000       4.7693
 291.000       4.8355
 294.000       4.6035
 296.000       4.4546
 297.000       4.2173
 299.000       4.0542
 300.000       4.1425
 302.000       4.0309
 304.000       3.8160
 305.000       3.7372
 308.000       3.7294
 309.000       3.8520
 310.000       3.8197
 311.000       4.4234
 313.000       4.2253
 315.000       4.3201
 317.000       4.5482
 318.000       4.4657
 319.000       4.6821
 320.000       4.5138
 321.000       4.1422
 322.000       4.1029
 325.000       3.8118
 327.000       3.7004
 328.000       3.4959
 330.000       3.4881
 331.000       3.6746
 333.000       3.6762
 334.000       3.4684
 335.000       3.4241
 336.000       3.5635
 337.000       3.2613
 339.000       3.1570
 340.000       3.0706
 343.000       3.1993
 344.000       3.3528
 345.000       3.6428
 347.000       3.4510
 349.000       3.4398
 351.000       3.6808
 352.000       3.6591
 353.000       3.7624
 354.000       3.9960
 355.000       3.2813
 356.000       3.0962
 359.000       2.8413
 361.000       2.9296
 362.000       3.0131
 364.000       3.3372
 365.000       3.6069
 367.000       3.9754
 369.000       4.0801
 370.000       4.4992
 373.000       3.8740
 374.000       3.4974
 375.000       3.4115
 376.000       2.8174
 378.000       3.0128
 380.000       3.0535
 382.000       2.6868
 383.000       2.5693
 384.000       2.5801
 385.000       2.6819
 386.000       2.4939
 387.000       2.5226
 390.000       2.4635
 392.000       2.4117
 393.000       2.3391
 395.000       2.3195
 396.000       2.3746
 398.000       2.3912
 399.000       2.3335
 400.000       2.3563
 401.000       2.4351
 404.000       2.3403
 405.000       2.3023
 407.000       2.2804
 408.000       2.2918
 409.000       2.4324
 411.000       2.3506
 413.000       2.3398
 415.000       2.4725
 416.000       2.5946
 417.000       2.6562
 418.000       2.6987
 419.000       2.6109
 420.000       2.8564
 423.000       2.8745
 425.000       2.8178
 426.000       2.8240
 428.000       2.6983
 429.000       2.7197
 431.000       2.6233
 432.000       2.5249
 433.000       2.4292
 434.000       2.4106
 437.000       2.3949
 438.000       2.4525
 440.000       2.5453
 441.000       2.5746
 442.000       2.8535
 444.000       2.8740
 446.000       3.0706
 448.000       2.9836
 449.000       3.0786
 450.000       3.4276
 451.000       3.1157
 452.000       3.0983
 453.000       3.0163
 456.000       2.9317
 458.000       2.8639
 459.000       2.7784
 461.000       2.7195
 462.000       2.7343
 464.000       2.8230
 466.000       2.8736
 467.000       3.0400
 468.000       2.8868
 470.000       2.8340
 471.000       3.0287
 472.000       2.9407
 474.000       2.8365
 476.000       3.0048
 478.000       3.0766
 479.000       3.2581
 480.000       3.3495
 481.000       3.5602
 482.000       3.2016
 483.000       3.2923
 486.000       3.2928
 488.000       3.1437
 489.000       3.1422
 491.000       3.0191
 492.000       2.9410
 494.000       2.8584
 496.000       2.8569
 497.000       2.8192
 500.000       2.9340
 501.000       3.0140
 502.000       3.1174
 503.000       3.3754
 505.000       3.3303
 507.000       3.4778
 509.000       3.5926
 510.000       3.7482
 511.000       4.0001
 512.000       3.7054
 513.000       3.7207
 514.000       3.8383
 517.000       3.7965
 519.000       3.6031
 520.000       3.5709
 522.000       3.4167
 523.000       3.3656
 525.000       3.2674
 527.000       3.2170
 528.000       3.1762
 529.000       3.2765
 531.000       3.3742
 532.000       3.4598
 533.000       3.8511
 535.000       3.7644
 537.000       3.9110
 539.000       4.0771
 540.000       4.1880
 541.000       4.4508
 542.000       4.1340
 543.000       4.1153
 544.000       4.2287
 547.000       4.1735
 549.000       4.0106
 550.000       3.9641
 552.000       3.8282
 553.000       3.7662
 555.000       3.6635
 556.000       3.6630
 557.000       3.6198
 558.000       3.5628
 559.000       3.6940
 561.000       3.7872
 562.000       3.8757
 565.000       3.8281
 566.000       3.7652
 567.000       4.1975
 569.000       4.1211
 571.000       4.2469
 573.000       4.3863
 574.000       4.4622
 575.000       4.6855
 576.000       4.4035
 577.000       4.3992
 578.000       4.4998
 581.000       4.4284
 583.000       4.2654
 584.000       4.2131
 586.000       4.0839
 587.000       4.0374
 589.000       3.9315
 591.000       3.8786
 592.000       3.8111
 595.000       3.9337
 596.000       4.0361
 597.000       4.1211
 598.000       4.4571
 600.000       4.3762
 602.000       4.4953
 604.000       4.6331
 605.000       4.7349
 606.000       4.9476
 607.000       4.7199
 608.000       4.6649
 609.000       4.6955
 612.000       4.6748
 614.000       4.4672
 615.000       4.4498
 617.000       4.2882
 618.000       4.3137
 620.000       4.2052
 621.000       4.1035
 622.000       4.0253
 623.000       4.0276
 624.000       4.0062
 626.000       4.0504
 627.000       4.0767
 630.000       4.1243
 631.000       4.1489
 632.000       4.7726
 634.000       4.6996
 636.000       4.8775
 638.000       5.0116
 639.000       5.0119
 640.000       4.9731
 641.000       5.3407
 642.000       4.9944
 643.000       5.0509
 646.000       5.1988
 648.000       5.2712
 649.000       5.2921
 651.000       5.1084
 652.000       5.0627
 654.000       4.9509
 655.000       4.9399
 656.000       4.9617
 657.000       4.9388
 660.000       5.1222
 661.000       5.2309
 663.000       5.1986
 664.000       5.0527
 665.000       5.2599
 667.000       5.3818
 669.000       5.6002
 671.000       5.4855
 672.000       5.8820
 673.000       6.3168
 674.000       5.9284
 675.000       6.0101
 676.000       6.1370
 679.000       6.3645
 681.000       6.7369
 682.000       6.8275
 684.000       6.9551
 685.000       7.0122
 687.000       7.2671
 688.000       7.5015
 689.000       8.0836
 690.000       8.4460
 693.000       8.4953
 694.000       8.2591
 696.000       7.6655
 697.000       7.3201
 698.000       6.1203
 700.000       6.4336
 702.000       6.9076
 704.000       6.2892
 705.000       6.0199
 706.000       6.3135
 707.000       5.7056
 708.000       6.3162
 709.000       6.8191
 712.000       6.5951
 714.000       6.4283
 715.000       6.1532
 717.000       6.0592
 718.000       6.2560
 720.000       6.2019
 721.000       5.9314
 722.000       5.8200
 723.000       5.9508
 724.000       5.6123
 726.000       5.5359
 727.000       5.4178
 730.000       5.6489
 731.000       5.8400
 732.000       6.4825
 734.000       6.2222
 736.000       6.2813
 738.000       6.6873
 739.000       6.7931
 740.000       7.0667
 741.000       6.9078
 742.000       6.5172
 743.000       6.4531
 746.000       6.2273
 748.000       6.0159
 749.000       5.9047
 751.000       5.9377
 752.000       6.1111
 754.000       6.1919
 755.000       6.0513
 756.000       6.1227
 757.000       6.3278
 758.000       6.0161
 760.000       5.8687
 761.000       5.8711
 764.000       5.8067
 765.000       5.8956
 766.000       6.2752
 768.000       6.0661
 770.000       6.0577
 772.000       6.4621
 773.000       6.6654
 774.000       6.8566
 775.000       6.8086
 776.000       6.5758
 777.000       6.5529
 780.000       6.5110
 782.000       6.3017
 783.000       6.4021
 785.000       6.4660
 786.000       6.4956
 788.000       6.6328
 789.000       6.6909
 790.000       6.9026
 791.000       7.0793
 792.000       6.9785
 794.000       6.8767
 795.000       7.0425
 798.000       6.6900
 799.000       6.5954
 800.000       6.7618
 802.000       6.6949
 804.000       6.7350
 806.000       7.0075
 807.000       7.3368
 808.000       7.5633
 809.000       7.3810
 810.000       7.4403
 811.000       7.5382
 814.000       7.6632
 816.000       7.4237
 817.000       7.6442
 819.000       7.6207
 820.000       7.4566
 822.000       7.4893
 824.000       7.6972
 825.000       7.7947
 828.000       7.8573
 829.000       7.8202
 830.000       8.0256
 831.000       8.0145
 833.000       8.0461
 835.000       8.2065
 837.000       8.3504
 838.000       8.7059
 839.000       9.0603
 840.000       8.5819
 841.000       8.8628
 842.000       9.1260
 845.000       9.2593
 847.000       8.9338
 848.000       9.0614
 850.000       8.7830
 851.000       8.5507
 853.000       8.3814
 854.000       8.5179
 855.000       8.5099
 856.000       8.3692
 857.000       8.7659
 859.000       8.9978
 860.000       9.2862
 863.000       9.0166
 864.000       8.7678
 865.000       9.5133
 867.000       9.5050
 869.000       9.8380
 871.000       9.9488
 872.000      10.2468
 873.000      10.6902
 874.000      10.0322
 875.000      10.3286
 876.000      10.6616
 879.000      10.7202
 881.000      10.3582
 882.000      10.3669
 884.000       9.9749
 885.000       9.7822
 887.000       9.4835
 889.000       9.3646
 890.000       9.1573
 891.000       9.5659
 893.000       9.8649
 894.000      10.0692
 895.000      10.8297
 897.000      10.7436
 899.000      11.1309
 901.000      11.2860
 902.000      11.4260
 903.000      11.9270
 904.000      11.1608
 905.000      11.3680
 906.000      11.3891
 909.000      11.4147
 911.000      11.8013
 912.000      11.7808
 914.000      11.9718
 915.000      12.0270
 917.000      12.2881
 919.000      12.5000
 920.000      12.8070
 923.000      12.4590
 924.000      12.1920
 925.000      12.2020
 926.000      11.0804
 928.000      11.3299
 930.000      11.3332
 932.000      10.7631
 933.000      10.3439
 934.000      10.1575
 935.000      10.3170
 936.000      10.3231
 937.000      10.3420
 940.000      10.4850
 942.000      10.8599
 943.000      10.9493
 945.000      11.0593
 946.000      10.9326
 948.000      11.1434
 949.000      11.4211
 950.000      11.7721
 951.000      11.9093
 952.000      12.0256
 954.000      11.9635
 955.000      12.2796
 958.000      11.6523
 959.000      11.3791
 960.000      10.2578
 962.000      10.5962
 964.000      10.7288
 966.000       9.9916
 967.000       9.7278
 968.000       9.4797
 969.000       9.6349
 970.000      10.0602
 971.000      10.2071
 974.000      10.6455
 976.000      11.0617
 977.000      11.4413
 979.000      11.6474
 980.000      11.3369
 982.000      11.6356
 984.000      12.2659
 985.000      12.6286
 986.000      12.5277
 988.000      12.2638
 989.000      12.6395
 990.000      10.5753
 992.000      11.1789
 994.000      11.4478
 996.000      10.3245
 997.000      10.0088
 998.000       9.8988
 999.000       9.7526
1000.000      10.2566
1001.000      10.5340
1004.000      10.8518
1006.000      11.0869
1007.000      11.2370
1009.000      11.0924
1010.000      10.7607
1012.000      10.6985
1014.000      10.9843
1015.000      10.9868
1018.000      11.3044
1019.000      11.3633
1020.000      11.7019
1021.000      10.6531
1023.000      11.0659
1025.000      11.4503
1027.000      10.5736
1028.000      10.1686
1029.000      10.2697
1030.000       9.7300
1031.000      10.3007
1032.000      10.7130
1035.000      10.8768
1037.000      10.9916
1038.000      10.8915
1040.000      10.5017
1041.000      10.1701
1043.000       9.9017
1044.000      10.0692
1045.000       9.9780
1046.000       9.7147
1047.000      10.2928
1049.000      10.6468
1050.000      10.9663
1053.000      10.7440
1054.000      10.4407
1055.000      10.5150
1057.000      10.7622
1059.000      11.2327
1061.000      10.5305
1062.000      10.0617
1063.000      10.2413
1064.000       9.6878
1065.000       9.9183
1066.000      10.2275
1069.000      10.0830
1071.000      10.0597
1072.000       9.7026
1074.000       9.3382
1075.000       9.2999
1077.000       8.9929
1078.000       8.8024
1079.000       8.4835
1080.000       8.3003
1081.000       8.4281
1083.000       8.6668
1084.000       8.6244
1087.000       8.9708
1088.000       9.0173
1089.000       9.6120
1091.000       9.5294
1093.000       9.8372
1095.000       9.6775
1096.000       9.2806
1097.000       9.5097
1098.000       9.0849
1099.000       8.9245
1100.000       9.0447
1103.000       8.7237
1105.000       8.6807
1106.000       8.2602
1108.000       8.0205
1109.000       8.1615
1111.000       8.0071
1113.000       7.6834
1114.000       7.5755
1117.000       7.5358
1118.000       7.7042
1119.000       7.6166
1120.000       8.2522
1122.000       8.0347
1124.000       8.1610
1126.000       8.2520
1127.000       7.8777
1128.000       8.0537
1129.000       7.8372
1130.000       7.4335
1131.000       7.4289
1134.000       7.0605
1136.000       7.0435
1137.000       6.6739
1139.000       6.5788
1140.000       6.7853
1142.000       6.7845
1144.000       6.5536
1145.000       6.6076
1148.000       6.3398
1149.000       6.3476
1150.000       6.2111
1151.000       6.6490
1153.000       6.4252
1155.000       6.4545
1157.000       6.5961
1158.000       6.2885
1159.000       6.3772
1160.000       6.3330
1161.000       5.9372
1162.000       5.8615
1165.000       5.6221
1167.000       5.6944
1168.000       5.4844
1170.000       5.4888
1171.000       5.6402
1173.000       5.7467
1175.000       5.6892
1176.000       5.8635
1179.000       5.5389
1180.000       5.4333
1181.000       5.3660
1182.000       5.3236
1184.000       5.2516
1186.000       5.2916
1188.000       5.2342
1189.000       4.9960
1190.000       5.0141
1191.000       5.0459
1192.000       4.8539
1193.000       4.8970
1196.000       4.8615
1198.000       4.9426
1199.000       4.9231
1201.000       4.8977
1202.000       4.8338
1204.000       4.9405
1205.000       5.0708
1206.000       5.3008
1207.000       5.4485
1210.000       5.4596
1211.000       5.3999
1213.000       5.2125
1214.000       5.0412
1215.000       4.7008
1217.000       4.8170
1219.000       4.9844
1221.000       4.6865
1222.000       4.5188
1223.000       4.6247
1224.000       4.3817
1225.000       4.5073
1226.000       4.6505
1229.000       4.6745
1231.000       4.7034
1232.000       4.6625
1234.000       4.5286
1235.000       4.3344
1237.000       4.2809
1238.000       4.4685
1239.000       4.5901
1240.000       4.5145
1243.000       4.8556
1244.000       4.9838
1246.000       4.8843
1247.000       4.6254
1248.000       4.5345
1250.000       4.6190
1252.000       4.8044
1254.000       4.5741
1255.000       4.4088
1256.000       4.5433
1257.000       4.3077
1258.000       4.3011
1259.000       4.4198
1262.000       4.3687
1264.000       4.3454
1265.000       4.2423
1267.000       4.0944
1268.000       4.0082
1270.000       3.8968
1271.000       3.9107
1272.000       3.8612
1273.000       3.7807
1274.000       3.9619
1276.000       4.1104
1277.000       4.2573
1280.000       4.1532
1281.000       4.0440
1282.000       4.2129
1284.000       4.2098
1286.000       4.3730
1288.000       4.2775
1289.000       4.1660
1290.000       4.3158
1291.000       4.0636
1292.000       4.0856
1293.000       4.1910
1296.000       4.1304
1298.000       4.0926
1299.000       3.9986
1301.000       3.8726
1302.000       3.8360
1304.000       3.7460
1306.000       3.6880
1307.000       3.6267
1310.000       3.7354
1311.000       3.8302
1312.000       3.9120
1313.000       3.9968
1315.000       3.9822
1317.000       4.1232
1319.000       4.0586
1320.000       4.0091
1321.000       4.0975
1322.000       4.0632
1323.000       3.9772
1324.000       4.0430
1327.000       3.9742
1329.000       3.9490
1330.000       3.8537
1332.000       3.6904
1333.000       3.6320
1335.000       3.5090
1336.000       3.4932
1337.000       3.4341
1338.000       3.3702
1339.000       3.5222
1341.000       3.6450
1342.000       3.7707
1345.000       3.6968
1346.000       3.6138
1347.000       3.8060
1349.000       3.8188
1351.000       4.0195
1353.000       3.8679
1354.000       3.7433
1355.000       3.8828
1356.000       3.6489
1357.000       3.6521
1358.000       3.7676
1361.000       3.7057
1363.000       3.6686
1364.000       3.5511
1366.000       3.3822
1367.000       3.3414
1369.000       3.2030
1370.000       3.1458
1371.000       3.0320
1372.000       2.9488
1373.000       3.0650
1375.000       3.1946
1376.000       3.2549
1379.000       3.3000
1380.000       3.2653
1381.000       3.5568
1383.000       3.5341
1385.000       3.6946
1387.000       3.6280
1388.000       3.4957
1389.000       3.6771
1390.000       3.3971
1391.000       3.3631
1392.000       3.4861
1395.000       3.3885
1397.000       3.3177
1398.000       3.1782
1400.000       2.9979
1401.000       2.9559
1403.000       2.8142
1405.000       2.6963
1406.000       2.5960
1407.000       2.7560
1409.000       2.9049
1410.000       2.9882
1411.000       3.2254
1413.000       3.1640
1415.000       3.3248
1417.000       3.3148
1418.000       3.2194
1419.000       3.3945
1420.000       3.1286
1421.000       3.1102
1422.000       3.0770
1425.000       2.9965
1427.000       2.9368
1428.000       2.8156
1430.000       2.6701
1431.000       2.6711
1433.000       2.5676
1434.000       2.4872
1435.000       2.3934
1436.000       2.3522
1439.000       2.3876
1440.000       2.4698
1442.000       2.5572
1443.000       2.5572
1444.000       2.8704
1446.000       2.8240
1448.000       2.9678
1450.000       2.9541
1451.000       2.8879
1452.000       3.0453
1453.000       2.8691
1454.000       2.7379
1455.000       2.7614
1458.000       2.6335
1460.000       2.5607
1461.000       2.4720
1463.000       2.4385
1464.000       2.4713
1466.000       2.4405
1467.000       2.3869
1468.000       2.3685
1469.000       2.3959
1470.000       2.3577
1472.000       2.3637
1473.000       2.3870
1476.000       2.3818
1477.000       2.3903
1478.000       2.5841
1480.000       2.4972
1482.000       2.5285
1484.000       2.6559
1485.000       2.7109
1486.000       2.8281
1487.000       2.7714
1488.000       2.6400
1489.000       2.6328
1492.000       2.6009
1494.000       2.5411
1495.000       2.5414
1497.000       2.5088
1498.000       2.5198
1500.000       2.5328
1502.000       2.5308
1503.000       2.5861
1504.000       2.5164
1506.000       2.5120
1507.000       2.5514
1508.000       2.6286
1510.000       2.6208
1512.000       2.7096
1514.000       2.7177
1515.000       2.7807
1516.000       2.9150
1517.000       2.7919
1518.000       2.7508
1519.000       2.8217
1522.000       2.8203
1524.000       2.7692
1525.000       2.7566
1527.000       2.6608
1528.000       2.6179
1530.000       2.5562
1531.000       2.5617
1532.000       2.5456
1533.000       2.5074
1536.000       2.5995
1537.000       2.6664
1539.000       2.6869
1540.000       2.6293
1541.000       2.8021
1543.000       2.8093
1545.000       2.9315
1547.000       2.8962
1548.000       2.8926
1549.000       3.0447
1550.000       2.8327
1551.000       2.8475
1552.000       2.9564
1555.000       2.9114
1557.000       2.8503
1558.000       2.7782
1560.000       2.6598
1561.000       2.6243
1563.000       2.5452
1564.000       2.5242
1565.000       2.4750
1566.000       2.4331
1569.000       2.5026
1570.000       2.5789
1572.000       2.6315
1573.000       2.5974
1574.000       2.8346
1576.000       2.8023
1578.000       2.9239
1580.000       2.9154
1581.000       2.8677
1582.000       3.0277
1583.000       2.7975
1584.000       2.7880
1585.000       2.9001
1588.000       2.8053
1590.000       2.7640
1591.000       2.6472
1593.000       2.5468
1594.000       2.5481
1596.000       2.4732
1597.000       2.4198
1598.000       2.3574
1599.000       2.3340
1600.000       2.3551
1602.000       2.4030
1603.000       2.4200
1606.000       2.4598
1607.000       2.4650
1608.000       2.6633
1610.000       2.6133
1612.000       2.7221
1614.000       2.7106
1615.000       2.6221
1616.000       2.7394
1617.000       2.6294
1618.000       2.4683
1619.000       2.4722
1622.000       2.3257
1624.000       2.3341
1625.000       2.2368
1627.000       2.2244
1628.000       2.2829
1630.000       2.2852
1632.000       2.2292
1633.000       2.2500
1636.000       2.1924
1637.000       2.1862
1638.000       2.1771
1639.000       2.2072
1641.000       2.1886
1643.000       2.2658
1645.000       2.1606
1646.000       2.3012
1647.000       2.5540
1648.000       2.4610
1649.000       2.2259
1650.000       2.1433
1653.000       2.0771
1655.000       2.1012
1656.000       2.0910
1658.000       2.0808
1659.000       2.2139
1661.000       2.3347
1662.000       2.2687
1663.000       2.4616
1664.000       2.7282
1667.000       2.5184
1668.000       2.3870
1670.000       2.1962
1671.000       2.1242
1672.000       2.0663
1674.000       2.1670
1676.000       2.4629
1678.000       2.0463
1679.000       2.0930
1680.000       2.2017
1681.000       2.1403
1682.000       2.1331
1683.000       2.1223
1686.000       2.1434
1688.000       2.1952
1689.000       2.1941
1691.000       2.1850
1692.000       2.1956
1694.000       2.1952
1695.000       2.1876
1696.000       2.2060
1697.000       2.2315
1698.000       2.2226
1700.000       2.2248
1701.000       2.2654
1704.000       2.2064
1705.000       2.1861
1706.000       2.1495
1708.000       2.1855
1710.000       2.2266
1712.000       2.1696
1713.000       2.1947
1714.000       2.2785
1715.000       2.2168
1716.000       2.1817
1717.000       2.2297
1720.000       2.2397
1722.000       2.2239
1723.000       2.2224
1725.000       2.1831
1726.000       2.1581
1728.000       2.1532
1729.000       2.1686
1730.000       2.1891
1731.000       2.2004
1732.000       2.2334
1734.000       2.2600
1735.000       2.3302
1738.000       2.2449
1739.000       2.1914
1740.000       2.2461
1742.000       2.2596
1744.000       2.3368
1746.000       2.3142
1747.000       2.3784
1748.000       2.4918
1749.000       2.4037
1750.000       2.3826
1751.000       2.4298
1754.000       2.4634
1756.000       2.4188
1757.000       2.4593
1759.000       2.3620
1760.000       2.3108
1762.000       2.2784
1763.000       2.2976
1764.000       2.3066
1765.000       2.3082
1766.000       2.3563
1768.000       2.4049
1769.000       2.4736
1772.000       2.4132
1773.000       2.3514
1774.000       2.5330
1776.000       2.5996
1778.000       2.7942
1780.000       2.6227
1781.000       2.6915
1782.000       2.8608
1783.000       2.6834
1784.000       2.7031
1785.000       2.8201
1788.000       2.8989
1790.000       2.8501
1791.000       3.0210
1793.000       2.8436
1794.000       2.8498
1796.000       2.7368
1797.000       2.6498
1798.000       2.5665
1799.000       2.5431
1802.000       2.5555
1803.000       2.6100
1805.000       2.6927
1806.000       2.7084
1807.000       3.0028
1809.000       3.2638
1811.000       3.8577
1813.000       3.1356
1814.000       2.9081
1815.000       3.0800
1816.000       2.8308
1817.000       2.8935
1818.000       2.9059
1821.000       3.0111
1823.000       3.2363
1824.000       3.3231
1826.000       3.4528
1827.000       3.5628
1829.000       3.7376
1830.000       3.7656
1831.000       4.0372
1832.000       4.2227
1835.000       4.2691
1836.000       4.2254
1838.000       3.9069
1839.000       3.6638
1840.000       2.9521
1842.000       3.1508
1844.000       3.3251
1846.000       3.0423
1847.000       2.9116
1848.000       3.1356
1849.000       2.8060
1850.000       2.7776
1851.000       2.8917
1854.000       2.8031
1856.000       2.8106
1857.000       2.6500
1859.000       2.5661
1860.000       2.6248
1862.000       2.5976
1864.000       2.5264
1865.000       2.5719
1868.000       2.4782
1869.000       2.4867
1870.000       2.4699
1871.000       2.6095
1873.000       2.5634
1875.000       2.6644
1877.000       2.6533
1878.000       2.5560
1879.000       2.7306
1880.000       2.5152
1881.000       2.4027
1882.000       2.4294
1885.000       2.3202
1887.000       2.2535
1888.000       2.1849
1890.000       2.1398
1891.000       2.1487
1893.000       2.1554
1895.000       2.1668
1896.000       2.2279
1897.000       2.1573
1899.000       2.1390
1900.000       2.1676
1901.000       2.2679
1903.000       2.2065
1905.000       2.2718
1907.000       2.3680
1908.000       2.4125
1909.000       2.5672
1910.000       2.3981
1911.000       2.3773
1912.000       2.4237
1915.000       2.3963
1917.000       2.3169
1918.000       2.3356
1920.000       2.2835
1921.000       2.2407
1923.000       2.2175
1925.000       2.2524
1926.000       2.2677
1929.000       2.3078
1930.000       2.3193
1931.000       2.3998
1932.000       2.4365
1934.000       2.4258
1936.000       2.5152
1938.000       2.5563
1939.000       2.6507
1940.000       2.8321
1941.000       2.6138
1942.000       2.6639
1943.000       2.7772
1946.000       2.8073
1948.000       2.7235
1949.000       2.7413
1951.000       2.6160
1952.000       2.5146
1954.000       2.4380
1955.000       2.5012
1956.000       2.5187
1957.000       2.4641
1960.000       2.6426
1961.000       2.7401
1963.000       2.7393
1964.000       2.6136
1965.000       2.8381
1967.000       2.8552
1969.000       3.0192
1971.000       2.9879
1972.000       2.9940
1973.000       3.2189
1974.000       2.8644
1975.000       2.9816
1976.000       3.1730
1979.000       3.1594
1981.000       3.0535
1982.000       2.9799
1984.000       2.7435
1985.000       2.6268
1987.000       2.4437
1989.000       2.3915
1990.000       2.2704
1993.000       2.5280
1994.000       2.6977
1995.000       2.8586
1996.000       3.0785
1998.000       3.0642
2000.000       3.2988
2002.000       3.2501
2003.000       3.1704
2004.000       3.4364
2005.000       2.9859
2006.000       3.0906
2007.000       3.3047
2010.000       3.2414
2012.000       3.1321
2013.000       3.0054
2015.000       2.7496
2016.000       2.6357
2018.000       2.4336
2020.000       2.3506
2021.000       2.1988
2024.000       2.4809
2025.000       2.6747
2026.000       2.8302
2027.000       3.0920
2029.000       3.0610
2031.000       3.3070
2033.000       3.2416
2034.000       3.1402
2035.000       3.3763
2036.000       3.0309
2037.000       2.9926
2038.000       3.1370
2041.000       3.0217
2043.000       2.8886
2044.000       2.7358
2046.000       2.5173
2047.000       2.4905
2049.000       2.3387
2051.000       2.1907
2052.000       2.1007
2053.000       2.2321
2055.000       2.3934
2056.000       2.4737
2057.000       2.8875
2059.000       2.7982
2061.000       2.9950
2063.000       3.0462
2064.000       3.0065
2065.000       3.2369
2066.000       3.0073
2067.000       2.8055
2068.000       2.8575
2071.000       2.6845
2073.000       2.5149
2074.000       2.3525
2076.000       2.2529
2077.000       2.3561
2079.000       2.3512
2081.000       2.2365
2082.000       2.3179
2085.000       2.1393
2086.000       2.1424
2087.000       2.1323
2088.000       2.6223
2090.000       2.4530
2092.000       2.5413
2094.000       2.8028
2095.000       2.8646
2096.000       3.1162
2097.000       2.8573
2098.000       2.7417
2099.000       2.8044
2102.000       2.7206
2104.000       2.5329
2105.000       2.5147
2107.000       2.4320
2108.000       2.4153
2110.000       2.3986
2112.000       2.4074
2113.000       2.4691
2116.000       2.4326
2117.000       2.4392
2118.000       2.5243
2119.000       2.7900
2121.000       2.7137
2123.000       2.8320
2125.000       3.0130
2126.000       3.1461
2127.000       3.4004
2128.000       3.0909
2129.000       3.1254
2130.000       3.2579
2133.000       3.2755
2135.000       3.0976
2136.000       3.1344
2138.000       3.0006
2139.000       2.8803
2141.000       2.8105
2142.000       2.8976
2143.000       2.9538
2144.000       2.9147
2147.000       3.1169
2148.000       3.2174
2150.000       3.1856
2151.000       3.0205
2152.000       3.3716
2154.000       3.3494
2156.000       3.5350
2158.000       3.6099
2159.000       3.7863
2160.000       4.0297
2161.000       3.7524
2162.000       3.7834
2163.000       3.9745
2166.000       4.0023
2168.000       3.7766
2169.000       3.9348
2171.000       3.6769
2172.000       3.5113
2174.000       3.3746
2175.000       3.4615
2176.000       3.4810
2177.000       3.3940
2180.000       3.6745
2181.000       3.8310
2183.000       3.8348
2184.000       3.6452
2185.000       4.2534
2187.000       4.3478
2189.000       4.6391
2191.000       4.1945
2192.000       4.4208
2193.000       4.6089
2194.000       4.4871
2195.000       4.4365
2196.000       4.5211
2199.000       4.5675
2201.000       4.4018
2202.000       4.4376
2204.000       4.2251
2205.000       4.1178
2207.000       3.9799
2209.000       3.9394
2210.000       3.8671
2211.000       4.0567
2213.000       4.2034
2214.000       4.3551
2215.000       4.7047
2217.000       4.7205
2219.000       4.9554
2221.000       4.9589
2222.000       5.1113
2223.000       5.4075
2224.000       4.9772
2225.000       5.1585
2226.000       5.4098
2229.000       5.4798
2231.000       5.2285
2232.000       5.2449
2234.000       4.9340
2235.000       4.7750
2237.000       4.5827
2238.000       4.6126
2239.000       4.5290
2240.000       4.4080
2241.000       4.6657
2243.000       4.8670
2244.000       5.0252
2247.000       4.9626
2248.000       4.8235
2249.000       5.5552
2251.000       5.5582
2253.000       5.9504
2255.000       5.9056
2256.000       6.1117
2257.000       6.4352
2258.000       6.2032
2259.000       5.9766
2260.000       6.0680
2263.000       5.9471
2265.000       6.0105
2266.000       5.9190
2268.000       6.2592
2269.000       6.6426
2271.000       7.0738
2272.000       6.9272
2273.000       7.2940
2274.000       7.8539
2277.000       7.2408
2278.000       6.8713
2280.000       6.4769
2281.000       6.4809
2282.000       5.7666
2284.000       5.6074
2286.000       5.4619
2288.000       5.8612
2289.000       6.1667
2290.000       7.0018
2291.000       6.1758
2292.000       5.8856
2293.000       5.7145
2296.000       5.7469
2298.000       6.1533
2299.000       6.2749
2301.000       6.3655
2302.000       6.5280
2304.000       6.7344
2305.000       6.7640
2306.000       7.1583
2307.000       7.5109
2310.000       7.3723
2311.000       7.1485
2313.000       6.7239
2314.000       6.5554
2315.000       5.4988
2317.000       5.9988
2319.000       6.5883
2321.000       5.5605
2322.000       5.4683
2323.000       5.9777
2324.000       5.4390
2325.000       5.2878
2326.000       5.4127
2329.000       5.2931
2331.000       5.2828
2332.000       4.9760
2334.000       4.9524
2335.000       4.9170
2337.000       5.0121
2338.000       5.0963
2339.000       5.2868
2340.000       5.4362
2343.000       5.4113
2344.000       5.3561
2346.000       5.1976
2347.000       5.0602
2348.000       5.0582
2350.000       4.8627
2352.000       4.6847
2354.000       5.0710
2355.000       5.3036
2356.000       5.6407
2357.000       5.4262
2358.000       5.1219
2359.000       4.9032
2362.000       4.7086
2364.000       4.8483
2365.000       4.7666
2367.000       5.0328
2368.000       5.2493
2370.000       5.5991
2372.000       5.7433
2373.000       6.1641
2376.000       5.5568
2377.000       5.1879
2378.000       5.0996
2379.000       4.6102
2381.000       4.6031
2383.000       4.4983
2385.000       4.4575
2386.000       4.5049
2387.000       4.4018
2388.000       4.7087
2389.000       4.5775
2390.000       4.5089
2393.000       4.6386
2395.000       4.6630
2396.000       4.8729
2398.000       4.9506
2399.000       4.9656
2401.000       5.1685
2402.000       5.3138
2403.000       5.6738
2404.000       5.9494
2407.000       5.8573
2408.000       5.6753
2410.000       5.3444
2411.000       5.1728
2412.000       4.8375
2414.000       4.9859
2416.000       5.3000
2418.000       4.9771
2419.000       5.2856
2420.000       5.5260
2421.000       5.4848
2422.000       5.2318
2423.000       5.4888
2426.000       5.4823
2428.000       5.4456
2429.000       5.2956
2431.000       5.0153
2432.000       4.9169
2434.000       4.7211
2436.000       4.6187
2437.000       4.4774
2440.000       4.7158
2441.000       4.9167
2442.000       5.0508
2443.000       5.2695
2445.000       5.2935
2447.000       5.5836
2449.000       5.3954
2450.000       5.1967
2451.000       5.4520
2452.000       4.9359
2453.000       5.1026
2454.000       5.3493
2457.000       5.2784
2459.000       5.1524
2460.000       4.9621
2462.000       4.6533
2463.000       4.5394
2465.000       4.3079
2466.000       4.2643
2467.000       4.1115
2468.000       3.9517
2471.000       4.1834
2472.000       4.4003
2474.000       4.5618
2475.000       4.4783
2476.000       5.0713
2478.000       5.0100
2480.000       5.2956
2482.000       5.2657
2483.000       5.1450
2484.000       5.4798
2485.000       4.9057
2486.000       4.9904
2487.000       5.2303
2490.000       5.0900
2492.000       4.9224
2493.000       4.6963
2495.000       4.3704
2496.000       4.2917
2498.000       4.0446
2500.000       3.8446
2501.000       3.6598
2502.000       3.9430
2504.000       4.1976
2505.000       4.3125
2506.000       4.8530
2508.000       4.7283
2510.000       4.9999
2512.000       5.0421
2513.000       4.8707
2514.000       5.1744
2515.000       4.6729
2516.000       4.6481
2517.000       4.8244
2520.000       4.6236
2522.000       4.4716
2523.000       4.1976
2525.000       3.9091
2526.000       3.8898
2528.000       3.6649
2530.000       3.4274
2531.000       3.2614
2532.000       3.4674
2534.000       3.7006
2535.000       3.7655
2536.000       4.3549
2538.000       4.1815
2540.000       4.3924
2542.000       4.5051
2543.000       4.3217
2544.000       4.5759
2545.000       4.1863
2546.000       4.0720
2547.000       4.1594
2550.000       3.9406
2552.000       3.8057
2553.000       3.5445
2555.000       3.3356
2556.000       3.3791
2558.000       3.1924
2559.000       2.9943
2560.000       2.7710
2561.000       2.6961
2562.000       2.6923
2564.000       2.8226
2565.000       2.7945
2568.000       3.0221
2569.000       3.0958
2570.000       3.7045
2572.000       3.5268
2574.000       3.6846
2576.000       3.8351
2577.000       3.6928
2578.000       3.9266
2579.000       3.5948
2580.000       3.4677
2581.000       3.5694
2584.000       3.3801
2586.000       3.2253
2587.000       3.0123
2589.000       2.8012
2590.000       2.8433
2592.000       2.7140
2594.000       2.5149
2595.000       2.4438
2596.000       2.4862
2598.000       2.6298
2599.000       2.6608
2600.000       3.2097
2602.000       3.0482
2604.000       3.2133
2606.000       3.3785
2607.000       3.3358
2608.000       3.5877
2609.000       3.3698
2610.000       3.0511
2611.000       3.0440
2614.000       2.8261
2616.000       2.6919
2617.000       2.5711
2619.000       2.4721
2620.000       2.6090
2622.000       2.6700
2624.000       2.5833
2625.000       2.7515
2628.000       2.4513
2629.000       2.3936
2630.000       2.3988
2631.000       2.7559
2633.000       2.6729
2635.000       2.8921
2637.000       2.7826
2638.000       2.8128
2639.000       2.8026
2640.000       2.8166
2641.000       3.0126
2642.000       3.1542
2645.000       3.4020
2647.000       3.4300
2648.000       3.6319
2650.000       3.5513
2651.000       3.3552
2653.000       3.4121
2654.000       3.6627
2655.000       3.8881
2656.000       3.9296
2657.000       4.1419
2659.000       4.1949
2660.000       4.4757
2663.000       4.0191
2664.000       3.7450
2665.000       3.5338
2667.000       3.7629
2669.000       4.0100
2671.000       3.6754
2672.000       3.7308
2673.000       3.9403
2674.000       3.4871
2675.000       3.9544
2676.000       4.2858
2679.000       4.5010
2681.000       4.4175
2682.000       4.5732
2684.000       4.3689
2685.000       4.0353
2687.000       3.9182
2689.000       4.1565
2690.000       4.1514
2691.000       4.4702
2693.000       4.5855
2694.000       4.9098
2695.000       4.5380
2697.000       4.7221
2699.000       5.0675
2701.000       4.7484
2702.000       4.7562
2703.000       5.0129
2704.000       4.3638
2705.000       5.0373
2706.000       5.4693
2709.000       5.7064
2711.000       5.5661
2712.000       5.6756
2714.000       5.3420
2715.000       4.9586
2717.000       4.7757
2718.000       5.0829
2719.000       5.1796
2720.000       4.9671
2723.000       5.5547
2724.000       5.8167
2726.000       5.7858
2727.000       5.4138
2728.000       5.7228
2730.000       5.9079
2732.000       6.3504
2734.000       6.0088
2735.000       6.0422
2736.000       6.3520
2737.000       5.6844
2738.000       6.2272
2739.000       6.5476
2742.000       6.7150
2744.000       6.5124
2745.000       6.5701
2747.000       6.1711
2748.000       5.7770
2750.000       5.5145
2751.000       5.7756
2752.000       5.7528
2753.000       5.4814
2754.000       6.1429
2756.000       6.4918
2757.000       6.8559
2760.000       6.5313
2761.000       6.1699
2762.000       6.7391
2764.000       6.8355
2766.000       7.2632
2768.000       7.0843
2769.000       7.0967
2770.000       7.5286
2771.000       6.7035
2772.000       7.1315
2773.000       7.5445
2776.000       7.5321
2778.000       7.2556
2779.000       7.1023
2781.000       6.6113
2782.000       6.3504
2784.000       5.9216
2786.000       5.7658
2787.000       5.3863
2790.000       6.0383
2791.000       6.4558
2792.000       6.7321
2793.000       7.3996
2795.000       7.3245
2797.000       7.7405
2799.000       7.7534
2800.000       7.6612
2801.000       8.1096
2802.000       7.3027
2803.000       7.5309
2804.000       7.8429
2807.000       7.6937
2809.000       7.4331
2810.000       7.1344
2812.000       6.6772
2813.000       6.5328
2815.000       6.1175
2816.000       5.9769
2817.000       5.6099
2818.000       5.2487
2821.000       5.6561
2822.000       6.0468
2824.000       6.3943
2825.000       6.3356
2826.000       7.4475
2828.000       7.2675
2830.000       7.6144
2832.000       7.7309
2833.000       7.5862
2834.000       7.9737
2835.000       7.3616
2836.000       7.3077
2837.000       7.5184
2840.000       7.2490
2842.000       6.9675
2843.000       6.6130
2845.000       6.2531
2846.000       6.2680
2848.000       5.9452
2849.000       5.6724
2850.000       5.2897
2851.000       5.0984
2852.000       5.1918
2854.000       5.4462
2855.000       5.3955
2858.000       5.7941
2859.000       5.8796
2860.000       7.0168
2862.000       6.7186
2864.000       6.9367
2866.000       7.2896
2867.000       7.2095
2868.000       7.5837
2869.000       7.2619
2870.000       6.7168
2871.000       6.6970
2874.000       6.2773
2876.000       5.9731
2877.000       5.6394
2879.000       5.5122
2880.000       5.7890
2882.000       5.8066
2884.000       5.5258
2885.000       5.6279
2886.000       5.2317
2888.000       5.2227
2889.000       5.0780
2890.000       6.1557
2892.000       5.7783
2894.000       5.8189
2896.000       6.3921
2897.000       6.5428
2898.000       6.7998
2899.000       6.6183
2900.000       6.3803
2901.000       6.3989
2904.000       6.2597
2906.000       5.9791
2907.000       5.8767
2909.000       5.7682
2910.000       5.9022
2912.000       5.9193
2914.000       5.8115
2915.000       5.9133
2916.000       5.6553
2918.000       5.6173
2919.000       5.5157
2920.000       6.3947
2922.000       6.1682
2924.000       6.2516
2926.000       6.7092
2927.000       6.9973
2928.000       7.3373
2929.000       7.0499
2930.000       6.8892
2931.000       7.1186
2934.000       7.0325
2936.000       7.1231
2937.000       6.8413
2939.000       6.6400
2940.000       6.7220
2942.000       6.5848
2943.000       6.3812
2944.000       6.2147
2945.000       6.2253
2946.000       6.0818
2948.000       6.1198
2949.000       6.0251
2952.000       6.3002
2953.000       6.4129
2954.000       6.6616
2956.000       6.6202
2958.000       6.8336
2960.000       6.7113
2961.000       6.4428
2962.000       6.7249
2963.000       6.4266
2964.000       6.0228
2965.000       5.9989
2968.000       5.6356
2970.000       5.6519
2971.000       5.2964
2973.000       5.2435
2974.000       5.3849
2976.000       5.3631
2977.000       5.2051
2978.000       5.1966
2979.000       5.3430
2982.000       5.1241
2983.000       5.0277
2985.000       5.0196
2986.000       5.1200
2987.000       5.2744
2989.000       5.0357
2991.000       4.9284
2993.000       5.2161
2994.000       5.0036
2995.000       5.1061
2996.000       5.0845
2997.000       4.7125
2998.000       4.6495
3001.000       4.4747
3003.000       4.5241
3004.000       4.5060
3006.000       4.7238
3007.000       4.8879
3009.000       5.2169
3011.000       5.3870
3012.000       5.7977
3015.000       5.2564
3016.000       4.9171
3017.000       4.9034
3018.000       4.3672
3020.000       4.3897
3022.000       4.4114
3024.000       4.3531
3025.000       4.2642
3026.000       4.4904
3027.000       4.2349
3028.000       4.0902
3029.000       4.0537
3032.000       3.9407
3034.000       4.1920
3035.000       4.1342
3037.000       4.5089
3038.000       4.8552
3040.000       5.3169
3042.000       5.4765
3043.000       5.9651
3044.000       5.2445
3046.000       4.7891
3047.000       4.8732
3048.000       3.7259
3050.000       3.8752
3052.000       3.8229
3054.000       3.6694
3055.000       3.6227
3056.000       3.7434
3057.000       3.6335
3058.000       3.6572
3059.000       3.7828
3062.000       3.9285
3064.000       4.0498
3065.000       4.1214
3067.000       4.1222
3068.000       4.1181
3070.000       4.3015
3071.000       4.3979
3072.000       4.6711
3073.000       4.9352
3076.000       4.7781
3077.000       4.6547
3079.000       4.4369
3080.000       4.2918
3081.000       3.8997
3083.000       4.0851
3085.000       4.3212
3087.000       4.0020
3088.000       3.9999
3089.000       4.2523
3090.000       3.8674
3091.000       4.0749
3092.000       4.3010
3095.000       4.4155
3097.000       4.3291
3098.000       4.4527
3100.000       4.3367
3101.000       4.1223
3103.000       4.1217
3105.000       4.3633
3106.000       4.4781
3109.000       4.5627
3110.000       4.5445
3111.000       4.7890
3112.000       4.4745
3114.000       4.6182
3116.000       4.9072
3118.000       4.7005
3119.000       4.7905
3120.000       5.1157
3121.000       4.5088
3122.000       4.9799
3123.000       5.3690
3126.000       5.5612
3128.000       5.3667
3129.000       5.4857
3131.000       5.1647
3132.000       4.7960
3134.000       4.5605
3136.000       4.7241
3137.000       4.6285
3138.000       5.0967
3140.000       5.3172
3141.000       5.6909
3142.000       5.6213
3144.000       5.7702
3146.000       6.2090
3148.000       5.9661
3149.000       6.0279
3150.000       6.4307
3151.000       5.6232
3152.000       6.1901
3153.000       6.6298
3156.000       6.7549
3158.000       6.5084
3159.000       6.5051
3161.000       6.0782
3162.000       5.7012
3164.000       5.3928
3165.000       5.6058
3166.000       5.5245
3167.000       5.2241
3168.000       5.8978
3170.000       6.2742
3171.000       6.6183
3174.000       6.3587
3175.000       6.0210
3176.000       6.7391
3178.000       6.7889
3180.000       7.2493
3182.000       7.1043
3183.000       7.0862
3184.000       7.5351
3185.000       6.7403
3186.000       7.0082
3187.000       7.3738
3190.000       7.2762
3192.000       6.9534
3193.000       6.7474
3195.000       6.2748
3196.000       6.0916
3198.000       5.6751
3200.000       5.4062
3201.000       5.0514
3202.000       5.6413
3204.000       6.0655
3205.000       6.2835
3206.000       7.1268
3208.000       6.9502
3210.000       7.3339
3212.000       7.4991
3213.000       7.4612
3214.000       7.9035
3215.000       7.1293
3216.000       7.3532
3217.000       7.6807
3220.000       7.5578
3222.000       7.3006
3223.000       7.0596
3225.000       6.6097
3226.000       6.4557
3228.000       6.0627
3230.000       5.7793
3231.000       5.4334
3232.000       5.9686
3234.000       6.3747
3235.000       6.5425
3236.000       7.3355
3238.000       7.1913
3240.000       7.5354
3242.000       7.6110
3243.000       7.4350
3244.000       7.8362
3245.000       7.1429
3246.000       7.1916
3247.000       7.4141
3250.000       7.1925
3252.000       6.9636
3253.000       6.6172
3255.000       6.2069
3256.000       6.1535
3258.000       5.7862
3259.000       5.5614
3260.000       5.1677
3261.000       4.8813
3264.000       5.1067
3265.000       5.4336
3267.000       5.8014
3268.000       5.8352
3269.000       6.8880
3271.000       6.6753
3273.000       6.9611
3275.000       7.1101
3276.000       6.9024
3277.000       7.2549
3278.000       6.7984
3279.000       6.4678
3280.000       6.5463
3283.000       6.1383
3285.000       5.9015
3286.000       5.4673
3288.000       5.2374
3289.000       5.4620
3291.000       5.3485
3293.000       4.9688
3294.000       4.9299
3295.000       4.7258
3297.000       4.8543
3298.000       4.7081
3299.000       5.8225
3301.000       5.4445
3303.000       5.5178
3305.000       5.9782
3306.000       5.8062
3307.000       6.0606
3308.000       5.7087
3309.000       5.5115
3310.000       5.5976
3313.000       5.3124
3315.000       5.1135
3316.000       4.8051
3318.000       4.6083
3319.000       4.7256
3321.000       4.5457
3322.000       4.2664
3323.000       4.0005
3324.000       3.9640
3325.000       3.8165
3327.000       3.8949
3328.000       3.7548
3331.000       4.1450
3332.000       4.3127
3333.000       5.1036
3335.000       4.8330
3337.000       4.9215
3339.000       5.2529
3340.000       5.1912
3341.000       5.4075
3342.000       5.2351
3343.000       4.8753
3344.000       4.8337
3347.000       4.5485
3349.000       4.3653
3350.000       4.1255
3352.000       4.0304
3353.000       4.2332
3355.000       4.2016
3357.000       3.9513
3358.000       3.9548
3359.000       3.7400
3361.000       3.7723
3362.000       3.6147
3363.000       4.4523
3365.000       4.1778
3367.000       4.1805
3369.000       4.6086
3370.000       4.7131
3371.000       4.9347
3372.000       4.8755
3373.000       4.4270
3374.000       4.5695
3377.000       4.2916
3379.000       4.2546
3380.000       3.9936
3382.000       3.9945
3383.000       4.0438
3385.000       4.1635
3386.000       4.2010
3387.000       4.4484
3388.000       4.6339
3389.000       4.6169
3391.000       4.5718
3392.000       4.9145
3395.000       4.3205
3396.000       4.1280
3397.000       3.9802
3399.000       3.7979
3401.000       3.7748
3403.000       3.9594
3404.000       3.9231
3405.000       4.0112
3406.000       4.0839
3407.000       3.6728
3408.000       3.5296
3411.000       3.2770
3413.000       3.3069
3414.000       3.1348
3416.000       3.3059
3417.000       3.5131
3419.000       3.6633
3420.000       3.5584
3421.000       3.6702
3422.000       3.9118
3425.000       3.5811
3426.000       3.3695
3428.000       3.2321
3429.000       3.3409
3430.000       3.1500
3432.000       2.9861
3434.000       2.7956
3436.000       3.0741
3437.000       3.1276
3438.000       3.3998
3439.000       3.0501
3440.000       3.0291
3441.000       3.1599
3444.000       3.0005
3446.000       2.8419
3447.000       2.6515
3449.000       2.4626
3450.000       2.4900
3452.000       2.3884
3454.000       2.2427
3455.000       2.2257
3456.000       2.2139
3458.000       2.3235
3459.000       2.3619
3460.000       2.8673
3462.000       2.7098
3464.000       2.8639
3466.000       3.0559
3467.000       3.0174
3468.000       3.2989
3469.000       2.8352
3470.000       2.9611
3471.000       3.1382
3474.000       3.1148
3476.000       2.9601
3477.000       2.8950
3479.000       2.6393
3480.000       2.5091
3482.000       2.3223
3484.000       2.2575
3485.000       2.1545
3486.000       2.4085
3488.000       2.5973
3489.000       2.7742
3490.000       3.0487
3492.000       3.0242
3494.000       3.2937
3496.000       3.2592
3497.000       3.2237
3498.000       3.5187
3499.000       3.0289
3500.000       3.1582
3501.000       3.4625
3504.000       3.3611
3506.000       3.1868
3507.000       3.0510
3509.000       2.7906
3510.000       2.6525
3512.000       2.4625
3513.000       2.4713
3514.000       2.3662
3515.000       2.2300
3516.000       2.5032
3518.000       2.7051
3519.000       2.8554
3522.000       2.8051
3523.000       2.6788
3524.000       3.2408
3526.000       3.1671
3528.000       3.4111
3530.000       3.4448
3531.000       3.4261
3532.000       3.7024
3533.000       3.2708
3534.000       3.3571
3535.000       3.4944
3538.000       3.4557
3540.000       3.2717
3541.000       3.1856
3543.000       2.9445
3544.000       2.8364
3546.000       2.6504
3547.000       2.6295
3548.000       2.5065
3549.000       2.3739
3550.000       2.6087
3552.000       2.7979
3553.000       2.9203
3556.000       2.9119
3557.000       2.8177
3558.000       3.4307
3560.000       3.3661
3562.000       3.5996
3564.000       3.6618
3565.000       3.7297
3566.000       3.9949
3567.000       3.6445
3568.000       3.6569
3569.000       3.8018
3572.000       3.7357
3574.000       3.5104
3575.000       3.4360
3577.000       3.2297
3578.000       3.1925
3580.000       3.0470
3582.000       2.9299
3583.000       2.8429
3584.000       2.9821
3586.000       3.1276
3587.000       3.2007
3588.000       3.7624
3590.000       3.6165
3592.000       3.7787
3594.000       4.0380
3595.000       4.2900
3596.000       4.4489
3597.000       4.5546
3598.000       4.2990
3599.000       4.2918
3602.000       4.4046
3604.000       4.7709
3605.000       5.0161
3607.000       5.4243
3608.000       5.6454
3610.000       6.1608
3611.000       6.3697
3612.000       7.1251
3613.000       7.7053
3616.000       7.4873
3617.000       7.0724
3619.000       6.2889
3620.000       5.9593
3621.000       4.4138
3623.000       4.9431
3625.000       5.2249
3627.000       4.3286
3628.000       4.3182
3629.000       4.3341
3630.000       5.0073
3631.000       3.8171
3632.000       3.4460
3635.000       3.2416
3637.000       3.1066
3638.000       2.9262
3640.000       2.7909
3641.000       2.7970
3643.000       2.6773
3644.000       2.5831
3645.000       2.4622
3646.000       2.4054
3647.000       2.4433
3649.000       2.5230
3650.000       2.5268
3653.000       2.6314
3654.000       2.6570
3655.000       3.0328
3657.000       2.9034
3659.000       3.0789
3661.000       3.1581
3662.000       3.1257
3663.000       3.3083
3664.000       3.1472
3665.000       2.9381
3666.000       2.9325
3669.000       2.7584
3671.000       2.6736
3672.000       2.5361
3674.000       2.4947
3675.000       2.5606
3677.000       2.5254
3678.000       2.4229
3679.000       2.3645
3680.000       2.3883
3683.000       2.3200
3684.000       2.3307
3686.000       2.3733
3687.000       2.4133
3688.000       2.6826
3690.000       2.5350
3692.000       2.5517
3694.000       2.7701
3695.000       2.8315
3696.000       3.0040
3697.000       2.8980
3698.000       2.7074
3699.000       2.7103
3702.000       2.6596
3704.000       2.5891
3705.000       2.5679
3707.000       2.5336
3708.000       2.5830
3710.000       2.5850
3711.000       2.5217
3712.000       2.5212
3713.000       2.5889
3714.000       2.4773
3716.000       2.4516
3717.000       2.4567
3720.000       2.4626
3721.000       2.4891
3722.000       2.6931
3724.000       2.6617
3726.000       2.7411
3728.000       2.7679
3729.000       2.9504
3730.000       2.8514
3731.000       3.1895
3732.000       3.2774
3733.000       3.3532
3736.000       3.2843
3738.000       3.2442
3739.000       3.1445
3741.000       2.9787
3742.000       2.9459
3744.000       2.8395
3745.000       2.7949
3746.000       2.7382
3747.000       2.7031
3748.000       2.8023
3750.000       2.9138
3751.000       3.0331
3754.000       2.9663
3755.000       2.8955
3756.000       3.1366
3758.000       3.1537
3760.000       3.3722
3762.000       3.2478
3763.000       3.1703
3764.000       3.3897
3765.000       3.0317
3766.000       3.1144
3767.000       3.2963
3770.000       3.2714
3772.000       3.1410
3773.000       3.0717
3775.000       2.8590
3776.000       2.7626
3778.000       2.6261
3780.000       2.5909
3781.000       2.5236
3784.000       2.6853
3785.000       2.8204
3786.000       2.9551
3787.000       3.2064
3789.000       3.1820
3791.000       3.4239
3793.000       3.4047
3794.000       3.4048
3795.000       3.6667
3796.000       3.2545
3797.000       3.3405
3798.000       3.4999
3801.000       3.4205
3803.000       3.2437
3804.000       3.1170
3806.000       2.9144
3807.000       2.8888
3809.000       2.7239
3811.000       2.5704
3812.000       2.4538
3813.000       2.6164
3815.000       2.7801
3816.000       2.8420
3817.000       3.3686
3819.000       3.2301
3821.000       3.3815
3823.000       3.5914
3824.000       3.5845
3825.000       3.7055
3826.000       3.7676
3827.000       3.4633
3828.000       3.5592
3831.000       3.4551
3833.000       3.2857
3834.000       3.1140
3836.000       2.9701
3837.000       3.0201
3839.000       2.8932
3840.000       2.7412
3841.000       2.5944
3842.000       2.5616
3845.000       2.5173
3846.000       2.5784
3848.000       2.7160
3849.000       2.7893
3850.000       3.3972
3852.000       3.1663
3854.000       3.0779
3856.000       3.4638
3857.000       3.7400
3858.000       3.8808
3859.000       3.8093
3860.000       3.8494
3861.000       3.8127
3864.000       4.0246
3866.000       4.4632
3867.000       4.6513
3869.000       5.0052
3870.000       5.2694
3872.000       5.7153
3873.000       5.8255
3874.000       6.4749
3875.000       7.0023
3878.000       6.8039
3879.000       6.4579
3881.000       5.7533
3882.000       5.4490
3883.000       3.9230
3885.000       4.3210
3887.000       4.6880
3889.000       3.9541
3890.000       3.5400
3891.000       3.7988
3892.000       3.5027
3893.000       3.3519
3894.000       3.3847
3897.000       3.2622
3899.000       3.1235
3900.000       2.9340
3902.000       2.7442
3903.000       2.7442
3905.000       2.5973
3906.000       2.4779
3907.000       2.3371
3908.000       2.2853
3909.000       2.3117
3911.000       2.4188
3912.000       2.4376
3915.000       2.5550
3916.000       2.5722
3917.000       3.1687
3919.000       3.0167
3921.000       3.1507
3923.000       3.3594
3924.000       3.3792
3925.000       3.6396
3926.000       3.3726
3927.000       3.1770
3928.000       3.2165
3931.000       3.0449
3933.000       2.8671
3934.000       2.7242
3936.000       2.6149
3937.000       2.6789
3939.000       2.6226
3941.000       2.4918
3942.000       2.4828
3943.000       2.4348
3945.000       2.4936
3946.000       2.4874
3947.000       3.0072
3949.000       2.8256
3951.000       2.8922
3953.000       3.1798
3954.000       3.2355
3955.000       3.4606
3956.000       3.2587
3957.000       3.0596
3958.000       3.0965
3961.000       2.9171
3963.000       2.7727
3964.000       2.6423
3966.000       2.5744
3967.000       2.6474
3969.000       2.5992
3970.000       2.4817
3971.000       2.4306
3972.000       2.4734
3973.000       2.3806
3975.000       2.3778
3976.000       2.3845
3979.000       2.4225
3980.000       2.4710
3981.000       2.8877
3983.000       2.7228
3985.000       2.7498
3987.000       3.0292
3988.000       3.1217
3989.000       3.3036
3990.000       3.2517
3991.000       2.9656
3992.000       2.9299
3995.000       2.8318
3997.000       2.7505
3998.000       2.6957
4000.000       2.6547
4001.000       2.6951
4003.000       2.6776
4004.000       2.6204
4005.000       2.6185
4006.000       2.6571
4009.000       2.6282
4010.000       2.6375
4012.000       2.6314
4013.000       2.6182
4014.000       2.8238
4016.000       2.7601
4018.000       2.8326
4020.000       2.9251
4021.000       2.9999
4022.000       3.1445
4023.000       3.0596
4024.000       2.9428
4025.000       2.9787
4028.000       2.9625
4030.000       2.8472
4031.000       2.8518
4033.000       2.7788
4034.000       2.7790
4036.000       2.7795
4038.000       2.7651
4039.000       2.8051
4042.000       2.7630
4043.000       2.7741
4044.000       2.8281
4045.000       3.0382
4047.000       3.0060
4049.000       3.1383
4051.000       3.2099
4052.000       3.3650
4053.000       3.5514
4054.000       3.3568
4055.000       3.4096
4056.000       3.5361
4059.000       3.5759
4061.000       3.4577
4062.000       3.4685
4064.000       3.3451
4065.000       3.2722
4067.000       3.2167
4068.000       3.2542
4069.000       3.2656
4070.000       3.2486
4071.000       3.3457
4073.000       3.4123
4074.000       3.5162
4077.000       3.4183
4078.000       3.3325
4079.000       3.6368
4081.000       3.6347
4083.000       3.7987
4085.000       3.8252
4086.000       3.9277
4087.000       4.1551
4088.000       3.8560
4089.000       3.9134
4090.000       4.0380
4093.000       4.0126
4095.000       3.8334
4096.000       3.8136
4098.000       3.6821
4099.000       3.6088
4101.000       3.5354
4102.000       3.5686
4103.000       3.5700
4104.000       3.5361
4105.000       3.6655
4107.000       3.7410
4108.000       3.8558
4111.000       3.7476
4112.000       3.6574
4113.000       4.0776
4115.000       4.0034
4117.000       4.1343
4119.000       4.3068
4120.000       4.4608
4121.000       4.7243
4122.000       4.3971
4123.000       4.4472
4124.000       4.5693
4127.000       4.5556
4129.000       4.3588
4130.000       4.3681
4132.000       4.2350
4133.000       4.1564
4135.000       4.0728
4137.000       4.0696
4138.000       4.0373
4139.000       4.1517
4141.000       4.2379
4142.000       4.3474
4143.000       4.6530
4145.000       4.5934
4147.000       4.7450
4149.000       4.8975
4150.000       5.0662
4151.000       5.3284
4152.000       4.9934
4153.000       5.0629
4154.000       5.1755
4157.000       5.1493
4159.000       4.9281
4160.000       4.9288
4162.000       4.7873
4163.000       4.7068
4165.000       4.6033
4166.000       4.6160
4167.000       4.5751
4168.000       4.4945
4171.000       4.6592
4172.000       4.7775
4174.000       4.8252
4175.000       4.7366
4176.000       5.2688
4178.000       5.1835
4180.000       5.3258
4182.000       5.5253
4183.000       5.7220
4184.000       5.9785
4185.000       5.6971
4186.000       5.6963
4187.000       5.8013
4190.000       5.7555
4192.000       5.5094
4193.000       5.4901
4195.000       5.3329
4196.000       5.3017
4198.000       5.1820
4200.000       5.0849
4201.000       5.0010
4202.000       5.1297
4204.000       5.2534
4205.000       5.3237
4206.000       5.8781
4208.000       5.7530
4210.000       5.8869
4212.000       6.1571
4213.000       6.3518
4214.000       6.6423
4215.000       6.3000
4216.000       6.3112
4217.000       6.4374
4220.000       6.3626
4222.000       6.1025
4223.000       6.0436
4225.000       5.8587
4226.000       5.8431
4228.000       5.7053
4230.000       5.5753
4231.000       5.4841
4232.000       5.6009
4234.000       5.7407
4235.000       5.7898
4236.000       6.4444
4238.000       6.2945
4240.000       6.4293
4242.000       6.7271
4243.000       6.8849
4244.000       7.2012
4245.000       6.8262
4246.000       6.7772
4247.000       6.8895
4250.000       6.7640
4252.000       6.4980
4253.000       6.3904
4255.000       6.2199
4256.000       6.2052
4258.000       6.0601
4259.000       5.9701
4260.000       5.8360
4261.000       5.7605
4262.000       5.8306
4264.000       5.9399
4265.000       5.9581
4268.000       6.0632
4269.000       6.0709
4270.000       6.7971
4272.000       6.6118
4274.000       6.7194
4276.000       7.0652
4277.000       7.1907
4278.000       7.4989
4279.000       7.1498
4280.000       7.0411
4281.000       7.1114
4284.000       6.9592
4286.000       6.6996
4287.000       6.5898
4289.000       6.4590
4290.000       6.4703
4292.000       6.3524
4293.000       6.2564
4294.000       6.1405
4295.000       6.0901
4296.000       6.1262
4298.000       6.2030
4299.000       6.2153
4302.000       6.3061
4303.000       6.3268
4304.000       7.0086
4306.000       6.8083
4308.000       6.8811
4310.000       7.2614
4311.000       7.4253
4312.000       7.7010
4313.000       7.4340
4314.000       7.2912
4315.000       7.3329
4318.000       7.2127
4320.000       6.9549
4321.000       6.8977
4323.000       6.7852
4324.000       6.8142
4326.000       6.7409
4328.000       6.6384
4329.000       6.5906
4332.000       6.6128
4333.000       6.6865
4334.000       6.6971
4335.000       7.3138
4337.000       7.1397
4339.000       7.2157
4341.000       7.5741
4342.000       7.7818
4343.000       8.0466
4344.000       7.7990
4345.000       7.6885
4346.000       7.7436
4349.000       7.6659
4351.000       7.4082
4352.000       7.3809
4354.000       7.2545
4355.000       7.2786
4357.000       7.2147
4358.000       7.1323
4359.000       7.0746
4360.000       7.0824
4361.000       7.0442
4363.000       7.0696
4364.000       7.0614
4367.000       7.1267
4368.000       7.1537
4369.000       7.7988
4371.000       7.6565
4373.000       7.7597
4375.000       8.0685
4376.000       8.3040
4377.000       8.5830
4378.000       8.2842
4379.000       8.3077
4380.000       8.3965
4383.000       8.5189
4385.000       8.8290
4386.000       8.8050
4388.000       8.9705
4389.000       8.9204
4391.000       9.1963
4393.000       9.5525
4394.000       9.8959
4395.000       9.5568
4397.000       9.2804
4398.000       9.3840
4399.000       8.2601
4401.000       8.4283
4403.000       8.5214
4405.000       8.2088
4406.000       7.9459
4407.000       8.0271
4408.000       7.8226
4409.000       7.8328
4410.000       7.9255
4413.000       7.9020
4415.000       8.0635
4416.000       7.9411
4418.000       7.8944
4419.000       7.7737
4421.000       7.8210
4422.000       7.9959
4423.000       8.1972
4424.000       8.2514
4427.000       8.4094
4428.000       8.4104
4430.000       8.2370
4431.000       8.0355
4432.000       7.6067
4434.000       7.6890
4436.000       7.8079
4438.000       7.4989
4439.000       7.1955
4440.000       7.1808
4441.000       7.0325
4442.000       7.1883
4443.000       7.2917
4446.000       7.3419
4448.000       7.5232
4449.000       7.4633
4451.000       7.3926
4452.000       7.2035
4454.000       7.2131
4455.000       7.4395
4456.000       7.6260
4457.000       7.5974
4460.000       7.9079
4461.000       7.9847
4463.000       7.8200
4464.000       7.5518
4465.000       7.0977
4467.000       7.2501
4469.000       7.4060
4471.000       7.0003
4472.000       6.7303
4473.000       6.7531
4474.000       6.7100
4475.000       6.5936
4476.000       6.6326
4479.000       6.6131
4481.000       6.7365
4482.000       6.6325
4484.000       6.5490
4485.000       6.5189
4487.000       6.4741
4488.000       6.4727
4489.000       6.4692
4490.000       6.4657
4491.000       6.5117
4493.000       6.5554
4494.000       6.6242
4497.000       6.5667
4498.000       6.5205
4499.000       6.3736
4501.000       6.4541
4503.000       6.5907
4505.000       6.2982
4506.000       6.0696
4507.000       6.0961
4508.000       5.9721
4509.000       6.0174
4510.000       6.1188
4513.000       6.1163
4515.000       6.1955
4516.000       6.1283
4518.000       6.0371
4519.000       5.9812
4521.000       5.9379
4523.000       5.9532
4524.000       5.9505
4527.000       6.0113
4528.000       6.0526
4529.000       6.1354
4530.000       5.9329
4532.000       6.0072
4534.000       6.1573
4536.000       5.9100
4537.000       5.7206
4538.000       5.7884
4539.000       5.6022
4540.000       5.6899
4541.000       5.8137
4544.000       5.8235
4546.000       5.8737
4547.000       5.8218
4549.000       5.7094
4550.000       5.6292
4552.000       5.5729
4554.000       5.5999
4555.000       5.5825
4558.000       5.6806
4559.000       5.7327
4560.000       5.8359
4561.000       5.6614
4563.000       5.7369
4565.000       5.9085
4567.000       5.6708
4568.000       5.5189
4569.000       5.6255
4570.000       5.3846
4571.000       5.4955
4572.000       5.6319
4575.000       5.6443
4577.000       5.6888
4578.000       5.6264
4580.000       5.4802
4581.000       5.3809
4583.000       5.3005
4584.000       5.3526
4585.000       5.3546
4586.000       5.2927
4589.000       5.4627
4590.000       5.5634
4592.000       5.5746
4593.000       5.4627
4594.000       5.4757
4596.000       5.5545
4598.000       5.7446
4600.000       5.4868
4601.000       5.3063
4602.000       5.4254
4603.000       5.1530
4604.000       5.2598
4605.000       5.4036
4608.000       5.4020
4610.000       5.4111
4611.000       5.3279
4613.000       5.1516
4614.000       5.0409
4616.000       4.9330
4617.000       4.9726
4618.000       4.9475
4619.000       4.8574
4622.000       5.0585
4623.000       5.1896
4625.000       5.2246
4626.000       5.1091
4627.000       5.2182
4629.000       5.2696
4631.000       5.4892
4633.000       5.2657
4634.000       5.1086
4635.000       5.2510
4636.000       4.9687
4637.000       5.0433
4638.000       5.1970
4641.000       5.1608
4643.000       5.1524
4644.000       5.0421
4646.000       4.8618
4647.000       4.7723
4649.000       4.6345
4651.000       4.5751
4652.000       4.4834
4653.000       4.6763
4655.000       4.8191
4656.000       4.9365
4657.000       4.9688
4659.000       4.9769
4661.000       5.1682
4663.000       5.0200
4664.000       4.8487
4665.000       5.0030
4666.000       4.6903
4667.000       4.7633
4668.000       4.9098
4671.000       4.8514
4673.000       4.8488
4674.000       4.7067
4676.000       4.5218
4677.000       4.4472
4679.000       4.3133
4680.000       4.2946
4681.000       4.2091
4682.000       4.1097
4685.000       4.2630
4686.000       4.3894
4688.000       4.4783
4689.000       4.4214
4690.000       4.6296
4692.000       4.6279
4694.000       4.8107
4696.000       4.6676
4697.000       4.4630
4698.000       4.6130
4699.000       4.3175
4700.000       4.3453
4701.000       4.4484
4704.000       4.3722
4706.000       4.3509
4707.000       4.2040
4709.000       4.0226
4710.000       3.9906
4712.000       3.8610
4714.000       3.7596
4715.000       3.6579
4718.000       3.8014
4719.000       3.9338
4720.000       4.0064
4721.000       4.1549
4723.000       4.1348
4725.000       4.3201
4727.000       4.2043
4728.000       4.0438
4729.000       4.1849
4730.000       3.9493
4731.000       3.9192
4732.000       4.0318
4735.000       3.9162
4737.000       3.8726
4738.000       3.7468
4740.000       3.6361
4741.000       3.6522
4743.000       3.5761
4745.000       3.4723
4746.000       3.4234
4749.000       3.4670
4750.000       3.5513
4751.000       3.5903
4752.000       3.7257
4754.000       3.8409
4756.000       4.0090
4758.000       3.7588
4759.000       3.5918
4760.000       3.8312
4761.000       3.4692
4762.000       3.4407
4763.000       3.6043
4766.000       3.4661
4768.000       3.4243
4769.000       3.2390
4771.000       3.1192
4772.000       3.1417
4774.000       3.0453
4775.000       2.9433
4776.000       2.8455
4777.000       2.8207
4778.000       2.8256
4780.000       2.8939
4781.000       2.9163
4784.000       2.9840
4785.000       2.9982
4786.000       3.2480
4788.000       3.2568
4790.000       3.3730
4792.000       3.3211
4793.000       3.4309
4794.000       3.1984
4795.000       3.9521
4796.000       3.4777
4797.000       3.1978
4800.000       3.3485
4802.000       3.4240
4803.000       3.5569
4805.000       3.5978
4806.000       3.5254
4808.000       3.6609
4810.000       3.8598
4811.000       4.0678
4814.000       3.9297
4815.000       3.8105
4816.000       3.9683
4817.000       3.3971
4819.000       3.5756
4821.000       3.7645
4823.000       3.4847
4824.000       3.5365
4825.000       3.7678
4826.000       3.6568
4827.000       3.3794
4828.000       3.3894
4831.000       3.3254
4833.000       3.4774
4834.000       3.4035
4836.000       3.5300
4837.000       3.6554
4839.000       3.8082
4840.000       3.7872
4841.000       3.9586
4842.000       4.1659
4845.000       3.9915
4846.000       3.8540
4848.000       3.6660
4849.000       3.6324
4850.000       3.1302
4852.000       3.1954
4854.000       3.1982
4856.000       3.1443
4857.000       3.0785
4858.000       3.1859
4859.000       3.0246
4860.000       3.0789
4861.000       3.1294
4864.000       3.0941
4866.000       3.1189
4867.000       3.0336
4869.000       2.9184
4870.000       2.9078
4872.000       2.8412
4873.000       2.7948
4874.000       2.7491
4875.000       2.7450
4876.000       2.7516
4878.000       2.8017
4879.000       2.8411
4882.000       2.8591
4883.000       2.8454
4884.000       2.9607
4886.000       3.0300
4888.000       3.2499
4890.000       3.0368
4891.000       2.9304
4892.000       3.1319
4893.000       2.8317
4894.000       2.8212
4895.000       2.9272
4898.000       2.8155
4900.000       2.7614
4901.000       2.6289
4903.000       2.5395
4904.000       2.5868
4906.000       2.5492
4908.000       2.4636
4909.000       2.4785
4912.000       2.4218
4913.000       2.4534
4914.000       2.4500
4915.000       2.6939
4917.000       2.6675
4919.000       2.8354
4921.000       2.7898
4922.000       2.7537
4923.000       2.9664
4924.000       2.7397
4925.000       2.5910
4926.000       2.6491
4929.000       2.5265
4931.000       2.4516
4932.000       2.3560
4934.000       2.2882
4935.000       2.3258
4937.000       2.2949
4938.000       2.2351
4939.000       2.2450
4940.000       2.3044
4943.000       2.2676
4944.000       2.2662
4946.000       2.2543
4947.000       2.2373
4948.000       2.4698
4950.000       2.4306
4952.000       2.6674
4954.000       2.5738
4955.000       2.6338
4956.000       2.8345
4957.000       2.7006
4958.000       2.5070
4959.000       2.5383
4962.000       2.4745
4964.000       2.3774
4965.000       2.3496
4967.000       2.2468
4968.000       2.2481
4970.000       2.2017
4972.000       2.1581
4973.000       2.1673
4976.000       2.1792
4977.000       2.2203
4978.000       2.3007
4979.000       2.5073
4981.000       2.4618
4983.000       2.6421
4985.000       2.6761
4986.000       2.7760
4987.000       3.0033
4988.000       2.7548
4989.000       2.7484
4990.000       2.8367
4993.000       2.8856
4995.000       2.7172
4996.000       2.7465
4998.000       2.5778
4999.000       2.5273
5001.000       2.4225
5002.000       2.4045
5003.000       2.3724
5004.000       2.3261
5007.000       2.4597
5008.000       2.5639
5010.000       2.5939
5011.000       2.5080
5012.000       3.0358
5014.000       2.8795
5016.000       3.0080
5018.000       3.2427
5019.000       3.4243
5020.000       3.6702
5021.000       3.4249
5022.000       3.4911
5023.000       3.6722
5026.000       3.5952
5028.000       3.4907
5029.000       3.3710
5031.000       3.1670
5032.000       3.1275
5034.000       2.9736
5035.000       2.8978
5036.000       2.7697
5037.000       2.6823
5038.000       2.8145
5040.000       2.9638
5041.000       3.0535
5044.000       3.0764
5045.000       3.0304
5046.000       3.5263
5048.000       3.4642
5050.000       3.6492
5052.000       3.6901
5053.000       3.6893
5054.000       3.9255
5055.000       3.6279
5056.000       3.5727
5057.000       3.6883
5060.000       3.5956
5062.000       3.4387
5063.000       3.3257
5065.000       3.1489
5066.000       3.1396
5068.000       3.0377
5070.000       2.9285
5071.000       2.8750
5074.000       2.9330
5075.000       3.0476
5076.000       3.1142
5077.000       3.5474
5079.000       3.4516
5081.000       3.6166
5083.000       3.7296
5084.000       3.7620
5085.000       3.9912
5086.000       3.7205
5087.000       3.6644
5088.000       3.7185
5091.000       3.6402
5093.000       3.4542
5094.000       3.3850
5096.000       3.2630
5097.000       3.2864
5099.000       3.2491
5100.000       3.1931
5101.000       3.2160
5102.000       3.2990
5105.000       3.2408
5106.000       3.2380
5108.000       3.2272
5109.000       3.2004
5110.000       3.6617
5112.000       3.5650
5114.000       3.7162
5116.000       3.8858
5117.000       3.9614
5118.000       4.3008
5119.000       4.0455
5120.000       3.6257
5121.000       3.6060
5124.000       3.3157
5126.000       3.0648
5127.000       2.9170
5129.000       2.9670
5130.000       3.1867
5132.000       3.3484
5134.000       3.3103
5135.000       3.5795
5138.000       3.1527
5139.000       2.9627
5140.000       2.9496
5141.000       3.3183
5143.000       3.0625
5145.000       3.1283
5147.000       3.5887
5148.000       4.0912
5149.000       4.8493
5150.000       4.5706
5151.000       3.6075
5152.000       3.0276
5155.000       2.9469
5157.000       3.0200
5158.000       2.9825
5160.000       2.9665
5161.000       2.9809
5163.000       2.9970
5164.000       2.9940
5165.000       3.0512
5166.000       3.1042
5169.000       3.1120
5170.000       3.1094
5172.000       3.0483
5173.000       2.9867
5174.000       2.9251
5176.000       2.9597
5178.000       3.0141
5180.000       2.9229
5181.000       2.8937
5182.000       2.9828
5183.000       2.8945
5184.000       2.8451
5185.000       2.9221
5188.000       2.8781
5190.000       2.8540
5191.000       2.7655
5193.000       2.7072
5194.000       2.7325
5196.000       2.6919
5197.000       2.6260
5198.000       2.5807
5199.000       2.5839
5202.000       2.5582
5203.000       2.5834
5205.000       2.6271
5206.000       2.6418
5207.000       2.8060
5209.000       2.7615
5211.000       2.8288
5213.000       2.8681
5214.000       2.9624
5215.000       3.0145
5216.000       3.3449
5217.000       3.0749
5218.000       3.1290
5221.000       3.0460
5223.000       3.0862
5224.000       2.9328
5226.000       2.8047
5227.000       2.8100
5229.000       2.7124
5230.000       2.6342
5231.000       2.5519
5232.000       2.5276
5233.000       2.5468
5235.000       2.6111
5236.000       2.6279
5239.000       2.6909
5240.000       2.6950
5241.000       2.9015
5243.000       2.8849
5245.000       2.9787
5247.000       2.9279
5248.000       2.8589
5249.000       2.9795
5250.000       2.8356
5251.000       2.7711
5252.000       2.8249
5255.000       2.7602
5257.000       2.7088
5258.000       2.6334
5260.000       2.5406
5261.000       2.5467
5263.000       2.4872
5265.000       2.4139
5266.000       2.3757
5269.000       2.4200
5270.000       2.4848
5271.000       2.5255
5272.000       2.6991
5274.000       2.6549
5276.000       2.7508
5278.000       2.7759
5279.000       2.7666
5280.000       2.8916
5281.000       2.7515
5282.000       2.7012
5283.000       2.7552
5286.000       2.7015
5288.000       2.6362
5289.000       2.5658
5291.000       2.4767
5292.000       2.4861
5294.000       2.4323
5296.000       2.3600
5297.000       2.3278
5300.000       2.3481
5301.000       2.4096
5302.000       2.4337
5303.000       2.6564
5305.000       2.6014
5307.000       2.6931
5309.000       2.7510
5310.000       2.7620
5311.000       2.9101
5312.000       2.7507
5313.000       2.6894
5314.000       2.7287
5317.000       2.6469
5319.000       2.5694
5320.000       2.4899
5322.000       2.4132
5323.000       2.4369
5325.000       2.3968
5327.000       2.3314
5328.000       2.3224
5331.000       2.3106
5332.000       2.3497
5333.000       2.3565
5334.000       2.6032
5336.000       2.5354
5338.000       2.6080
5340.000       2.6968
5341.000       2.7169
5342.000       2.8759
5343.000       2.7377
5344.000       2.5892
5345.000       2.5825
5348.000       2.4573
5350.000       2.3747
5351.000       2.3045
5353.000       2.2827
5354.000       2.3312
5356.000       2.3027
5357.000       2.2418
5358.000       2.2173
5359.000       2.2398
5360.000       2.1927
5362.000       2.1846
5363.000       2.1797
5366.000       2.2042
5367.000       2.2322
5368.000       2.4407
5370.000       2.3469
5372.000       2.3563
5374.000       2.5203
5375.000       2.5992
5376.000       2.7217
5377.000       2.6731
5378.000       2.5245
5379.000       2.5192
5382.000       2.4747
5384.000       2.4074
5385.000       2.3911
5387.000       2.3542
5388.000       2.3671
5390.000       2.3479
5392.000       2.3176
5393.000       2.3205
5396.000       2.3209
5397.000       2.3386
5398.000       2.3697
5399.000       2.5109
5401.000       2.4731
5403.000       2.5501
5405.000       2.6174
5406.000       2.6818
5407.000       2.8559
5408.000       2.6769
5409.000       2.6268
5410.000       2.7003
5413.000       2.6772
5415.000       2.5918
5416.000       2.5846
5418.000       2.5130
5419.000       2.4859
5421.000       2.4432
5423.000       2.4232
5424.000       2.4118
5425.000       2.4582
5427.000       2.5076
5428.000       2.5718
5429.000       2.6825
5431.000       2.6630
5433.000       2.7902
5435.000       2.8002
5436.000       2.8687
5437.000       3.0179
5438.000       2.8577
5439.000       2.8423
5440.000       2.9138
5443.000       2.8915
5445.000       2.8114
5446.000       2.7893
5448.000       2.6930
5449.000       2.6630
5451.000       2.6035
5453.000       2.5663
5454.000       2.5360
5455.000       2.6093
5457.000       2.6728
5458.000       2.7440
5459.000       2.9013
5461.000       2.8746
5463.000       2.9899
5465.000       3.0213
5466.000       3.0392
5467.000       3.2288
5468.000       3.0001
5469.000       2.9551
5470.000       3.1021
5473.000       3.0201
5475.000       2.9342
5476.000       2.8583
5478.000       2.7446
5479.000       2.7174
5481.000       2.6478
5482.000       2.6235
5483.000       2.5909
5484.000       2.5775
5485.000       2.6212
5487.000       2.6821
5488.000       2.7478
5491.000       2.7207
5492.000       2.6830
5493.000       2.9389
5495.000       2.8868
5497.000       3.0215
5499.000       3.0364
5500.000       3.0089
5501.000       3.1719
5502.000       3.0006
5503.000       2.8765
5504.000       2.9163
5507.000       2.7941
5509.000       2.7098
5510.000       2.6023
5512.000       2.5333
5513.000       2.5765
5515.000       2.5382
5517.000       2.4556
5518.000       2.4514
5521.000       2.4205
5522.000       2.4579
5523.000       2.4586
5524.000       2.7133
5526.000       2.6075
5528.000       2.6533
5530.000       2.7981
5531.000       2.7563
5532.000       2.8740
5533.000       2.7966
5534.000       2.7179
5535.000       2.7254
5538.000       2.6564
5540.000       2.5314
5541.000       2.5261
5543.000       2.4451
5544.000       2.4874
5546.000       2.4453
5547.000       2.3582
5548.000       2.3278
5549.000       2.3711
5550.000       2.2975
5552.000       2.2983
5553.000       2.3084
5556.000       2.3342
5557.000       2.3597
5558.000       2.7464
5560.000       2.6458
5562.000       2.7491
5564.000       2.8501
5565.000       3.0309
5566.000       3.4553
5567.000       3.1481
5568.000       2.8920
5569.000       3.0037
5572.000       3.0248
5574.000       3.1020
5575.000       2.9522
5577.000       2.8675
5578.000       2.7141
5580.000       2.7959
5581.000       3.0603
5582.000       3.4870
5583.000       3.4937
5586.000       4.1350
5587.000       4.3391
5589.000       3.9032
5590.000       3.2314
5591.000       2.9157
5593.000       2.8298
5595.000       3.0426
5597.000       3.2551
5598.000       3.1979
5599.000       3.4148
5600.000       3.3435
5601.000       3.1265
5602.000       3.2402
5605.000       3.1504
5607.000       3.0565
5608.000       3.0377
5610.000       2.9829
5611.000       2.9629
5613.000       3.0093
5614.000       3.0585
5615.000       3.1972
5616.000       3.3001
5617.000       3.2954
5619.000       3.2751
5620.000       3.4417
5623.000       3.1596
5624.000       3.0450
5625.000       3.1322
5627.000       3.1107
5629.000       3.2528
5631.000       3.2703
5632.000       3.3435
5633.000       3.5347
5634.000       3.3840
5635.000       3.2947
5636.000       3.3762
5639.000       3.4291
5641.000       3.3635
5642.000       3.4690
5644.000       3.3987
5645.000       3.2805
5647.000       3.3354
5648.000       3.4934
5649.000       3.6935
5650.000       3.7681
5653.000       3.9000
5654.000       3.9154
5656.000       3.7543
5657.000       3.5366
5658.000       3.5188
5660.000       3.6163
5662.000       3.8204
5664.000       3.6788
5665.000       3.8384
5666.000       4.0216
5667.000       3.8154
5668.000       4.0468
5669.000       4.3527
5672.000       4.6597
5674.000       4.6528
5675.000       5.0160
5677.000       4.7697
5678.000       4.4305
5680.000       4.3889
5682.000       4.6548
5683.000       4.7421
5684.000       4.9489
5686.000       5.0434
5687.000       5.4525
5688.000       4.8453
5690.000       5.3563
5692.000       6.2799
5694.000       5.0860
5695.000       4.7266
5696.000       5.0333
5697.000       4.6369
5698.000       4.5183
5699.000       4.7553
5702.000       4.7088
5704.000       4.6927
5705.000       4.6065
5707.000       4.3839
5708.000       4.0846
5710.000       4.0117
5712.000       4.2011
5713.000       4.2306
5714.000       4.5661
5716.000       4.6973
5717.000       5.2174
5718.000       4.4649
5720.000       4.5698
5722.000       4.9475
5724.000       4.5872
5725.000       4.5687
5726.000       4.7540
5727.000       4.5049
5728.000       4.5690
5729.000       4.7252
5732.000       4.7437
5734.000       4.6819
5735.000       4.6088
5737.000       4.4284
5738.000       4.3516
5740.000       4.2478
5741.000       4.2739
5742.000       4.2945
5743.000       4.2674
5746.000       4.4282
5747.000       4.5139
5749.000       4.5009
5750.000       4.3833
5751.000       4.7232
5753.000       4.7225
5755.000       4.9170
5757.000       4.9113
5758.000       4.9973
5759.000       5.2745
5760.000       4.9075
5761.000       4.9633
5762.000       5.1199
5765.000       5.0906
5767.000       4.8977
5768.000       4.8871
5770.000       4.7213
5771.000       4.6188
5773.000       4.5018
5775.000       4.5126
5776.000       4.4591
5779.000       4.6436
5780.000       4.7408
5781.000       4.9120
5782.000       5.1583
5784.000       5.1004
5786.000       5.2910
5788.000       5.4288
5789.000       5.6201
5790.000       5.9347
5791.000       5.5308
5792.000       5.6356
5793.000       5.8376
5796.000       5.8546
5798.000       5.6130
5799.000       5.6421
5801.000       5.4301
5802.000       5.2618
5804.000       5.1142
5805.000       5.2051
5806.000       5.1923
5807.000       5.0408
5810.000       5.3927
5811.000       5.5928
5813.000       5.6161
5814.000       5.4118
5815.000       5.9972
5817.000       5.9509
5819.000       6.1793
5821.000       6.3281
5822.000       6.5547
5823.000       6.9263
5824.000       6.4242
5825.000       6.5738
5826.000       6.7970
5829.000       6.7991
5831.000       6.4782
5832.000       6.4746
5834.000       6.2096
5835.000       6.0469
5837.000       5.8470
5838.000       5.8778
5839.000       5.7633
5840.000       5.5900
5841.000       5.9238
5843.000       6.1633
5844.000       6.3483
5847.000       6.2690
5848.000       6.1146
5849.000       6.9405
5851.000       6.8361
5853.000       7.0938
5855.000       7.3355
5856.000       7.5800
5857.000       8.0026
5858.000       7.4280
5859.000       7.5556
5860.000       7.7871
5863.000       7.7099
5865.000       7.3204
5866.000       7.2413
5868.000       6.9343
5869.000       6.8447
5871.000       6.6048
5873.000       6.4478
5874.000       6.2497
5877.000       6.5302
5878.000       6.7759
5879.000       6.8952
5880.000       7.8235
5882.000       7.6255
5884.000       7.8658
5886.000       8.2544
5887.000       8.4896
5888.000       8.9492
5889.000       8.3587
5890.000       8.3803
5891.000       8.5771
5894.000       8.4319
5896.000       8.0114
5897.000       7.8810
5899.000       7.6039
5900.000       7.5426
5902.000       7.3004
5903.000       7.1935
5904.000       6.9777
5905.000       6.8228
5906.000       6.9983
5908.000       7.1986
5909.000       7.2419
5912.000       7.4021
5913.000       7.3862
5914.000       8.5393
5916.000       8.2651
5918.000       8.4413
5920.000       8.9750
5921.000       9.2357
5922.000       9.6981
5923.000       9.1839
5924.000       9.0466
5925.000       9.1528
5928.000       8.9612
5930.000       8.5193
5931.000       8.4037
5933.000       8.1546
5934.000       8.1879
5936.000       8.0003
5938.000       7.7809
5939.000       7.6421
5942.000       7.7483
5943.000       7.9271
5944.000       7.9241
5945.000       9.1310
5947.000       8.8214
5949.000       8.9551
5951.000       9.5429
