   2.000       3.6822
   3.000       3.7820
   6.000       3.7901
   8.000       3.8503
   9.000       3.7637
  11.000       3.5568
  12.000       3.4633
  14.000       3.3513
  15.000       3.3750
  16.000       3.3653
  17.000       3.3291
  18.000       3.4874
  20.000       3.6081
  21.000       3.7692
  24.000       3.6281
  25.000       3.5061
  26.000       3.5576
  28.000       3.6723
  30.000       3.9660
  32.000       3.6159
  33.000       3.4146
  34.000       3.6141
  35.000       3.2410
  36.000       3.3071
  37.000       3.4987
  40.000       3.4341
  42.000       3.4275
  43.000       3.2632
  45.000       3.0411
  46.000       2.9651
  48.000       2.8092
  49.000       2.7820
  50.000       2.7049
  51.000       2.6121
  54.000       2.7901
  55.000       2.9377
  57.000       3.0150
  58.000       2.9292
  59.000       3.1966
  61.000       3.1874
  63.000       3.4124
  65.000       3.2725
  66.000       3.1028
  67.000       3.3053
  68.000       3.0104
  69.000       2.9108
  70.000       3.0165
  73.000       2.8711
  75.000       2.8296
  76.000       2.6402
  78.000       2.4591
  79.000       2.4476
  81.000       2.3086
  83.000       2.1698
  84.000       2.0860
  85.000       2.2129
  87.000       2.3505
  88.000       2.4258
  89.000       2.6549
  91.000       2.5739
  93.000       2.7162
  95.000       2.7226
  96.000       2.5790
  97.000       2.7777
  98.000       2.5398
  99.000       2.3489
 100.000       2.4025
 103.000       2.2292
 105.000       2.1816
 106.000       1.9969
 108.000       1.8543
 109.000       1.9000
 111.000       1.8094
 113.000       1.6671
 114.000       1.6266
 117.000       1.6540
 118.000       1.7440
 119.000       1.7942
 120.000       2.0382
 122.000       1.9424
 124.000       2.0572
 126.000       2.0896
 127.000       2.0043
 128.000       2.1596
 129.000       2.0447
 130.000       1.8008
 131.000       1.8093
 134.000       1.6581
 136.000       1.6134
 137.000       1.4992
 139.000       1.3841
 140.000       1.4323
 142.000       1.3865
 144.000       1.2633
 145.000       1.2579
 146.000       1.2352
 148.000       1.3032
 149.000       1.3632
 150.000       1.5703
 152.000       1.5702
 154.000       1.8551
 156.000       1.6426
 157.000       1.6743
 158.000       1.9194
 159.000       1.8192
 160.000       1.4582
 161.000       1.4733
 164.000       1.3757
 166.000       1.3070
 167.000       1.4001
 169.000       1.2048
 170.000       1.2190
 172.000       1.1570
 174.000       1.0288
 175.000       1.0348
 176.000       1.0211
 178.000       1.1173
 179.000       1.2075
 180.000       1.4285
 182.000       1.7256
 184.000       2.3550
 186.000       1.3845
 187.000       1.4002
 188.000       1.5709
 189.000       1.4915
 190.000       1.2829
 191.000       1.2899
 194.000       1.2068
 196.000       1.1804
 197.000       1.1083
 199.000       1.0496
 200.000       1.0666
 202.000       1.0362
 204.000       0.9835
 205.000       0.9763
 208.000       0.9885
 209.000       1.0223
 210.000       1.0752
 211.000       1.1440
 213.000       1.1191
 215.000       1.2167
 217.000       1.2113
 218.000       1.2022
 219.000       1.3498
 220.000       1.2496
 221.000       1.0920
 222.000       1.1084
 225.000       1.0236
 227.000       1.0110
 228.000       0.9649
 230.000       0.9423
 231.000       0.9722
 233.000       0.9726
 234.000       0.9355
 235.000       0.9605
 236.000       1.0221
 237.000       0.9752
 239.000       0.9723
 240.000       1.0283
 243.000       0.9537
 244.000       0.9265
 245.000       0.9663
 247.000       0.9595
 249.000       1.0239
 251.000       0.9799
 252.000       1.0690
 253.000       1.4260
 254.000       1.4625
 255.000       1.0085
 256.000       0.9825
 259.000       0.9201
 261.000       0.9859
 262.000       0.9265
 264.000       1.0111
 265.000       1.1783
 267.000       1.3049
 268.000       1.2149
 269.000       1.3540
 270.000       1.5668
 271.000       1.3099
 273.000       1.1687
 274.000       1.2496
 277.000       1.0390
 278.000       1.0486
 279.000       0.8866
 281.000       0.8887
 283.000       0.9750
 285.000       0.9332
 286.000       0.9809
 287.000       1.1736
 288.000       1.0765
 289.000       0.8633
 290.000       0.9161
 293.000       0.8730
 295.000       0.8450
 296.000       0.8184
 298.000       0.7955
 299.000       0.8156
 301.000       0.8600
 302.000       0.8620
 303.000       0.9658
 304.000       1.0807
 305.000       1.0110
 307.000       0.9737
 308.000       1.0866
 311.000       0.8955
 312.000       0.8295
 313.000       0.8368
 315.000       0.8315
 317.000       0.9264
 319.000       0.9035
 320.000       0.9159
 321.000       1.0515
 322.000       0.9422
 323.000       0.8485
 324.000       0.8862
 327.000       0.8397
 329.000       0.8057
 330.000       0.7605
 332.000       0.7440
 333.000       0.7695
 335.000       0.7653
 336.000       0.7296
 337.000       0.7476
 338.000       0.8106
 339.000       0.7546
 341.000       0.7484
 342.000       0.8077
 345.000       0.7404
 346.000       0.7227
 347.000       0.8149
 349.000       0.7746
 351.000       0.8065
 353.000       0.8709
 354.000       0.8928
 355.000       1.0281
 356.000       1.0209
 357.000       0.9382
 358.000       1.1123
 361.000       0.9301
 363.000       0.8695
 364.000       0.8294
 366.000       0.7889
 367.000       0.7736
 369.000       0.7863
 371.000       0.8245
 372.000       0.9071
 375.000       0.8622
 376.000       0.8414
 377.000       0.9389
 378.000       0.9015
 380.000       0.9467
 382.000       1.2418
 384.000       0.9916
 385.000       1.0690
 386.000       1.2304
 387.000       1.1874
 388.000       1.0926
 389.000       1.1833
 392.000       1.2547
 394.000       1.2597
 395.000       1.2988
 397.000       1.2105
 398.000       1.1376
 400.000       1.1106
 401.000       1.1650
 402.000       1.2148
 403.000       1.1937
 406.000       1.3455
 407.000       1.4287
 409.000       1.3918
 410.000       1.2498
 411.000       1.2768
 413.000       1.3597
 415.000       1.5270
 417.000       1.3935
 418.000       1.4282
 419.000       1.6137
 420.000       1.4000
 421.000       1.3956
 422.000       1.4867
 425.000       1.4579
 427.000       1.3916
 428.000       1.3444
 430.000       1.2333
 431.000       1.1805
 433.000       1.1040
 434.000       1.1058
 435.000       1.0688
 436.000       1.0209
 437.000       1.1335
 439.000       1.2131
 440.000       1.2903
 443.000       1.2479
 444.000       1.1900
 445.000       1.4278
 447.000       1.4040
 449.000       1.5136
 451.000       1.5328
 452.000       1.5350
 453.000       1.6942
 454.000       1.5000
 455.000       1.4893
 456.000       1.5344
 459.000       1.4888
 461.000       1.4376
 462.000       1.3753
 464.000       1.2668
 465.000       1.2292
 467.000       1.1421
 468.000       1.1195
 469.000       1.0604
 470.000       1.0148
 471.000       1.1014
 473.000       1.1894
 474.000       1.2496
 477.000       1.2453
 478.000       1.2029
 479.000       1.4300
 481.000       1.4060
 483.000       1.5246
 485.000       1.5151
 486.000       1.5214
 487.000       1.6735
 488.000       1.5158
 489.000       1.4577
 490.000       1.5181
 493.000       1.4675
 495.000       1.4078
 496.000       1.3465
 498.000       1.2403
 499.000       1.2248
 501.000       1.1428
 502.000       1.0921
 503.000       1.0211
 504.000       0.9910
 505.000       1.0315
 507.000       1.1078
 508.000       1.1473
 511.000       1.1778
 512.000       1.1596
 513.000       1.4435
 515.000       1.4089
 517.000       1.5242
 519.000       1.5419
 520.000       1.5868
 521.000       1.7315
 522.000       1.6117
 523.000       1.5204
 524.000       1.5638
 527.000       1.5059
 529.000       1.4310
 530.000       1.3737
 532.000       1.2935
 533.000       1.3186
 535.000       1.2800
 537.000       1.2117
 538.000       1.2172
 539.000       1.2025
 541.000       1.2429
 542.000       1.2808
 543.000       1.5005
 545.000       1.4430
 547.000       1.5283
 549.000       1.6175
 550.000       1.6735
 551.000       1.8320
 552.000       1.7235
 553.000       1.5615
 554.000       1.5616
 557.000       1.4568
 559.000       1.3658
 560.000       1.2924
 562.000       1.2765
 563.000       1.3691
 565.000       1.3654
 566.000       1.2535
 567.000       1.2302
 568.000       1.3155
 569.000       1.1435
 571.000       1.0894
 572.000       1.0356
 575.000       1.1198
 576.000       1.1976
 577.000       1.4682
 579.000       1.3684
 581.000       1.3883
 583.000       1.5735
 584.000       1.6773
 585.000       1.8217
 586.000       1.7393
 587.000       1.6414
 588.000       1.7457
 591.000       1.7349
 593.000       1.7804
 594.000       1.6966
 596.000       1.6455
 597.000       1.6932
 599.000       1.7098
 600.000       1.6631
 601.000       1.7168
 602.000       1.8047
 605.000       1.7658
 606.000       1.7624
 608.000       1.7036
 609.000       1.6429
 610.000       1.5938
 612.000       1.6222
 614.000       1.7601
 616.000       1.6271
 617.000       1.5215
 618.000       1.6723
 619.000       1.4869
 620.000       1.4022
 621.000       1.4535
 624.000       1.3638
 626.000       1.3613
 627.000       1.2538
 629.000       1.2022
 630.000       1.2205
 632.000       1.2191
 633.000       1.1905
 634.000       1.2240
 635.000       1.2917
 638.000       1.2512
 639.000       1.2418
 641.000       1.2139
 642.000       1.1836
 643.000       1.2309
 645.000       1.1877
 647.000       1.2623
 649.000       1.2571
 650.000       1.1829
 651.000       1.2636
 652.000       1.2390
 653.000       1.0579
 654.000       1.0239
 657.000       0.9243
 659.000       0.8844
 660.000       0.8612
 662.000       0.9145
 663.000       0.9903
 665.000       1.0661
 666.000       1.0397
 667.000       1.1297
 668.000       1.2480
 671.000       1.1458
 672.000       1.0703
 674.000       0.9750
 675.000       0.9553
 676.000       0.9509
 678.000       0.8955
 680.000       0.9465
 682.000       1.1385
 683.000       1.1879
 684.000       1.5865
 685.000       1.3502
 686.000       0.9869
 687.000       0.9799
 690.000       0.9540
 692.000       1.1508
 693.000       1.0949
 695.000       1.4020
 696.000       1.7641
 698.000       2.3238
 700.000       2.5124
 701.000       3.0724
 702.000       2.2523
 704.000       1.7963
 705.000       2.0483
 706.000       0.7693
 708.000       0.7479
 710.000       0.9601
 712.000       0.7998
 713.000       0.7905
 714.000       0.8405
 715.000       0.8120
 716.000       0.8158
 717.000       0.8684
 720.000       0.8019
 722.000       0.7547
 723.000       0.7249
 725.000       0.7679
 726.000       0.8406
 728.000       0.9666
 730.000       1.0297
 731.000       1.1999
 732.000       0.9659
 734.000       0.8461
 735.000       0.9068
 736.000       0.8157
 738.000       0.7391
 740.000       0.8130
 742.000       0.9081
 743.000       1.0521
 744.000       1.2107
 745.000       1.1089
 746.000       1.0443
 747.000       1.1137
 750.000       1.1085
 752.000       1.0582
 753.000       1.0468
 755.000       0.9652
 756.000       0.9080
 758.000       0.8569
 760.000       0.8721
 761.000       0.8644
 764.000       0.9371
 765.000       0.9828
 766.000       1.0711
 767.000       1.1083
 769.000       1.1105
 771.000       1.2248
 773.000       1.2257
 774.000       1.2790
 775.000       1.4411
 776.000       1.2760
 777.000       1.2496
 778.000       1.3087
 781.000       1.2916
 783.000       1.2374
 784.000       1.2185
 786.000       1.1231
 787.000       1.0723
 789.000       1.0027
 791.000       0.9876
 792.000       0.9499
 795.000       1.0471
 796.000       1.1121
 797.000       1.1959
 798.000       1.2983
 800.000       1.3037
 802.000       1.4434
 804.000       1.4008
 805.000       1.4375
 806.000       1.6034
 807.000       1.4171
 808.000       1.3964
 809.000       1.4717
 812.000       1.4377
 814.000       1.3743
 815.000       1.3326
 817.000       1.2326
 818.000       1.1875
 820.000       1.1068
 822.000       1.0768
 823.000       1.0282
 826.000       1.1334
 827.000       1.2089
 828.000       1.2878
 829.000       1.4074
 831.000       1.3824
 833.000       1.4958
 835.000       1.5053
 836.000       1.5088
 837.000       1.6616
 838.000       1.5157
 839.000       1.4183
 840.000       1.4472
 843.000       1.3675
 845.000       1.3064
 846.000       1.2173
 848.000       1.1435
 849.000       1.1673
 851.000       1.1049
 852.000       1.0256
 853.000       0.9563
 854.000       0.9599
 855.000       0.9312
 857.000       0.9706
 858.000       0.9764
 861.000       1.0378
 862.000       1.0566
 863.000       1.3094
 865.000       1.2400
 867.000       1.3088
 869.000       1.3760
 870.000       1.3690
 871.000       1.4953
 872.000       1.4089
 873.000       1.2597
 874.000       1.2715
 877.000       1.1782
 879.000       1.1294
 880.000       1.0462
 882.000       1.0060
 883.000       1.0546
 885.000       1.0202
 886.000       0.9339
 887.000       0.8859
 888.000       0.9191
 891.000       0.8445
 892.000       0.8580
 894.000       0.9056
 895.000       0.9335
 896.000       1.1197
 898.000       1.0504
 900.000       1.0990
 902.000       1.1710
 903.000       1.1810
 904.000       1.2834
 905.000       1.2534
 906.000       1.0843
 907.000       1.0743
 910.000       0.9835
 912.000       0.9367
 913.000       0.8775
 915.000       0.8662
 916.000       0.9348
 918.000       0.9554
 920.000       0.9021
 921.000       0.9530
 924.000       0.8415
 925.000       0.8220
 926.000       0.8103
 927.000       0.9666
 929.000       0.9036
 931.000       0.9209
 933.000       1.0188
 934.000       1.0498
 935.000       1.1643
 936.000       1.1359
 937.000       0.9503
 938.000       0.9211
 941.000       0.8592
 943.000       0.8432
 944.000       0.8381
 946.000       0.8394
 947.000       0.8643
 949.000       0.8836
 951.000       0.8773
 952.000       0.9269
 955.000       0.8733
 956.000       0.8567
 957.000       0.9035
 958.000       0.8703
 960.000       0.9000
 962.000       1.0226
 964.000       0.9185
 965.000       0.9622
 966.000       1.0781
 967.000       1.0180
 968.000       0.9225
 969.000       0.9254
 972.000       0.9256
 974.000       0.9135
 975.000       1.0298
 977.000       0.9339
 978.000       0.9399
 980.000       0.8941
 981.000       0.8422
 982.000       0.8171
 983.000       0.8357
 984.000       0.8302
 986.000       0.8701
 987.000       0.9205
 990.000       0.8978
 991.000       0.8753
 992.000       0.9941
 994.000       1.2634
 996.000       1.7006
 998.000       0.9143
 999.000       0.9898
1000.000       1.1033
1001.000       1.2216
1002.000       0.9339
1003.000       0.8843
1006.000       0.8568
1008.000       0.8711
1009.000       0.8450
1011.000       0.8510
1012.000       0.9189
1014.000       0.9459
1015.000       0.8805
1016.000       0.8919
1017.000       0.9652
1018.000       0.8518
1020.000       0.8177
1021.000       0.8216
1024.000       0.8121
1025.000       0.8349
1026.000       0.8630
1028.000       0.8468
1030.000       0.8889
1032.000       0.9150
1033.000       0.9567
1034.000       1.0651
1035.000       1.0305
1036.000       0.9013
1037.000       0.8999
1040.000       0.8623
1042.000       0.8454
1043.000       0.8341
1045.000       0.8052
1046.000       0.8109
1048.000       0.8245
1050.000       0.8341
1051.000       0.8921
1052.000       0.8395
1054.000       0.8315
1055.000       0.9010
1056.000       0.8733
1058.000       0.8698
1060.000       0.9586
1062.000       0.9530
1063.000       1.0379
1064.000       1.1660
1065.000       1.0928
1066.000       1.0319
1067.000       1.0849
1070.000       1.0837
1072.000       1.0556
1073.000       1.0416
1075.000       0.9948
1076.000       0.9837
1078.000       0.9591
1079.000       0.9533
1080.000       0.9559
1081.000       0.9692
1082.000       0.9820
1084.000       1.0010
1085.000       1.0441
1088.000       1.0044
1089.000       0.9787
1090.000       1.1065
1092.000       1.1003
1094.000       1.1733
1096.000       1.2034
1097.000       1.2743
1098.000       1.4220
1099.000       1.3220
1100.000       1.2151
1101.000       1.2333
1104.000       1.1952
1106.000       1.1596
1107.000       1.1480
1109.000       1.1114
1110.000       1.1194
1112.000       1.1045
1113.000       1.0859
1114.000       1.0915
1115.000       1.1117
1116.000       1.1125
1118.000       1.1267
1119.000       1.1718
1122.000       1.1212
1123.000       1.0954
1124.000       1.2187
1126.000       1.2207
1128.000       1.3267
1130.000       1.3111
1131.000       1.3938
1132.000       1.5144
1133.000       1.4315
1134.000       1.4153
1135.000       1.4911
1138.000       1.5411
1140.000       1.4328
1141.000       1.4403
1143.000       1.2760
1144.000       1.2605
1146.000       1.1904
1148.000       1.1166
1149.000       1.0903
1150.000       1.1562
1152.000       1.2252
1153.000       1.2880
1154.000       1.6484
1156.000       1.6432
1158.000       1.8376
1160.000       1.8404
1161.000       2.3212
1162.000       2.9805
1163.000       2.8330
1164.000       1.9130
1165.000       1.7800
1168.000       1.6069
1170.000       1.6029
1171.000       1.4274
1173.000       1.3646
1174.000       1.3138
1176.000       1.3096
1177.000       1.3547
1178.000       1.4132
1179.000       1.4238
1182.000       1.5109
1183.000       1.5570
1185.000       1.5108
1186.000       1.3999
1187.000       1.4646
1189.000       1.3315
1191.000       1.3231
1193.000       1.6497
1194.000       1.3980
1195.000       1.5718
1196.000       1.5011
1197.000       1.4459
1198.000       1.2935
1201.000       1.2474
1203.000       1.3276
1204.000       1.2573
1206.000       1.3150
1207.000       1.3491
1209.000       1.4311
1211.000       1.4889
1212.000       1.6047
1213.000       1.4824
1215.000       1.4057
1216.000       1.4852
1217.000       1.1125
1219.000       1.1182
1221.000       1.1054
1223.000       1.1447
1224.000       1.1194
1225.000       1.2361
1226.000       1.1730
1227.000       0.9984
1228.000       0.9771
1231.000       0.8602
1233.000       0.8528
1234.000       0.7801
1236.000       0.8071
1237.000       0.8751
1239.000       0.9354
1240.000       0.9098
1241.000       0.9986
1242.000       1.1177
1245.000       1.0210
1246.000       0.9546
1248.000       0.8623
1249.000       0.8362
1250.000       0.8340
1252.000       0.7909
1254.000       0.8010
1256.000       0.8582
1257.000       0.9795
1258.000       1.1423
1259.000       1.1475
1260.000       0.8922
1261.000       0.9076
1264.000       0.8789
1266.000       0.9350
1267.000       0.8494
1269.000       0.8162
1270.000       0.8767
1272.000       0.8764
1273.000       0.8007
1274.000       0.8017
1275.000       0.8657
1276.000       0.7722
1278.000       0.7548
1279.000       0.7732
1282.000       0.7591
1283.000       0.7738
1284.000       0.7914
1286.000       0.8129
1288.000       0.8925
1290.000       0.8132
1291.000       0.7611
1292.000       0.8758
1293.000       0.7483
1294.000       0.7204
1295.000       0.7737
1298.000       0.7772
1300.000       0.7741
1301.000       0.7384
1303.000       0.7073
1304.000       0.7087
1306.000       0.7158
1308.000       0.7276
1309.000       0.7941
1310.000       0.7340
1312.000       0.7203
1313.000       0.7778
1314.000       0.7633
1316.000       0.7357
1318.000       0.8449
1320.000       0.8865
1321.000       1.0525
1322.000       1.2058
1323.000       1.1900
1324.000       1.0594
1325.000       1.2614
1328.000       1.2105
1330.000       1.2143
1331.000       1.1865
1333.000       1.1095
1334.000       1.1187
1336.000       1.1074
1338.000       1.0897
1339.000       1.1081
1342.000       1.0924
1343.000       1.1009
1344.000       1.1345
1345.000       1.2039
1347.000       1.2248
1349.000       1.3749
1351.000       1.3481
1352.000       1.3743
1353.000       1.6462
1354.000       1.3388
1355.000       1.2730
1356.000       1.3448
1359.000       1.2767
1361.000       1.2271
1362.000       1.1582
1364.000       1.0781
1365.000       1.0633
1367.000       1.0159
1369.000       0.9758
1370.000       0.9583
1373.000       0.9998
1374.000       1.0508
1375.000       1.1100
1376.000       1.2196
1378.000       1.1797
1380.000       1.2803
1382.000       1.3148
1383.000       1.3348
1384.000       1.5023
1385.000       1.3281
1386.000       1.2715
1387.000       1.2991
1390.000       1.2211
1392.000       1.1753
1393.000       1.0916
1395.000       1.0288
1396.000       1.0429
1398.000       0.9896
1399.000       0.9380
1400.000       0.8975
1401.000       0.9029
1404.000       0.8957
1405.000       0.9255
1407.000       0.9627
1408.000       0.9665
1409.000       1.1601
1411.000       1.0981
1413.000       1.1674
1415.000       1.2364
1416.000       1.2449
1417.000       1.3808
1418.000       1.3005
1419.000       1.1360
1420.000       1.1313
1423.000       1.0403
1425.000       0.9844
1426.000       0.9290
1428.000       0.9174
1429.000       0.9648
1431.000       0.9765
1433.000       0.9324
1434.000       0.9709
1437.000       0.8958
1438.000       0.8888
1439.000       0.8941
1440.000       1.0312
1442.000       0.9631
1444.000       0.9863
1446.000       1.1080
1447.000       1.1689
1448.000       1.2960
1449.000       1.2425
1450.000       1.0865
1451.000       1.0662
1454.000       1.0125
1456.000       0.9603
1457.000       0.9346
1459.000       0.9426
1460.000       1.0290
1462.000       1.1072
1463.000       1.0672
1464.000       1.1988
1465.000       1.3732
1466.000       1.1964
1468.000       1.0909
1469.000       1.1851
1472.000       0.9830
1473.000       0.9657
1474.000       1.0623
1476.000       1.0200
1478.000       1.0635
1480.000       1.1542
1481.000       1.2138
1482.000       1.4419
1483.000       1.2534
1484.000       1.1022
1485.000       1.2102
1488.000       1.2093
1490.000       1.1279
1491.000       1.1821
1493.000       1.1038
1494.000       1.1076
1496.000       1.1697
1497.000       1.2775
1498.000       1.6018
1499.000       1.7737
1502.000       1.8964
1503.000       1.8621
1505.000       1.5646
1506.000       1.2675
1507.000       1.2295
1509.000       1.3089
1511.000       1.5505
1513.000       1.3711
1514.000       1.4538
1515.000       1.6951
1516.000       1.4649
1517.000       1.3984
1518.000       1.5062
1521.000       1.5172
1523.000       1.4454
1524.000       1.4376
1526.000       1.3226
1527.000       1.2276
1529.000       1.2167
1530.000       1.2967
1531.000       1.3963
1532.000       1.4307
1535.000       1.5355
1536.000       1.5924
1538.000       1.5242
1539.000       1.3648
1540.000       1.5131
1542.000       1.5155
1544.000       1.7017
1546.000       1.6641
1547.000       1.6745
1548.000       1.8941
1549.000       1.6424
1550.000       1.5870
1551.000       1.7026
1554.000       1.6821
1556.000       1.5961
1557.000       1.5633
1559.000       1.4630
1560.000       1.4231
1562.000       1.4149
1563.000       1.4431
1564.000       1.5131
1565.000       1.5696
1568.000       1.5928
1569.000       1.6017
1571.000       1.5537
1572.000       1.4693
1573.000       1.6654
1575.000       1.6438
1577.000       1.8149
1579.000       1.8357
1580.000       1.9081
1581.000       2.1454
1582.000       1.8944
1583.000       1.8564
1584.000       1.9599
1587.000       1.9121
1589.000       1.7964
1590.000       1.7660
1592.000       1.6838
1593.000       1.6605
1595.000       1.6660
1596.000       1.6861
1597.000       1.7706
1598.000       1.8482
1599.000       1.8444
1601.000       1.8439
1602.000       1.9680
1605.000       1.7805
1606.000       1.6969
1607.000       1.9404
1609.000       1.8948
1611.000       2.0362
1613.000       2.1239
1614.000       2.2603
1615.000       2.4879
1616.000       2.2888
1617.000       2.2168
1618.000       2.2996
1621.000       2.2905
1623.000       2.1339
1624.000       2.1743
1626.000       2.1005
1627.000       2.0620
1629.000       2.0663
1631.000       2.1188
1632.000       2.1967
1633.000       2.1572
1635.000       2.1508
1636.000       2.2472
1637.000       2.4142
1639.000       2.3933
1641.000       2.5420
1643.000       2.6275
1644.000       2.8317
1645.000       3.0787
1646.000       2.8283
1647.000       2.9073
1648.000       3.0835
1651.000       3.2473
1653.000       3.0918
1654.000       3.2849
1656.000       3.1326
1657.000       3.0354
1659.000       3.0490
1660.000       3.1858
1661.000       3.4604
1662.000       3.4817
1665.000       3.9188
1666.000       4.0815
1668.000       3.7931
1669.000       3.3187
1670.000       3.4692
1672.000       3.6166
1674.000       4.0340
1676.000       3.7621
1679.000       4.1665
1680.000       4.3130
1683.000       4.1016
1685.000       4.0348
1686.000       3.7082
1688.000       3.3968
1689.000       3.4143
1691.000       3.1532
1692.000       2.9321
1693.000       2.6546
1694.000       2.5389
1695.000       2.5998
1697.000       2.7967
1698.000       2.8143
1701.000       3.0486
1702.000       3.0963
1703.000       3.7195
1705.000       3.6055
1707.000       3.8741
1709.000       3.8211
1710.000       3.6092
1711.000       3.8266
1712.000       3.6535
1713.000       3.2300
1714.000       3.1596
1717.000       2.9578
1719.000       2.8742
1720.000       2.6391
1722.000       2.4888
1723.000       2.5893
1725.000       2.5010
1727.000       2.2847
1728.000       2.2236
1731.000       2.1862
1732.000       2.2939
1733.000       2.2627
1734.000       2.7559
1736.000       2.5974
1738.000       2.6987
1740.000       2.8397
1741.000       2.7541
1742.000       2.9355
1743.000       2.7936
1744.000       2.5054
1745.000       2.5073
1748.000       2.3023
1750.000       2.2163
1751.000       2.0300
1753.000       1.9597
1754.000       2.0672
1756.000       2.0591
1758.000       1.9325
1759.000       1.9689
1760.000       1.8236
1762.000       1.8353
1763.000       1.7993
1764.000       2.1686
1766.000       2.0122
1768.000       2.0685
1770.000       2.2591
1771.000       2.2295
1772.000       2.4251
1773.000       2.2807
1774.000       2.0183
1775.000       2.0163
1778.000       1.8349
1780.000       1.7456
1781.000       1.6251
1783.000       1.6164
1784.000       1.6923
1786.000       1.7278
1788.000       1.7011
1789.000       1.7889
1790.000       1.6449
1792.000       1.5971
1793.000       1.6079
1794.000       1.7740
1796.000       1.6451
1798.000       1.6828
1800.000       1.8759
1801.000       1.9434
1802.000       2.1406
1803.000       2.0558
1804.000       1.8583
1805.000       1.8872
1808.000       1.9226
1810.000       1.9678
1811.000       2.1381
1813.000       2.2043
1814.000       2.1131
1816.000       2.3186
1818.000       2.6415
1819.000       2.9322
1820.000       2.7598
1822.000       2.5686
1823.000       2.8523
1824.000       1.9964
1826.000       2.2000
1828.000       2.4841
1830.000       2.1326
1831.000       2.0602
1832.000       2.5098
1833.000       2.2127
1834.000       1.6785
1835.000       1.6682
1838.000       1.4522
1840.000       1.4840
1841.000       1.4180
1843.000       1.4384
1844.000       1.6582
1846.000       1.7370
1847.000       1.5880
1848.000       1.7761
1849.000       1.9037
1850.000       2.0759
1852.000       2.2077
1853.000       2.7746
1856.000       1.9139
1857.000       1.5535
1858.000       1.2823
1860.000       1.3239
1862.000       1.4636
1864.000       1.2926
1865.000       1.2384
1866.000       1.4027
1867.000       1.2696
1868.000       1.0773
1869.000       1.0595
1872.000       0.9418
1874.000       0.9016
1875.000       0.8263
1877.000       0.8374
1878.000       0.9079
1880.000       0.9344
1881.000       0.8713
1882.000       0.9008
1883.000       0.9974
1886.000       0.8856
1887.000       0.8406
1889.000       0.8086
1890.000       0.8200
1891.000       0.9054
1893.000       0.8247
1895.000       0.8269
1897.000       0.9684
1898.000       1.0347
1899.000       1.1980
1900.000       1.1745
1901.000       1.0017
1902.000       0.9791
1905.000       0.9671
1907.000       0.9526
1908.000       0.9121
1910.000       0.8769
1911.000       0.8595
1913.000       0.8652
1915.000       0.9042
1916.000       0.9717
1917.000       0.9335
1919.000       0.9161
1920.000       0.9816
1921.000       0.9808
1923.000       0.9275
1925.000       0.9770
1927.000       1.0652
1928.000       1.1332
1929.000       1.2644
1930.000       1.4122
1931.000       1.1285
1932.000       1.2336
1935.000       1.1256
1937.000       1.0669
1938.000       1.0215
1940.000       0.9680
1941.000       0.9769
1943.000       1.0824
1945.000       1.1841
1946.000       1.3750
1947.000       1.1784
1949.000       1.0835
1950.000       1.2199
1951.000       1.0721
1953.000       1.0924
1955.000       1.2959
1957.000       1.1921
1958.000       1.2580
1959.000       1.4155
1960.000       1.2619
1961.000       1.2566
1962.000       1.3555
1965.000       1.3607
1967.000       1.2948
1968.000       1.2863
1970.000       1.1827
1971.000       1.1101
1973.000       1.0405
1975.000       1.0410
1976.000       1.0269
1977.000       1.1273
1979.000       1.2011
1980.000       1.3261
1981.000       1.3644
1983.000       1.3585
1985.000       1.4861
1987.000       1.4910
1988.000       1.5230
1989.000       1.7085
1990.000       1.4695
1991.000       1.5176
1992.000       1.5640
1995.000       1.5017
1997.000       1.4287
1998.000       1.3662
2000.000       1.2522
2001.000       1.2006
2003.000       1.1146
2004.000       1.1108
2005.000       1.0733
2006.000       1.0299
2007.000       1.1420
2009.000       1.2251
2010.000       1.3181
2013.000       1.2594
2014.000       1.2003
2015.000       1.4578
2017.000       1.4263
2019.000       1.5439
2021.000       1.5713
2022.000       1.6247
2023.000       1.7885
2024.000       1.6637
2025.000       1.5645
2026.000       1.6065
2029.000       1.5913
2031.000       1.5374
2032.000       1.5545
2034.000       1.5016
2035.000       1.4740
2037.000       1.4812
2038.000       1.5108
2039.000       1.5776
2040.000       1.6247
2041.000       1.6420
2043.000       1.6554
2044.000       1.7611
2047.000       1.6053
2048.000       1.5264
2049.000       1.6211
2051.000       1.6431
2053.000       1.7422
2055.000       1.7089
2056.000       1.7432
2057.000       1.9070
2058.000       1.7292
2059.000       1.6893
2060.000       1.7697
2063.000       1.7240
2065.000       1.6296
2066.000       1.5706
2068.000       1.4608
2069.000       1.4616
2071.000       1.4030
2073.000       1.3343
2074.000       1.3274
2075.000       1.3455
2077.000       1.4105
2078.000       1.4748
2079.000       1.7072
2081.000       1.6542
2083.000       1.7683
2085.000       1.8385
2086.000       1.8579
2087.000       2.0401
2088.000       1.8621
2089.000       1.7482
2090.000       1.7925
2093.000       1.7011
2095.000       1.6061
2096.000       1.5237
2098.000       1.4669
2099.000       1.5273
2101.000       1.5069
2102.000       1.4107
2103.000       1.3892
2104.000       1.4615
2105.000       1.3317
2107.000       1.3044
2108.000       1.2874
2111.000       1.3402
2112.000       1.3867
2113.000       1.6819
2115.000       1.5975
2117.000       1.6713
2119.000       1.8003
2120.000       1.8684
2121.000       2.0285
2122.000       1.8844
2123.000       1.8447
2124.000       1.9267
2127.000       1.9467
2129.000       2.0431
2130.000       2.0075
2132.000       2.0025
2133.000       2.0377
2135.000       2.1029
2136.000       2.1019
2137.000       2.2120
2138.000       2.3232
2141.000       2.2846
2142.000       2.2573
2144.000       2.1504
2145.000       2.0631
2146.000       1.8090
2148.000       1.9013
2150.000       2.0432
2152.000       1.8104
2153.000       1.6811
2154.000       1.8103
2155.000       1.6364
2156.000       1.6080
2157.000       1.6786
2160.000       1.6410
2162.000       1.6830
2163.000       1.6085
2165.000       1.5546
2166.000       1.5317
2168.000       1.5482
2169.000       1.5792
2170.000       1.6647
2171.000       1.7365
2174.000       1.7376
2175.000       1.7261
2177.000       1.6591
2178.000       1.5829
2179.000       1.5032
2181.000       1.5206
2183.000       1.6328
2185.000       1.5228
2186.000       1.4173
2187.000       1.5190
2188.000       1.4426
2189.000       1.2917
2190.000       1.2871
2193.000       1.1805
2195.000       1.1543
2196.000       1.1033
2198.000       1.1345
2199.000       1.1653
2201.000       1.2281
2202.000       1.2453
2203.000       1.3510
2204.000       1.4504
2207.000       1.3994
2208.000       1.3340
2210.000       1.2332
2211.000       1.1880
2212.000       1.1741
2214.000       1.0899
2216.000       1.1001
2218.000       1.3362
2219.000       1.4411
2220.000       1.7796
2221.000       1.5785
2222.000       1.2942
2223.000       1.2289
2226.000       1.0698
2228.000       1.0233
2229.000       0.9522
2231.000       1.1419
2232.000       1.4696
2234.000       1.9513
2236.000       2.1168
2237.000       2.6424
2238.000       1.8635
2240.000       1.4588
2241.000       1.6760
2242.000       0.9796
2244.000       1.0139
2246.000       1.3190
2248.000       0.9539
2249.000       0.9380
2250.000       1.0041
2251.000       0.9747
2252.000       0.9282
2253.000       0.9528
2256.000       0.9306
2258.000       0.9238
2259.000       0.9130
2261.000       0.9508
2262.000       1.0436
2264.000       1.1615
2266.000       1.1968
2267.000       1.3602
2268.000       1.1203
2270.000       0.9997
2271.000       1.0508
2272.000       0.9610
2274.000       0.9355
2276.000       1.0219
2278.000       1.0385
2279.000       1.1519
2280.000       1.2630
2281.000       1.1874
2282.000       1.1809
2283.000       1.2481
2286.000       1.2846
2288.000       1.2469
2289.000       1.2400
2291.000       1.1400
2292.000       1.0767
2294.000       1.0102
2296.000       1.0089
2297.000       0.9802
2300.000       1.0749
2301.000       1.1432
2302.000       1.2369
2303.000       1.3043
2305.000       1.3170
2307.000       1.4552
2309.000       1.4355
2310.000       1.4953
2311.000       1.6637
2312.000       1.5087
2313.000       1.4514
2314.000       1.5017
2317.000       1.4763
2319.000       1.4042
2320.000       1.3841
2322.000       1.2623
2323.000       1.2107
2325.000       1.1183
2327.000       1.0757
2328.000       1.0110
2331.000       1.1420
2332.000       1.2371
2333.000       1.3351
2334.000       1.5137
2336.000       1.5082
2338.000       1.6465
2340.000       1.6365
2341.000       1.7052
2342.000       1.9041
2343.000       1.6705
2344.000       1.6806
2345.000       1.7941
2348.000       1.7726
2350.000       1.6804
2351.000       1.6204
2353.000       1.4673
2354.000       1.4361
2356.000       1.3148
2357.000       1.2640
2358.000       1.1802
2359.000       1.1072
2362.000       1.2255
2363.000       1.3372
2365.000       1.4122
2366.000       1.3705
2367.000       1.7531
2369.000       1.7160
2371.000       1.8701
2373.000       1.9005
2374.000       1.9175
2375.000       2.1347
2376.000       1.9039
2377.000       1.7993
2378.000       1.8872
2381.000       1.7903
2383.000       1.7121
2384.000       1.6417
2386.000       1.5481
2387.000       1.5380
2389.000       1.5206
2390.000       1.5188
2391.000       1.5869
2392.000       1.6551
2395.000       1.6818
2396.000       1.7078
2398.000       1.6514
2399.000       1.5472
2400.000       1.7074
2402.000       1.6681
2404.000       1.8030
2406.000       1.7979
2407.000       1.7746
2408.000       1.9513
2409.000       1.7788
2410.000       1.6465
2411.000       1.6793
2414.000       1.5639
2416.000       1.5019
2417.000       1.4018
2419.000       1.3288
2420.000       1.3736
2422.000       1.3104
2423.000       1.2080
2424.000       1.1266
2425.000       1.1212
2428.000       1.0905
2429.000       1.1363
2431.000       1.2062
2432.000       1.2317
2433.000       1.4891
2435.000       1.4130
2437.000       1.4959
2439.000       1.5604
2440.000       1.5536
2441.000       1.7108
2442.000       1.5699
2443.000       1.4500
2444.000       1.4854
2447.000       1.3608
2449.000       1.2938
2450.000       1.1799
2452.000       1.0954
2453.000       1.1392
2455.000       1.0797
2456.000       0.9759
2457.000       0.8985
2458.000       0.9149
2461.000       0.8527
2462.000       0.8874
2464.000       0.9600
2465.000       0.9930
2466.000       1.2607
2468.000       1.1777
2470.000       1.2699
2472.000       1.3332
2473.000       1.3246
2474.000       1.4674
2475.000       1.3839
2476.000       1.1931
2477.000       1.1844
2480.000       1.0604
2482.000       0.9817
2483.000       0.8995
2485.000       0.8765
2486.000       0.9583
2488.000       0.9739
2490.000       0.9010
2491.000       0.9602
2494.000       0.8340
2495.000       0.8199
2496.000       0.8164
2497.000       1.0443
2499.000       0.9512
2501.000       0.9754
2503.000       1.1328
2504.000       1.1985
2505.000       1.3618
2506.000       1.2597
2507.000       1.0999
2508.000       1.1030
2511.000       1.0396
2513.000       0.9865
2514.000       0.9537
2516.000       0.9120
2517.000       0.9339
2519.000       0.9086
2521.000       0.8569
2522.000       0.8652
2525.000       0.8518
2526.000       0.8813
2527.000       0.9277
2528.000       1.0455
2530.000       1.0508
2532.000       1.2205
2534.000       1.1361
2535.000       1.1688
2536.000       1.3202
2537.000       1.2335
2538.000       1.0766
2539.000       1.1033
2542.000       1.0907
2544.000       1.1017
2545.000       1.2317
2547.000       1.0867
2548.000       1.0919
2550.000       1.0148
2551.000       0.9431
2552.000       0.8873
2553.000       0.8855
2554.000       0.8966
2556.000       0.9537
2557.000       0.9958
2560.000       1.0097
2561.000       0.9952
2562.000       1.1383
2564.000       1.5018
2566.000       2.0974
2568.000       1.1631
2569.000       1.2151
2570.000       1.4595
2571.000       1.5544
2572.000       1.0931
2573.000       1.0889
2576.000       1.1357
2578.000       1.2470
2579.000       1.2415
2581.000       1.1486
2582.000       1.4530
2584.000       1.4540
2585.000       1.3142
2586.000       1.8009
2587.000       1.8019
2590.000       2.6473
2591.000       2.9346
2593.000       2.3894
2594.000       1.5000
2595.000       1.1085
2597.000       1.3057
2599.000       1.6069
2601.000       1.1529
2602.000       1.1451
2603.000       1.2865
2604.000       1.1849
2605.000       1.1023
2606.000       1.1631
2609.000       1.1151
2611.000       1.0898
2612.000       1.0421
2614.000       0.9835
2615.000       1.0355
2617.000       0.9951
2619.000       0.9027
2620.000       0.8984
2623.000       0.8969
2624.000       0.9370
2625.000       0.9917
2626.000       1.0891
2628.000       1.0640
2630.000       1.1536
2632.000       1.1743
2633.000       1.2147
2634.000       1.3455
2635.000       1.2746
2636.000       1.1506
2637.000       1.1785
2640.000       1.1223
2642.000       1.1091
2643.000       1.0577
2645.000       1.0087
2646.000       1.0332
2648.000       1.0059
2649.000       0.9555
2650.000       0.9378
2651.000       0.9589
2654.000       0.9468
2655.000       0.9702
2657.000       0.9836
2658.000       0.9670
2659.000       1.0929
2661.000       1.0716
2663.000       1.1604
2665.000       1.1735
2666.000       1.2157
2667.000       1.3806
2668.000       1.2777
2669.000       1.1308
2670.000       1.1562
2673.000       1.1106
2675.000       1.0689
2676.000       1.0275
2678.000       0.9593
2679.000       0.9795
2681.000       0.9416
2682.000       0.8840
2683.000       0.8458
2684.000       0.8613
2685.000       0.8339
2687.000       0.8603
2688.000       0.8835
2691.000       0.9015
2692.000       0.9037
2693.000       1.1257
2695.000       1.1122
2697.000       1.2453
2699.000       1.2508
2700.000       1.2639
2701.000       1.4702
2702.000       1.3225
2703.000       1.1494
2704.000       1.1768
2707.000       1.0950
2709.000       1.0408
2710.000       0.9687
2712.000       0.8914
2713.000       0.9408
2715.000       0.9219
2717.000       0.8704
2718.000       0.9206
2719.000       0.8508
2721.000       0.8477
2722.000       0.8877
2723.000       1.0677
2725.000       1.0245
2727.000       1.1458
2729.000       1.1806
2730.000       1.2734
2731.000       1.4328
2732.000       1.4400
2733.000       1.3269
2734.000       1.2911
2737.000       1.1507
2739.000       1.1623
2740.000       1.0048
2742.000       0.9560
2743.000       0.9340
2745.000       0.9520
2746.000       0.9733
2747.000       1.0432
2748.000       1.1014
2751.000       1.1142
2752.000       1.1280
2754.000       1.0756
2755.000       0.9847
2756.000       1.0570
2758.000       0.9811
2760.000       0.9970
2762.000       1.1194
2763.000       1.2464
2764.000       1.4933
2765.000       1.4036
2766.000       1.1755
2767.000       1.2894
2770.000       1.2038
2772.000       1.2860
2773.000       1.1935
2775.000       1.2834
2776.000       1.2745
2778.000       1.3902
2779.000       1.5708
2780.000       1.9061
2781.000       2.0150
2782.000       2.2251
2784.000       2.2043
2785.000       2.6088
2788.000       1.8565
2789.000       1.5452
2790.000       1.0154
2792.000       1.0184
2794.000       1.0406
2796.000       1.0288
2797.000       1.0351
2798.000       1.1582
2799.000       1.1603
2800.000       0.8999
2801.000       0.8410
2804.000       0.7515
2806.000       0.7843
2807.000       0.6808
2809.000       0.6573
2810.000       0.7352
2812.000       0.7405
2813.000       0.6682
2814.000       0.7059
2815.000       0.7937
2818.000       0.7323
2819.000       0.7140
2821.000       0.6666
2822.000       0.6343
2823.000       0.7581
2825.000       0.7117
2827.000       0.7373
2829.000       0.8150
2830.000       0.9310
2831.000       1.0663
2832.000       1.0588
2833.000       0.8753
2834.000       0.8648
2837.000       0.8086
2839.000       0.8413
2840.000       0.7861
2842.000       0.7712
2843.000       0.8091
2845.000       0.8149
2846.000       0.7746
2847.000       0.7850
2848.000       0.8386
2849.000       0.7696
2851.000       0.7483
2852.000       0.7577
2855.000       0.7443
2856.000       0.7522
2857.000       0.7584
2859.000       0.7552
2861.000       0.8210
2863.000       0.7924
2864.000       0.7847
2865.000       0.8901
2866.000       0.8339
2867.000       0.7435
2868.000       0.7666
2871.000       0.7459
2873.000       0.7760
2874.000       0.7364
2876.000       0.7230
2877.000       0.7323
2879.000       0.7482
2881.000       0.7591
2882.000       0.8169
2883.000       0.7576
2885.000       0.7360
2886.000       0.7798
2887.000       0.7077
2889.000       0.7228
2891.000       0.8321
2893.000       0.8006
2894.000       0.8975
2895.000       1.1023
2896.000       0.9764
2897.000       0.8275
2898.000       0.8602
2901.000       0.8390
2903.000       0.8326
2904.000       0.7955
2906.000       0.7390
2907.000       0.7634
2909.000       0.7541
2911.000       0.7227
2912.000       0.7626
2915.000       0.7257
2916.000       0.7314
2917.000       0.7809
2918.000       0.8429
2920.000       0.8395
2922.000       0.9617
2924.000       0.9672
2925.000       1.0486
2926.000       1.2590
2927.000       1.0817
2928.000       1.0098
2929.000       1.0798
2932.000       1.0485
2934.000       1.0082
2935.000       0.9748
2937.000       0.8991
2938.000       0.8676
2940.000       0.8391
2942.000       0.8378
2943.000       0.8604
2944.000       0.8873
2946.000       0.9198
2947.000       1.0124
2948.000       1.0111
2950.000       1.0043
2952.000       1.1410
2954.000       1.1176
2955.000       1.1508
2956.000       1.3111
2957.000       1.1876
2958.000       1.0799
2959.000       1.1126
2962.000       1.0643
2964.000       1.0430
2965.000       1.0025
2967.000       0.9470
2968.000       0.9416
2970.000       0.9135
2971.000       0.8900
2972.000       0.8787
2973.000       0.8912
2974.000       0.8954
2976.000       0.9200
2977.000       0.9600
2980.000       0.9387
2981.000       0.9173
2982.000       1.0319
2984.000       1.0283
2986.000       1.1229
2988.000       1.0909
2989.000       1.1059
2990.000       1.2482
2991.000       1.1163
2992.000       1.0613
2993.000       1.1174
2996.000       1.0923
2998.000       1.0335
2999.000       1.0196
3001.000       0.9800
3002.000       0.9933
3004.000       0.9986
3005.000       0.9883
3006.000       1.0475
3007.000       1.1206
3008.000       1.0937
3010.000       1.0845
3011.000       1.1769
3014.000       1.0356
3015.000       0.9824
3016.000       1.1013
3018.000       1.0836
3020.000       1.1851
3022.000       1.2283
3023.000       1.3368
3024.000       1.6089
3025.000       1.5981
3026.000       1.2989
3027.000       1.3473
3030.000       1.3324
3032.000       1.2977
3033.000       1.2058
3035.000       1.1674
3036.000       1.2108
3038.000       1.2166
3039.000       1.1708
3040.000       1.2131
3041.000       1.3062
3044.000       1.2367
3045.000       1.2189
3047.000       1.1771
3048.000       1.1460
3049.000       1.2962
3051.000       1.1807
3053.000       1.1780
3055.000       1.3891
3056.000       1.5566
3057.000       1.6771
3058.000       1.6770
3059.000       1.6135
3060.000       1.6861
3063.000       1.8293
3065.000       2.1083
3066.000       2.2315
3068.000       2.4682
3069.000       2.3804
3071.000       2.6587
3073.000       3.0625
3074.000       3.3799
3075.000       3.1721
3077.000       2.9042
3078.000       3.1361
3079.000       1.7537
3081.000       2.0003
3083.000       2.2763
3085.000       1.9113
3086.000       1.7474
3087.000       1.9546
3088.000       2.0321
3089.000       1.5596
3090.000       1.5580
3093.000       1.3903
3095.000       1.3615
3096.000       1.2345
3098.000       1.2137
3099.000       1.3085
3101.000       1.3275
3102.000       1.2352
3103.000       1.2780
3104.000       1.3936
3105.000       1.2589
3107.000       1.2032
3108.000       1.2745
3111.000       1.1597
3112.000       1.1719
3113.000       1.2635
3115.000       1.1902
3117.000       1.2735
3119.000       1.3055
3120.000       1.3016
3121.000       1.4277
3122.000       1.4165
3123.000       1.1644
3124.000       1.1272
3127.000       1.0504
3129.000       1.0490
3130.000       1.0224
3132.000       1.0434
3133.000       1.1091
3135.000       1.1545
3136.000       1.1133
3137.000       1.1728
3138.000       1.2741
3141.000       1.1905
3142.000       1.1517
3144.000       1.0869
3145.000       1.0601
3146.000       1.0297
3148.000       1.0359
3150.000       1.0901
3152.000       1.0498
3153.000       1.0440
3154.000       1.1398
3155.000       1.0952
3156.000       1.0031
3157.000       1.0151
3160.000       0.9963
3162.000       0.9875
3163.000       0.9780
3165.000       0.9653
3166.000       0.9717
3168.000       0.9756
3169.000       0.9680
3170.000       0.9969
3171.000       1.0398
3172.000       1.0252
3174.000       1.0403
3175.000       1.1135
3178.000       1.0211
3179.000       0.9727
3180.000       0.9929
3182.000       0.9931
3184.000       1.0343
3186.000       1.0318
3187.000       1.0719
3188.000       1.1972
3189.000       1.1182
3190.000       1.0353
3191.000       1.0160
3194.000       0.9627
3196.000       0.9724
3197.000       0.9383
3199.000       0.9600
3200.000       1.1051
3202.000       1.1170
3203.000       0.9681
3204.000       0.9480
3205.000       1.0462
3208.000       0.9026
3209.000       0.8841
3211.000       0.8581
3212.000       0.8934
3213.000       0.9576
3215.000       0.9371
3217.000       0.9560
3219.000       0.9941
3220.000       1.0246
3221.000       1.1054
3222.000       1.0938
3223.000       1.0122
3224.000       1.0373
3227.000       1.0580
3229.000       1.0802
3230.000       1.0664
3232.000       1.0022
3233.000       0.9754
3235.000       0.9412
3236.000       0.9343
3237.000       0.9238
3238.000       0.9270
3239.000       0.9587
3241.000       1.0135
3242.000       1.0803
3245.000       1.0299
3246.000       0.9801
3247.000       1.0320
3249.000       1.0743
3251.000       1.2013
3253.000       1.1367
3254.000       1.1750
3255.000       1.3797
3256.000       1.1498
3257.000       1.1532
3258.000       1.2710
3261.000       1.2727
3263.000       1.1985
3264.000       1.1614
3266.000       1.0146
3267.000       0.9588
3269.000       0.9071
3270.000       0.9068
3271.000       0.9124
3272.000       0.9339
3275.000       0.9667
3276.000       1.0332
3278.000       1.0558
3279.000       0.9770
3280.000       1.2558
3282.000       1.2535
3284.000       1.4410
3286.000       1.4185
3287.000       1.4871
3288.000       1.7174
3289.000       1.4271
3290.000       1.4767
3291.000       1.6227
3294.000       1.6082
3296.000       1.4618
3297.000       1.4082
3299.000       1.2336
3300.000       1.1736
3302.000       1.0903
3303.000       1.0765
3304.000       1.0619
3305.000       1.0709
3308.000       1.1174
3309.000       1.1941
3311.000       1.2386
3312.000       1.1653
3313.000       1.6253
3315.000       1.5685
3317.000       1.7632
3319.000       1.8556
3320.000       1.9736
3321.000       2.2535
3322.000       1.9273
3323.000       1.9250
3324.000       2.0588
3327.000       2.0019
3329.000       1.8076
3330.000       1.7461
3332.000       1.5941
3333.000       1.5570
3335.000       1.4725
3336.000       1.4535
3337.000       1.4391
3338.000       1.4456
3339.000       1.4957
3341.000       1.5549
3342.000       1.6444
3345.000       1.5832
3346.000       1.5262
3347.000       2.0540
3349.000       1.9519
3351.000       2.0986
3353.000       2.3056
3354.000       2.4655
3355.000       2.7545
3356.000       2.4446
3357.000       2.3977
3358.000       2.4884
3361.000       2.4212
3363.000       2.2000
3364.000       2.1805
3366.000       2.0673
3367.000       2.0331
3369.000       1.9681
3370.000       1.9655
3371.000       1.9724
3372.000       1.9619
3375.000       2.0527
3376.000       2.1066
3378.000       2.1032
3379.000       2.0302
3380.000       2.5403
3382.000       2.4329
3384.000       2.5531
3386.000       2.8015
3387.000       3.0372
3388.000       3.3201
3389.000       3.0489
3390.000       3.0093
3391.000       3.1148
3394.000       3.1127
3396.000       2.8666
3397.000       2.9220
3399.000       2.7817
3400.000       2.7196
3402.000       2.6443
3404.000       2.6316
3405.000       2.6197
3406.000       2.7104
3408.000       2.7884
3409.000       2.9158
3410.000       3.3004
3412.000       3.2429
3414.000       3.4260
3416.000       3.5949
3417.000       3.8636
3418.000       4.1613
3419.000       3.8558
3420.000       3.8529
3421.000       3.9825
3424.000       3.9794
3426.000       3.6963
3427.000       3.7159
3429.000       3.5162
3430.000       3.4909
3432.000       3.3787
3434.000       3.2871
3435.000       3.2489
3436.000       3.3205
3438.000       3.4338
3439.000       3.5152
3440.000       4.1726
3442.000       4.0384
3444.000       4.2529
3446.000       4.5212
