   2.000       2.6809
   3.000       2.6106
   6.000       2.4209
   8.000       2.3747
   9.000       2.1859
  11.000       2.0339
  12.000       2.0890
  14.000       1.9987
  16.000       1.8293
  17.000       1.7819
  20.000       1.7994
  21.000       1.9065
  22.000       1.9555
  23.000       2.2194
  25.000       2.1282
  27.000       2.2721
  29.000       2.2989
  30.000       2.2293
  31.000       2.4326
  32.000       2.2301
  33.000       2.0458
  34.000       2.0880
  37.000       1.9355
  39.000       1.8587
  40.000       1.7004
  42.000       1.5701
  43.000       1.6175
  45.000       1.5494
  47.000       1.4133
  48.000       1.3949
  49.000       1.3755
  51.000       1.4536
  52.000       1.4781
  53.000       1.8159
  55.000       1.7111
  57.000       1.8200
  59.000       1.9091
  60.000       1.8734
  61.000       2.0695
  62.000       1.9089
  63.000       1.6725
  64.000       1.6779
  67.000       1.5226
  69.000       1.4321
  70.000       1.2982
  72.000       1.2100
  73.000       1.2813
  75.000       1.2335
  77.000       1.1064
  78.000       1.1110
  79.000       1.0588
  81.000       1.1094
  82.000       1.1391
  83.000       1.4373
  85.000       1.3244
  87.000       1.4154
  89.000       1.5459
  90.000       1.5690
  91.000       1.7623
  92.000       1.6060
  93.000       1.4326
  94.000       1.4546
  97.000       1.3313
  99.000       1.2361
 100.000       1.1450
 102.000       1.0757
 103.000       1.1260
 105.000       1.0643
 106.000       0.9620
 107.000       0.8993
 108.000       0.9176
 109.000       0.8767
 111.000       0.9019
 112.000       0.9299
 115.000       0.9543
 116.000       0.9791
 117.000       1.2976
 119.000       1.2066
 121.000       1.2806
 123.000       1.4118
 124.000       1.4610
 125.000       1.6423
 126.000       1.5275
 127.000       1.3653
 128.000       1.3988
 131.000       1.2990
 133.000       1.2161
 134.000       1.1463
 136.000       1.0904
 137.000       1.1324
 139.000       1.1065
 141.000       1.0376
 142.000       1.0494
 145.000       1.0155
 146.000       1.0426
 147.000       1.0746
 148.000       1.2771
 150.000       1.2055
 152.000       1.2827
 154.000       1.3753
 155.000       1.4214
 156.000       1.5958
 157.000       1.4889
 158.000       1.3193
 159.000       1.3429
 162.000       1.2927
 164.000       1.2311
 165.000       1.2823
 167.000       1.2295
 168.000       1.2370
 170.000       1.2821
 172.000       1.3105
 173.000       1.4196
 174.000       1.3005
 176.000       1.2720
 177.000       1.3578
 178.000       1.3329
 180.000       1.4709
 182.000       1.8346
 184.000       1.3860
 185.000       1.5126
 186.000       1.7765
 187.000       1.6990
 188.000       1.3535
 189.000       1.3595
 192.000       1.3058
 194.000       1.2692
 195.000       1.2489
 197.000       1.1940
 198.000       1.2048
 200.000       1.1874
 201.000       1.1700
 202.000       1.2033
 203.000       1.2535
 204.000       1.2295
 206.000       1.2247
 207.000       1.2788
 210.000       1.2037
 211.000       1.1738
 212.000       1.3305
 214.000       1.3373
 216.000       1.4915
 218.000       1.3873
 219.000       1.6305
 220.000       2.1732
 221.000       2.2842
 222.000       1.3442
 223.000       1.7467
 226.000       2.1297
 228.000       2.6361
 229.000       3.0661
 231.000       3.2289
 232.000       3.4666
 234.000       3.7656
 235.000       3.9082
 236.000       4.6224
 237.000       5.0167
 240.000       5.2310
 241.000       5.0723
 243.000       4.2805
 244.000       3.6944
 245.000       2.0916
 247.000       2.9693
 249.000       3.8720
 251.000       2.4269
 252.000       2.0888
 253.000       2.8271
 254.000       1.7568
 255.000       2.3272
 256.000       3.1395
 259.000       3.8221
 261.000       4.0885
 262.000       4.2786
 264.000       3.8328
 265.000       3.0450
 267.000       3.0490
 268.000       3.8160
 269.000       4.3219
 270.000       4.1787
 273.000       5.1473
 274.000       5.5463
 276.000       5.2340
 277.000       4.3122
 278.000       3.7795
 280.000       4.1647
 282.000       4.8096
 284.000       4.2772
 285.000       4.3426
 286.000       4.4084
 287.000       4.9269
 288.000       3.8337
 289.000       3.8073
 292.000       3.4975
 294.000       3.4283
 295.000       3.1018
 297.000       2.8272
 298.000       2.7956
 300.000       2.7919
 301.000       2.8398
 302.000       3.1440
 303.000       3.4025
 304.000       3.3711
 306.000       3.3188
 307.000       3.7080
 310.000       3.0830
 311.000       2.8409
 312.000       2.9858
 314.000       2.8983
 316.000       3.3046
 318.000       3.1194
 319.000       2.8875
 320.000       3.1937
 321.000       2.8959
 322.000       2.5338
 323.000       2.6397
 326.000       2.4671
 328.000       2.4548
 329.000       2.3821
 331.000       2.2760
 332.000       2.1577
 334.000       2.2061
 336.000       2.4248
 337.000       2.6415
 340.000       2.6214
 341.000       2.5332
 342.000       2.8478
 343.000       2.2773
 345.000       2.3297
 347.000       2.6164
 349.000       2.4453
 350.000       2.4402
 351.000       2.6619
 352.000       2.6142
 353.000       2.2278
 354.000       2.2732
 357.000       2.2566
 359.000       2.2424
 360.000       2.3372
 362.000       2.2521
 363.000       2.1983
 365.000       2.3372
 366.000       2.4657
 367.000       2.7898
 368.000       2.9841
 369.000       3.0618
 371.000       3.0875
 372.000       3.5336
 375.000       2.8034
 376.000       2.4610
 377.000       2.3003
 379.000       2.4477
 381.000       2.7404
 383.000       2.4968
 384.000       2.7370
 385.000       3.1603
 386.000       3.0839
 387.000       2.4837
 388.000       2.5975
 391.000       2.5255
 393.000       2.4034
 394.000       2.4705
 396.000       2.4284
 397.000       2.3873
 399.000       2.6128
 401.000       2.8578
 402.000       3.2419
 405.000       2.9099
 406.000       2.7059
 407.000       2.9509
 408.000       2.5157
 410.000       2.5658
 412.000       2.9037
 414.000       2.7853
 415.000       2.8315
 416.000       3.2986
 417.000       2.8648
 418.000       2.5112
 419.000       2.6943
 422.000       2.5725
 424.000       2.4340
 425.000       2.4267
 427.000       2.2985
 428.000       2.2216
 430.000       2.4432
 431.000       2.6252
 432.000       3.0842
 433.000       3.4041
 434.000       3.3596
 436.000       3.2989
 437.000       3.7771
 440.000       2.9433
 441.000       2.5608
 442.000       2.4258
 444.000       2.4520
 446.000       2.8438
 448.000       2.6881
 449.000       2.6685
 450.000       3.0314
 451.000       2.5290
 452.000       2.5528
 453.000       2.7938
 456.000       2.7249
 458.000       2.6374
 459.000       2.5576
 461.000       2.3760
 462.000       2.2319
 464.000       2.1727
 466.000       2.2861
 467.000       2.3677
 470.000       2.4356
 471.000       2.4711
 472.000       2.6888
 473.000       2.5274
 475.000       2.5281
 477.000       2.8107
 479.000       2.6792
 480.000       2.5465
 481.000       2.8426
 482.000       2.5606
 483.000       2.1962
 484.000       2.2165
 487.000       1.9739
 489.000       1.9269
 490.000       1.7476
 492.000       1.6682
 493.000       1.7341
 495.000       1.7352
 496.000       1.6721
 497.000       1.7684
 498.000       1.9026
 501.000       1.8565
 502.000       1.8370
 504.000       1.7346
 505.000       1.6476
 506.000       1.7578
 508.000       1.6713
 510.000       1.8139
 512.000       1.8032
 513.000       1.7752
 514.000       1.8961
 515.000       1.9125
 516.000       1.6089
 517.000       1.5858
 520.000       1.5190
 522.000       1.4786
 523.000       1.4511
 525.000       1.4263
 526.000       1.4973
 528.000       1.5286
 530.000       1.4688
 531.000       1.5272
 534.000       1.4156
 535.000       1.4048
 536.000       1.4412
 537.000       1.5110
 539.000       1.4986
 541.000       1.6081
 543.000       1.5954
 544.000       1.6608
 545.000       1.8352
 546.000       1.7207
 547.000       1.5844
 548.000       1.6424
 551.000       1.6010
 553.000       1.5796
 554.000       1.5485
 556.000       1.4666
 557.000       1.4648
 559.000       1.4336
 560.000       1.4108
 561.000       1.4337
 562.000       1.4678
 563.000       1.4841
 565.000       1.5186
 566.000       1.6335
 569.000       1.5012
 570.000       1.4402
 571.000       1.5387
 573.000       1.5538
 575.000       1.6884
 577.000       1.6004
 578.000       1.5600
 579.000       1.6923
 580.000       1.5668
 581.000       1.4761
 582.000       1.5326
 585.000       1.4663
 587.000       1.4472
 588.000       1.3536
 590.000       1.2460
 591.000       1.2665
 593.000       1.1820
 594.000       1.0982
 595.000       1.0293
 596.000       1.0258
 597.000       1.0214
 599.000       1.0716
 600.000       1.1002
 603.000       1.1395
 604.000       1.1463
 605.000       1.3793
 607.000       1.3483
 609.000       1.4596
 611.000       1.4459
 612.000       1.4182
 613.000       1.5711
 614.000       1.4511
 615.000       1.2976
 616.000       1.3347
 619.000       1.2375
 621.000       1.1987
 622.000       1.0987
 624.000       1.0119
 625.000       1.0614
 627.000       1.0236
 629.000       0.9257
 630.000       0.9372
 633.000       0.8993
 634.000       0.9397
 635.000       0.9769
 636.000       1.1656
 638.000       1.1160
 640.000       1.2323
 642.000       1.2621
 643.000       1.2891
 644.000       1.4740
 645.000       1.3510
 646.000       1.1663
 647.000       1.2067
 650.000       1.1284
 652.000       1.0632
 653.000       1.0009
 655.000       0.9204
 656.000       0.9481
 658.000       0.9188
 659.000       0.8716
 660.000       0.8907
 661.000       0.9467
 664.000       0.9233
 665.000       0.9313
 667.000       0.9159
 668.000       0.8816
 669.000       1.1102
 671.000       1.0699
 673.000       1.2066
 675.000       1.2472
 676.000       1.3322
 677.000       1.5388
 678.000       1.3738
 679.000       1.2626
 680.000       1.3533
 683.000       1.3181
 685.000       1.1895
 686.000       1.1839
 688.000       1.0870
 689.000       1.0733
 691.000       1.0581
 692.000       1.0481
 693.000       1.0979
 694.000       1.1597
 697.000       1.1626
 698.000       1.1876
 700.000       1.1576
 701.000       1.0771
 702.000       1.3990
 704.000       1.3667
 706.000       1.5301
 708.000       1.6078
 709.000       1.8005
 710.000       2.0456
 711.000       1.8280
 712.000       1.7926
 713.000       1.9004
 716.000       1.9204
 718.000       1.7410
 719.000       1.7797
 721.000       1.6266
 722.000       1.5924
 724.000       1.5381
 725.000       1.5284
 726.000       1.5506
 727.000       1.5895
 728.000       1.6119
 730.000       1.6547
 731.000       1.7672
 734.000       1.6499
 735.000       1.5806
 736.000       2.0719
 738.000       2.0540
 740.000       2.3258
 742.000       2.3483
