   2.000       3.0331
   3.000       3.0961
   6.000       2.9500
   8.000       2.9657
   9.000       2.7990
  11.000       2.6540
  12.000       2.6663
  14.000       2.5642
  15.000       2.4772
  16.000       2.4080
  17.000       2.4011
  18.000       2.4216
  20.000       2.4902
  21.000       2.5563
  24.000       2.5525
  25.000       2.5404
  26.000       2.6962
  28.000       2.6829
  30.000       2.8683
  32.000       2.7341
  33.000       2.5805
  34.000       2.7631
  35.000       2.5248
  36.000       2.4142
  37.000       2.5140
  40.000       2.4128
  42.000       2.3864
  43.000       2.2563
  45.000       2.1111
  46.000       2.0956
  48.000       2.0030
  49.000       1.9458
  50.000       1.8935
  51.000       1.8773
  52.000       1.9327
  54.000       2.0182
  55.000       2.1072
  58.000       2.0657
  59.000       2.0209
  60.000       2.2400
  62.000       2.2101
  64.000       2.3836
  66.000       2.3241
  67.000       2.2344
  68.000       2.4540
  69.000       2.1803
  70.000       2.0837
  71.000       2.2002
  74.000       2.1043
  76.000       2.0399
  77.000       1.9292
  79.000       1.7729
  80.000       1.7438
  82.000       1.6561
  84.000       1.5874
  85.000       1.5632
  88.000       1.6267
  89.000       1.7192
  90.000       1.8184
  91.000       1.9680
  93.000       1.9302
  95.000       2.1173
  97.000       2.0848
  98.000       2.0207
  99.000       2.2474
 100.000       1.9749
 101.000       1.8785
 102.000       1.9823
 105.000       1.8791
 107.000       1.8061
 108.000       1.6868
 110.000       1.5417
 111.000       1.4901
 113.000       1.3877
 114.000       1.3690
 115.000       1.3290
 116.000       1.2918
 117.000       1.4066
 119.000       1.5099
 120.000       1.6279
 123.000       1.5502
 124.000       1.4732
 125.000       1.7362
 127.000       1.6864
 129.000       1.8510
 131.000       1.8346
 132.000       1.7656
 133.000       1.9331
 134.000       1.7617
 135.000       1.6128
 136.000       1.6474
 139.000       1.5946
 141.000       1.5652
 142.000       1.4893
 144.000       1.3876
 145.000       1.3495
 147.000       1.2549
 148.000       1.2361
 149.000       1.1994
 150.000       1.1644
 151.000       1.2764
 153.000       1.3684
 154.000       1.4724
 157.000       1.3999
 158.000       1.3297
 159.000       1.5288
 161.000       1.4988
 163.000       1.6112
 165.000       1.5896
 166.000       1.6610
 167.000       1.7310
 168.000       1.9378
 169.000       1.5994
 170.000       1.5625
 173.000       1.5376
 175.000       1.5806
 176.000       1.5629
 178.000       1.5307
 179.000       1.5618
 181.000       1.6090
 182.000       1.6020
 183.000       1.7284
 184.000       1.8535
 187.000       1.8333
 188.000       1.8176
 190.000       1.7033
 191.000       1.5808
 192.000       1.5418
 194.000       1.6123
 196.000       1.7632
 198.000       1.5981
 199.000       1.9589
 200.000       2.6106
 201.000       2.1188
 202.000       1.7585
 203.000       1.9338
 206.000       1.8466
 208.000       1.6924
 209.000       1.6260
 211.000       1.4443
 212.000       1.3455
 214.000       1.4096
 215.000       1.5231
 216.000       1.7714
 217.000       1.9447
 220.000       1.9824
 221.000       1.9794
 223.000       1.8023
 224.000       1.5499
 225.000       1.7546
 227.000       1.7291
 229.000       2.0524
 231.000       1.9995
 232.000       2.0843
 233.000       2.3095
 234.000       2.0989
 235.000       2.0081
 236.000       2.3144
 239.000       2.1730
 241.000       2.0520
 242.000       1.9210
 244.000       1.7774
 245.000       1.7948
 247.000       1.7371
 249.000       1.6432
 250.000       1.6503
 253.000       1.6273
 254.000       1.6986
 255.000       1.7648
 256.000       2.0998
 258.000       2.0061
 260.000       2.1504
 262.000       2.2365
 263.000       2.2847
 264.000       2.4955
 265.000       2.3229
 266.000       2.1521
 267.000       2.2150
 270.000       2.1431
 272.000       2.0054
 273.000       1.9562
 275.000       1.8299
 276.000       1.8239
 278.000       1.7826
 280.000       1.7350
 281.000       1.7546
 284.000       1.7391
 285.000       1.7896
 286.000       1.8676
 287.000       2.1643
 289.000       2.1083
 291.000       2.2743
 293.000       2.3511
 294.000       2.4739
 295.000       2.7086
 296.000       2.4820
 297.000       2.4158
 298.000       2.5252
 301.000       2.5040
 303.000       2.3315
 304.000       2.3219
 306.000       2.1625
 307.000       2.1444
 309.000       2.0735
 310.000       2.0306
 311.000       2.0243
 312.000       2.0656
 313.000       2.0519
 315.000       2.0940
 316.000       2.1769
 319.000       2.1268
 320.000       2.0840
 321.000       2.5834
 323.000       2.5403
 325.000       2.7326
 327.000       2.8254
 328.000       3.0002
 329.000       3.2486
 330.000       3.4157
 331.000       2.8643
 332.000       3.1004
 335.000       3.2759
 337.000       3.5599
 338.000       3.4354
 340.000       3.7006
 341.000       3.7453
 343.000       4.3101
 344.000       4.6432
 345.000       5.4348
 346.000       5.9797
 349.000       5.8586
 350.000       5.5546
 352.000       4.8244
 353.000       4.3339
 354.000       2.9970
 356.000       2.9620
 358.000       3.1069
 360.000       3.2883
 361.000       3.4827
 362.000       3.9410
 363.000       3.4845
 364.000       3.6777
 365.000       3.9773
 368.000       4.2882
 370.000       4.4420
 371.000       4.6133
 373.000       4.4478
 374.000       4.1401
 376.000       4.1304
 378.000       4.4396
 379.000       4.5499
 382.000       4.7378
 383.000       4.7519
 384.000       5.1265
 385.000       4.2010
 387.000       4.5687
 389.000       5.0231
 391.000       4.3340
 392.000       4.1250
 393.000       4.4879
 394.000       3.7805
 395.000       4.0782
 396.000       4.4615
 399.000       4.4642
 401.000       4.4381
 402.000       4.2785
 404.000       3.8929
 405.000       3.6519
 407.000       3.4265
 408.000       3.5428
 409.000       3.5636
 410.000       3.4454
 413.000       3.8374
 414.000       4.0628
 416.000       4.0871
 417.000       3.8207
 418.000       4.1466
 420.000       4.2207
 422.000       4.6582
 424.000       4.3138
 425.000       4.0406
 426.000       4.3847
 427.000       3.8303
 428.000       3.7485
 429.000       3.9716
 432.000       3.7566
 434.000       3.6814
 435.000       3.3999
 437.000       3.0865
 438.000       3.0280
 440.000       2.8177
 442.000       2.6744
 443.000       2.5772
 446.000       2.7648
 447.000       2.9617
 448.000       3.1341
 449.000       3.4082
 451.000       3.3099
 453.000       3.5956
 455.000       3.5304
 456.000       3.4610
 457.000       3.5980
 458.000       3.7229
 459.000       3.1912
 460.000       3.1428
 463.000       2.9305
 465.000       2.8633
 466.000       2.6393
 468.000       2.5164
 469.000       2.6291
 471.000       2.5757
 473.000       2.3923
 474.000       2.3848
 477.000       2.2899
 478.000       2.3514
 479.000       2.3240
 480.000       2.7315
 482.000       2.5917
 484.000       2.6877
 486.000       2.8114
 487.000       2.7105
 488.000       2.9160
 489.000       2.6790
 490.000       2.5114
 491.000       2.5732
 494.000       2.4234
 496.000       2.3301
 497.000       2.1741
 499.000       2.0521
 500.000       2.0846
 502.000       1.9920
 503.000       1.8763
 504.000       1.7833
 505.000       1.7850
 506.000       1.7592
 508.000       1.8278
 509.000       1.8736
 512.000       1.9129
 513.000       1.9252
 514.000       2.3000
 516.000       2.1926
 518.000       2.3164
 520.000       2.4250
 521.000       2.3958
 522.000       2.6318
 523.000       2.3558
 524.000       2.2416
 525.000       2.3406
 528.000       2.2306
 530.000       2.1121
 531.000       1.9894
 533.000       1.8359
 534.000       1.8306
 536.000       1.7306
 537.000       1.6481
 538.000       1.5772
 539.000       1.5742
 540.000       1.5956
 542.000       1.6808
 543.000       1.7655
 546.000       1.7526
 547.000       1.7232
 548.000       2.1384
 550.000       2.0534
 552.000       2.2176
 554.000       2.2946
 555.000       2.2867
 556.000       2.5532
 557.000       2.2600
 558.000       2.1140
 559.000       2.2154
 562.000       2.0724
 564.000       1.9527
 565.000       1.8091
 567.000       1.6662
 568.000       1.6961
 570.000       1.6337
 571.000       1.5495
 572.000       1.5492
 573.000       1.6260
 576.000       1.5801
 577.000       1.5994
 579.000       1.6069
 580.000       1.5737
 581.000       1.9433
 583.000       1.8481
 585.000       2.0177
 587.000       2.0873
 588.000       1.9519
 589.000       2.2523
 590.000       1.9582
 591.000       1.6689
 592.000       1.7777
 595.000       1.5913
 597.000       1.4548
 598.000       1.3536
 600.000       1.2906
 601.000       1.3573
 603.000       1.3881
 604.000       1.3416
 605.000       1.4602
 606.000       1.6140
 609.000       1.5359
 610.000       1.4917
 612.000       1.3769
 613.000       1.2928
 614.000       1.5345
 616.000       1.4463
 618.000       1.5881
 620.000       1.6775
 621.000       1.7718
 622.000       1.9720
 623.000       1.8182
 624.000       1.6939
 625.000       1.7370
 628.000       1.6581
 630.000       1.6314
 631.000       1.5685
 633.000       1.5051
 634.000       1.5390
 636.000       1.5220
 638.000       1.4568
 639.000       1.4745
 642.000       1.4480
 643.000       1.4797
 644.000       1.5512
 645.000       1.6221
 647.000       1.5933
 649.000       1.6819
 651.000       1.7036
 652.000       1.7286
 653.000       1.8954
 654.000       1.7601
 655.000       1.6818
 656.000       1.7725
 659.000       1.7889
 661.000       1.7162
 662.000       1.7120
 664.000       1.5743
 665.000       1.5054
 667.000       1.4560
 669.000       1.4436
 670.000       1.4443
 673.000       1.5186
 674.000       1.5999
 675.000       1.7614
 676.000       1.8157
 678.000       1.8354
 680.000       2.0284
 682.000       1.9887
 683.000       2.0976
 684.000       2.3238
 685.000       2.0484
 686.000       2.1150
 687.000       2.2713
 690.000       2.2922
 692.000       2.1323
 693.000       2.1245
 695.000       1.9495
 696.000       1.8598
 698.000       1.7912
 699.000       1.8162
 700.000       1.8253
 701.000       1.8304
 702.000       1.9105
 704.000       2.0036
 705.000       2.1276
 708.000       2.0256
 709.000       1.9172
 710.000       2.3529
 712.000       2.3239
 714.000       2.5348
 716.000       2.6010
 717.000       2.7154
 718.000       3.0486
 719.000       2.6428
 720.000       2.7180
 721.000       2.7543
 724.000       2.9703
 726.000       3.3858
 727.000       3.4621
 729.000       3.8247
 730.000       3.8567
 732.000       4.4487
 733.000       4.8563
 734.000       5.6849
 735.000       6.2519
 738.000       6.0644
 739.000       5.6428
 741.000       4.8692
 742.000       4.4856
 743.000       2.7760
 745.000       2.9747
 747.000       3.0385
 749.000       2.7437
 750.000       2.5590
 751.000       2.6445
 752.000       2.4309
 753.000       2.5897
 754.000       2.7490
 757.000       2.8257
 759.000       2.9971
 760.000       2.9648
 762.000       2.9077
 763.000       2.7211
 765.000       2.7984
 766.000       3.1174
 767.000       3.4970
 768.000       3.5992
 771.000       3.8759
 772.000       3.8440
 774.000       3.5073
 775.000       3.1667
 776.000       2.6020
 778.000       2.7672
 780.000       2.9501
 782.000       2.5538
 783.000       2.3385
 784.000       2.3998
 785.000       2.1321
 786.000       2.4364
 787.000       2.6263
 790.000       2.7687
 792.000       2.9300
 793.000       2.9717
 795.000       2.8889
 796.000       2.6036
 798.000       2.6208
 799.000       3.0214
 800.000       3.3861
 801.000       3.3601
 804.000       3.8742
 805.000       3.9646
 807.000       3.6452
 808.000       3.1869
 809.000       2.6360
 811.000       2.8541
 813.000       3.0662
 815.000       2.6400
 816.000       2.4580
 817.000       2.6574
 818.000       2.3888
 819.000       2.3966
 820.000       2.5656
 823.000       2.5701
 825.000       2.5370
 826.000       2.4196
 828.000       2.1557
 829.000       2.0575
 831.000       1.8846
 832.000       1.8266
 833.000       1.6819
 834.000       1.6007
 835.000       1.7250
 837.000       1.9330
 838.000       2.0306
 841.000       2.0975
 842.000       2.0121
 843.000       2.4226
 845.000       2.4507
 847.000       2.7584
 849.000       2.5796
 850.000       2.5325
 851.000       2.8140
 852.000       2.3625
 853.000       2.4876
 854.000       2.7293
 857.000       2.6476
 859.000       2.4116
 860.000       2.2312
 862.000       1.9376
 863.000       1.8998
 865.000       1.7205
 866.000       1.6133
 867.000       1.4909
 868.000       1.4881
 869.000       1.4803
 871.000       1.5827
 872.000       1.6216
 875.000       1.7331
 876.000       1.7343
 877.000       2.5924
 879.000       2.4328
 881.000       2.6821
 883.000       2.9060
 884.000       3.0070
 885.000       3.4564
 886.000       3.0553
 887.000       2.6374
 888.000       2.5982
 891.000       2.3604
 893.000       2.1684
 894.000       2.1188
 896.000       2.1570
 897.000       2.5976
 899.000       2.8183
 900.000       2.6481
 901.000       3.1404
 902.000       3.7054
 905.000       3.3133
 906.000       2.9211
 908.000       2.3306
 909.000       2.2321
 910.000       2.3798
 912.000       2.1907
 914.000       2.5351
 916.000       2.4386
 917.000       2.3032
 918.000       2.4273
 919.000       2.4038
 920.000       2.0801
 921.000       2.0269
 924.000       1.8663
 926.000       1.8822
 927.000       1.6892
 929.000       1.5135
 930.000       1.5284
 932.000       1.3851
 933.000       1.2585
 934.000       1.1391
 935.000       1.1068
 936.000       1.1776
 938.000       1.3076
 939.000       1.4282
 942.000       1.3972
 943.000       1.3643
 944.000       1.7170
 946.000       1.6743
 948.000       1.8335
 950.000       1.7800
 951.000       1.8220
 952.000       1.9786
 953.000       1.9265
 954.000       1.7370
 955.000       1.7659
 958.000       1.8120
 960.000       1.7845
 961.000       2.0113
 963.000       1.7188
 964.000       1.6515
 966.000       1.5117
 967.000       1.4614
 968.000       1.4022
 969.000       1.3868
 970.000       1.4812
 972.000       1.6153
 973.000       1.7704
 976.000       1.6816
 977.000       1.5911
 978.000       1.9734
 980.000       2.4254
 982.000       3.1869
 984.000       1.8894
 985.000       2.0082
 986.000       2.1925
 987.000       2.1716
 988.000       1.9926
 989.000       2.0749
 992.000       2.1159
 994.000       1.9660
 995.000       1.9801
 997.000       1.8554
 998.000       1.8494
1000.000       1.8252
1001.000       1.7937
1002.000       1.8359
1003.000       1.9058
1004.000       1.8928
1006.000       1.9249
1007.000       2.0652
1010.000       1.9029
1011.000       1.8224
1012.000       2.2591
1014.000       2.1449
1016.000       2.3565
1018.000       2.4727
1019.000       2.7801
1020.000       2.9743
1021.000       2.8832
1022.000       2.9458
1023.000       3.1001
1026.000       3.0973
1028.000       3.1341
1029.000       3.4177
1031.000       3.6390
1032.000       3.7831
1034.000       4.2796
1036.000       4.5180
1037.000       5.0733
1040.000       4.4187
1041.000       4.0375
1042.000       4.2796
1043.000       3.3707
1045.000       3.6629
1047.000       4.2210
1049.000       3.6265
1050.000       3.7597
1051.000       3.9742
1052.000       3.9928
1053.000       3.6550
1054.000       3.6707
1057.000       3.5608
1059.000       3.7524
1060.000       3.8886
1062.000       4.4276
1063.000       4.8964
1065.000       5.5120
1066.000       5.4686
1067.000       6.1398
1068.000       6.8333
1069.000       6.1311
1071.000       5.5877
1072.000       5.9155
1075.000       4.9129
1076.000       4.8487
1077.000       3.6750
1079.000       3.8736
1081.000       4.4329
1083.000       3.9472
1084.000       4.0404
1085.000       4.4038
1086.000       4.0541
1087.000       3.7714
1088.000       3.8815
1091.000       3.6388
1093.000       3.4258
1094.000       3.1241
1096.000       2.9191
1097.000       2.9303
1099.000       2.7892
1100.000       2.6532
1101.000       2.5135
1102.000       2.4881
1103.000       2.4798
1105.000       2.5787
1106.000       2.6009
1109.000       2.7199
1110.000       2.7394
1111.000       3.4603
1113.000       3.1844
1115.000       3.2977
1117.000       3.6722
1118.000       3.5999
1119.000       3.6972
1120.000       3.8143
1121.000       3.4493
1122.000       3.2515
1125.000       2.9611
1127.000       2.8996
1128.000       2.6207
1130.000       2.6142
1131.000       2.9047
1133.000       2.9962
1135.000       2.7814
1136.000       2.9487
1139.000       2.4959
1140.000       2.4042
1141.000       2.2314
1142.000       2.7626
1144.000       2.5210
1146.000       2.4801
1148.000       2.8158
1149.000       2.6949
1150.000       2.9244
1151.000       2.6110
1152.000       2.5072
1153.000       2.6242
1156.000       2.4675
1158.000       2.3605
1159.000       2.1475
1161.000       1.9249
1162.000       1.9437
1164.000       1.8002
1166.000       1.6133
1167.000       1.5352
1170.000       1.5936
1171.000       1.7548
1172.000       1.8140
1173.000       2.2671
1175.000       2.1463
1177.000       2.3315
1179.000       2.4070
1180.000       2.3009
1181.000       2.5690
1182.000       2.1874
1183.000       2.1162
1184.000       2.2467
1187.000       2.0982
1189.000       1.9399
1190.000       1.7619
1192.000       1.5271
1193.000       1.4936
1195.000       1.3355
1197.000       1.2062
1198.000       1.1416
1201.000       1.2459
1202.000       1.4055
1203.000       1.5073
1204.000       1.9634
1206.000       1.8441
1208.000       2.0629
1210.000       2.1648
1211.000       2.1730
1212.000       2.4425
1213.000       2.1024
1214.000       2.0398
1215.000       2.1488
1218.000       2.0307
1220.000       1.8492
1221.000       1.7387
1223.000       1.5708
1224.000       1.5578
1226.000       1.4242
1228.000       1.3082
1229.000       1.2339
1232.000       1.3422
1233.000       1.4664
1234.000       1.5373
1235.000       2.0138
1237.000       1.8892
1239.000       2.0382
1241.000       2.2270
1242.000       2.3201
1243.000       2.5911
1244.000       2.2888
1245.000       2.2096
1246.000       2.3049
1249.000       2.1965
1251.000       2.0042
1252.000       1.9138
1254.000       1.7368
1255.000       1.7367
1257.000       1.6061
1259.000       1.4703
1260.000       1.3895
1263.000       1.4907
1264.000       1.6231
1265.000       1.6938
1266.000       2.2138
1268.000       2.0965
1270.000       2.2486
1272.000       2.4403
1273.000       2.5398
1274.000       2.8225
1275.000       2.5021
1276.000       2.4370
1277.000       2.5672
1280.000       2.4780
1282.000       2.2816
1283.000       2.1891
1285.000       2.0101
1286.000       1.9897
1288.000       1.8472
1289.000       1.7642
1290.000       1.6509
1291.000       1.5933
1292.000       1.6766
1294.000       1.7947
1295.000       1.8585
1298.000       1.8996
1299.000       1.8744
1300.000       2.4907
1302.000       2.3694
1304.000       2.5193
1306.000       2.7296
1307.000       2.8322
1308.000       3.1185
1309.000       2.7973
1310.000       2.7134
1311.000       2.8101
1314.000       2.6987
1316.000       2.4673
1317.000       2.3767
1319.000       2.2144
1320.000       2.2236
1322.000       2.1221
1324.000       2.0058
1325.000       1.9585
1328.000       2.0009
1329.000       2.1050
1330.000       2.1508
1331.000       2.7431
1333.000       2.5914
1335.000       2.7260
1337.000       2.9995
1338.000       3.1609
1339.000       3.4486
1340.000       3.1579
1341.000       3.0511
1342.000       3.1556
1345.000       3.0532
1347.000       2.8013
1348.000       2.7505
1350.000       2.5857
1351.000       2.5787
1353.000       2.4895
1355.000       2.4032
1356.000       2.3727
1359.000       2.4127
1360.000       2.5025
1361.000       2.5606
1362.000       3.1715
1364.000       3.0047
1366.000       3.1793
1368.000       3.4585
