   2.000       3.1408
   3.000       3.0544
   6.000       2.6903
   8.000       2.6549
   9.000       2.3957
  11.000       2.3144
  12.000       2.5283
  14.000       2.7036
  15.000       2.5742
  16.000       2.9346
  17.000       3.2545
  18.000       3.2479
  20.000       3.3020
  21.000       4.0095
  24.000       2.9112
  25.000       2.4697
  26.000       2.3466
  28.000       2.3290
  30.000       2.6567
  32.000       2.4324
  33.000       2.4006
  34.000       2.5970
  35.000       2.5356
  36.000       2.1972
  37.000       2.1749
  40.000       2.0784
  42.000       2.0377
  43.000       1.9791
  45.000       1.9707
  46.000       2.0420
  48.000       2.1523
  50.000       2.1957
  51.000       2.3782
  52.000       2.1227
  54.000       2.0186
  55.000       2.0688
  56.000       2.0675
  58.000       2.0360
  60.000       2.1422
  62.000       2.1638
  63.000       2.2914
  64.000       2.4486
  65.000       2.3856
  66.000       2.2479
  67.000       2.3517
  70.000       2.3140
  72.000       2.3551
  73.000       2.2387
  75.000       2.1915
  76.000       2.2944
  78.000       2.3094
  80.000       2.2182
  81.000       2.2687
  82.000       2.1291
  84.000       2.1187
  85.000       2.1045
  86.000       2.1895
  88.000       2.1775
  90.000       2.2776
  92.000       2.2520
  93.000       2.1945
  94.000       2.3454
  95.000       2.2298
  96.000       2.0460
  97.000       2.1191
 100.000       2.0222
 102.000       1.9743
 103.000       1.9054
 105.000       1.8577
 106.000       1.9125
 108.000       1.8788
 109.000       1.7972
 110.000       1.7651
 111.000       1.7982
 112.000       1.7440
 114.000       1.7491
 115.000       1.7746
 118.000       1.7735
 119.000       1.7937
 120.000       1.9598
 122.000       1.9173
 124.000       2.0051
 126.000       2.0496
 127.000       2.0580
 128.000       2.2152
 129.000       2.0584
 130.000       1.9844
 131.000       2.0428
 134.000       1.9963
 136.000       1.9463
 137.000       1.9082
 139.000       1.8092
 140.000       1.8080
 142.000       1.7579
 144.000       1.7048
 145.000       1.6914
 148.000       1.7255
 149.000       1.7807
 150.000       1.8484
 151.000       1.9777
 153.000       1.9699
 155.000       2.1077
 157.000       2.0702
 158.000       2.1248
 159.000       2.2713
 160.000       2.1359
 161.000       2.1039
 162.000       2.1999
 165.000       2.2003
 167.000       2.1337
 168.000       2.1089
 170.000       1.9750
 171.000       1.9130
 173.000       1.8244
 175.000       1.7971
 176.000       1.7449
 179.000       1.8675
 180.000       1.9574
 181.000       2.0600
 182.000       2.1891
 184.000       2.1834
 186.000       2.3412
 188.000       2.3173
 189.000       2.3428
 190.000       2.5139
 191.000       2.3445
 192.000       2.2416
 193.000       2.2885
 196.000       2.1947
 198.000       2.1081
 199.000       2.0043
 201.000       1.9204
 202.000       1.9570
 204.000       1.8982
 205.000       1.8116
 206.000       1.7604
 207.000       1.7980
 208.000       1.7141
 210.000       1.7206
 211.000       1.7026
 214.000       1.7840
 215.000       1.8223
 216.000       2.1445
 218.000       2.0435
 220.000       2.1042
 222.000       2.2467
 223.000       2.2614
 224.000       2.4265
 225.000       2.3085
 226.000       2.0956
 227.000       2.0689
 230.000       1.9412
 232.000       1.9535
 233.000       1.8305
 235.000       1.8521
 236.000       1.9862
 238.000       2.0219
 239.000       1.8991
 240.000       1.8992
 241.000       2.0237
 244.000       1.8095
 245.000       1.7160
 247.000       1.7055
 248.000       1.7965
 249.000       1.8209
 251.000       1.7528
 253.000       1.7476
 255.000       1.8102
 256.000       1.7757
 257.000       1.8119
 258.000       1.8463
 259.000       1.6907
 260.000       1.6455
 263.000       1.5784
 265.000       1.5951
 266.000       1.5894
 268.000       1.6737
 269.000       1.7437
 271.000       1.8394
 272.000       1.8294
 273.000       1.9333
 274.000       2.0679
 277.000       1.9305
 278.000       1.8282
 280.000       1.7262
 281.000       1.7315
 282.000       1.5684
 284.000       1.5655
 286.000       1.5499
 288.000       1.5718
 289.000       1.6121
 290.000       1.6857
 291.000       1.6946
 292.000       1.6264
 293.000       1.7425
 296.000       1.6987
 298.000       1.6600
 299.000       1.6325
 301.000       1.5684
 302.000       1.5749
 304.000       1.5604
 306.000       1.5252
 307.000       1.5363
 308.000       1.5359
 310.000       1.5613
 311.000       1.6211
 312.000       1.6989
 314.000       1.6861
 316.000       1.7844
 318.000       1.7962
 319.000       1.8787
 320.000       2.0315
 321.000       1.9623
 322.000       1.8486
 323.000       1.9013
 326.000       1.9122
 328.000       1.8474
 329.000       1.9275
 331.000       1.9218
 332.000       1.8914
 334.000       2.0009
 336.000       2.1156
 337.000       2.2847
 340.000       2.1532
 341.000       2.0673
 342.000       2.2026
 343.000       1.9844
 345.000       2.0473
 347.000       2.1992
 349.000       2.1050
 350.000       2.2106
 351.000       2.4106
 352.000       2.1981
 353.000       2.1961
 354.000       2.3088
 357.000       2.3230
 359.000       2.1948
 360.000       2.2082
 362.000       2.0813
 363.000       2.0113
 365.000       1.9502
 367.000       1.9576
 368.000       1.9494
 371.000       2.0200
 372.000       2.0842
 373.000       2.1839
 374.000       2.3916
 376.000       2.3833
 378.000       2.5618
 380.000       2.5810
 381.000       2.6932
 382.000       2.9581
 383.000       2.6702
 384.000       2.6859
 385.000       2.8742
 388.000       2.9506
 390.000       2.8082
 391.000       2.9192
 393.000       2.7819
 394.000       2.6297
 396.000       2.6681
 398.000       2.8587
 399.000       3.0270
 402.000       2.9953
 403.000       2.9592
 404.000       3.1941
 405.000       3.0335
 407.000       3.1227
 409.000       3.4459
 411.000       3.2861
 412.000       3.5661
 413.000       3.9237
 414.000       3.6674
 415.000       3.6298
 416.000       3.7941
 419.000       3.9142
 421.000       3.7114
 422.000       3.8460
 424.000       3.6473
 425.000       3.4176
 427.000       3.3934
 429.000       3.6272
 430.000       3.7794
 433.000       3.8366
 434.000       3.8431
 435.000       4.1415
 436.000       4.0410
 438.000       4.1241
 440.000       4.4952
 442.000       4.3974
 443.000       4.5678
 444.000       4.9602
 445.000       4.4875
 446.000       4.5084
 447.000       4.7043
 450.000       4.6753
 452.000       4.4018
 453.000       4.4022
 455.000       4.1874
 456.000       4.1236
 458.000       4.0517
 460.000       4.0744
 461.000       4.1530
 462.000       4.1667
 464.000       4.2181
 465.000       4.4161
 466.000       4.7869
 468.000       4.6838
 470.000       4.8929
 472.000       5.1036
 473.000       5.4614
 474.000       5.8892
 475.000       5.5098
 476.000       5.4923
 477.000       5.6299
 480.000       5.7398
 482.000       5.9671
 483.000       5.9881
 485.000       5.9434
 486.000       5.9052
 488.000       5.9740
 489.000       6.0549
 490.000       6.2172
 491.000       6.3224
 494.000       6.3565
 495.000       6.3408
 497.000       6.2027
 498.000       6.0497
 499.000       5.5227
 501.000       5.7773
 503.000       6.0181
 505.000       5.4498
 506.000       5.1877
 507.000       5.2854
 508.000       5.0033
 509.000       5.1884
 510.000       5.4045
 513.000       5.4645
 515.000       5.5900
 516.000       5.5172
 518.000       5.3437
 519.000       5.2127
 521.000       5.1582
 522.000       5.2523
 523.000       5.3165
 524.000       5.3100
 525.000       5.4733
 527.000       5.5677
 528.000       5.7620
 531.000       5.5306
 532.000       5.3633
 533.000       5.1922
 535.000       5.3516
 537.000       5.6476
 539.000       5.1919
 540.000       4.8923
 541.000       5.0650
 542.000       4.6642
 543.000       4.7965
 544.000       5.0080
 547.000       4.9741
 549.000       5.0645
 550.000       4.9135
 552.000       4.6976
 553.000       4.5739
 555.000       4.4614
 556.000       4.5144
 557.000       4.5264
 558.000       4.4751
 561.000       4.6686
 562.000       4.7907
 564.000       4.8018
 565.000       4.6571
 566.000       4.6235
 568.000       4.7170
 570.000       5.0084
 572.000       4.6118
 573.000       4.2627
 574.000       4.4412
 575.000       4.0925
 576.000       4.0500
 577.000       4.1928
 580.000       4.0605
 582.000       4.1254
 583.000       3.9124
 585.000       3.7260
 586.000       3.6961
 588.000       3.5762
 589.000       3.5281
 590.000       3.4863
 591.000       3.4656
 594.000       3.5566
 595.000       3.6488
 597.000       3.6897
 598.000       3.6253
 599.000       3.7075
 601.000       3.7098
 603.000       3.9288
 605.000       3.7082
 606.000       3.4121
 607.000       3.6001
 608.000       3.5295
 609.000       3.0390
 610.000       3.0562
 613.000       2.9312
 615.000       2.9552
 616.000       2.8352
 618.000       2.7392
 619.000       2.7576
 621.000       2.7306
 622.000       2.6917
 623.000       2.7295
 624.000       2.7916
 627.000       2.7964
 628.000       2.8182
 630.000       2.7808
 631.000       2.7104
 632.000       2.7176
 634.000       2.7364
 636.000       2.9021
 638.000       2.7220
 639.000       2.5632
 640.000       2.6817
 641.000       2.5123
 642.000       2.4563
 643.000       2.5479
 646.000       2.4967
 648.000       2.4925
 649.000       2.3924
 651.000       2.2670
 652.000       2.2391
 654.000       2.1556
 655.000       2.1136
 656.000       2.0491
 657.000       2.0143
 658.000       2.0782
 660.000       2.1734
 661.000       2.2386
 664.000       2.2350
 665.000       2.1935
 666.000       2.3642
 668.000       2.3633
 670.000       2.5165
 672.000       2.4300
 673.000       2.3486
 674.000       2.5353
 675.000       2.2700
 676.000       2.2552
 677.000       2.3814
 680.000       2.3324
 682.000       2.2895
 683.000       2.1827
 685.000       2.0231
 686.000       1.9779
 688.000       1.8776
 689.000       1.8378
 690.000       1.7828
 691.000       1.7573
 692.000       1.8318
 694.000       1.9356
 695.000       2.0346
 698.000       1.9989
 699.000       1.9366
 700.000       2.1946
 702.000       2.1793
 704.000       2.3673
 706.000       2.2859
 707.000       2.1997
 708.000       2.3727
 709.000       2.1590
 710.000       2.0677
 711.000       2.1274
 714.000       2.0092
 716.000       1.9292
 717.000       1.8067
 719.000       1.7092
 720.000       1.7380
 722.000       1.6852
 724.000       1.6003
 725.000       1.6019
 726.000       1.5717
 728.000       1.6200
 729.000       1.6254
 730.000       1.9148
 732.000       1.8132
 734.000       1.8845
 736.000       2.0128
 737.000       1.9919
 738.000       2.1811
 739.000       1.9229
 740.000       1.9131
 741.000       2.0162
 744.000       1.9463
 746.000       1.8576
 747.000       1.7765
 749.000       1.6575
 750.000       1.6432
 752.000       1.5637
 753.000       1.5281
 754.000       1.5060
 755.000       1.4903
 758.000       1.5660
 759.000       1.6248
 761.000       1.6421
 762.000       1.5928
 763.000       1.8852
 765.000       1.8325
 767.000       1.9560
 769.000       2.0064
 770.000       2.0325
 771.000       2.1802
 772.000       2.0717
 773.000       1.9214
 774.000       1.9181
 777.000       1.8264
 779.000       1.7459
 780.000       1.6864
 782.000       1.6416
 783.000       1.6837
 785.000       1.6679
 787.000       1.5979
 788.000       1.6054
 791.000       1.5714
 792.000       1.5953
 793.000       1.6191
 794.000       1.8295
 796.000       1.7538
 798.000       1.7909
 800.000       1.9243
 801.000       1.9689
 802.000       2.1174
 803.000       1.9870
 804.000       1.8923
 805.000       1.9212
 808.000       1.8668
 810.000       1.7830
 811.000       1.7544
 813.000       1.7000
 814.000       1.7072
 816.000       1.6774
 817.000       1.6435
 818.000       1.6280
 819.000       1.6387
 820.000       1.6431
 822.000       1.6716
 823.000       1.7203
 826.000       1.6845
 827.000       1.6658
 828.000       1.8785
 830.000       1.8329
 832.000       1.9053
 834.000       1.9826
 835.000       2.0311
 836.000       2.1882
 837.000       2.0311
 838.000       1.9729
 839.000       2.0332
 842.000       1.9917
 844.000       1.9262
 845.000       1.8846
 847.000       1.8045
 848.000       1.7840
 850.000       1.7336
 851.000       1.7176
 852.000       1.6931
 853.000       1.6811
 854.000       1.7207
 856.000       1.7707
 857.000       1.8250
 860.000       1.7955
 861.000       1.7638
 862.000       1.9679
 864.000       1.9384
 866.000       2.0365
 868.000       2.0592
 869.000       2.0573
 870.000       2.1980
 871.000       2.0392
 872.000       1.9957
 873.000       2.0672
 876.000       2.0244
 878.000       2.0357
 879.000       1.9644
 881.000       1.9011
 882.000       1.8890
 884.000       1.8619
 885.000       1.8501
 886.000       1.8496
 887.000       1.8638
 890.000       1.8681
 891.000       1.8956
 893.000       1.9075
 894.000       1.8756
 895.000       1.9019
 897.000       1.9134
 899.000       2.0293
 901.000       1.9196
 902.000       1.8322
 903.000       1.9547
 904.000       1.8169
 905.000       1.7857
 906.000       1.8776
 909.000       1.8239
 911.000       1.8360
 912.000       1.7726
 914.000       1.7297
 915.000       1.7251
 917.000       1.7267
 918.000       1.7267
 919.000       1.7695
 920.000       1.8196
 921.000       1.8026
 923.000       1.8011
 924.000       1.8754
 927.000       1.7699
 928.000       1.7289
 929.000       1.7393
 931.000       1.7337
 933.000       1.8327
 935.000       1.7694
 936.000       1.7243
 937.000       1.8144
 938.000       1.7457
 939.000       1.6752
 940.000       1.7180
 943.000       1.6866
 945.000       1.7037
 946.000       1.6655
 948.000       1.6545
 949.000       1.6475
 951.000       1.6954
 952.000       1.7433
 953.000       1.8648
 954.000       1.9562
 955.000       1.9300
 957.000       1.8893
 958.000       2.0057
 961.000       1.7916
 962.000       1.7157
 963.000       1.6286
 965.000       1.6505
 967.000       1.7640
 969.000       1.6819
 970.000       1.6641
 971.000       1.8527
 972.000       1.6790
 973.000       1.7951
 974.000       1.7404
 977.000       1.9964
 979.000       2.2149
 980.000       2.5981
 982.000       2.6290
 983.000       2.6236
 985.000       2.7496
 986.000       2.8484
 987.000       3.0592
 988.000       3.2115
 991.000       3.1736
 992.000       3.0963
 994.000       2.9162
 995.000       2.7838
 996.000       2.2231
 998.000       2.7078
1000.000       3.3570
1002.000       2.3381
1003.000       2.4881
1004.000       2.6919
1005.000       2.3966
1006.000       2.7434
1007.000       3.0164
1010.000       3.2789
1012.000       3.2696
1013.000       3.4605
1015.000       3.3392
1016.000       3.2435
1018.000       3.2172
1019.000       3.3166
1020.000       3.4351
1021.000       3.4536
1024.000       3.6226
1025.000       3.6773
1027.000       3.5831
1028.000       3.4009
1029.000       3.3698
1031.000       3.6180
1033.000       3.9773
1035.000       3.5516
1036.000       3.6379
1037.000       3.8234
1038.000       3.4895
1039.000       3.7641
1040.000       4.0265
1043.000       4.1655
1045.000       4.0839
1046.000       4.1959
1048.000       4.0347
1049.000       3.8156
1051.000       3.7426
1053.000       3.9151
1054.000       3.9463
1057.000       4.1386
1058.000       4.1957
1059.000       4.4604
1060.000       4.1710
1062.000       4.3105
1064.000       4.6198
1066.000       4.3496
1067.000       4.4164
1068.000       4.6781
1069.000       4.5293
1070.000       4.2240
1071.000       4.3603
1074.000       4.1817
1076.000       4.0279
1077.000       3.7910
1079.000       3.5543
1080.000       3.5983
1082.000       3.4209
1084.000       3.1745
1085.000       3.0297
1088.000       3.1301
1089.000       3.3273
1090.000       3.3400
1091.000       3.9932
1093.000       3.8197
1095.000       3.9793
1097.000       4.1382
1098.000       4.0515
1099.000       4.2645
1100.000       4.0606
1101.000       3.7704
1102.000       3.7638
1105.000       3.5182
1107.000       3.4086
1108.000       3.1838
1110.000       3.1211
1111.000       3.2765
1113.000       3.2352
1114.000       3.0265
1115.000       2.9523
1116.000       3.0671
1117.000       2.8023
1119.000       2.7409
1120.000       2.6735
1123.000       2.8206
1124.000       2.9559
1125.000       3.3618
1127.000       3.1673
1129.000       3.2002
1131.000       3.4440
1132.000       3.4215
1133.000       3.5901
1134.000       3.5157
1135.000       3.2149
1136.000       3.1972
1139.000       3.0616
1141.000       2.9626
1142.000       2.9053
1144.000       2.9109
1145.000       3.0056
1147.000       3.1216
1149.000       3.1422
1150.000       3.3389
1153.000       3.0632
1154.000       2.9414
1155.000       2.9574
1156.000       3.0543
1158.000       2.9832
1160.000       3.0628
1162.000       3.1783
1163.000       3.2254
1164.000       3.5029
1165.000       3.3569
1166.000       2.9561
1167.000       2.9575
1170.000       2.8013
1172.000       2.7131
1173.000       2.7303
1175.000       2.8000
1176.000       2.8669
1178.000       3.0922
1180.000       3.2847
1181.000       3.6176
1182.000       3.2396
1184.000       3.0115
1185.000       3.1646
1186.000       2.8069
1188.000       2.7746
1190.000       2.8726
1192.000       2.9580
1193.000       3.1444
1194.000       3.4193
1195.000       3.3413
1196.000       3.0382
1197.000       3.0228
1200.000       3.0943
1202.000       3.1169
1203.000       3.3502
1205.000       3.4693
1206.000       3.4300
1208.000       3.6972
1210.000       4.0673
1211.000       4.4549
1212.000       4.1951
1214.000       3.9199
1215.000       4.2799
1216.000       3.2862
1218.000       3.4641
1220.000       3.7302
1222.000       3.3478
1223.000       3.3653
1224.000       3.4657
1225.000       3.5924
1226.000       3.1830
1227.000       3.1849
1230.000       2.9833
1232.000       3.0686
1233.000       2.8826
1235.000       3.1151
1236.000       3.4451
1238.000       3.7956
1240.000       3.8677
1241.000       4.2827
1242.000       3.5415
1244.000       3.1534
1245.000       2.9961
1246.000       2.7738
1248.000       2.7594
1250.000       2.7365
1252.000       2.6771
1253.000       2.8219
1254.000       3.0259
1255.000       2.8023
1256.000       2.8794
1257.000       2.7560
1260.000       2.9337
1262.000       2.8498
1263.000       3.0159
1265.000       2.9008
1266.000       2.9754
1268.000       2.9154
1270.000       2.7721
1271.000       2.7534
1272.000       2.7070
1274.000       2.7601
1275.000       2.7281
1276.000       3.2175
1278.000       3.1946
1280.000       3.4861
1282.000       3.4624
1283.000       3.5856
1284.000       3.4738
1285.000       3.9624
1286.000       3.4685
1287.000       3.6383
1290.000       3.5385
1292.000       3.6425
1293.000       3.3852
1295.000       3.4198
1296.000       3.4311
1298.000       3.5130
1300.000       3.6186
1301.000       3.7589
1302.000       3.6522
1304.000       3.5537
1305.000       3.6752
1306.000       3.1700
1308.000       3.0494
1310.000       2.8630
1312.000       3.1933
1313.000       3.2862
1314.000       3.4524
1315.000       3.4476
1316.000       3.1233
1317.000       2.5706
1320.000       2.4289
1322.000       2.3728
1323.000       2.2145
1325.000       2.0909
1326.000       2.1197
1328.000       2.0284
1329.000       1.9294
1330.000       1.8453
1331.000       1.8446
1332.000       1.8123
1334.000       1.8571
1335.000       1.8635
1338.000       1.9411
1339.000       1.9695
1340.000       2.2602
1342.000       2.1663
1344.000       2.2826
1346.000       2.3318
1347.000       2.2667
1348.000       2.4296
1349.000       2.3086
1350.000       2.0578
1351.000       2.0374
1354.000       1.8690
1356.000       1.8337
1357.000       1.7065
1359.000       1.6875
1360.000       1.7743
1362.000       1.7701
1363.000       1.6756
1364.000       1.6789
1365.000       1.7523
1366.000       1.6510
1368.000       1.6119
1369.000       1.6441
1372.000       1.5969
1373.000       1.6296
1374.000       1.7541
1376.000       1.6566
1378.000       1.6917
1380.000       1.7896
1381.000       1.7681
1382.000       1.8882
1383.000       1.8473
1384.000       1.6355
1385.000       1.6308
1388.000       1.5736
1390.000       1.5670
1391.000       1.5578
1393.000       1.5534
1394.000       1.5632
1396.000       1.6033
1397.000       1.6170
1398.000       1.7040
1399.000       1.7741
1400.000       1.7673
1402.000       1.7603
1403.000       1.8918
1406.000       1.6792
1407.000       1.5983
1408.000       1.5451
1410.000       1.5690
1412.000       1.6679
1414.000       1.6024
1415.000       1.6257
1416.000       1.7634
1417.000       1.6724
1418.000       1.6089
1419.000       1.6980
1422.000       1.7843
1424.000       1.7950
1425.000       1.8826
1427.000       1.8077
1428.000       1.6963
1430.000       1.7292
1431.000       1.8578
1432.000       1.9925
1433.000       2.0285
1434.000       2.1543
1436.000       2.2027
1437.000       2.4128
1440.000       2.1004
1441.000       1.9141
1442.000       1.8040
1444.000       1.9725
1446.000       2.2094
1448.000       1.8841
1449.000       1.8842
1450.000       2.0127
1451.000       1.8777
1452.000       1.9374
1453.000       2.0934
1456.000       2.2339
1458.000       2.1882
1459.000       2.2748
1461.000       2.1113
1462.000       1.9922
1464.000       1.9356
1466.000       1.9858
1467.000       2.0123
1468.000       2.0847
1470.000       2.1594
1471.000       2.3164
1472.000       2.2929
1474.000       2.4420
1476.000       2.7523
1478.000       2.4586
1479.000       2.5303
1480.000       2.7691
1481.000       2.5217
1482.000       2.4464
1483.000       2.5396
1486.000       2.4719
1488.000       2.3514
1489.000       2.2960
1491.000       2.1331
1492.000       2.2774
1494.000       2.1532
1496.000       1.9279
1497.000       1.9304
1498.000       1.8570
1500.000       1.9226
1501.000       1.9236
1502.000       2.4586
1504.000       2.4049
1506.000       2.5613
1508.000       2.5947
1509.000       2.6312
1510.000       2.7235
1511.000       2.7534
1512.000       2.5085
1513.000       2.5068
1516.000       2.4032
1518.000       2.2734
1519.000       2.1929
1521.000       2.1391
1522.000       2.1741
1524.000       2.1287
1525.000       2.0483
1526.000       1.9909
1527.000       2.0049
1530.000       1.9587
1531.000       1.9862
1533.000       2.0411
1534.000       2.0625
1535.000       2.3928
1537.000       2.2788
1539.000       2.3179
1541.000       2.5154
1542.000       2.6375
1543.000       2.7818
1544.000       2.6685
1545.000       2.5805
1546.000       2.5814
1549.000       2.4936
1551.000       2.3485
1552.000       2.2858
1554.000       2.2522
1555.000       2.3340
1557.000       2.3104
1558.000       2.2001
1559.000       2.1522
1560.000       2.2165
1563.000       2.0729
1564.000       2.0391
1566.000       2.0833
1567.000       2.1618
1568.000       2.5465
1570.000       2.4090
1572.000       2.4627
1574.000       2.7003
1575.000       2.9455
1576.000       2.9781
1577.000       3.2082
1578.000       2.9451
1579.000       2.8771
1582.000       2.9027
1584.000       2.8213
1585.000       2.8153
1587.000       2.6809
1588.000       2.5888
1590.000       2.4746
1592.000       2.4544
1593.000       2.3821
1594.000       2.5673
1596.000       2.6795
1597.000       2.8016
1598.000       2.8905
1600.000       2.9089
1602.000       3.0854
1604.000       3.0259
1605.000       3.0425
1606.000       3.2157
1607.000       2.9328
1608.000       3.0460
1609.000       3.1816
1612.000       3.1719
1614.000       3.0507
1615.000       3.0064
1617.000       2.8486
1618.000       2.7751
1620.000       2.6496
1622.000       2.5982
1623.000       2.5014
1626.000       2.6760
1627.000       2.8022
1628.000       2.9033
1629.000       3.1492
1631.000       3.1098
1633.000       3.2833
1635.000       3.3069
1636.000       3.3433
1637.000       3.5167
1638.000       3.2791
1639.000       3.3169
1640.000       3.4355
1643.000       3.4065
1645.000       3.3195
1646.000       3.2536
1648.000       3.0962
1649.000       3.0398
1651.000       2.9105
1653.000       2.8273
1654.000       2.7338
1655.000       2.8976
1657.000       3.0298
1658.000       3.1086
1659.000       3.3593
1661.000       3.3249
1663.000       3.4657
1665.000       3.4786
1666.000       3.4399
1667.000       3.6375
1668.000       3.3433
1669.000       3.3480
1670.000       3.4668
1673.000       3.3852
1675.000       3.2886
1676.000       3.1589
1678.000       2.9899
1679.000       2.9617
1681.000       2.8256
1682.000       2.7466
1683.000       2.6181
1684.000       2.5465
1685.000       2.6173
1687.000       2.7337
1688.000       2.7549
1691.000       2.8580
1692.000       2.8534
1693.000       3.2738
1695.000       3.1906
1697.000       3.3340
1699.000       3.3878
1700.000       3.3281
1701.000       3.5070
1702.000       3.2677
1703.000       3.2051
1704.000       3.2788
1707.000       3.1752
1709.000       3.1042
1710.000       2.9546
1712.000       2.8091
1713.000       2.8336
1715.000       2.7468
1717.000       2.6244
1718.000       2.5892
1721.000       2.5951
1722.000       2.6870
1723.000       2.7021
1724.000       3.0389
1726.000       2.9602
1728.000       3.0990
1730.000       3.1287
1731.000       3.0442
1732.000       3.2077
1733.000       3.0012
1734.000       2.9181
1735.000       3.0056
1738.000       2.9107
1740.000       2.8349
1741.000       2.7072
1743.000       2.5927
1744.000       2.6143
1746.000       2.5667
1747.000       2.5007
1748.000       2.4911
1749.000       2.5500
1752.000       2.4869
1753.000       2.4934
1755.000       2.5157
1756.000       2.5133
1757.000       2.7996
1759.000       2.7414
1761.000       2.8873
1763.000       2.9164
1764.000       2.9120
1765.000       3.1257
1766.000       2.8923
1767.000       2.8267
1768.000       2.9389
1771.000       2.9215
1773.000       2.7731
1774.000       2.7659
1776.000       2.6432
1777.000       2.5913
1779.000       2.5920
1780.000       2.6397
1781.000       2.7533
1782.000       2.8416
1783.000       2.8572
1785.000       2.8627
1786.000       3.0204
1789.000       2.7831
1790.000       2.6658
1791.000       2.9845
1793.000       2.9725
1795.000       3.1838
1797.000       3.2375
1798.000       3.3484
1799.000       3.6609
1800.000       3.4212
1801.000       3.2968
1802.000       3.4730
1805.000       3.5331
1807.000       3.2464
1808.000       3.2653
1810.000       3.0787
1811.000       3.0118
1813.000       3.0390
1815.000       3.1217
1816.000       3.2905
1817.000       3.1793
1819.000       3.1774
1820.000       3.4103
1821.000       3.7625
1823.000       3.5217
1825.000       3.6988
1827.000       4.2385
1828.000       4.9069
1829.000       5.3215
1830.000       5.0950
1831.000       5.1527
1832.000       5.3157
1835.000       5.6681
1837.000       6.0636
1838.000       6.4048
1840.000       6.4998
1841.000       6.3492
1843.000       6.6195
1844.000       6.9520
1845.000       7.3982
1846.000       7.5944
1847.000       7.7046
1849.000       7.6388
1850.000       8.0352
1853.000       7.2556
1854.000       6.8983
1855.000       5.7190
1857.000       6.2605
1859.000       6.5341
1861.000       5.6283
1862.000       5.4899
1863.000       5.6351
1864.000       5.1038
1865.000       5.8896
1866.000       6.3479
1869.000       6.7396
1871.000       6.8593
1872.000       6.9866
1874.000       6.6240
1875.000       6.1830
1877.000       6.0546
1878.000       6.4414
1879.000       6.6407
1880.000       6.4990
1883.000       7.0842
1884.000       7.3343
1886.000       7.2371
1887.000       6.7744
1888.000       6.6228
1890.000       6.9899
1892.000       7.5630
1894.000       6.8358
1895.000       6.6393
1896.000       7.1394
1897.000       6.2586
1898.000       6.4683
1899.000       6.8884
1902.000       6.7371
1904.000       6.5926
1905.000       6.2578
1907.000       5.7764
1908.000       5.6252
1910.000       5.2721
1911.000       5.2040
1912.000       5.0362
1913.000       4.8503
1916.000       5.2040
1917.000       5.4905
1919.000       5.6625
1920.000       5.5119
1921.000       6.3265
1923.000       6.1934
1925.000       6.6194
1927.000       6.5875
1928.000       6.3541
1929.000       6.7961
1930.000       6.2273
1931.000       5.8884
1932.000       6.0255
1935.000       5.6242
1937.000       5.4127
1938.000       5.0634
1940.000       4.8414
1941.000       5.0307
1943.000       4.8528
1944.000       4.5004
1945.000       4.2672
1946.000       4.2964
1947.000       4.1252
1949.000       4.2050
1950.000       4.2470
1953.000       4.3875
1954.000       4.5186
1955.000       5.3143
1957.000       5.1611
1959.000       5.2581
1961.000       5.1214
1962.000       4.8727
1963.000       5.1128
1964.000       5.0504
1965.000       4.3392
1966.000       4.2339
1969.000       3.8881
1971.000       3.7725
1972.000       3.5065
1974.000       3.4641
1975.000       3.7040
1977.000       3.8062
1979.000       3.5708
1980.000       3.7109
1983.000       3.3326
1984.000       3.3185
1985.000       3.3172
1986.000       3.7408
1988.000       3.5979
1990.000       3.5547
1992.000       3.7945
1993.000       3.6656
1994.000       3.9396
1995.000       3.6889
1996.000       3.3887
1997.000       3.5869
2000.000       3.2817
2002.000       3.1856
2003.000       2.9466
2005.000       2.8344
2006.000       2.9315
2008.000       2.8903
2010.000       2.7379
2011.000       2.7522
2012.000       2.6515
2014.000       2.6990
2015.000       2.6863
2016.000       3.0143
2018.000       2.8490
2020.000       2.9497
2022.000       3.0608
2023.000       2.9636
2024.000       3.1209
2025.000       2.9824
2026.000       2.7806
2027.000       2.8247
2030.000       2.7031
2032.000       2.6484
2033.000       2.5555
2035.000       2.4894
2036.000       2.5116
2038.000       2.4829
2039.000       2.4331
2040.000       2.4335
2041.000       2.4681
2042.000       2.4507
2044.000       2.4711
2045.000       2.5460
2048.000       2.4724
2049.000       2.4479
2050.000       2.6075
2052.000       2.5575
2054.000       2.6540
2056.000       2.6702
2057.000       2.6387
2058.000       2.7801
2059.000       2.6191
2060.000       2.5884
2061.000       2.6412
2064.000       2.6323
2066.000       2.5787
2067.000       2.5742
2069.000       2.4838
2070.000       2.4321
2072.000       2.3938
2074.000       2.4031
2075.000       2.4051
2078.000       2.4601
2079.000       2.5055
2080.000       2.6073
2081.000       2.6105
2083.000       2.6351
2085.000       2.7876
2087.000       2.7121
2088.000       2.7089
2089.000       2.8661
2090.000       2.6219
2091.000       2.7292
2092.000       2.8774
2095.000       2.9104
2097.000       2.8670
2098.000       2.8655
2100.000       2.7351
2101.000       2.6210
2103.000       2.5513
2104.000       2.6239
2105.000       2.6420
2106.000       2.5836
2109.000       2.7642
2110.000       2.8662
2112.000       2.8650
2113.000       2.7372
2114.000       2.8622
2116.000       2.9130
2118.000       3.0954
2120.000       2.9556
2121.000       2.9216
2122.000       3.0777
2123.000       2.8085
2124.000       2.9198
2125.000       2.9992
2128.000       3.0082
2130.000       2.9602
2131.000       2.9187
2133.000       2.7644
2134.000       2.6592
2136.000       2.5491
2137.000       2.5874
2138.000       2.5433
2139.000       2.4533
2140.000       2.6484
2142.000       2.7800
2143.000       2.8923
2146.000       2.8268
2147.000       2.7238
2148.000       2.9342
2150.000       2.9563
2152.000       3.1287
2154.000       3.0215
2155.000       2.9454
2156.000       3.1007
2157.000       2.8448
2158.000       2.8772
2159.000       3.0018
2162.000       2.9433
2164.000       2.8624
2165.000       2.7592
2167.000       2.5987
2168.000       2.5510
2170.000       2.4227
2172.000       2.3353
2173.000       2.2554
2174.000       2.3967
2176.000       2.5252
2177.000       2.6031
2178.000       2.8317
2180.000       2.7678
2182.000       2.9093
2184.000       2.9399
2185.000       2.8711
2186.000       3.0519
2187.000       2.7512
2188.000       2.8320
2189.000       2.9644
2192.000       2.9513
2194.000       2.9021
2195.000       2.8326
2197.000       2.6547
2198.000       2.5728
2200.000       2.4506
2201.000       2.4534
2202.000       2.4007
2203.000       2.3242
2206.000       2.4787
2207.000       2.5999
2209.000       2.6617
2210.000       2.5809
2211.000       2.8358
2213.000       2.8616
2215.000       3.0703
2217.000       2.9393
2218.000       2.8410
2219.000       3.0167
2220.000       2.7926
2221.000       2.6804
2222.000       2.7353
2225.000       2.5964
2227.000       2.5535
2228.000       2.3974
2230.000       2.3078
2231.000       2.3525
2233.000       2.2654
2234.000       2.1428
2235.000       2.0223
2236.000       1.9969
2237.000       1.9577
2239.000       2.0087
2240.000       1.9705
2243.000       2.1181
2244.000       2.1759
2245.000       2.4467
2247.000       2.3548
2249.000       2.4165
2251.000       2.4813
2252.000       2.3832
2253.000       2.4878
2254.000       2.3821
2255.000       2.2281
2256.000       2.2331
2259.000       2.1042
2261.000       2.0572
2262.000       1.9368
2264.000       1.8827
2265.000       1.9407
2267.000       1.8962
2268.000       1.7896
2269.000       1.7144
2270.000       1.7349
2271.000       1.6419
2273.000       1.6500
2274.000       1.6105
2277.000       1.7241
2278.000       1.7853
2279.000       2.0040
2281.000       1.9123
2283.000       1.9569
2285.000       2.0525
2286.000       2.0111
2287.000       2.1339
2288.000       2.0365
2289.000       1.8705
2290.000       1.8755
2293.000       1.7709
2295.000       1.7349
2296.000       1.6363
2298.000       1.5876
2299.000       1.6499
2301.000       1.6265
2302.000       1.5362
2303.000       1.5025
2304.000       1.5563
2305.000       1.4423
2307.000       1.4265
2308.000       1.4123
2311.000       1.4680
2312.000       1.5153
2313.000       1.6846
2315.000       1.6225
2317.000       1.6911
2319.000       1.7370
2320.000       1.6992
2321.000       1.8340
2322.000       1.7244
2323.000       1.5742
2324.000       1.5853
2327.000       1.4752
2329.000       1.4503
2330.000       1.3594
2332.000       1.3287
2333.000       1.3822
2335.000       1.3880
2336.000       1.3267
2337.000       1.3401
2338.000       1.4187
2341.000       1.3272
2342.000       1.3063
2344.000       1.2900
2345.000       1.2954
2346.000       1.3902
2348.000       1.3370
2350.000       1.3905
2352.000       1.4409
2353.000       1.4401
2354.000       1.5586
2355.000       1.4717
2356.000       1.3679
2357.000       1.3570
2360.000       1.3137
2362.000       1.2904
2363.000       1.3097
2365.000       1.3011
2366.000       1.3391
2368.000       1.3622
2370.000       1.3564
2371.000       1.4296
2372.000       1.3368
2374.000       1.3080
2375.000       1.3523
2376.000       1.3630
2378.000       1.3953
2380.000       1.5864
2382.000       1.4004
2383.000       1.6008
2384.000       1.7508
2385.000       1.8021
2386.000       1.6298
2387.000       1.7803
2390.000       1.8859
2392.000       1.7986
2393.000       1.7943
2395.000       1.6265
2396.000       1.5330
2398.000       1.4957
2399.000       1.5414
2400.000       1.6236
2401.000       1.7006
2404.000       1.7456
2405.000       1.8087
2407.000       1.7771
2408.000       1.6257
2409.000       2.0051
2411.000       1.9078
2413.000       2.1664
2415.000       2.2532
2416.000       2.3523
2417.000       2.2986
2418.000       2.6107
2419.000       2.4178
2420.000       2.5715
2423.000       2.7101
2425.000       2.8185
2426.000       2.8368
2428.000       2.7117
2429.000       2.6026
2431.000       2.5409
2433.000       2.5845
2434.000       2.5627
2437.000       2.7050
2438.000       2.7742
2439.000       2.9320
2440.000       2.6292
2442.000       2.8028
2444.000       3.0372
2446.000       2.6767
2447.000       2.5651
2448.000       2.7125
2449.000       2.3771
2450.000       2.6263
2451.000       2.8329
2454.000       2.8772
2456.000       2.8501
2457.000       2.8073
2459.000       2.6220
2460.000       2.4978
2462.000       2.3642
2464.000       2.3589
2465.000       2.2752
2468.000       2.4801
2469.000       2.6119
2470.000       2.7530
2471.000       2.7750
2473.000       2.8308
2475.000       3.0599
2477.000       2.8865
2478.000       2.8038
2479.000       2.9965
2480.000       2.6422
2481.000       2.7813
2482.000       2.9565
2485.000       2.9303
2487.000       2.8539
2488.000       2.7555
2490.000       2.5512
2491.000       2.4511
2493.000       2.2898
2495.000       2.2192
2496.000       2.1100
2497.000       2.3291
2499.000       2.4892
2500.000       2.5978
2501.000       2.8172
2503.000       2.7883
2505.000       2.9807
2507.000       2.9480
2508.000       2.8776
2509.000       3.0982
2510.000       2.7507
2511.000       2.7813
2512.000       2.9272
2515.000       2.8365
2517.000       2.7415
2518.000       2.5990
2520.000       2.3991
2521.000       2.3452
2523.000       2.1809
2525.000       2.0598
2526.000       1.9521
2527.000       2.1329
2529.000       2.2966
2530.000       2.3822
2531.000       2.6964
2533.000       2.6225
2535.000       2.7911
2537.000       2.8245
2538.000       2.7418
2539.000       2.9659
2540.000       2.6333
2541.000       2.5980
2542.000       2.7104
2545.000       2.5798
2547.000       2.4636
2548.000       2.3050
2550.000       2.1191
2551.000       2.1216
2553.000       1.9791
2555.000       1.8276
2556.000       1.7183
2559.000       1.8366
2560.000       1.9805
2561.000       2.0232
2562.000       2.4455
2564.000       2.3345
2566.000       2.4723
2568.000       2.5676
2569.000       2.5200
2570.000       2.7173
2571.000       2.4998
2572.000       2.3388
2573.000       2.3790
2576.000       2.2152
2578.000       2.0922
2579.000       1.9338
2581.000       1.8206
2582.000       1.8931
2584.000       1.8260
2586.000       1.6711
2587.000       1.6447
2588.000       1.6069
2590.000       1.6787
2591.000       1.6601
2592.000       2.1319
2594.000       1.9824
2596.000       2.0570
2598.000       2.2565
2599.000       2.2611
2600.000       2.4714
2601.000       2.2539
2602.000       2.1024
2603.000       2.1344
2606.000       1.9757
2608.000       1.8442
2609.000       1.7100
2611.000       1.6280
2612.000       1.6937
2614.000       1.6167
2615.000       1.4856
2616.000       1.3936
2617.000       1.4094
2618.000       1.3408
2620.000       1.3706
2621.000       1.3683
2624.000       1.4510
2625.000       1.5012
2626.000       1.9185
2628.000       1.7739
2630.000       1.8344
2632.000       2.0413
2633.000       2.0800
2634.000       2.2468
2635.000       2.1362
2636.000       1.9288
2637.000       1.9186
2640.000       1.7848
2642.000       1.6619
2643.000       1.5648
2645.000       1.5219
2646.000       1.6228
2648.000       1.6113
2650.000       1.4973
2651.000       1.5216
2652.000       1.4119
2654.000       1.4217
2655.000       1.3909
2656.000       1.7767
2658.000       1.6373
2660.000       1.6680
2662.000       1.8980
2663.000       1.9611
2664.000       2.1203
2665.000       2.0450
2666.000       1.8152
2667.000       1.7860
2670.000       1.6563
2672.000       1.5601
2673.000       1.4883
2675.000       1.4710
2676.000       1.5618
2678.000       1.5836
2680.000       1.5114
2681.000       1.5697
2684.000       1.4387
2685.000       1.4156
2686.000       1.3977
2687.000       1.6483
2689.000       1.5449
2691.000       1.5679
2693.000       1.7313
2694.000       1.7826
2695.000       1.9136
2696.000       1.8723
2697.000       1.6715
2698.000       1.6399
2701.000       1.5505
2703.000       1.5036
2704.000       1.4770
2706.000       1.4880
2707.000       1.5395
2709.000       1.5846
2711.000       1.5781
2712.000       1.6569
2715.000       1.5442
2716.000       1.4965
2717.000       1.5128
2718.000       1.5511
2720.000       1.5158
2722.000       1.5596
2724.000       1.6012
2725.000       1.6534
2726.000       1.7394
2727.000       1.7361
2728.000       1.6225
2729.000       1.5928
2732.000       1.6105
2734.000       1.6062
2735.000       1.6552
2737.000       1.6640
2738.000       1.6384
2740.000       1.6811
2742.000       1.7482
2743.000       1.8221
2746.000       1.7808
2747.000       1.7414
2748.000       1.8078
2749.000       1.6629
2751.000       1.7142
2753.000       1.7857
2755.000       1.7166
2756.000       1.7824
2757.000       1.8619
2758.000       1.7840
2759.000       1.8486
2760.000       1.9159
2763.000       1.9891
2765.000       1.9594
2766.000       2.0160
2768.000       1.9660
2769.000       1.9082
2771.000       1.9080
2772.000       1.9701
2773.000       2.0293
2774.000       2.0435
2775.000       2.1160
2777.000       2.1445
2778.000       2.2486
2781.000       2.0996
2782.000       2.0084
2783.000       2.0552
2785.000       2.1184
2787.000       2.2283
2789.000       2.1470
2790.000       2.0921
2791.000       2.0399
2792.000       2.2328
2793.000       2.0252
2794.000       2.1375
2797.000       2.0680
2799.000       2.0844
2800.000       2.1159
2802.000       2.2035
2803.000       2.2648
2805.000       2.3696
2807.000       2.4175
2808.000       2.5380
2811.000       2.3755
2812.000       2.2666
2813.000       2.2641
2814.000       2.1410
2816.000       2.1230
2818.000       2.0586
2820.000       2.1476
2821.000       2.1717
2822.000       2.2705
2823.000       2.1863
2824.000       2.1766
2825.000       2.2370
2828.000       2.2454
2830.000       2.1476
2831.000       2.1813
2833.000       2.1384
2834.000       2.1216
2836.000       2.1253
2837.000       2.1370
2838.000       2.1717
2839.000       2.1997
2842.000       2.2201
2843.000       2.2380
2845.000       2.2106
2846.000       2.1523
2847.000       2.3311
2849.000       2.3210
2851.000       2.4176
2853.000       2.4608
2854.000       2.6593
2855.000       2.7394
2856.000       2.7965
2857.000       2.8206
2858.000       2.9787
2861.000       2.9270
2863.000       2.9019
2864.000       2.8156
2866.000       2.7028
2867.000       2.6938
2869.000       2.6569
2871.000       2.6041
2872.000       2.6157
2875.000       2.6049
2876.000       2.6634
2877.000       2.7346
2878.000       2.8302
2880.000       2.8404
2882.000       2.9968
2884.000       2.8912
2885.000       2.8395
2886.000       3.0307
2887.000       2.7698
2888.000       2.7424
2889.000       2.8408
2892.000       2.7498
2894.000       2.6326
2895.000       2.5497
2897.000       2.3500
2898.000       2.3661
2900.000       2.2497
2902.000       2.0991
2903.000       2.0336
2906.000       2.0636
2907.000       2.1922
2908.000       2.2064
2909.000       2.7006
2911.000       2.7290
2913.000       3.0127
2915.000       2.7527
2916.000       2.7274
2917.000       2.9479
2918.000       2.7027
2919.000       2.5560
2920.000       2.6078
2923.000       2.4410
2925.000       2.2857
2926.000       2.1326
2928.000       2.0062
2929.000       2.0802
2931.000       2.0073
2933.000       1.8591
2934.000       1.8469
2937.000       1.7875
2938.000       1.8531
2939.000       1.8276
2940.000       2.3885
2942.000       2.2389
2944.000       2.3190
2946.000       2.5254
2947.000       2.6196
2948.000       2.7985
2949.000       2.7203
2950.000       2.4543
2951.000       2.3930
2954.000       2.2670
2956.000       2.1372
2957.000       2.1777
2959.000       2.1704
2960.000       2.3057
2962.000       2.3035
2963.000       2.1548
2964.000       2.1306
2965.000       2.2306
2966.000       2.0371
2968.000       1.9685
2969.000       1.9457
2972.000       1.9841
2973.000       2.0775
2974.000       2.3854
2976.000       2.3529
2978.000       2.4268
2980.000       2.3923
2981.000       2.5324
2982.000       2.6867
2983.000       2.6944
2984.000       2.4450
2985.000       2.4346
2988.000       2.4114
2990.000       2.2880
2991.000       2.3294
2993.000       2.2837
2994.000       2.2612
2996.000       2.2757
2997.000       2.3077
2998.000       2.3866
2999.000       2.4379
3002.000       2.4741
3003.000       2.4815
3005.000       2.4105
3006.000       2.3184
3007.000       2.5342
3009.000       2.4662
3011.000       2.5954
3013.000       2.6313
3014.000       2.7799
3015.000       2.9702
3016.000       2.9804
3017.000       2.5633
3018.000       2.1589
3021.000       1.9834
3023.000       1.9537
3024.000       1.8099
3026.000       1.7645
3027.000       1.8133
3029.000       1.8142
3031.000       1.7683
3032.000       1.8062
3035.000       1.7417
3036.000       1.7350
3037.000       1.7499
3038.000       1.8389
3040.000       1.7366
3042.000       1.7652
3044.000       1.8732
3045.000       1.7941
3046.000       1.9351
3047.000       1.7551
3048.000       1.7137
3049.000       1.8175
3052.000       1.7921
3054.000       1.8128
3055.000       1.8034
3057.000       1.7773
3058.000       1.9224
3060.000       1.8992
3061.000       1.7252
3062.000       1.6774
3063.000       1.7602
3066.000       1.6273
3067.000       1.6052
3069.000       1.6086
3070.000       1.6690
3071.000       1.6772
3073.000       1.7606
3075.000       2.0398
3077.000       1.8526
3078.000       1.9655
3079.000       2.3746
3080.000       2.0561
3081.000       1.9707
3082.000       2.1003
3085.000       2.1838
3087.000       2.2719
3088.000       2.3142
3090.000       2.2370
3091.000       2.0876
3093.000       2.1578
3094.000       2.3511
3095.000       2.5652
3096.000       2.6328
3097.000       2.7855
3099.000       2.8265
3100.000       3.1081
3103.000       2.6558
3104.000       2.4058
3105.000       2.1019
3107.000       2.2828
3109.000       2.5439
3111.000       2.1917
3112.000       2.1237
3113.000       2.3755
3114.000       1.9261
3115.000       2.1884
3116.000       2.4522
3119.000       2.5789
3121.000       2.5454
3122.000       2.5958
3124.000       2.4051
3125.000       2.1471
3127.000       2.0430
3129.000       2.2239
3130.000       2.2318
3133.000       2.4740
3134.000       2.5613
3135.000       2.8378
3136.000       2.5094
3138.000       2.6465
3140.000       2.9704
3142.000       2.6827
3143.000       2.4999
3144.000       2.6852
3145.000       2.4438
3146.000       2.3404
3147.000       2.4514
3150.000       2.3393
3152.000       2.2460
3153.000       2.1045
3155.000       1.9348
3156.000       1.9533
3158.000       1.8616
3160.000       1.7360
3161.000       1.7064
3162.000       1.7319
3164.000       1.8279
3165.000       1.8821
3166.000       2.1975
3168.000       2.1153
3170.000       2.2882
3172.000       2.3180
3173.000       2.2889
3174.000       2.4484
3175.000       2.1864
3176.000       2.3185
3177.000       2.4747
3180.000       2.5358
3182.000       2.5326
3183.000       2.5285
3185.000       2.4019
3186.000       2.3043
3188.000       2.2593
3189.000       2.3290
3190.000       2.3845
3191.000       2.3778
3194.000       2.5055
3195.000       2.5726
3197.000       2.5447
3198.000       2.4147
3199.000       2.4680
3201.000       2.5452
3203.000       2.7543
3205.000       2.5669
3206.000       2.5052
3207.000       2.6705
3208.000       2.4156
3209.000       2.4605
3210.000       2.5808
3213.000       2.5417
3215.000       2.4890
3216.000       2.4125
3218.000       2.2801
3219.000       2.2199
3221.000       2.1237
3222.000       2.1314
3223.000       2.1129
3224.000       2.0605
3227.000       2.2065
3228.000       2.2927
3230.000       2.3123
3231.000       2.2311
3232.000       2.4525
3234.000       2.4357
3236.000       2.5748
3238.000       2.5398
3239.000       2.4918
3240.000       2.6381
3241.000       2.5029
3242.000       2.3634
3243.000       2.3865
3246.000       2.3005
3248.000       2.2337
3249.000       2.1585
3251.000       2.0805
3252.000       2.1083
3254.000       2.0615
3256.000       1.9782
3257.000       1.9561
3260.000       1.9584
3261.000       2.0152
3262.000       2.0457
3263.000       2.2479
3265.000       2.1946
3267.000       2.2775
3269.000       2.3289
3270.000       2.3192
3271.000       2.4649
3272.000       2.3231
3273.000       2.2249
3274.000       2.2852
3277.000       2.2180
3279.000       2.1608
3280.000       2.0981
3282.000       2.0132
3283.000       2.0253
3285.000       1.9771
3287.000       1.9101
3288.000       1.9005
3289.000       1.9156
3291.000       1.9673
3292.000       2.0166
3293.000       2.1562
3295.000       2.1206
3297.000       2.2270
3299.000       2.2277
3300.000       2.1944
3301.000       2.3293
3302.000       2.1883
3303.000       2.1003
3304.000       2.1547
3307.000       2.0872
3309.000       2.0398
3310.000       1.9685
3312.000       1.8770
3313.000       1.8802
3315.000       1.8248
3317.000       1.7619
3318.000       1.7395
3321.000       1.7679
3322.000       1.8245
3323.000       1.8671
3324.000       2.0102
3326.000       1.9757
3328.000       2.0778
3330.000       2.0710
3331.000       2.0435
3332.000       2.1770
3333.000       2.0336
3334.000       1.9661
3335.000       2.0205
3338.000       1.9625
3340.000       1.9304
3341.000       1.8662
3343.000       1.7802
3344.000       1.7781
3346.000       1.7372
3348.000       1.6967
3349.000       1.6924
3352.000       1.7060
3353.000       1.7457
3354.000       1.7894
3355.000       1.8783
3357.000       1.8695
3359.000       1.9853
3361.000       1.9282
3362.000       1.8766
3363.000       2.0036
3364.000       1.8365
3365.000       1.8085
3366.000       1.8973
3369.000       1.8304
3371.000       1.8053
3372.000       1.7142
3374.000       1.6247
3375.000       1.6228
3377.000       1.5731
3378.000       1.5375
3379.000       1.5101
3380.000       1.5161
3381.000       1.5181
3383.000       1.5467
3384.000       1.5784
3387.000       1.5779
3388.000       1.5701
3389.000       1.7243
3391.000       1.6928
3393.000       1.7950
3395.000       1.7779
3396.000       1.7450
3397.000       1.8686
3398.000       1.7556
3399.000       1.6435
3400.000       1.6442
3403.000       1.5483
3405.000       1.5243
3406.000       1.4639
3408.000       1.4618
3409.000       1.5063
3411.000       1.5115
3412.000       1.4695
3413.000       1.4937
3414.000       1.5518
3415.000       1.4978
3417.000       1.4752
3418.000       1.5244
3421.000       1.4464
3422.000       1.4444
3423.000       1.5083
3425.000       1.4546
3427.000       1.4667
3429.000       1.5405
3430.000       1.6638
3431.000       1.7451
3432.000       1.7019
3433.000       1.7558
3434.000       1.7670
3437.000       1.8653
3439.000       1.8607
3440.000       1.9525
3442.000       1.8943
3443.000       1.7876
3445.000       1.7961
3446.000       1.9162
3447.000       2.0153
3448.000       2.0036
3451.000       2.1598
3452.000       2.2102
3454.000       2.1335
3455.000       1.9817
3456.000       1.9457
3458.000       2.0420
3460.000       2.1825
3462.000       2.0527
3463.000       2.1240
3464.000       2.2902
3465.000       2.0907
3466.000       2.1459
3467.000       2.2514
3470.000       2.2704
3472.000       2.1857
3473.000       2.1687
3475.000       2.0276
3476.000       1.9488
3478.000       1.8579
3479.000       1.8702
3480.000       1.8268
3481.000       1.7720
3482.000       1.8986
3484.000       2.0071
3485.000       2.0973
3488.000       2.0575
3489.000       1.9795
3490.000       2.2865
3492.000       2.2789
3494.000       2.4277
3496.000       2.4304
3497.000       2.4441
3498.000       2.6689
3499.000       2.3553
3500.000       2.3851
3501.000       2.5112
3504.000       2.4287
3506.000       2.3034
3507.000       2.2013
3509.000       2.0426
3510.000       2.0134
3512.000       1.8960
3513.000       1.8393
3514.000       1.7510
3515.000       1.7087
3516.000       1.7702
3518.000       1.8653
3519.000       1.9149
3522.000       1.9544
3523.000       1.9331
3524.000       2.3633
3526.000       2.2862
3528.000       2.4504
3530.000       2.5126
3531.000       2.5196
3532.000       2.7286
3533.000       2.5050
3534.000       2.3906
3535.000       2.4614
3538.000       2.3387
3540.000       2.2098
3541.000       2.0889
3543.000       1.9742
3544.000       2.0271
3546.000       1.9715
3548.000       1.8623
3549.000       1.8609
3552.000       1.8219
3553.000       1.8710
3554.000       1.8803
3555.000       2.2740
3557.000       2.1501
3559.000       2.2578
3561.000       2.4114
3562.000       2.4573
3563.000       2.6544
3564.000       2.4859
3565.000       2.3296
3566.000       2.3483
3569.000       2.2395
3571.000       2.1535
3572.000       2.0702
3574.000       2.0461
3575.000       2.1367
3577.000       2.1211
3578.000       2.0351
3579.000       2.0596
3580.000       2.1431
3583.000       2.0633
3584.000       2.0151
3586.000       1.9685
3587.000       1.9906
3588.000       2.2285
3590.000       2.1151
3592.000       2.1146
3594.000       2.3234
3595.000       2.3966
3596.000       2.5699
3597.000       2.4358
3598.000       2.3075
3599.000       2.3161
3602.000       2.2581
3604.000       2.1338
3605.000       2.1798
3607.000       2.1950
3608.000       2.3767
3610.000       2.4265
3611.000       2.2713
3612.000       2.3356
3613.000       2.5213
3616.000       2.3279
3617.000       2.2399
3619.000       2.1350
3620.000       2.1504
3621.000       2.3816
3623.000       2.3736
3625.000       2.4948
3627.000       2.3967
3628.000       2.3064
3629.000       2.4701
3630.000       2.4558
3631.000       2.1007
3632.000       2.0392
3635.000       1.9326
3637.000       1.8863
3638.000       1.9448
3640.000       2.0579
3641.000       2.1374
3643.000       2.3572
3645.000       2.5282
3646.000       2.8119
3647.000       2.4606
3649.000       2.2350
3650.000       2.3116
3651.000       1.9991
3653.000       2.0277
3655.000       2.1795
3657.000       2.0163
3658.000       2.1274
3659.000       2.2820
3660.000       2.2596
3661.000       2.0370
3662.000       1.9621
3665.000       1.8879
3667.000       1.8618
3668.000       1.8334
3670.000       1.6986
3671.000       1.6700
3673.000       1.6997
3674.000       1.7258
3675.000       1.8707
3676.000       2.0222
3679.000       1.9738
3680.000       1.9560
3682.000       1.8575
3683.000       1.7232
3684.000       1.8552
3686.000       1.9712
3688.000       2.2753
3690.000       1.7803
3691.000       1.8015
3692.000       2.0109
3693.000       1.9873
3694.000       1.6750
3695.000       1.6071
3698.000       1.5158
3700.000       1.5224
3701.000       1.5267
3703.000       1.6119
3704.000       1.7706
3706.000       1.8565
3707.000       1.7475
3708.000       1.8028
3709.000       1.9712
3712.000       1.7368
3713.000       1.6140
3715.000       1.5388
3716.000       1.6061
3717.000       1.5489
3719.000       1.6239
3721.000       1.7712
3723.000       1.4991
3724.000       1.4785
3725.000       1.5822
3726.000       1.4971
3727.000       1.4466
3728.000       1.3897
3731.000       1.4107
3733.000       1.5122
3734.000       1.6313
3736.000       1.7667
3737.000       1.8152
3739.000       2.0376
3740.000       2.1333
3741.000       2.4289
3742.000       2.6396
3745.000       2.6081
3746.000       2.5187
3748.000       2.2321
3749.000       2.0141
3750.000       1.4304
3752.000       1.5576
3754.000       1.6474
3756.000       1.4422
3757.000       1.5448
3758.000       1.5934
3759.000       1.6887
3760.000       1.5809
3761.000       1.5372
3764.000       1.5350
3766.000       1.5096
3767.000       1.4862
3769.000       1.3839
3770.000       1.3296
3772.000       1.2983
3773.000       1.3326
3774.000       1.3815
3775.000       1.4047
3776.000       1.4703
3778.000       1.5107
3779.000       1.6322
3782.000       1.4802
3783.000       1.3864
3784.000       1.5050
3786.000       1.5389
3788.000       1.6984
3790.000       1.6191
3791.000       1.6642
3792.000       1.8343
3793.000       1.6435
3794.000       1.6526
3795.000       1.7609
3798.000       1.7693
3800.000       1.6895
3801.000       1.6866
3803.000       1.5789
3804.000       1.5033
3806.000       1.4577
3807.000       1.5094
3808.000       1.5476
3809.000       1.5404
3810.000       1.6533
3812.000       1.7193
3813.000       1.8526
3816.000       1.6950
3817.000       1.5852
3818.000       1.7941
3820.000       1.7991
3822.000       1.9429
3824.000       1.9406
3825.000       2.0344
3826.000       2.2249
3827.000       2.0060
3828.000       2.0303
3829.000       2.1370
3832.000       2.1508
3834.000       2.0454
3835.000       2.0589
3837.000       1.9417
3838.000       1.8529
3840.000       1.7898
3841.000       1.8442
3842.000       1.8617
3843.000       1.8137
3846.000       1.9762
3847.000       2.0636
3849.000       2.0572
3850.000       1.9418
3851.000       2.2049
3853.000       2.2053
3855.000       2.3499
3857.000       2.3695
3858.000       2.4714
3859.000       2.6659
3860.000       2.4287
3861.000       2.4736
3862.000       2.5832
3865.000       2.5969
3867.000       2.4739
3868.000       2.4729
3870.000       2.3335
3871.000       2.2460
3873.000       2.1529
3874.000       2.1815
3875.000       2.1560
3876.000       2.0751
3879.000       2.2572
3880.000       2.3781
3882.000       2.4103
3883.000       2.3016
3884.000       2.6467
3886.000       2.6312
3888.000       2.7852
3890.000       2.8226
3891.000       2.9320
3892.000       3.1328
3893.000       2.8715
3894.000       2.9416
3895.000       3.0791
3898.000       3.0855
3900.000       2.9227
3901.000       2.9037
3903.000       2.7317
3904.000       2.6422
3906.000       2.5259
3907.000       2.5316
3908.000       2.4591
3909.000       2.3688
3910.000       2.5406
3912.000       2.6824
3913.000       2.7828
3916.000       2.7539
3917.000       2.6672
3918.000       3.1408
3920.000       3.0925
3922.000       3.2634
3924.000       3.3635
3925.000       3.4796
3926.000       3.7370
3927.000       3.3996
3928.000       3.4544
3929.000       3.5987
3932.000       3.5677
3934.000       3.3692
3935.000       3.3112
3937.000       3.1260
3938.000       3.0542
3940.000       2.9245
3941.000       2.8978
3942.000       2.8016
3943.000       2.7259
3944.000       2.8443
3946.000       2.9750
3947.000       3.0350
3950.000       3.0775
3951.000       3.0254
3952.000       3.6117
3954.000       3.5201
3956.000       3.6845
3958.000       3.8542
3959.000       3.9738
3960.000       4.2540
3961.000       3.9052
3962.000       3.9119
3963.000       4.0383
3966.000       3.9794
3968.000       3.7385
3969.000       3.7066
3971.000       3.5542
3972.000       3.5230
3974.000       3.4358
3975.000       3.4077
3976.000       3.3851
3977.000       3.3837
3980.000       3.4326
3981.000       3.4931
3983.000       3.5282
3984.000       3.4793
3985.000       4.0710
3987.000       3.9572
3989.000       4.1259
3991.000       4.3572
3992.000       4.5620
3993.000       4.8641
3994.000       4.5535
3995.000       4.5841
3996.000       4.7568
3999.000       4.8597
4001.000       4.6309
4002.000       4.7788
4004.000       4.6335
4005.000       4.5138
4007.000       4.5541
4008.000       4.6952
4009.000       4.9181
4010.000       5.0291
4011.000       5.1611
4013.000       5.2109
4014.000       5.5735
4017.000       5.0290
4018.000       4.7561
4019.000       5.0784
4021.000       5.0943
4023.000       5.3953
4025.000       5.4126
