   2.000      16.6861
   3.000      17.0029
   6.000      16.8464
   8.000      17.3127
   9.000      16.8199
  11.000      16.5180
  12.000      16.6808
  14.000      16.4955
  15.000      16.1878
  16.000      16.0074
  17.000      16.0637
  18.000      15.8680
  20.000      15.9071
  21.000      15.8804
  24.000      16.0765
  25.000      16.2063
  26.000      15.8143
  28.000      16.0102
  30.000      16.4302
  32.000      15.4993
  33.000      14.4538
  34.000      14.5008
  35.000      14.2635
  36.000      13.7947
  37.000      13.8390
  40.000      13.3961
  42.000      13.8628
  43.000      13.2941
  45.000      13.2781
  46.000      13.5345
  48.000      13.7001
  50.000      13.5725
  51.000      13.8272
  54.000      13.3250
  55.000      13.1833
  56.000      13.1007
  57.000      12.3706
  59.000      12.3640
  61.000      12.4557
  63.000      11.8864
  64.000      10.9876
  65.000      10.8005
  66.000      11.1683
  67.000      10.3780
  68.000      10.1505
  71.000       9.8171
  73.000      10.4260
  74.000      10.1229
  76.000      10.5164
  77.000      10.6998
  79.000      11.2144
  81.000      11.5572
  82.000      12.1309
  83.000      11.3329
  85.000      10.8478
  86.000      10.8594
  87.000       9.0602
  89.000       9.2110
  91.000       9.0940
  93.000       8.4779
  94.000       7.7613
  95.000       7.5791
  96.000       7.9204
  97.000       7.4973
  98.000       7.4620
 101.000       7.4688
 103.000       8.0125
 104.000       7.9119
 106.000       8.2615
 107.000       8.2917
 109.000       8.9113
 110.000       9.2850
 111.000      10.1382
 112.000      10.7377
 113.000      10.4407
 115.000      10.0410
 116.000      10.5744
 119.000       9.2909
 120.000       8.9022
 121.000       6.9593
 123.000       7.1706
 125.000       7.3670
 127.000       7.0065
 128.000       6.5992
 129.000       7.1493
 130.000       6.3783
 131.000       6.2047
 132.000       6.5692
 135.000       6.3454
 137.000       6.2275
 138.000       5.9510
 140.000       5.7486
 141.000       5.6479
 143.000       5.7397
 145.000       5.9833
 146.000       6.3503
 149.000       6.1275
 150.000       5.9861
 151.000       6.3213
 152.000       6.0086
 154.000       5.8701
 156.000       6.4553
 158.000       6.6666
 159.000       6.7161
 160.000       7.7316
 161.000       6.4102
 162.000       6.2646
 163.000       6.7097
 166.000       6.4376
 168.000       6.0425
 169.000       5.8133
 171.000       5.3360
 172.000       5.0588
 174.000       4.9220
 176.000       5.1307
 177.000       5.3575
 178.000       5.4131
 180.000       5.5092
 181.000       5.9989
 182.000       6.2160
 184.000       6.0197
 186.000       6.6803
 188.000       6.9024
 189.000       7.0301
 190.000       7.9628
 191.000       6.7039
 192.000       6.7171
 193.000       7.2411
 196.000       7.0646
 198.000       6.5681
 199.000       6.3187
 201.000       5.6448
 202.000       5.3600
 204.000       4.9685
 205.000       5.0373
 206.000       5.0901
 207.000       5.0177
 208.000       5.5953
 210.000       5.9562
 211.000       6.6065
 214.000       5.9178
 215.000       5.4634
 216.000       6.9379
 218.000       6.6661
 220.000       7.3855
 222.000       7.6857
 223.000       7.8860
 224.000       8.7914
 225.000       7.6125
 226.000       7.5551
 227.000       8.0550
 230.000       7.8224
 232.000       7.2581
 233.000       7.0000
 235.000       6.3281
 236.000       6.0402
 238.000       5.6262
 240.000       5.5242
 241.000       5.3906
 244.000       5.8493
 245.000       6.2372
 246.000       6.7232
 247.000       7.6586
 249.000       7.3071
 251.000       7.9353
 253.000       8.3665
 254.000       8.5021
 255.000       9.3701
 256.000       8.3281
 257.000       7.9696
 258.000       8.2988
 261.000       7.8110
 263.000       7.2056
 264.000       6.6840
 266.000       6.0412
 267.000       6.0138
 269.000       5.6441
 271.000       5.2598
 272.000       5.1580
 273.000       5.3145
 275.000       5.7041
 276.000       5.9610
 277.000       7.5906
 279.000       6.9486
 281.000       7.2015
 283.000       8.0618
 284.000       8.1800
 285.000       8.8935
 286.000       8.1753
 287.000       7.5953
 288.000       7.7115
 291.000       7.1819
 293.000       6.7128
 294.000       6.2166
 296.000       5.8491
 297.000       6.0254
 299.000       5.7973
 300.000       5.3951
 301.000       5.1775
 302.000       5.2887
 303.000       5.0567
 305.000       5.1600
 306.000       5.2913
 309.000       5.3606
 310.000       5.4484
 311.000       7.0005
 313.000       6.4164
 315.000       6.5545
 317.000       7.4658
 318.000       7.5659
 319.000       8.2375
 320.000       7.5150
 321.000       7.0973
 322.000       7.2756
 325.000       6.8902
 327.000       6.4593
 328.000       6.0911
 330.000       5.7141
 331.000       5.7577
 333.000       5.5757
 335.000       5.3325
 336.000       5.3118
 339.000       5.3239
 340.000       5.5083
 341.000       5.6681
 342.000       6.8044
 344.000       6.2546
 346.000       6.4568
 348.000       7.2974
 349.000       7.4961
 350.000       7.9132
 351.000       7.8397
 352.000       7.0171
 353.000       7.0714
 356.000       6.6649
 358.000       6.1674
 359.000       5.9585
 361.000       5.8042
 362.000       6.0835
 364.000       6.1066
 366.000       5.8572
 367.000       6.0253
 368.000       5.6112
 370.000       5.5745
 371.000       5.5444
 372.000       6.7435
 374.000       6.3090
 376.000       6.3727
 378.000       7.1876
 379.000       7.4834
 380.000       8.1257
 381.000       7.5092
 382.000       7.1348
 383.000       7.2801
 386.000       7.0501
 388.000       6.5769
 389.000       6.4838
 391.000       6.2858
 392.000       6.4156
 394.000       6.3296
 395.000       6.1477
 396.000       6.2027
 397.000       6.3686
 398.000       6.2761
 400.000       6.2687
 401.000       6.5458
 404.000       6.1839
 405.000       6.1311
 406.000       7.1614
 408.000       6.8623
 410.000       7.0407
 412.000       7.6325
 413.000       7.9236
 414.000       8.5397
 415.000       7.9541
 416.000       7.5856
 417.000       7.7050
 420.000       7.4322
 422.000       7.0199
 423.000       6.9984
 425.000       6.7530
 426.000       6.8790
 428.000       6.7742
 430.000       6.6064
 431.000       6.6956
 434.000       6.5661
 435.000       6.6005
 436.000       6.6901
 437.000       7.5356
 439.000       7.4454
 441.000       7.9056
 443.000       7.8877
 444.000       7.9847
 445.000       8.6767
 446.000       8.0326
 447.000       7.4635
 448.000       7.6728
 451.000       7.3029
 453.000       7.1190
 454.000       6.8402
 456.000       6.6526
 457.000       6.6283
 459.000       6.7073
 461.000       6.8171
 462.000       7.1033
 463.000       6.8558
 465.000       6.7964
 466.000       7.1018
 467.000       6.9562
 469.000       6.7490
 471.000       7.0238
 473.000       7.2066
 474.000       7.0943
 475.000       7.5969
 476.000       7.0069
 477.000       6.8598
 478.000       7.1443
 481.000       7.1446
 483.000       7.0900
 484.000       7.0218
 486.000       6.8853
 487.000       6.7144
 489.000       6.8202
 490.000       7.0670
 491.000       7.4494
 492.000       7.5845
 493.000       7.9030
 495.000       8.0141
 496.000       8.6716
 499.000       7.6544
 500.000       7.1556
 501.000       7.0410
 503.000       7.0121
 505.000       7.2895
 507.000       7.3555
 508.000       7.3281
 509.000       7.7512
 510.000       7.1991
 511.000       7.2934
 512.000       7.6583
 515.000       7.8412
 517.000       7.7335
 518.000       7.8822
 520.000       7.6544
 521.000       7.2410
 523.000       7.2296
 525.000       7.6434
 526.000       7.8066
 529.000       8.0619
 530.000       8.0760
 531.000       8.6169
 532.000       7.8229
 534.000       7.9438
 536.000       8.4225
 538.000       8.1716
 539.000       8.2166
 540.000       8.7236
 541.000       7.9017
 542.000       8.2991
 543.000       8.8112
 546.000       8.9671
 548.000       8.7347
 549.000       8.7735
 551.000       8.2890
 552.000       7.8196
 554.000       7.5531
 556.000       7.7509
 557.000       7.6978
 558.000       8.2131
 560.000       8.5017
 561.000       9.0583
 562.000       8.8913
 564.000       8.9744
 566.000       9.6688
 568.000       9.3672
 569.000       9.3085
 570.000       9.9039
 571.000       8.7786
 572.000       9.4118
 573.000      10.0666
 576.000      10.2119
 578.000       9.9058
 579.000       9.7159
 581.000       9.1001
 582.000       8.6383
 584.000       8.2934
 585.000       8.5333
 586.000       8.5073
 587.000       8.2381
 588.000       9.0266
 590.000       9.5216
 591.000      10.1223
 594.000       9.5669
 595.000       9.0456
 596.000      10.0461
 598.000       9.8359
 600.000      10.4754
 602.000      10.7789
 603.000      10.7521
 604.000      11.7364
 605.000      10.1134
 606.000      10.4834
 607.000      11.2109
 610.000      10.9369
 612.000      10.4586
 613.000       9.9583
 615.000       9.0271
 616.000       8.5910
 618.000       7.8785
 620.000       7.6267
 621.000       7.1192
 624.000       8.0928
 625.000       8.7789
 626.000       9.3216
 627.000      10.3941
 629.000      10.0895
 631.000      10.8141
 633.000      10.9815
 634.000      10.5589
 635.000      11.4956
 636.000       9.9728
 637.000       9.8975
 638.000      10.4749
 641.000       9.9153
 643.000       9.4777
 644.000       8.7106
 646.000       7.8470
 647.000       7.6000
 649.000       6.9649
 651.000       6.4854
 652.000       6.0663
 653.000       6.8097
 655.000       7.4904
 656.000       7.9360
 657.000       9.1351
 659.000       8.6199
 661.000       9.1976
 663.000       9.5988
 664.000       9.0401
 665.000       9.8814
 666.000       8.4003
 667.000       8.4938
 668.000       9.1573
 671.000       8.7811
 673.000       8.4596
 674.000       7.7639
 676.000       6.9181
 677.000       6.4769
 679.000       5.9292
 680.000       5.9702
 681.000       5.7248
 682.000       5.3614
 683.000       6.2557
 685.000       6.9518
 686.000       7.6325
 689.000       7.1750
 690.000       6.6404
 691.000       8.0371
 693.000       7.7154
 695.000       8.4589
 697.000       8.5176
 698.000       8.0349
 699.000       8.8338
 700.000       7.3734
 701.000       7.7406
 702.000       8.4791
 705.000       8.4080
 707.000       8.1452
 708.000       7.8620
 710.000       7.0589
 711.000       6.3514
 713.000       5.8152
 715.000       6.0013
 716.000       5.7154
 719.000       6.7238
 720.000       7.2578
 721.000       8.0919
 722.000       7.8810
 724.000       7.8900
 726.000       8.7753
 728.000       8.4274
 729.000       8.1675
 730.000       8.9352
 731.000       7.5170
 732.000       8.1541
 733.000       8.9565
 736.000       9.0844
 738.000       8.7724
 739.000       8.6576
 741.000       7.8642
 742.000       7.2183
 744.000       6.6900
 746.000       6.7621
 747.000       6.5115
 748.000       7.4268
 750.000       8.0035
 751.000       8.7664
 752.000       8.8158
 754.000       8.8978
 756.000       9.8158
 758.000       9.4406
 759.000       9.5453
 760.000      10.1812
 761.000       8.9548
 762.000       9.9192
 763.000      10.7511
 766.000      11.1503
 768.000      10.7711
 769.000      10.7333
 771.000       9.8842
 772.000       9.3289
 774.000       8.7780
 775.000       8.9532
 776.000       8.7030
 777.000       8.2431
 778.000       9.2362
 780.000       9.9474
 781.000      10.5462
 784.000      10.2030
 785.000       9.6612
 786.000      11.2320
 788.000      11.2350
 790.000      12.0487
 792.000      12.0211
 793.000      12.3857
 794.000      13.2068
 795.000      11.7727
 796.000      12.7418
 797.000      13.6145
 800.000      13.9084
 802.000      13.3032
 803.000      13.2776
 805.000      12.3451
 806.000      11.6995
 808.000      10.9840
 810.000      10.9355
 811.000      10.4070
 814.000      11.5567
 815.000      12.2610
 816.000      12.9338
 817.000      14.0430
 819.000      13.8174
 821.000      14.6587
 823.000      14.9935
