   2.000       4.0444
   3.000       4.1832
   6.000       4.1867
   8.000       4.2312
   9.000       4.0952
  11.000       3.8258
  12.000       3.7004
  14.000       3.5004
  15.000       3.4893
  16.000       3.3567
  17.000       3.2078
  18.000       3.4704
  20.000       3.6899
  21.000       3.8255
  24.000       3.8151
  25.000       3.7021
  26.000       3.9247
  28.000       4.0082
  30.000       4.3137
  32.000       3.9933
  33.000       3.7759
  34.000       3.9943
  35.000       3.5383
  36.000       3.7033
  37.000       3.9526
  40.000       3.9014
  42.000       3.8367
  43.000       3.6528
  45.000       3.3553
  46.000       3.2345
  48.000       2.9931
  49.000       2.9458
  50.000       2.7528
  51.000       2.5767
  52.000       2.8309
  54.000       3.0653
  55.000       3.1535
  58.000       3.2485
  59.000       3.1743
  60.000       3.6727
  62.000       3.6466
  64.000       3.9285
  66.000       3.8185
  67.000       3.6624
  68.000       3.9414
  69.000       3.4525
  70.000       3.5220
  71.000       3.7323
  74.000       3.5951
  76.000       3.4348
  77.000       3.2084
  79.000       2.9203
  80.000       2.8610
  82.000       2.6127
  83.000       2.4908
  84.000       2.2511
  85.000       2.0881
  86.000       2.2634
  88.000       2.4767
  89.000       2.5132
  92.000       2.6935
  93.000       2.6874
  94.000       3.4067
  96.000       3.2687
  98.000       3.4925
 100.000       3.6109
 101.000       3.5395
 102.000       3.8593
 103.000       3.4074
 104.000       3.3201
 105.000       3.4576
 108.000       3.2481
 110.000       3.0310
 111.000       2.7934
 113.000       2.5538
 114.000       2.5657
 116.000       2.3432
 117.000       2.1658
 118.000       1.9276
 119.000       1.7880
 122.000       1.8851
 123.000       2.0579
 125.000       2.2684
 126.000       2.3110
 127.000       3.1182
 129.000       2.8994
 131.000       3.0469
 133.000       3.3503
 134.000       3.3531
 135.000       3.6841
 136.000       3.2719
 137.000       3.1326
 138.000       3.2071
 141.000       2.9875
 143.000       2.7491
 144.000       2.5373
 146.000       2.3395
 147.000       2.3842
 149.000       2.1981
 150.000       2.0034
 151.000       1.7842
 152.000       1.6931
 155.000       1.7232
 156.000       1.8691
 158.000       2.0547
 159.000       2.1079
 160.000       2.9069
 162.000       2.6794
 164.000       2.8085
 166.000       3.1449
 167.000       3.2000
 168.000       3.5131
 169.000       3.2252
 170.000       2.9711
 171.000       3.0434
 174.000       2.8218
 176.000       2.5581
 177.000       2.3811
 179.000       2.2228
 180.000       2.2828
 182.000       2.1447
 183.000       1.9573
 184.000       1.7733
 185.000       1.7282
 186.000       1.7035
 188.000       1.8180
 189.000       1.8344
 192.000       1.9755
 193.000       2.0268
 194.000       2.8246
 196.000       2.5795
 198.000       2.6757
 200.000       3.0893
 201.000       3.2298
 202.000       3.5618
 203.000       3.2561
 204.000       3.0101
 205.000       3.0227
 208.000       2.8371
 210.000       2.5283
 211.000       2.3865
 213.000       2.2245
 214.000       2.2998
 216.000       2.1821
 217.000       1.9772
 218.000       1.8090
 219.000       1.8354
 222.000       1.7028
 223.000       1.7905
 225.000       1.9598
 226.000       2.0211
 227.000       2.9109
 229.000       2.6548
 231.000       2.7737
 233.000       3.2291
 234.000       3.4698
 235.000       3.8608
 236.000       3.5816
 237.000       3.2025
 238.000       3.1869
 241.000       2.9575
 243.000       2.7253
 244.000       2.7883
 246.000       2.5649
 247.000       2.7026
 249.000       2.7031
 251.000       2.5450
 252.000       2.6745
 253.000       2.3636
 255.000       2.3765
 256.000       2.3619
 257.000       2.9925
 259.000       3.2651
 261.000       3.9720
 263.000       3.0119
 264.000       2.9384
 265.000       3.4485
 266.000       3.2439
 267.000       2.1724
 268.000       2.0928
 271.000       1.6451
 273.000       1.6368
 274.000       1.4944
 276.000       1.3657
 277.000       1.4242
 279.000       1.3992
 280.000       1.2922
 281.000       1.3198
 282.000       1.3331
 285.000       1.4766
 286.000       1.5948
 288.000       1.5231
 289.000       1.3480
 290.000       1.3675
 292.000       1.4570
 294.000       1.7884
 296.000       1.4209
 297.000       1.7960
 298.000       2.2562
 299.000       2.4309
 300.000       1.6111
 301.000       1.6499
 304.000       1.5511
 306.000       1.4614
 307.000       1.3976
 309.000       1.3475
 310.000       1.3769
 312.000       1.3391
 314.000       1.2753
 315.000       1.2809
 316.000       1.2584
 318.000       1.2899
 319.000       1.3047
 320.000       1.5401
 322.000       1.4722
 324.000       1.4875
 326.000       1.6138
 327.000       1.7510
 328.000       1.9238
 329.000       1.8058
 330.000       1.7024
 331.000       1.8592
 334.000       1.6764
 336.000       1.7031
 337.000       1.5596
 339.000       1.4741
 340.000       1.5230
 342.000       1.4818
 343.000       1.3858
 344.000       1.3302
 345.000       1.3609
 348.000       1.2826
 349.000       1.2964
 351.000       1.3504
 352.000       1.3850
 353.000       1.5016
 355.000       1.4711
 357.000       1.5623
 359.000       1.5181
 360.000       1.5041
 361.000       1.6296
 362.000       1.6023
 363.000       1.3777
 364.000       1.3223
 367.000       1.2271
 369.000       1.2487
 370.000       1.2311
 372.000       1.2827
 373.000       1.3414
 375.000       1.3960
 376.000       1.3760
 377.000       1.4458
 378.000       1.5336
 381.000       1.4590
 382.000       1.4020
 384.000       1.3302
 385.000       1.3159
 386.000       1.2070
 388.000       1.2020
 390.000       1.2119
 392.000       1.2341
 393.000       1.2169
 394.000       1.2852
 395.000       1.2881
 396.000       1.2523
 397.000       1.3193
 400.000       1.3573
 402.000       1.3582
 403.000       1.3434
 405.000       1.2617
 406.000       1.2400
 408.000       1.2129
 410.000       1.1847
 411.000       1.1859
 412.000       1.2390
 414.000       1.2820
 415.000       1.3794
 416.000       1.3338
 418.000       1.3743
 420.000       1.5217
 422.000       1.4234
 423.000       1.4384
 424.000       1.5872
 425.000       1.3999
 426.000       1.4310
 427.000       1.5207
 430.000       1.5041
 432.000       1.4451
 433.000       1.4097
 435.000       1.3063
 436.000       1.2796
 438.000       1.2131
 440.000       1.1721
 441.000       1.1429
 444.000       1.2091
 445.000       1.2746
 446.000       1.3419
 447.000       1.4717
 449.000       1.4599
 451.000       1.5897
 453.000       1.5736
 454.000       1.5803
 455.000       1.7393
 456.000       1.5634
 457.000       1.5075
 458.000       1.6026
 461.000       1.5263
 463.000       1.4515
 464.000       1.3781
 466.000       1.2885
 467.000       1.2883
 469.000       1.2296
 471.000       1.1744
 472.000       1.1551
 475.000       1.1808
 476.000       1.2349
 477.000       1.2738
 478.000       1.4920
 480.000       1.4266
 482.000       1.5184
 484.000       1.6005
 485.000       1.6507
 486.000       1.8123
 487.000       1.6962
 488.000       1.5502
 489.000       1.5687
 492.000       1.4869
 494.000       1.3954
 495.000       1.3374
 497.000       1.2784
 498.000       1.3131
 500.000       1.2924
 502.000       1.2363
 503.000       1.2632
 504.000       1.2123
 506.000       1.2305
 507.000       1.2485
 508.000       1.5000
 510.000       1.4296
 512.000       1.5089
 514.000       1.6206
 515.000       1.6932
 516.000       1.8833
 517.000       1.7465
 518.000       1.5774
 519.000       1.6027
 522.000       1.5157
 524.000       1.4261
 525.000       1.3785
 527.000       1.3159
 528.000       1.3341
 530.000       1.2838
 531.000       1.2334
 532.000       1.2130
 533.000       1.2138
 536.000       1.2416
 537.000       1.2788
 539.000       1.2902
 540.000       1.2659
 541.000       1.5288
 543.000       1.4579
 545.000       1.5179
 547.000       1.6545
 548.000       1.7198
 549.000       1.9018
 550.000       1.7342
 551.000       1.6506
 552.000       1.6592
 555.000       1.5882
 557.000       1.5122
 558.000       1.4563
 560.000       1.3813
 561.000       1.3770
 563.000       1.3266
 564.000       1.2949
 565.000       1.2731
 566.000       1.2613
 569.000       1.3144
 570.000       1.3723
 572.000       1.3856
 573.000       1.3399
 574.000       1.5559
 576.000       1.5083
 578.000       1.6084
 580.000       1.6548
 581.000       1.7204
 582.000       1.8653
 583.000       1.7763
 584.000       1.6510
 585.000       1.6804
 588.000       1.6438
 590.000       1.5501
 591.000       1.5182
 593.000       1.4427
 594.000       1.4573
 596.000       1.4352
 598.000       1.3850
 599.000       1.4109
 600.000       1.3723
 602.000       1.4079
 603.000       1.4530
 604.000       1.6819
 606.000       1.6370
 608.000       1.7357
 610.000       1.8157
 611.000       1.8925
 612.000       2.0963
 613.000       1.9124
 614.000       1.8008
 615.000       1.9365
 618.000       1.8569
 620.000       1.7575
 621.000       1.6847
 623.000       1.5866
 624.000       1.5888
 626.000       1.5431
 627.000       1.4912
 628.000       1.4656
 629.000       1.5002
 630.000       1.4644
 632.000       1.4970
 633.000       1.5406
 636.000       1.5370
 637.000       1.5224
 638.000       1.8320
 640.000       1.7751
 642.000       1.8874
 644.000       1.9388
 645.000       1.9349
 646.000       2.1332
 647.000       1.9246
 648.000       1.7833
 649.000       1.9240
 652.000       1.7697
 654.000       1.6726
 655.000       1.5217
 657.000       1.4262
 658.000       1.4667
 660.000       1.4120
 661.000       1.3120
 662.000       1.2560
 663.000       1.2995
 666.000       1.2214
 667.000       1.2434
 669.000       1.3013
 670.000       1.3249
 671.000       1.6704
 673.000       1.5394
 675.000       1.6015
 677.000       1.7576
 678.000       1.7582
 679.000       1.9110
 680.000       1.8120
 681.000       1.5991
 682.000       1.5733
 685.000       1.4349
 687.000       1.3499
 688.000       1.3038
 690.000       1.3130
 691.000       1.4062
 693.000       1.4560
 695.000       1.4312
 696.000       1.5287
 697.000       1.3456
 699.000       1.2837
 700.000       1.2653
 701.000       1.4414
 703.000       1.3955
 705.000       1.4149
 707.000       1.4186
 708.000       1.5267
 709.000       1.6509
 710.000       1.6068
 711.000       1.4809
 712.000       1.4997
 715.000       1.4819
 717.000       1.3762
 718.000       1.3504
 720.000       1.3317
 721.000       1.3314
 723.000       1.3953
 724.000       1.4340
 725.000       1.5674
 726.000       1.6795
 729.000       1.6505
 730.000       1.6001
 732.000       1.4810
 733.000       1.3934
 734.000       1.5729
 736.000       1.4681
 738.000       1.6731
 740.000       1.8595
 741.000       2.2452
 742.000       2.4450
 743.000       2.7084
 744.000       2.1099
 745.000       2.0672
 748.000       2.0764
 750.000       2.2570
 751.000       2.3203
 753.000       2.5758
 754.000       2.6076
 756.000       2.9289
 758.000       3.2824
 759.000       3.6608
 760.000       3.2702
 762.000       2.9291
 763.000       3.0456
 764.000       2.0029
 766.000       2.1641
 768.000       2.2639
 770.000       2.0178
 771.000       1.9316
 772.000       2.0686
 773.000       1.9838
 774.000       1.7503
 775.000       1.7584
 778.000       1.5863
 780.000       1.5009
 781.000       1.3412
 783.000       1.2833
 784.000       1.3600
 786.000       1.3039
 787.000       1.1845
 788.000       1.1371
 789.000       1.1806
 790.000       1.1142
 792.000       1.1241
 793.000       1.1715
 796.000       1.1553
 797.000       1.1820
 798.000       1.4950
 800.000       1.3513
 802.000       1.3911
 804.000       1.5943
 805.000       1.6411
 806.000       1.8046
 807.000       1.7380
 808.000       1.4741
 809.000       1.4443
 812.000       1.3391
 814.000       1.2638
 815.000       1.2018
 817.000       1.1554
 818.000       1.2333
 820.000       1.2208
 821.000       1.1184
 822.000       1.1153
 823.000       1.1962
 824.000       1.0876
 826.000       1.0670
 827.000       1.1208
 830.000       1.0689
 831.000       1.0870
 832.000       1.3439
 834.000       1.2813
 836.000       1.3784
 838.000       1.4497
 839.000       1.4928
 840.000       1.5889
 841.000       1.5931
 842.000       1.4900
 843.000       1.5433
 846.000       1.5729
 848.000       1.5647
 849.000       1.5657
 851.000       1.4722
 852.000       1.4203
 854.000       1.3634
 856.000       1.3523
 857.000       1.3417
 858.000       1.4138
 860.000       1.4774
 861.000       1.5768
 862.000       1.5569
 864.000       1.6064
 866.000       1.7619
 868.000       1.6482
 869.000       1.6696
 870.000       1.8276
 871.000       1.6422
 872.000       1.6437
 873.000       1.7536
 876.000       1.7294
 878.000       1.6690
 879.000       1.6119
 881.000       1.4856
 882.000       1.4496
 884.000       1.3668
 886.000       1.3160
 887.000       1.2913
 888.000       1.3706
 890.000       1.4522
 891.000       1.5430
 892.000       1.6720
 894.000       1.6491
 896.000       1.7950
 898.000       1.7805
 899.000       1.7756
 900.000       1.9566
 901.000       1.7545
 902.000       1.6828
 903.000       1.7668
 906.000       1.6732
 908.000       1.5955
 909.000       1.4970
 911.000       1.3908
 912.000       1.3937
 914.000       1.3221
 916.000       1.2570
 917.000       1.2476
 918.000       1.2783
 920.000       1.3386
 921.000       1.3978
 922.000       1.5979
 924.000       1.5191
 926.000       1.6192
 928.000       1.7162
 929.000       1.7225
 930.000       1.9285
 931.000       1.7082
 932.000       1.6230
 933.000       1.6227
 936.000       1.5410
 938.000       1.4873
 939.000       1.4161
 941.000       1.3287
 942.000       1.3178
 944.000       1.2579
 945.000       1.2306
 946.000       1.2103
 947.000       1.2061
 948.000       1.2471
 950.000       1.2898
 951.000       1.3556
 954.000       1.3124
 955.000       1.2802
 956.000       1.4780
 958.000       1.4362
 960.000       1.5455
 962.000       1.5734
 963.000       1.5795
 964.000       1.7506
 965.000       1.5981
 966.000       1.4676
 967.000       1.4991
 970.000       1.4104
 972.000       1.3463
 973.000       1.2834
 975.000       1.2199
 976.000       1.2259
 978.000       1.1816
 979.000       1.1420
 980.000       1.1177
 981.000       1.1222
 982.000       1.1400
 984.000       1.1783
 985.000       1.2325
 988.000       1.1949
 989.000       1.1735
 990.000       1.3845
 992.000       1.3189
 994.000       1.3817
 996.000       1.4834
 997.000       1.5396
 998.000       1.6755
 999.000       1.6763
1000.000       1.4522
1001.000       1.4151
1004.000       1.3882
1006.000       1.3376
1007.000       1.3050
1009.000       1.2367
1010.000       1.2231
1012.000       1.1795
1013.000       1.1609
1014.000       1.1407
1015.000       1.1312
1016.000       1.1798
1018.000       1.2292
1019.000       1.2931
1022.000       1.2469
1023.000       1.2069
1024.000       1.3784
1026.000       1.3598
1028.000       1.4547
1030.000       1.4658
1031.000       1.5131
1032.000       1.6546
1033.000       1.5385
1034.000       1.4639
1035.000       1.5040
1038.000       1.4620
1040.000       1.4219
1041.000       1.3879
1043.000       1.3274
1044.000       1.3125
1046.000       1.2716
1047.000       1.2552
1048.000       1.2381
1049.000       1.2223
1052.000       1.2737
1053.000       1.3257
1055.000       1.3429
1056.000       1.3000
1057.000       1.4458
1059.000       1.4277
1061.000       1.5097
1063.000       1.5174
1064.000       1.5340
1065.000       1.6708
1066.000       1.5705
1067.000       1.4538
1068.000       1.4814
1071.000       1.4122
1073.000       1.3565
1074.000       1.3005
1076.000       1.2498
1077.000       1.2715
1079.000       1.2341
1080.000       1.1804
1081.000       1.1481
1082.000       1.1660
1083.000       1.1339
1085.000       1.1552
1086.000       1.1666
1089.000       1.1886
1090.000       1.1953
1091.000       1.3904
1093.000       1.3389
1095.000       1.4195
1097.000       1.4805
1098.000       1.4751
1099.000       1.5891
1100.000       1.5311
1101.000       1.4443
1102.000       1.4791
1105.000       1.4679
1107.000       1.4678
1108.000       1.4330
1110.000       1.3769
1111.000       1.4781
1113.000       1.4890
1115.000       1.3803
1116.000       1.4316
1117.000       1.3042
1119.000       1.3131
1120.000       1.3604
1121.000       1.4551
1123.000       1.5438
1125.000       1.9324
1127.000       1.5932
1128.000       1.6787
1129.000       1.9216
1130.000       1.8573
1131.000       1.6641
1132.000       1.7746
1135.000       1.7849
1137.000       1.8769
1138.000       2.0323
1140.000       2.3043
1141.000       2.4300
1143.000       2.8096
1145.000       3.0877
1146.000       3.5000
1147.000       2.9753
1149.000       2.6091
1150.000       2.6965
1151.000       1.9032
1153.000       2.1565
1155.000       2.5024
1157.000       2.0862
1158.000       2.0531
1159.000       2.4202
1160.000       1.9706
1161.000       1.9097
1162.000       2.0647
1165.000       1.9269
1167.000       1.8077
1168.000       1.6028
1170.000       1.4722
1171.000       1.4915
1173.000       1.4524
1175.000       1.4445
1176.000       1.5386
1177.000       1.5400
1179.000       1.5364
1180.000       1.7507
1181.000       1.8048
1183.000       1.5738
1185.000       1.4995
1187.000       1.8692
1188.000       1.9329
1189.000       2.2460
1190.000       1.9251
1191.000       1.8487
1192.000       1.9567
1195.000       1.8758
1197.000       1.8508
1198.000       1.7297
1200.000       1.5380
1201.000       1.4717
1203.000       1.3307
1205.000       1.2931
1206.000       1.2554
1209.000       1.4002
1210.000       1.5108
1211.000       1.6613
1212.000       1.7265
1214.000       1.7079
1216.000       1.8952
1218.000       1.8205
1219.000       1.7701
1220.000       1.9195
1221.000       1.8363
1222.000       1.5982
1223.000       1.5959
1226.000       1.4710
1228.000       1.4473
1229.000       1.3225
1231.000       1.2536
1232.000       1.3074
1234.000       1.2808
1236.000       1.1949
1237.000       1.2144
1238.000       1.1668
1240.000       1.1959
1241.000       1.2360
1242.000       1.3681
1244.000       1.2982
1246.000       1.3743
1248.000       1.4164
1249.000       1.4067
1250.000       1.5223
1251.000       1.4862
1252.000       1.2798
1253.000       1.2587
1256.000       1.1792
1258.000       1.1462
1259.000       1.1135
1261.000       1.1053
1262.000       1.1471
1264.000       1.1653
1265.000       1.1256
1266.000       1.1502
1267.000       1.2105
1270.000       1.1614
1271.000       1.1564
1273.000       1.1288
1274.000       1.1035
1275.000       1.1648
1277.000       1.1480
1279.000       1.2099
1281.000       1.2131
1282.000       1.2344
1283.000       1.3591
1284.000       1.2820
1285.000       1.1694
1286.000       1.1974
1289.000       1.1491
1291.000       1.1138
1292.000       1.1011
1294.000       1.0806
1295.000       1.1096
1297.000       1.1106
1299.000       1.0928
1300.000       1.1346
1303.000       1.0943
1304.000       1.0789
1305.000       1.1208
1306.000       1.1421
1308.000       1.1295
1310.000       1.2156
1312.000       1.2279
1313.000       1.2901
1314.000       1.3646
1315.000       1.4621
1316.000       1.3300
1317.000       1.4170
1320.000       1.3390
1322.000       1.3256
1323.000       1.3071
1325.000       1.2516
1326.000       1.2483
1328.000       1.2272
1330.000       1.2066
1331.000       1.2117
1334.000       1.2311
1335.000       1.2563
1336.000       1.3290
1337.000       1.3132
1339.000       1.3291
1341.000       1.4351
1343.000       1.3716
1344.000       1.3947
1345.000       1.5366
1346.000       1.3963
1347.000       1.3900
1348.000       1.4863
1351.000       1.5014
1353.000       1.4725
1354.000       1.4594
1356.000       1.3638
1357.000       1.3080
1359.000       1.2610
1360.000       1.2925
1361.000       1.3203
1362.000       1.3157
1365.000       1.3985
1366.000       1.4475
1368.000       1.4369
1369.000       1.3552
1370.000       1.4756
1372.000       1.5067
1374.000       1.6478
1376.000       1.5608
1377.000       1.5537
1378.000       1.7035
1379.000       1.5150
1380.000       1.5198
1381.000       1.6175
1384.000       1.5937
1386.000       1.5521
1387.000       1.5084
1389.000       1.4045
1390.000       1.3552
1392.000       1.2927
1393.000       1.3090
1394.000       1.3143
1395.000       1.2864
1398.000       1.3977
1399.000       1.4637
1401.000       1.4645
1402.000       1.3824
1403.000       1.5437
1405.000       1.5440
1407.000       1.6833
1409.000       1.6380
1410.000       1.6438
1411.000       1.8004
1412.000       1.6349
1413.000       1.6043
1414.000       1.6973
1417.000       1.6805
1419.000       1.6374
1420.000       1.5944
1422.000       1.4870
1423.000       1.4362
1425.000       1.3654
1426.000       1.3746
1427.000       1.3527
1428.000       1.3212
1429.000       1.4179
1431.000       1.4912
1432.000       1.5685
1435.000       1.5144
1436.000       1.4528
1437.000       1.6416
1439.000       1.6378
1441.000       1.7579
1443.000       1.7329
1444.000       1.7191
1445.000       1.8866
1446.000       1.6692
1447.000       1.6712
1448.000       1.7376
1451.000       1.6995
1453.000       1.6606
1454.000       1.6086
1456.000       1.5127
1457.000       1.4724
1459.000       1.4084
1460.000       1.4079
1461.000       1.3900
1462.000       1.3548
1465.000       1.4512
1466.000       1.5230
1468.000       1.5400
1469.000       1.4778
1470.000       1.6403
1472.000       1.6317
1474.000       1.7550
1476.000       1.7216
1477.000       1.7299
1478.000       1.8876
1479.000       1.7324
1480.000       1.6909
1481.000       1.7775
1484.000       1.7357
1486.000       1.6794
1487.000       1.6464
1489.000       1.5587
1490.000       1.5124
1492.000       1.4562
1493.000       1.4640
1494.000       1.4497
1495.000       1.4234
1496.000       1.5176
1498.000       1.5974
1499.000       1.6988
1502.000       1.6120
1503.000       1.5366
1504.000       1.7135
1506.000       1.7037
1508.000       1.8161
1510.000       1.8157
1511.000       1.8373
1512.000       2.0391
1513.000       1.8418
1514.000       1.7408
1515.000       1.8095
1518.000       1.7166
1520.000       1.5802
1521.000       1.4870
1523.000       1.3567
1524.000       1.3943
1526.000       1.3317
1528.000       1.2258
1529.000       1.2250
1532.000       1.1921
1533.000       1.2562
1534.000       1.2814
1535.000       1.7095
1537.000       1.6066
1539.000       1.7329
1541.000       1.8882
1542.000       1.9711
1543.000       2.2273
1544.000       1.9534
1545.000       1.8695
1546.000       1.9542
1549.000       1.8564
1551.000       1.6537
1552.000       1.5507
1554.000       1.4070
1555.000       1.4650
1557.000       1.3903
1559.000       1.2527
1560.000       1.2454
1563.000       1.2072
1564.000       1.2788
1565.000       1.3005
1566.000       1.9073
1568.000       1.6825
1570.000       1.6833
1572.000       2.0839
1573.000       2.3709
1574.000       2.5377
1575.000       2.5105
1576.000       2.3527
1577.000       2.2790
1580.000       2.3102
1582.000       2.1768
1583.000       2.3420
1585.000       2.2889
1586.000       2.2346
1588.000       2.2308
1590.000       2.3114
1591.000       2.3913
1592.000       2.3918
1594.000       2.3825
1595.000       2.5373
1596.000       2.5802
1598.000       2.5849
1600.000       2.8420
1602.000       2.7012
1603.000       2.8283
1604.000       2.9541
1605.000       3.0455
1606.000       2.6116
1607.000       2.5578
1610.000       2.3598
1612.000       2.1743
1613.000       2.0641
1615.000       2.0136
1616.000       2.2404
1618.000       2.2833
1620.000       2.1099
1621.000       2.2293
1622.000       1.8913
1624.000       1.8255
1625.000       1.7057
1626.000       2.3953
1628.000       2.2618
1630.000       2.3074
1632.000       2.4636
1633.000       2.6611
1634.000       2.7803
1635.000       2.7270
1636.000       2.7014
1637.000       2.6571
1640.000       2.7074
1642.000       2.6305
1643.000       2.6231
1645.000       2.3267
1646.000       2.2436
1648.000       1.9999
1649.000       1.9189
1650.000       1.7279
1651.000       1.5589
1654.000       1.7768
1655.000       1.9763
1657.000       2.1531
1658.000       2.1215
1659.000       2.7027
1661.000       2.7276
1663.000       3.1336
1665.000       2.7302
1666.000       2.7408
1667.000       2.8576
1668.000       2.7891
1669.000       2.5955
1670.000       2.5903
1673.000       2.4525
1675.000       2.3068
1676.000       2.1631
1678.000       2.0111
1679.000       1.9581
1681.000       1.7970
1682.000       1.7318
1683.000       1.5900
1684.000       1.4546
1687.000       1.6198
1688.000       1.7784
1690.000       1.9133
1691.000       1.8784
1692.000       2.4107
1694.000       2.2434
1696.000       2.1809
1698.000       2.4346
1699.000       2.5136
1700.000       2.6046
1701.000       2.6541
1702.000       2.3762
1703.000       2.2900
1706.000       2.1774
1708.000       2.0998
1709.000       1.9538
1711.000       1.8011
1712.000       1.8125
1714.000       1.6515
1715.000       1.5186
1716.000       1.3500
1717.000       1.2584
1720.000       1.3223
1721.000       1.4475
1723.000       1.5963
1724.000       1.6230
1725.000       2.0783
1727.000       1.9729
1729.000       2.0480
1731.000       2.1581
1732.000       2.0893
1733.000       2.3184
1734.000       2.0873
1735.000       1.9001
1736.000       1.9272
1739.000       1.8968
1741.000       1.7986
1742.000       1.7660
1744.000       1.6575
1745.000       1.5855
1747.000       1.5279
1749.000       1.5387
1750.000       1.5437
1753.000       1.6136
1754.000       1.6745
1755.000       1.7987
1756.000       1.8265
1758.000       1.8187
1760.000       2.0137
1762.000       1.9771
1763.000       1.9610
1764.000       2.1801
1765.000       1.8823
1766.000       1.8859
1767.000       2.0039
1770.000       1.9305
1772.000       1.8506
1773.000       1.7700
1775.000       1.6385
1776.000       1.5997
1778.000       1.4972
1780.000       1.4319
1781.000       1.3849
1782.000       1.4972
1784.000       1.5922
1785.000       1.6728
1786.000       1.8522
1788.000       1.8089
1790.000       1.9485
1792.000       1.9529
1793.000       1.9411
1794.000       2.1076
1795.000       1.9159
1796.000       1.8564
1797.000       1.9286
1800.000       1.8573
1802.000       1.7696
1803.000       1.6982
1805.000       1.5920
1806.000       1.5887
1808.000       1.5043
1810.000       1.4224
1811.000       1.3687
1814.000       1.4484
1815.000       1.5316
1816.000       1.5940
1817.000       1.8168
1819.000       1.7644
1821.000       1.8728
1823.000       1.9230
1824.000       1.9485
1825.000       2.1158
1826.000       1.9504
1827.000       1.8594
1828.000       1.9120
1831.000       1.8432
1833.000       1.7555
1834.000       1.6964
1836.000       1.6028
1837.000       1.6035
1839.000       1.5340
1841.000       1.4593
1842.000       1.4297
1843.000       1.4812
1845.000       1.5497
1846.000       1.5985
1847.000       1.8233
1849.000       1.7709
1851.000       1.8702
1853.000       1.9239
1854.000       1.9638
1855.000       2.1253
1856.000       1.9908
1857.000       1.8829
1858.000       1.9263
1861.000       1.8653
1863.000       1.7885
1864.000       1.7300
1866.000       1.6385
1867.000       1.6481
1869.000       1.5863
1871.000       1.5049
1872.000       1.4782
1873.000       1.5143
1875.000       1.5837
1876.000       1.6342
1877.000       1.8487
1879.000       1.8023
1881.000       1.8943
1883.000       1.9486
1884.000       1.9580
1885.000       2.1374
1886.000       1.9682
1887.000       1.8394
1888.000       1.8856
1891.000       1.7905
1893.000       1.7010
1894.000       1.6161
1896.000       1.5257
1897.000       1.5346
1899.000       1.4619
1900.000       1.3959
1901.000       1.3252
1902.000       1.2992
1903.000       1.3187
1905.000       1.3761
1906.000       1.3961
1909.000       1.4404
1910.000       1.4437
1911.000       1.7656
1913.000       1.6635
1915.000       1.8672
1917.000       1.9285
1918.000       2.0029
1919.000       2.3421
1920.000       2.1525
1921.000       1.8208
1922.000       1.9383
1925.000       1.7339
1927.000       1.6788
1928.000       1.5543
1930.000       1.5111
1931.000       1.5982
1933.000       1.6247
1934.000       1.5394
1935.000       1.5964
1936.000       1.7392
1939.000       1.6009
1940.000       1.5455
1942.000       1.4880
1943.000       1.4770
1944.000       1.6192
1946.000       1.5490
1948.000       1.6681
1950.000       1.6944
1951.000       1.6925
1952.000       1.8413
1953.000       1.7601
1954.000       1.5578
1955.000       1.5722
1958.000       1.4714
1960.000       1.4247
1961.000       1.3520
1963.000       1.3556
1964.000       1.4420
1966.000       1.5284
1968.000       1.5382
1969.000       1.6900
1970.000       1.4572
1972.000       1.3690
1973.000       1.4019
1974.000       1.4166
1976.000       1.3494
1978.000       1.3947
1980.000       1.4867
1981.000       1.4882
1982.000       1.6639
1983.000       1.5140
1984.000       1.3639
1985.000       1.4118
1988.000       1.3249
1990.000       1.2501
1991.000       1.1844
1993.000       1.1293
1994.000       1.1506
1996.000       1.1577
1998.000       1.1778
1999.000       1.2751
2000.000       1.1850
2002.000       1.1509
2003.000       1.2370
2004.000       1.2817
2006.000       1.2388
2008.000       1.3472
2010.000       1.3819
2011.000       1.4340
2012.000       1.5740
2013.000       1.5342
2014.000       1.3294
2015.000       1.3167
2018.000       1.2908
2020.000       1.2886
2021.000       1.2739
2023.000       1.2524
2024.000       1.3024
2026.000       1.3354
2027.000       1.3440
2028.000       1.5073
2029.000       1.5957
2032.000       1.6927
2033.000       1.6886
2035.000       1.4996
2036.000       1.3287
2037.000       1.2991
2039.000       1.3009
2041.000       1.4227
2043.000       1.3917
2044.000       1.3743
2045.000       1.5630
2046.000       1.4106
2047.000       1.3200
2048.000       1.4027
2051.000       1.3968
2053.000       1.3645
2054.000       1.3772
2056.000       1.3229
2057.000       1.2689
2059.000       1.3123
2061.000       1.4089
2062.000       1.5324
2063.000       1.4521
2065.000       1.4209
2066.000       1.5558
2067.000       1.3674
2069.000       1.4079
2071.000       1.5956
2073.000       1.4954
2074.000       1.5100
2075.000       1.7438
2076.000       1.4568
2077.000       1.4802
2078.000       1.6500
2081.000       1.6686
2083.000       1.5918
2084.000       1.5786
2086.000       1.4114
2087.000       1.2923
2089.000       1.2351
2091.000       1.3030
2092.000       1.3582
2095.000       1.4174
2096.000       1.4711
2097.000       1.6490
2098.000       1.6256
2100.000       1.6565
2102.000       1.9104
2104.000       1.8171
2105.000       1.8393
2106.000       2.1263
2107.000       1.7422
2108.000       1.7789
2109.000       1.9637
2112.000       1.9265
2114.000       1.8079
2115.000       1.7420
2117.000       1.5342
2118.000       1.4204
2120.000       1.3101
2122.000       1.3404
2123.000       1.3698
2124.000       1.4605
2126.000       1.5489
2127.000       1.7120
2128.000       1.8613
2130.000       1.8326
2132.000       2.0767
2134.000       2.0721
2135.000       2.1005
2136.000       2.4004
2137.000       2.0356
2138.000       1.9899
2139.000       2.1485
2142.000       2.0753
2144.000       1.9305
2145.000       1.8688
2147.000       1.6761
2148.000       1.5843
2150.000       1.4697
2152.000       1.4702
2153.000       1.4732
2154.000       1.5973
2156.000       1.6915
2157.000       1.8689
2158.000       2.0445
2160.000       1.9947
2162.000       2.2053
2164.000       2.2575
2165.000       2.3430
2166.000       2.6194
2167.000       2.3047
2168.000       2.2806
2169.000       2.4230
2172.000       2.3964
2174.000       2.2284
2175.000       2.2245
2177.000       2.0532
2178.000       1.9575
2180.000       1.8503
2182.000       1.8490
2183.000       1.8116
2186.000       1.9740
2187.000       2.0726
2188.000       2.2482
2189.000       2.4592
2191.000       2.4286
2193.000       2.6372
2195.000       2.7029
2196.000       2.8702
2197.000       3.1408
2198.000       2.8358
2199.000       2.8664
2200.000       3.0182
2203.000       3.0405
2205.000       2.8359
2206.000       2.8736
2208.000       2.6867
2209.000       2.5569
2211.000       2.4317
2213.000       2.4380
2214.000       2.3700
2217.000       2.5814
2218.000       2.7076
2219.000       2.8901
2220.000       3.1653
2222.000       3.1414
2224.000       3.3653
2226.000       3.4419
2227.000       3.6455
2228.000       3.9326
2229.000       3.5747
2230.000       3.6836
2231.000       3.8740
2234.000       3.9285
2236.000       3.6838
2237.000       3.7221
2239.000       3.4793
2240.000       3.3216
2242.000       3.1474
2244.000       3.1392
2245.000       3.0263
2248.000       3.3005
2249.000       3.4693
2250.000       3.6588
2251.000       4.0862
2253.000       4.0237
2255.000       4.3222
2257.000       4.4302
