   2.000       6.8372
   3.000       7.4703
   6.000       7.5576
   8.000       7.4303
   9.000       7.3221
  11.000       6.6658
  12.000       6.1498
  14.000       5.8314
  16.000       6.0453
  17.000       6.0831
  18.000       6.5560
  20.000       6.8847
  21.000       7.5640
  22.000       7.1150
  24.000       7.4252
  26.000       8.3629
  28.000       7.5300
  29.000       7.0258
  30.000       7.8584
  31.000       6.3769
  32.000       6.5431
  33.000       7.2342
  36.000       6.8657
  38.000       6.3865
  39.000       5.7510
  41.000       4.7646
  42.000       4.5632
  44.000       3.9096
  46.000       3.3737
  47.000       3.0452
  50.000       3.5571
  51.000       4.2743
  52.000       4.7022
  53.000       6.2203
  55.000       5.9247
  57.000       6.7782
  59.000       6.8373
  60.000       6.4403
  61.000       7.3776
  62.000       5.7269
  63.000       5.9964
  64.000       6.7394
  67.000       6.4199
  69.000       5.8149
  70.000       5.2971
  72.000       4.2513
  73.000       3.8629
  75.000       3.0664
  77.000       2.6675
  78.000       2.2583
  81.000       3.1421
  82.000       3.9019
  83.000       4.5046
  84.000       5.9174
  86.000       5.6716
  88.000       6.5880
  90.000       6.6364
  91.000       6.3583
  92.000       7.3233
  93.000       5.5487
  94.000       6.1071
  95.000       6.9508
  98.000       6.8118
 100.000       6.1604
 101.000       5.7174
 103.000       4.6612
 104.000       4.1300
 106.000       3.2614
 107.000       3.3007
 108.000       2.9525
 109.000       2.4406
 110.000       3.6817
 112.000       4.4532
 113.000       5.1638
 116.000       4.7395
 117.000       4.1924
 118.000       6.5272
 120.000       6.2620
 122.000       7.1618
 124.000       7.3540
 125.000       7.6901
 126.000       8.1383
 127.000       8.3825
 128.000       6.8163
 129.000       6.9551
 132.000       6.0853
 134.000       5.3697
 135.000       4.5742
 137.000       4.3874
 138.000       5.1439
 140.000       5.0461
 141.000       4.0935
 142.000       3.7420
 143.000       4.3617
 146.000       2.9850
 147.000       2.4710
 149.000       2.8068
 150.000       3.6263
 151.000       5.7993
 153.000       4.9466
 155.000       4.3983
 157.000       5.6459
 158.000       6.5608
 159.000       7.4722
 160.000       6.5216
 161.000       6.5726
 162.000       5.9543
 165.000       5.9139
 167.000       5.7751
 168.000       5.4226
 170.000       4.9756
 171.000       4.4728
 173.000       4.4561
 174.000       4.9783
 175.000       5.5036
 176.000       5.5855
 179.000       6.2124
 180.000       6.4219
 182.000       6.0528
 183.000       5.3014
 184.000       5.4682
 186.000       5.2540
 188.000       5.7395
 190.000       6.0159
 191.000       5.9558
 192.000       5.6534
 193.000       6.7310
 194.000       5.7070
 195.000       6.2945
 198.000       6.2623
 200.000       6.3399
 201.000       6.1014
 203.000       5.5960
 204.000       5.2900
 206.000       5.1609
 207.000       5.3958
 208.000       5.6944
 209.000       5.7969
 210.000       6.1770
 212.000       6.3784
 213.000       7.0173
 216.000       6.1663
 217.000       5.6579
 218.000       5.6116
 220.000       5.8818
 222.000       6.6385
 224.000       5.7205
 225.000       5.0244
 226.000       5.4335
 227.000       4.4259
 228.000       4.9557
 229.000       5.6577
 232.000       5.8572
 234.000       5.9345
 235.000       5.9441
 237.000       5.4193
 238.000       4.7765
 240.000       4.5621
 242.000       5.0430
 243.000       5.1813
 244.000       5.6460
 246.000       5.8547
 247.000       6.5860
 248.000       5.3521
 250.000       5.8760
 252.000       6.7605
 254.000       5.5234
 255.000       4.8857
 256.000       5.3367
 257.000       4.0842
 258.000       5.0788
 259.000       5.9705
 262.000       6.3604
 264.000       6.2718
 265.000       6.3147
 267.000       5.5268
 268.000       4.7037
 270.000       4.3274
 271.000       4.9902
 272.000       5.2723
 273.000       5.0288
 274.000       6.1590
 276.000       6.7170
 277.000       7.6044
 280.000       6.5643
 281.000       5.6921
 282.000       6.0880
 284.000       6.5775
 286.000       7.5919
 288.000       6.5442
 289.000       6.2884
 290.000       6.9464
 291.000       5.2895
 292.000       6.7202
 293.000       7.7728
 296.000       8.1976
 298.000       7.8706
 299.000       7.9856
 301.000       7.0940
 302.000       6.1574
 304.000       5.4642
 306.000       5.8596
 307.000       5.4846
 310.000       6.7827
 311.000       7.3656
 312.000       8.2565
 313.000       8.0488
 315.000       8.4490
 317.000       9.5325
 319.000       8.6889
 320.000       8.3811
 321.000       9.2710
 322.000       7.4223
 323.000       8.3340
 324.000       9.2764
 327.000       9.2371
 329.000       8.6946
 330.000       8.2814
 332.000       7.1545
 333.000       6.5208
 335.000       5.5859
 336.000       5.6649
 337.000       5.1695
 338.000       4.3064
 341.000       5.7623
 342.000       6.6946
 344.000       7.1789
 345.000       6.6503
 346.000       8.8134
 348.000       8.7205
 350.000       9.7207
 352.000       9.5314
 353.000       9.1793
 354.000      10.1455
 355.000       8.3940
 356.000       8.7615
 357.000       9.5283
 360.000       9.1606
 362.000       8.4363
 363.000       7.8283
 365.000       6.7126
 366.000       6.2957
 368.000       5.3293
 369.000       5.0931
 370.000       4.3598
 371.000       3.4966
 374.000       4.7375
 375.000       5.6937
 377.000       6.3353
 378.000       6.0046
 379.000       8.7026
 381.000       8.2367
 383.000       9.0672
 385.000       9.5093
 386.000       9.3622
 387.000      10.3651
 388.000       8.9246
 389.000       8.6732
 390.000       9.1516
 393.000       8.5254
 395.000       7.7654
 396.000       6.9962
 398.000       6.0558
 399.000       5.9849
 401.000       5.2582
 403.000       4.4927
 404.000       3.8875
 407.000       4.5865
 408.000       5.4017
 409.000       5.7108
 410.000       8.0583
 412.000       7.2703
 414.000       7.5375
 416.000       8.5637
 417.000       8.4584
 418.000       9.4027
 419.000       7.9977
 420.000       7.9087
 421.000       8.4392
 424.000       7.9667
 426.000       7.2627
 427.000       6.7024
 429.000       5.7934
 430.000       5.6572
 432.000       4.8823
 433.000       4.3914
 434.000       3.5863
 435.000       3.0619
 436.000       3.7297
 438.000       4.5428
 439.000       4.9061
 442.000       5.1782
 443.000       5.0496
 444.000       7.6300
 446.000       7.2583
 448.000       7.5794
 450.000       7.8652
 451.000       7.6623
 452.000       8.3963
 453.000       7.3914
 454.000       7.0780
 455.000       7.4269
 458.000       6.9591
 460.000       6.4271
 461.000       5.8142
 463.000       4.9558
 464.000       4.8499
 466.000       4.2299
 467.000       3.7994
 468.000       3.2662
 469.000       3.0813
 470.000       3.4054
 472.000       4.0120
 473.000       4.4400
 476.000       4.4786
 477.000       4.3169
 478.000       6.5850
 480.000       6.0926
 482.000       6.6265
 484.000       7.1809
 485.000       7.0552
 486.000       7.7850
 487.000       6.6097
 488.000       6.8396
 489.000       7.4518
 492.000       7.3424
 494.000       6.9016
 495.000       6.4605
 497.000       5.6418
 498.000       5.4342
 500.000       4.8956
 501.000       4.6746
 502.000       4.3589
 503.000       4.2124
 504.000       4.6067
 506.000       5.1113
 507.000       5.5657
 510.000       5.4235
 511.000       5.1664
 512.000       7.0884
 514.000       6.8281
 516.000       7.5707
 518.000       7.7699
 519.000       7.6865
 520.000       8.5390
 521.000       6.8153
 522.000       7.9648
 523.000       7.6777
 526.000       8.3337
 528.000       8.5504
 529.000       9.4823
 531.000       9.7367
 532.000       9.6605
 534.000      10.1826
 535.000      10.5764
 536.000      11.2967
 537.000      11.7838
 540.000      11.6964
 541.000      11.4522
 543.000      10.8228
 544.000      10.3502
 545.000       9.2253
 547.000       9.9957
 549.000      10.8473
 551.000       9.5601
 552.000       9.4759
 553.000       9.6014
 554.000      10.3756
 555.000       8.3227
 556.000       8.2284
 559.000       7.2948
 561.000       7.3812
 562.000       6.4413
 564.000       6.6735
 565.000       7.3804
 567.000       7.5828
 568.000       6.9224
 569.000       6.8225
 570.000       7.3132
 573.000       6.3817
 574.000       6.0751
 576.000       6.0290
 577.000       6.4277
 578.000       6.2687
 580.000       5.8302
 582.000       5.0983
 584.000       5.7678
 585.000       5.6944
 586.000       5.7399
 587.000       6.1403
 588.000       5.5494
 589.000       5.1429
 592.000       5.4948
 594.000       6.3297
 595.000       6.8064
 597.000       7.3849
 598.000       7.5579
 600.000       8.3719
 601.000       8.7048
 602.000       9.6164
 603.000      10.3998
 606.000       9.8776
 607.000       9.3116
 609.000       8.4660
 610.000       8.1459
 611.000       5.4269
 613.000       6.2578
 615.000       6.6294
 617.000       5.1124
 618.000       5.0703
 619.000       5.5670
 620.000       5.1770
 621.000       4.8247
 622.000       5.2749
 625.000       5.4263
 627.000       5.6493
 628.000       5.6548
 630.000       5.2976
 631.000       5.0525
 633.000       5.0555
 634.000       5.3194
 635.000       5.7006
 636.000       5.8334
 639.000       6.1922
 640.000       6.3138
 642.000       6.0166
 643.000       5.4949
 644.000       5.1251
 646.000       5.5705
 648.000       6.3216
 650.000       5.4337
 651.000       5.2886
 652.000       5.9992
 653.000       4.9047
 654.000       5.2199
 655.000       5.9235
 658.000       6.0793
 660.000       5.7870
 661.000       5.7786
 663.000       5.1269
 664.000       4.6212
 666.000       4.3810
 668.000       4.6393
 669.000       4.7748
 670.000       5.0750
 672.000       5.3478
 673.000       5.9847
 674.000       5.9383
 676.000       6.0627
 678.000       6.9790
 680.000       6.6454
 681.000       6.7045
 682.000       7.6664
 683.000       6.1567
 684.000       6.6105
 685.000       7.4043
 688.000       7.4280
 690.000       6.9476
 691.000       6.6654
 693.000       5.8362
 694.000       5.3938
 696.000       4.9664
 697.000       5.1391
 698.000       5.2506
 699.000       5.2163
 700.000       5.8424
 702.000       6.2759
 703.000       7.0259
 706.000       6.2589
 707.000       5.6701
 708.000       7.2522
 710.000       6.9504
 712.000       7.8587
 714.000       8.1152
 715.000       8.1518
 716.000       9.1896
 717.000       7.4223
 718.000       8.0925
 719.000       8.9544
 722.000       8.9222
 724.000       8.4384
 725.000       8.2044
 727.000       7.2583
 728.000       6.5602
 730.000       5.8387
 732.000       5.9320
 733.000       5.5540
 736.000       6.6735
 737.000       7.3000
 738.000       8.0906
 739.000       8.5237
 741.000       8.4230
 743.000       9.3723
 745.000       9.2610
 746.000       9.0777
 747.000      10.0123
 748.000       8.3285
 749.000       8.9548
 750.000       9.7779
 753.000       9.7486
 755.000       9.3777
 756.000       8.9423
 758.000       8.1154
 759.000       7.6349
 761.000       7.0691
 762.000       7.2094
 763.000       7.0688
 764.000       6.6280
 767.000       7.6373
 768.000       8.2656
 770.000       8.4284
 771.000       7.8789
 772.000       9.3656
 774.000       9.0217
 776.000       9.7355
 778.000      10.1124
 779.000      10.0862
 780.000      11.0328
 781.000       9.6725
 782.000       9.7035
 783.000      10.3015
 786.000      10.0532
 788.000       9.6264
 789.000       9.2755
 791.000       8.5546
 792.000       8.1633
 794.000       7.6718
 796.000       7.5992
 797.000       7.3333
 800.000       8.0594
 801.000       8.5247
 802.000       9.1198
 803.000       9.6799
 805.000       9.4608
 807.000      10.1165
 809.000      10.2369
 810.000      10.1712
 811.000      10.8316
 812.000       9.9780
 813.000       9.9038
 814.000      10.2841
 817.000      10.2456
 819.000      10.0345
 820.000       9.9243
 822.000       9.5681
 823.000       9.2187
 825.000       9.0966
 827.000       9.3237
 828.000       9.4156
 829.000       9.6841
 831.000       9.8324
 832.000      10.3664
 833.000      10.1177
 835.000      10.0009
 837.000      10.4949
 839.000      10.5780
