   2.000       3.2052
   3.000       3.2054
   6.000       3.0101
   8.000       3.0186
   9.000       2.7753
  11.000       2.5800
  12.000       2.6269
  14.000       2.4583
  15.000       2.2799
  16.000       2.0968
  17.000       2.0417
  18.000       2.0418
  20.000       2.1543
  21.000       2.1604
  24.000       2.3164
  25.000       2.3679
  26.000       2.6821
  28.000       2.6302
  30.000       2.8281
  32.000       2.7065
  33.000       2.5229
  34.000       2.7005
  35.000       2.4995
  36.000       2.2794
  37.000       2.3302
  40.000       2.1352
  42.000       2.1007
  43.000       1.8843
  45.000       1.7463
  46.000       1.8346
  48.000       1.7713
  50.000       1.5872
  51.000       1.5705
  54.000       1.5161
  55.000       1.6040
  56.000       1.6306
  57.000       1.9063
  59.000       1.7964
  61.000       1.9302
  63.000       1.9641
  64.000       1.8460
  65.000       2.0480
  66.000       1.8146
  67.000       1.6927
  68.000       1.7037
  71.000       1.5834
  73.000       1.4998
  74.000       1.3813
  76.000       1.2452
  77.000       1.2489
  79.000       1.1600
  80.000       1.0865
  81.000       1.0471
  82.000       1.0538
  83.000       1.0969
  85.000       1.1697
  86.000       1.2819
  89.000       1.2036
  90.000       1.1559
  91.000       1.4584
  93.000       1.4111
  95.000       1.5873
  97.000       1.5800
  98.000       1.5674
  99.000       1.7750
 100.000       1.5400
 101.000       1.4575
 102.000       1.5494
 105.000       1.4749
 107.000       1.3529
 108.000       1.2894
 110.000       1.1516
 111.000       1.0963
 113.000       1.0092
 115.000       0.9724
 116.000       0.9571
 119.000       1.0417
 120.000       1.1349
 121.000       1.2692
 122.000       1.4479
 124.000       1.3846
 126.000       1.5392
 128.000       1.6129
 129.000       1.6671
 130.000       1.8780
 131.000       1.6889
 132.000       1.5378
 133.000       1.5658
 136.000       1.4535
 138.000       1.2909
 139.000       1.2321
 141.000       1.1389
 142.000       1.2193
 144.000       1.1754
 145.000       1.0416
 146.000       1.0013
 147.000       1.0842
 150.000       0.9650
 151.000       0.9622
 153.000       0.9890
 154.000       1.0210
 155.000       1.4986
 157.000       1.3789
 159.000       1.3886
 161.000       1.5184
 162.000       1.6738
 163.000       1.7948
 164.000       1.7667
 165.000       1.6361
 166.000       1.7684
 169.000       1.7631
 171.000       1.6752
 172.000       1.6411
 174.000       1.4878
 175.000       1.3839
 177.000       1.2517
 179.000       1.2347
 180.000       1.1509
 183.000       1.3639
 184.000       1.4846
 185.000       1.6266
 186.000       1.7407
 188.000       1.7341
 190.000       1.9019
 192.000       1.8730
 193.000       1.9737
 194.000       2.2667
 195.000       2.0746
 196.000       1.8433
 197.000       1.8892
 200.000       1.7748
 202.000       1.6485
 203.000       1.5987
 205.000       1.3976
 206.000       1.4772
 208.000       1.3845
 210.000       1.2136
 211.000       1.2377
 212.000       1.1422
 214.000       1.2263
 215.000       1.2417
 216.000       1.7802
 218.000       1.8077
 220.000       2.2929
 222.000       1.8132
 223.000       1.9750
 224.000       2.2264
 225.000       2.2459
 226.000       1.7368
 227.000       1.6459
 230.000       1.5068
 232.000       1.3585
 233.000       1.4077
 235.000       1.3744
 236.000       1.4762
 238.000       1.4992
 239.000       1.4144
 240.000       1.4966
 241.000       1.6209
 242.000       1.5501
 244.000       1.5292
 245.000       1.7040
 248.000       1.4272
 249.000       1.3614
 250.000       1.6499
 252.000       1.6090
 254.000       1.7716
 256.000       1.7413
 257.000       1.8189
 258.000       1.9488
 259.000       1.9332
 260.000       1.7825
 261.000       1.8405
 264.000       1.8130
 266.000       1.7286
 267.000       1.6712
 269.000       1.5444
 270.000       1.4865
 272.000       1.4029
 273.000       1.3996
 274.000       1.3587
 275.000       1.3192
 276.000       1.4227
 278.000       1.5152
 279.000       1.6025
 282.000       1.5602
 283.000       1.4936
 284.000       1.8257
 286.000       1.7727
 288.000       1.8944
 290.000       1.9723
 291.000       2.0448
 292.000       2.2396
 293.000       2.0451
 294.000       1.9712
 295.000       2.0371
 298.000       1.9661
 300.000       1.8584
 301.000       1.7735
 303.000       1.6572
 304.000       1.6743
 306.000       1.5841
 308.000       1.4665
 309.000       1.4004
 312.000       1.4580
 313.000       1.5561
 314.000       1.5881
 315.000       1.9359
 317.000       1.8538
 319.000       1.9597
 321.000       2.0701
 322.000       2.1125
 323.000       2.2908
 324.000       2.1360
 325.000       1.9966
 326.000       2.0373
 329.000       1.9286
 331.000       1.8363
 332.000       1.7321
 334.000       1.6416
 335.000       1.6875
 337.000       1.6076
 338.000       1.5006
 339.000       1.4158
 340.000       1.4210
 341.000       1.3717
 343.000       1.4013
 344.000       1.3951
 347.000       1.4793
 348.000       1.5239
 349.000       1.8709
 351.000       1.7791
 353.000       1.8617
 355.000       1.9718
 356.000       1.9720
 357.000       2.1431
 358.000       1.9840
 359.000       1.8462
 360.000       1.8722
 363.000       1.7317
 365.000       1.6414
 366.000       1.5378
 368.000       1.4815
 369.000       1.5554
 371.000       1.5341
 373.000       1.4432
 374.000       1.4614
 377.000       1.3934
 378.000       1.4073
 379.000       1.4033
 380.000       1.6632
 382.000       1.5566
 384.000       1.6206
 386.000       1.7568
 387.000       1.7853
 388.000       1.9410
 389.000       1.8358
 390.000       1.6702
 391.000       1.6684
 394.000       1.5753
 396.000       1.5298
 397.000       1.4783
 399.000       1.4541
 400.000       1.4920
 402.000       1.4908
 404.000       1.4569
 405.000       1.4905
 406.000       1.4381
 408.000       1.4345
 409.000       1.4576
 410.000       1.5635
 412.000       1.5154
 414.000       1.5846
 416.000       1.6581
 417.000       1.7415
 418.000       1.8956
 419.000       1.8642
 420.000       1.6887
 421.000       1.6033
 424.000       1.5460
 426.000       1.5578
 427.000       1.4826
 429.000       1.3923
 430.000       1.3841
 432.000       1.3323
 433.000       1.2957
 434.000       1.2716
 435.000       1.2787
 436.000       1.2963
 438.000       1.3457
 439.000       1.4101
 442.000       1.3784
 443.000       1.3423
 444.000       1.4378
 446.000       1.4666
 448.000       1.6249
 450.000       1.4837
 451.000       1.4668
 452.000       1.6152
 453.000       1.4754
 454.000       1.4163
 455.000       1.4908
 458.000       1.4570
 460.000       1.4038
 461.000       1.3578
 463.000       1.2578
 464.000       1.2411
 466.000       1.2005
 468.000       1.1757
 469.000       1.1915
 472.000       1.2001
 473.000       1.2406
 474.000       1.3171
 475.000       1.4349
 477.000       1.4267
 479.000       1.5734
 481.000       1.5563
 482.000       1.5810
 483.000       1.7810
 484.000       1.5909
 485.000       1.5063
 486.000       1.6620
 489.000       1.5943
 491.000       1.5387
 492.000       1.4464
 494.000       1.3177
 495.000       1.3106
 497.000       1.2251
 498.000       1.1776
 499.000       1.1481
 500.000       1.1574
 501.000       1.1829
 503.000       1.2372
 504.000       1.3144
 507.000       1.2723
 508.000       1.2385
 509.000       1.5259
 511.000       1.4920
 513.000       1.6370
 515.000       1.6454
 516.000       1.6496
 517.000       1.8679
 518.000       1.6566
 519.000       1.5411
 520.000       1.6563
 523.000       1.5609
 525.000       1.4515
 526.000       1.3790
 528.000       1.2640
 529.000       1.2563
 531.000       1.2073
 533.000       1.1726
 534.000       1.1957
 537.000       1.1989
 538.000       1.2401
 539.000       1.3274
 540.000       1.5317
 542.000       1.4802
 544.000       1.6380
 546.000       1.6891
 547.000       1.7685
 548.000       1.9871
 549.000       1.7792
 550.000       1.7480
 551.000       1.8739
 554.000       1.8054
 556.000       1.6883
 557.000       1.6527
 559.000       1.5263
 560.000       1.4840
 562.000       1.4361
 564.000       1.4337
 565.000       1.4633
 568.000       1.4860
 569.000       1.5314
 570.000       1.6437
 571.000       1.8169
 573.000       1.7910
 575.000       1.9731
 577.000       1.9978
 578.000       2.1094
 579.000       2.3639
 580.000       2.1025
 581.000       2.0719
 582.000       2.3146
 585.000       2.2309
 587.000       2.0609
 588.000       2.0473
 590.000       1.9504
 591.000       1.8970
 593.000       1.9074
 595.000       1.9647
 596.000       2.0689
 597.000       2.0046
 599.000       2.0078
 600.000       2.1374
 601.000       2.2961
 603.000       2.2308
 605.000       2.3761
 607.000       2.5180
 608.000       2.6966
 609.000       2.7657
 610.000       2.9543
 611.000       2.6944
 612.000       2.7631
 615.000       2.9190
 617.000       3.1650
 618.000       3.2861
 620.000       3.4756
 621.000       3.4650
 623.000       3.7617
 625.000       4.1050
 626.000       4.4599
 627.000       4.1154
 629.000       3.8203
 630.000       3.9617
 631.000       2.8625
 633.000       3.1754
 635.000       3.4588
 637.000       2.9522
 638.000       2.8991
 639.000       3.1981
 640.000       2.9570
 641.000       2.8312
 642.000       2.9294
 645.000       2.9356
 647.000       2.9665
 648.000       2.9599
 650.000       2.9332
 651.000       2.8583
 653.000       2.9229
 655.000       3.0729
 656.000       3.2162
 659.000       3.1613
 660.000       3.0894
 661.000       3.2451
 662.000       2.8681
 664.000       2.9146
 666.000       3.0800
 668.000       2.9708
 669.000       2.9375
 670.000       3.2241
 671.000       2.8656
 672.000       2.8729
 673.000       2.9644
 676.000       2.9992
 678.000       3.0369
 679.000       3.1222
 681.000       3.0794
 682.000       3.3469
 684.000       3.4002
 685.000       3.1301
 686.000       3.1796
 687.000       3.4638
 688.000       3.0196
 690.000       2.8503
 691.000       2.8836
 694.000       2.8038
 695.000       2.9335
 696.000       2.8867
 698.000       3.0961
 700.000       3.4887
 702.000       3.0113
 703.000       2.7886
 704.000       3.0121
 705.000       2.7575
 706.000       2.6198
 707.000       2.7414
 710.000       2.6100
 712.000       2.5388
 713.000       2.3459
 715.000       2.1592
 716.000       2.1704
 718.000       2.0116
 719.000       1.8742
 720.000       1.7103
 721.000       1.6497
 722.000       1.6834
 724.000       1.8110
 725.000       1.8373
 728.000       1.9592
 729.000       1.9787
 730.000       2.4168
 732.000       2.3252
 734.000       2.4982
 736.000       2.5169
 737.000       2.4133
 738.000       2.6099
 739.000       2.3664
 740.000       2.2396
 741.000       2.3325
 744.000       2.1943
 746.000       2.0988
 747.000       1.9241
 749.000       1.7606
 750.000       1.7843
 752.000       1.6511
 753.000       1.5181
 754.000       1.3773
 755.000       1.3425
 756.000       1.3403
 758.000       1.4348
 759.000       1.4482
 762.000       1.5650
 763.000       1.5949
 764.000       2.0535
 766.000       1.9429
 768.000       2.0788
 770.000       2.1753
 771.000       2.1359
 772.000       2.3499
 773.000       2.1262
 774.000       1.9595
 775.000       2.0189
 778.000       1.8744
 780.000       1.7559
 781.000       1.6215
 783.000       1.4946
 784.000       1.5363
 786.000       1.4629
 788.000       1.3321
 789.000       1.3074
 792.000       1.2985
 793.000       1.3823
 794.000       1.4116
 795.000       1.7949
 797.000       1.6890
 799.000       1.8128
 801.000       1.9335
 802.000       1.9569
 803.000       2.1782
 804.000       1.9907
 805.000       1.7863
 806.000       1.8880
 809.000       1.7272
 811.000       1.6127
 812.000       1.5128
 814.000       1.4301
 815.000       1.4708
 817.000       1.3932
 818.000       1.2976
 819.000       1.2270
 820.000       1.2250
 821.000       1.2165
 823.000       1.2621
 824.000       1.2968
 827.000       1.3179
 828.000       1.3310
 829.000       1.7021
 831.000       1.5957
 833.000       1.6742
 835.000       1.8165
 836.000       1.8461
 837.000       2.0346
 838.000       1.9005
 839.000       1.7034
 840.000       1.7297
 843.000       1.6343
 845.000       1.5446
 846.000       1.4898
 848.000       1.4121
 849.000       1.4272
 851.000       1.3855
 853.000       1.3195
 854.000       1.3041
 857.000       1.3236
 858.000       1.3699
 859.000       1.4208
 860.000       1.6250
 862.000       1.5692
 864.000       1.6687
 866.000       1.7503
 867.000       1.6886
 868.000       1.7493
 869.000       1.7683
 870.000       1.8010
 871.000       1.9809
 874.000       2.1683
 876.000       2.4805
 877.000       2.5383
 879.000       2.8050
 880.000       2.6916
 882.000       3.0506
 884.000       3.5359
 885.000       3.9715
 888.000       3.6850
 889.000       3.3276
 890.000       3.5765
 891.000       1.9897
 893.000       2.1661
 895.000       2.3393
 897.000       2.1905
 898.000       2.1199
 899.000       2.4888
 900.000       2.0960
 901.000       1.8957
 902.000       1.9797
 905.000       1.8944
 907.000       2.0096
 908.000       1.9273
 910.000       1.7534
 911.000       1.7443
 913.000       1.6652
 914.000       1.6571
 915.000       1.7641
 916.000       1.8205
 919.000       1.9685
 920.000       2.0264
 922.000       1.9166
 923.000       1.7340
 924.000       1.7188
 926.000       1.8551
 928.000       2.1506
 930.000       1.7985
 931.000       1.7715
 932.000       2.0072
 933.000       1.8031
 934.000       1.6678
 935.000       1.8072
 938.000       1.8834
 940.000       1.8398
 941.000       1.8750
 943.000       1.6716
 944.000       1.6070
 946.000       1.6200
 947.000       1.6543
 948.000       1.8159
 949.000       1.9410
 952.000       2.0100
 953.000       2.0833
 955.000       1.9722
 956.000       1.7204
 957.000       1.9081
 959.000       2.0010
 961.000       2.3822
 963.000       2.1939
 964.000       2.3154
 965.000       2.7057
 966.000       2.3241
 967.000       2.1515
 968.000       2.3467
 971.000       2.2374
 973.000       2.0392
 974.000       1.9435
 976.000       1.7948
 977.000       1.8109
 979.000       1.9542
 981.000       2.1337
 982.000       2.4790
 983.000       2.1044
 985.000       1.9412
 986.000       2.1519
 987.000       2.1714
 989.000       2.0338
 991.000       2.3140
 993.000       2.5004
 994.000       2.6057
 995.000       3.0700
 996.000       2.5131
 997.000       2.4344
 998.000       2.4972
1001.000       2.3610
1003.000       2.4146
1004.000       2.2833
1006.000       2.2750
1007.000       2.3595
1009.000       2.4540
1011.000       2.4915
1012.000       2.7051
1015.000       2.4327
1016.000       2.3122
1017.000       2.3527
1018.000       2.1275
1020.000       2.0490
1022.000       2.0940
1024.000       2.1335
1025.000       1.9887
1026.000       2.1912
1027.000       1.9496
1028.000       1.8172
1029.000       1.9463
1032.000       1.7995
1034.000       1.7375
1035.000       1.5563
1037.000       1.4596
1038.000       1.5969
1040.000       1.6025
1041.000       1.4461
1042.000       1.4858
1043.000       1.6328
1044.000       1.4717
1046.000       1.4516
1047.000       1.6030
1050.000       1.4046
1051.000       1.3809
1052.000       1.5873
1054.000       1.4885
1056.000       1.6532
1058.000       1.7358
1059.000       1.7044
1060.000       1.9729
1061.000       1.7515
1062.000       1.4594
1063.000       1.4843
1066.000       1.3166
1068.000       1.2025
1069.000       1.0924
1071.000       1.0878
1072.000       1.1789
1074.000       1.3249
1076.000       1.4449
1077.000       1.7071
1078.000       1.3848
1080.000       1.2005
1081.000       1.2980
1082.000       1.2676
1084.000       1.1588
1086.000       1.2996
1088.000       1.4282
1089.000       1.4892
1090.000       1.6751
1091.000       1.5461
1092.000       1.3830
1093.000       1.4344
1096.000       1.3873
1098.000       1.3940
1099.000       1.3570
1101.000       1.3419
1102.000       1.3626
1104.000       1.3638
1105.000       1.3379
1106.000       1.3510
1107.000       1.3907
1110.000       1.3578
1111.000       1.3506
1113.000       1.3405
1114.000       1.3299
1115.000       1.3198
1117.000       1.3248
1119.000       1.3764
1121.000       1.3299
1122.000       1.3538
1123.000       1.3811
1124.000       1.4317
1125.000       1.3694
1126.000       1.3789
1129.000       1.4152
1131.000       1.4729
1132.000       1.4294
1134.000       1.3835
1135.000       1.4052
1137.000       1.3861
1138.000       1.3443
1139.000       1.3375
1140.000       1.3733
1141.000       1.3329
1143.000       1.3297
1144.000       1.3480
1147.000       1.3387
1148.000       1.3429
1149.000       1.4095
1151.000       1.4729
1153.000       1.5802
1155.000       1.4344
1156.000       1.4446
1157.000       1.5248
1158.000       1.5476
1159.000       1.3545
1160.000       1.3333
1163.000       1.3272
1165.000       1.3599
1166.000       1.3413
1168.000       1.3161
1169.000       1.3467
1171.000       1.3563
1173.000       1.3343
1174.000       1.3871
1177.000       1.3219
1178.000       1.3110
1179.000       1.3518
1180.000       1.3367
1182.000       1.3842
1184.000       1.4831
1186.000       1.3731
1187.000       1.3894
1188.000       1.5427
1189.000       1.3980
1190.000       1.3297
1191.000       1.4099
1194.000       1.3749
1196.000       1.3285
1197.000       1.2979
1199.000       1.2183
1200.000       1.2028
1202.000       1.1737
1203.000       1.1743
1204.000       1.2164
1205.000       1.2478
1206.000       1.2907
1208.000       1.3266
1209.000       1.4494
1212.000       1.2918
1213.000       1.2109
1214.000       1.3351
1216.000       1.3326
1218.000       1.4764
1220.000       1.4319
1221.000       1.4664
1222.000       1.6355
1223.000       1.4926
1224.000       1.4128
1225.000       1.4887
1228.000       1.4608
1230.000       1.3922
1231.000       1.3390
1233.000       1.2281
1234.000       1.2369
1236.000       1.1966
1238.000       1.1395
1239.000       1.1653
1240.000       1.1540
1242.000       1.1967
1243.000       1.2806
1244.000       1.4421
1246.000       1.4160
1248.000       1.5636
1250.000       1.5673
1251.000       1.6222
1252.000       1.8638
1253.000       1.7030
1254.000       1.4674
1255.000       1.3908
1258.000       1.2656
1260.000       1.2641
1261.000       1.1347
1263.000       1.1681
1264.000       1.3142
1266.000       1.3836
1267.000       1.2575
1268.000       1.3089
1269.000       1.4796
1270.000       1.2168
1272.000       1.1081
1273.000       1.1122
1276.000       1.0683
1277.000       1.1321
1278.000       1.1875
1280.000       1.1587
1282.000       1.2016
1284.000       1.1843
1285.000       1.3455
1286.000       1.5451
1287.000       1.7140
1288.000       1.4468
1289.000       1.5007
1292.000       1.4085
1294.000       1.3457
1295.000       1.2895
1297.000       1.1211
1298.000       1.0972
1300.000       1.0320
1302.000       1.0192
1303.000       1.0845
1304.000       1.0547
1306.000       1.0879
1307.000       1.1863
1308.000       1.3267
1310.000       1.4498
1312.000       2.0032
1314.000       1.5629
1315.000       1.5992
1316.000       2.0549
1317.000       1.6380
1318.000       1.5545
1319.000       1.7046
1322.000       1.7624
1324.000       1.7349
1325.000       1.7676
1327.000       1.6415
1328.000       1.4848
1330.000       1.4256
1332.000       1.5477
1333.000       1.5714
1336.000       1.7118
1337.000       1.7523
1338.000       1.9439
1339.000       1.7486
1341.000       1.8379
1343.000       2.0511
1345.000       1.8789
1346.000       1.8878
1347.000       2.1153
1348.000       1.8888
1349.000       1.8328
1350.000       1.9068
1353.000       1.8847
1355.000       1.8279
1356.000       1.7577
1358.000       1.5750
1359.000       1.4791
1361.000       1.3541
1362.000       1.3690
1363.000       1.3244
1364.000       1.2411
1365.000       1.4550
1367.000       1.5981
1368.000       1.7397
1371.000       1.6372
1372.000       1.5164
1373.000       1.7905
1375.000       1.8085
1377.000       2.0200
1379.000       1.9184
1380.000       1.8946
1381.000       2.1056
1382.000       1.8151
1383.000       1.8413
1384.000       1.9766
1387.000       1.9440
1389.000       1.8560
1390.000       1.7583
1392.000       1.5679
1393.000       1.5098
1395.000       1.3633
1396.000       1.3062
1397.000       1.1800
1398.000       1.1024
1399.000       1.2160
1401.000       1.3568
1402.000       1.4177
1405.000       1.4793
1406.000       1.4405
1407.000       1.8810
1409.000       1.8412
1411.000       2.0287
1413.000       2.0410
1414.000       2.0558
1415.000       2.2877
1416.000       2.0040
1417.000       1.9568
1418.000       2.0729
1421.000       1.9705
1423.000       1.8338
1424.000       1.7007
1426.000       1.5230
1427.000       1.5361
1429.000       1.4165
1431.000       1.2705
1432.000       1.2038
1435.000       1.2593
1436.000       1.3868
1437.000       1.4338
1438.000       1.9005
1440.000       1.7971
1442.000       1.9577
1444.000       2.0687
1445.000       2.1079
1446.000       2.3465
1447.000       2.0910
1448.000       1.9992
1449.000       2.1074
1452.000       2.0070
1454.000       1.8468
1455.000       1.7382
1457.000       1.5863
1458.000       1.5940
1460.000       1.4933
1461.000       1.4137
1462.000       1.3641
1463.000       1.3795
1464.000       1.3880
1466.000       1.4456
1467.000       1.5249
1470.000       1.4997
1471.000       1.4764
1472.000       2.0005
1474.000       1.8900
1476.000       2.0376
1478.000       2.2130
1479.000       2.3257
1480.000       2.5956
1481.000       2.3205
1482.000       2.2371
1483.000       2.3369
1486.000       2.2695
1488.000       2.0607
1489.000       2.0376
1491.000       1.9132
1492.000       1.8881
1494.000       1.8382
1496.000       1.8167
1497.000       1.8372
1500.000       1.8522
1501.000       1.8957
1502.000       1.9888
1503.000       2.3629
1505.000       2.2732
1507.000       2.4312
1509.000       2.6231
1510.000       2.8263
1511.000       3.1366
1512.000       2.8530
1513.000       2.8056
1514.000       2.9655
1517.000       3.0453
1519.000       2.8296
1520.000       2.9924
1522.000       2.8591
1523.000       2.7036
1525.000       2.7465
1527.000       2.9438
1528.000       3.1252
1531.000       3.0911
1532.000       3.0508
1533.000       3.3072
1534.000       3.2490
1536.000       3.3018
1538.000       3.6614
1540.000       3.5803
