   2.000       6.9138
   3.000       7.0148
   6.000       6.2367
   8.000       6.0711
   9.000       5.2449
  11.000       4.9899
  12.000       5.4419
  14.000       5.6438
  16.000       5.4347
  17.000       5.9967
  20.000       5.0128
  21.000       4.7421
  22.000       4.6650
  23.000       5.3251
  25.000       4.8539
  27.000       5.2713
  29.000       5.6352
  30.000       5.3380
  31.000       6.0970
  32.000       5.4757
  33.000       4.3121
  34.000       4.3270
  37.000       3.6479
  39.000       3.2971
  40.000       2.9968
  42.000       3.0089
  43.000       3.2691
  45.000       3.8281
  47.000       4.1238
  48.000       4.9415
  51.000       3.9886
  52.000       3.4356
  53.000       3.7686
  54.000       3.2911
  56.000       3.0294
  58.000       3.6849
  60.000       3.8972
  61.000       3.9971
  62.000       4.8110
  63.000       4.0871
  64.000       3.4162
  65.000       3.7652
  68.000       3.4416
  70.000       3.0245
  71.000       2.7591
  73.000       2.3508
  74.000       2.3311
  76.000       2.6128
  77.000       2.7827
  78.000       3.5292
  79.000       4.1331
  82.000       3.9954
  83.000       3.8200
  85.000       3.2429
  86.000       2.6441
  87.000       3.1542
  89.000       2.8823
  91.000       3.5896
  93.000       3.7993
  94.000       3.8155
  95.000       4.7022
  96.000       3.6415
  97.000       3.3160
  98.000       3.8023
 101.000       3.4564
 103.000       3.1490
 104.000       2.8182
 106.000       2.3846
 107.000       2.1670
 109.000       2.2107
 111.000       2.5341
 112.000       2.9977
 113.000       2.7682
 115.000       2.7182
 116.000       3.3191
 117.000       2.9602
 119.000       2.7026
 121.000       3.2812
 123.000       3.4203
 124.000       3.1921
 125.000       3.8673
 126.000       2.9280
 127.000       2.8644
 128.000       3.3504
 131.000       3.2445
 133.000       3.2544
 134.000       3.0397
 136.000       2.7343
 137.000       2.4607
 139.000       2.4951
 140.000       2.9585
 141.000       3.6354
 142.000       3.7927
 143.000       4.4369
 145.000       4.5749
 146.000       5.5228
 149.000       3.9634
 150.000       3.1526
 151.000       2.7632
 153.000       2.8152
 155.000       3.2917
 157.000       2.9539
 158.000       2.7691
 159.000       3.1631
 160.000       2.8752
 161.000       2.2961
 162.000       2.2717
 165.000       2.0768
 167.000       2.0883
 168.000       2.2201
 170.000       2.1275
 171.000       1.9238
 173.000       2.0428
 175.000       2.3441
 176.000       2.5999
 179.000       2.7001
 180.000       2.6137
 181.000       3.1692
 182.000       2.2052
 184.000       2.4272
 186.000       3.2093
 188.000       2.3965
 189.000       2.2788
 190.000       2.5615
 191.000       2.6795
 192.000       1.7647
 193.000       1.9846
 196.000       1.6143
 198.000       2.2011
 199.000       2.4750
 201.000       3.2489
 202.000       3.2765
 204.000       4.1713
 205.000       4.8679
 206.000       6.1024
 207.000       6.7631
 208.000       6.6662
 210.000       6.1293
 211.000       6.8767
 214.000       4.9644
 215.000       4.3489
 216.000       1.5255
 218.000       2.1563
 220.000       3.0826
 222.000       1.6637
 223.000       2.1580
 224.000       2.3385
 225.000       2.7012
 226.000       2.3110
 227.000       2.3493
 230.000       2.7973
 232.000       2.9066
 233.000       3.4767
 235.000       3.5176
 236.000       3.2957
 238.000       3.6485
 239.000       4.1152
 240.000       4.7903
 241.000       5.0721
 244.000       5.3492
 245.000       5.2844
 247.000       4.7000
 248.000       4.0851
 249.000       3.3862
 251.000       3.7607
 253.000       4.4372
 255.000       3.7190
 256.000       3.8055
 257.000       4.3885
 258.000       4.0714
 259.000       3.1435
 260.000       3.0990
 263.000       2.6605
 265.000       2.2062
 266.000       2.0298
 268.000       2.1483
 269.000       2.7443
 271.000       3.0985
 272.000       2.7173
 273.000       3.0713
 274.000       3.7691
 277.000       2.9684
 278.000       2.5353
 280.000       2.0997
 281.000       2.1549
 282.000       2.6888
 284.000       2.2668
 286.000       2.4829
 288.000       3.1532
 289.000       3.4252
 290.000       4.1427
 291.000       3.6839
 292.000       2.8964
 293.000       3.0111
 296.000       2.7536
 298.000       2.4880
 299.000       2.4822
 301.000       2.3601
 302.000       2.6229
 304.000       2.8723
 306.000       2.8479
 307.000       3.3085
 310.000       2.7601
 311.000       2.5222
 312.000       2.8718
 313.000       2.6989
 315.000       2.6123
 317.000       3.0235
 319.000       3.0667
 320.000       3.1009
 321.000       3.5416
 322.000       3.1451
 323.000       3.0578
 324.000       3.3909
 327.000       3.6517
 329.000       3.7165
 330.000       3.9990
 332.000       4.0032
 333.000       3.7006
 335.000       4.0180
 337.000       4.5834
 338.000       5.0554
 341.000       4.8752
 342.000       4.6186
 343.000       5.1195
 344.000       3.6444
 346.000       3.9765
 348.000       4.4969
 350.000       3.9561
 351.000       4.1053
 352.000       4.5501
 353.000       4.2960
 354.000       4.1278
 355.000       4.5525
 358.000       5.0283
 360.000       4.9646
 361.000       5.2445
 363.000       4.9828
 364.000       5.1604
 366.000       5.3263
 367.000       5.0791
 368.000       5.2726
 369.000       5.7132
 370.000       5.2546
 372.000       5.2581
 373.000       5.6974
 376.000       5.1457
 377.000       4.9452
 378.000       5.3385
 380.000       5.4941
 382.000       6.2883
 384.000       6.0751
