   2.000       5.6367
   3.000       5.6964
   6.000       5.2661
   8.000       5.1658
   9.000       4.8774
  11.000       4.7573
  12.000       4.8599
  14.000       5.0844
  16.000       5.1945
  17.000       5.6467
  20.000       5.1186
  21.000       4.8995
  22.000       5.1035
  23.000       4.7824
  25.000       4.6683
  27.000       5.0914
  29.000       4.9834
  30.000       4.7449
  31.000       5.2181
  32.000       4.8629
  33.000       4.1253
  34.000       4.1919
  37.000       3.8276
  39.000       3.8134
  40.000       3.5649
  42.000       3.6146
  43.000       3.6877
  45.000       4.0616
  47.000       4.3981
  48.000       4.9440
  49.000       4.3134
  51.000       3.9496
  52.000       4.1895
  53.000       3.3840
  55.000       3.3168
  57.000       3.4352
  59.000       3.4041
  60.000       3.2297
  61.000       3.5191
  62.000       3.1418
  63.000       3.0426
  64.000       3.1921
  67.000       3.0423
  69.000       2.9327
  70.000       2.7134
  72.000       2.4922
  73.000       2.5314
  75.000       2.3499
  76.000       2.1546
  77.000       1.9398
  78.000       1.8960
  79.000       1.8356
  81.000       1.9561
  82.000       1.9109
  85.000       2.1726
  86.000       2.2501
  87.000       2.8490
  89.000       2.7220
  91.000       2.9185
  93.000       3.0054
  94.000       2.9216
  95.000       3.1997
  96.000       2.8458
  97.000       2.7009
  98.000       2.8082
 101.000       2.5863
 103.000       2.4070
 104.000       2.1604
 106.000       1.9590
 107.000       2.0665
 109.000       1.9626
 111.000       1.7440
 112.000       1.7214
 115.000       1.6403
 116.000       1.7408
 117.000       1.7133
 118.000       2.4491
 120.000       2.2400
 122.000       2.3648
 124.000       2.6550
 125.000       2.6189
 126.000       3.0028
 127.000       2.6797
 128.000       2.2251
 129.000       2.2998
 132.000       2.0584
 134.000       1.8438
 135.000       1.7792
 137.000       1.7090
 138.000       1.7291
 140.000       1.8776
 142.000       2.0257
 143.000       2.3085
 144.000       2.0142
 146.000       1.8734
 147.000       2.0701
 148.000       1.9998
 150.000       1.9323
 152.000       2.1898
 154.000       2.2379
 155.000       2.3517
 156.000       2.6373
 157.000       2.3621
 158.000       2.2093
 159.000       2.2650
 162.000       2.1604
 164.000       1.9772
 165.000       1.9069
 167.000       1.7775
 168.000       1.7836
 170.000       1.6746
 171.000       1.5869
 172.000       1.4870
 173.000       1.4483
 174.000       1.5003
 176.000       1.6026
 177.000       1.6700
 180.000       1.6857
 181.000       1.6668
 182.000       2.1889
 184.000       2.0723
 186.000       2.1939
 188.000       2.3969
 189.000       2.4990
 190.000       2.7612
 191.000       2.4836
 192.000       2.3866
 193.000       2.4785
 196.000       2.3712
 198.000       2.1879
 199.000       2.0876
 201.000       1.9459
 202.000       1.9488
 204.000       1.8338
 205.000       1.7388
 206.000       1.6244
 207.000       1.5836
 208.000       1.6124
 210.000       1.7018
 211.000       1.7242
 214.000       1.8110
 215.000       1.8171
 216.000       2.3679
 218.000       2.2307
 220.000       2.3477
 222.000       2.5627
 223.000       2.6389
 224.000       2.8687
 225.000       2.6475
 226.000       2.4979
 227.000       2.5397
 230.000       2.3972
 232.000       2.2154
 233.000       2.1010
 235.000       2.0054
 236.000       2.0552
 238.000       1.9990
 240.000       1.8884
 241.000       1.8679
 244.000       1.8423
 245.000       1.8973
 246.000       1.8888
 247.000       2.3965
 249.000       2.2233
 251.000       2.2775
 253.000       2.5692
 254.000       2.6704
 255.000       2.8824
 256.000       2.7446
 257.000       2.4882
 258.000       2.4512
 261.000       2.2796
 263.000       2.1344
 264.000       2.0538
 266.000       2.0360
 267.000       2.1255
 269.000       2.1294
 271.000       2.0497
 272.000       2.0854
 273.000       1.9735
 275.000       1.9631
 276.000       1.9320
 277.000       2.3156
 279.000       2.1530
 281.000       2.1319
 283.000       2.4486
 284.000       2.6084
 285.000       2.7999
 286.000       2.7442
 287.000       2.4608
 288.000       2.3863
 291.000       2.3097
 293.000       2.2084
 294.000       2.3146
 296.000       2.3172
 297.000       2.3927
 299.000       2.4249
 300.000       2.3669
 301.000       2.4145
 302.000       2.5050
 305.000       2.4387
 306.000       2.4154
 308.000       2.3467
 309.000       2.3168
 310.000       2.4649
 312.000       2.4969
 314.000       2.6417
 316.000       2.4666
 317.000       2.5082
 318.000       2.6234
 319.000       2.6826
 320.000       2.3662
 321.000       2.3306
 324.000       2.2690
 326.000       2.2454
 327.000       2.1970
 329.000       2.1255
 330.000       2.1047
 332.000       2.0724
 333.000       2.0753
 334.000       2.0935
 335.000       2.1047
 338.000       2.1481
 339.000       2.1802
 341.000       2.1687
 342.000       2.1120
 343.000       2.2333
 345.000       2.2199
 347.000       2.3193
 349.000       2.3067
 350.000       2.2237
 351.000       2.3958
 352.000       2.1301
 353.000       2.1718
 354.000       2.3043
 357.000       2.2754
 359.000       2.2299
 360.000       2.1256
 362.000       1.9364
 363.000       1.8674
 365.000       1.7200
 366.000       1.6879
 367.000       1.5914
 368.000       1.5101
 369.000       1.6671
 371.000       1.8174
 372.000       1.9335
 375.000       1.9088
 376.000       1.8335
 377.000       2.1541
 379.000       2.1528
 381.000       2.3431
 383.000       2.2593
 384.000       2.1731
 385.000       2.3693
 386.000       2.0557
 387.000       2.0913
 388.000       2.2364
 391.000       2.1811
 393.000       2.0922
 394.000       1.9713
 396.000       1.7674
 397.000       1.7038
 399.000       1.5473
 400.000       1.4953
 401.000       1.3800
 402.000       1.3033
 403.000       1.4422
 405.000       1.5936
 406.000       1.6851
 409.000       1.7017
 410.000       1.6419
 411.000       2.0655
 413.000       2.0255
 415.000       2.2312
 417.000       2.2076
 418.000       2.1382
 419.000       2.3743
 420.000       2.0165
 421.000       2.0402
 422.000       2.2101
 425.000       2.1334
 427.000       1.9946
 428.000       1.8620
 430.000       1.6188
 431.000       1.5688
 433.000       1.3957
 435.000       1.2652
 436.000       1.1643
 439.000       1.3294
 440.000       1.5052
 441.000       1.6226
 442.000       2.0205
 444.000       1.9612
 446.000       2.1948
 448.000       2.2030
 449.000       2.1717
 450.000       2.4523
 451.000       2.0447
 452.000       2.0634
 453.000       2.2598
 456.000       2.1756
 458.000       2.0179
 459.000       1.8785
 461.000       1.6140
 462.000       1.5379
 464.000       1.3384
 465.000       1.2792
 466.000       1.1811
 467.000       1.0988
 470.000       1.2906
 471.000       1.4609
 473.000       1.5572
 474.000       1.4603
 475.000       2.0755
 477.000       1.9943
 479.000       2.2586
 481.000       2.2988
 482.000       2.2910
 483.000       2.5902
 484.000       2.2138
 485.000       2.1371
 486.000       2.2914
 489.000       2.1835
 491.000       1.9924
 492.000       1.8507
 494.000       1.5882
 495.000       1.5599
 497.000       1.4103
 499.000       1.2799
 500.000       1.2664
 501.000       1.3177
 503.000       1.4727
 504.000       1.5977
 505.000       2.1101
 507.000       2.0019
 509.000       2.2526
 511.000       2.3551
 512.000       2.3882
 513.000       2.7089
 514.000       2.3063
 515.000       2.2739
 516.000       2.4669
 519.000       2.3895
 521.000       2.1913
 522.000       2.0813
 524.000       1.8162
 525.000       1.7545
 527.000       1.5900
 528.000       1.5422
 529.000       1.5131
 530.000       1.5179
 531.000       1.6272
 533.000       1.7306
 534.000       1.8859
 537.000       1.7697
 538.000       1.6773
 539.000       2.3387
 541.000       2.2580
 543.000       2.5146
 545.000       2.5938
 546.000       2.6464
 547.000       2.9532
 548.000       2.5801
 549.000       2.5359
 550.000       2.5608
 553.000       2.5882
 555.000       2.7957
 556.000       2.7821
 558.000       2.8154
 559.000       2.8757
 561.000       2.9987
 562.000       3.0251
 563.000       3.2223
 564.000       3.4075
 567.000       3.3273
 568.000       3.2357
 570.000       3.0428
 571.000       2.9305
 572.000       2.4181
 574.000       2.6036
 576.000       2.7402
 578.000       2.3408
 579.000       2.0961
 580.000       2.1553
 581.000       2.2110
 582.000       2.0742
 583.000       2.2430
 586.000       2.3577
 588.000       2.4575
 589.000       2.5101
 591.000       2.4295
 592.000       2.2712
 594.000       2.3626
 595.000       2.5733
 596.000       2.8196
 597.000       2.9190
 600.000       3.0488
 601.000       3.0549
 603.000       2.8687
 604.000       2.6159
 605.000       2.2470
 607.000       2.4701
 609.000       2.7653
 611.000       2.3059
 612.000       2.2172
 613.000       2.3779
 614.000       1.9764
 615.000       2.3554
 616.000       2.6230
 619.000       2.7773
 621.000       2.7909
 622.000       2.8351
 624.000       2.6290
 625.000       2.3741
 627.000       2.2967
 628.000       2.5323
 629.000       2.6776
 630.000       2.6096
 633.000       2.9674
 634.000       3.1052
 636.000       3.0148
 637.000       2.7263
 638.000       2.6968
 640.000       2.8687
 642.000       3.1847
 644.000       2.8362
 645.000       2.6987
 646.000       3.0350
 647.000       2.6084
 648.000       2.4825
 649.000       2.6766
 652.000       2.5544
 654.000       2.4208
 655.000       2.2497
 657.000       1.9913
 658.000       1.9189
 660.000       1.7211
 661.000       1.6582
 662.000       1.5375
 663.000       1.4367
 664.000       1.6557
 666.000       1.8474
 667.000       2.0225
 670.000       1.9462
 671.000       1.8428
 672.000       2.3839
 674.000       2.3087
 676.000       2.5528
 678.000       2.5562
 679.000       2.4811
 680.000       2.7507
 681.000       2.3881
 682.000       2.3062
 683.000       2.4514
 686.000       2.3208
 688.000       2.1662
 689.000       2.0043
 691.000       1.7669
 692.000       1.7555
 694.000       1.5920
 696.000       1.4008
 697.000       1.3095
 698.000       1.4400
 700.000       1.6282
 701.000       1.7409
 702.000       2.1859
 704.000       2.0872
 706.000       2.3058
 708.000       2.3615
 709.000       2.3116
 710.000       2.5711
 711.000       2.2385
 712.000       2.1590
 713.000       2.3008
 716.000       2.1909
 718.000       2.0683
 719.000       1.9188
 721.000       1.6967
 722.000       1.6643
 724.000       1.4830
 725.000       1.3791
 726.000       1.2420
 727.000       1.1602
 728.000       1.3137
 730.000       1.4820
 731.000       1.6103
 734.000       1.5929
 735.000       1.5342
 736.000       2.0545
 738.000       1.9778
 740.000       2.1823
 742.000       2.1945
 743.000       2.1313
 744.000       2.3566
 745.000       2.0591
 746.000       1.9920
 747.000       2.1101
 750.000       2.0033
 752.000       1.9096
 753.000       1.7806
 755.000       1.5932
 756.000       1.5687
 758.000       1.4481
 760.000       1.3420
 761.000       1.2824
 764.000       1.3925
 765.000       1.5192
 766.000       1.6383
 767.000       1.8666
 769.000       1.8143
 771.000       2.0036
 773.000       1.9760
 774.000       1.9013
 775.000       2.0753
 776.000       1.8832
 777.000       1.7748
 778.000       1.8665
 781.000       1.7972
 783.000       1.7047
 784.000       1.6295
 786.000       1.4981
 787.000       1.4743
 789.000       1.4172
 791.000       1.3649
 792.000       1.3741
 793.000       1.3947
 795.000       1.4679
 796.000       1.5661
 797.000       1.7413
 799.000       1.7069
 801.000       1.8594
 803.000       1.8963
 804.000       1.7002
 805.000       1.8721
 806.000       1.7109
 807.000       1.9537
 808.000       2.0557
 811.000       2.0537
 813.000       2.1586
 814.000       1.9399
 816.000       1.8744
 817.000       1.8988
 819.000       1.8649
 820.000       1.8046
 821.000       1.7810
 822.000       1.8144
 825.000       1.7664
 826.000       1.7817
 828.000       1.8088
 829.000       1.8134
 830.000       1.9662
 832.000       1.8723
 834.000       1.9734
 836.000       2.1230
 837.000       2.2126
 838.000       2.4754
 839.000       2.2037
 840.000       2.1692
 841.000       2.3289
 844.000       2.3809
 846.000       2.5973
 847.000       2.5473
 849.000       2.6388
 850.000       2.6128
 852.000       2.8023
 854.000       3.1057
 855.000       3.4086
 856.000       3.1277
 858.000       2.8929
 859.000       3.0030
 860.000       2.1371
 862.000       2.3250
 864.000       2.4225
 866.000       2.0983
 867.000       1.9269
 868.000       2.0710
 869.000       1.9337
 870.000       1.7789
 871.000       1.8302
 874.000       1.7290
 876.000       1.7316
 877.000       1.6804
 879.000       1.6527
 880.000       1.6764
 882.000       1.6713
 883.000       1.6477
 884.000       1.6709
 885.000       1.7165
 886.000       1.6868
 888.000       1.6812
 889.000       1.7379
 892.000       1.6580
 893.000       1.6388
 894.000       1.6128
 896.000       1.6264
 898.000       1.7328
 900.000       1.6549
 901.000       1.6338
 902.000       1.7810
 903.000       1.6329
 904.000       1.5836
 905.000       1.6720
 908.000       1.6511
 910.000       1.6266
 911.000       1.5977
 913.000       1.4957
 914.000       1.4546
 916.000       1.4182
 918.000       1.4237
 919.000       1.4446
 922.000       1.4725
 923.000       1.5075
 924.000       1.6005
 925.000       1.5900
 927.000       1.6173
 929.000       1.7858
 931.000       1.6904
 932.000       1.6818
 933.000       1.8862
 934.000       1.6375
 935.000       1.6299
 936.000       1.7640
 939.000       1.7441
 941.000       1.6813
 942.000       1.6406
 944.000       1.5102
 945.000       1.4369
 947.000       1.3883
 949.000       1.4131
 950.000       1.4431
 953.000       1.4831
 954.000       1.5302
 955.000       1.6509
 956.000       1.6872
 958.000       1.7025
 960.000       1.9138
 962.000       1.8358
 963.000       1.8903
 964.000       2.0903
 965.000       2.0007
 966.000       1.7838
 967.000       1.8530
 970.000       1.8176
 972.000       1.7652
 973.000       1.8395
 975.000       1.8697
 976.000       1.8591
 978.000       2.0191
 980.000       2.2010
 981.000       2.4369
 982.000       2.2013
 984.000       2.0529
 985.000       2.1845
 986.000       1.8426
 988.000       1.9307
 990.000       2.1117
 992.000       1.9653
 993.000       1.9791
 994.000       2.2661
 995.000       1.9698
 996.000       1.7950
 997.000       1.8863
1000.000       1.7406
1002.000       1.6023
1003.000       1.4660
1005.000       1.3285
1006.000       1.3657
1008.000       1.2929
1009.000       1.2049
1010.000       1.2161
1011.000       1.2925
1012.000       1.2544
1014.000       1.2618
1015.000       1.3766
1018.000       1.2554
1019.000       1.2284
1020.000       1.6845
1022.000       1.5670
1024.000       1.7208
1026.000       1.8743
1027.000       1.9647
1028.000       2.2209
1029.000       2.0064
1030.000       1.8353
1031.000       1.9134
1034.000       1.8116
1036.000       1.6325
1037.000       1.5939
1039.000       1.5043
1040.000       1.5202
1042.000       1.5235
1044.000       1.5204
1045.000       1.6078
1048.000       1.5299
1049.000       1.5130
1050.000       1.6057
1051.000       1.8885
1053.000       1.8032
1055.000       1.9494
1057.000       2.1225
1058.000       2.3456
1059.000       2.6011
1060.000       2.4016
1061.000       2.3114
1062.000       2.3973
1065.000       2.3940
1067.000       2.1651
1068.000       2.2276
1070.000       2.1267
1071.000       2.1122
1073.000       2.1230
1075.000       2.1540
1076.000       2.2429
1077.000       2.1717
1079.000       2.1620
1080.000       2.2635
1081.000       2.5828
1083.000       2.5303
1085.000       2.6968
1087.000       2.8673
1088.000       3.1601
1089.000       3.4342
1090.000       3.1623
1091.000       3.2264
1092.000       3.4028
1095.000       3.5108
1097.000       3.2502
1098.000       3.3164
1100.000       3.1043
1101.000       3.0886
1103.000       2.9659
1104.000       2.8845
1105.000       2.8219
1106.000       2.8120
1107.000       2.8708
1109.000       2.9713
1110.000       3.1014
1113.000       3.0314
1114.000       2.9759
1115.000       3.7584
1117.000       3.6568
1119.000       3.9645
1121.000       4.1904
