   2.000       6.4097
   3.000       6.1560
   6.000       5.3760
   8.000       5.2355
   9.000       4.6015
  11.000       4.6842
  12.000       5.1223
  14.000       5.5138
  15.000       5.3242
  16.000       5.8925
  17.000       6.5781
  18.000       5.9313
  20.000       5.5284
  21.000       6.0172
  24.000       4.9741
  25.000       4.8461
  26.000       4.8532
  28.000       4.2277
  30.000       4.2715
  32.000       5.1349
  33.000       5.3464
  34.000       6.1125
  35.000       5.7769
  36.000       4.4470
  37.000       4.3572
  40.000       3.6454
  42.000       2.9631
  43.000       2.5831
  45.000       2.5525
  46.000       3.2564
  48.000       3.7215
  49.000       3.4011
  50.000       4.1931
  51.000       5.0919
  52.000       4.2670
  54.000       3.7154
  55.000       4.4202
  58.000       2.8883
  59.000       2.6875
  60.000       3.6776
  62.000       3.1745
  64.000       3.4157
  66.000       3.7415
  67.000       4.1883
  68.000       4.8798
  69.000       4.8083
  70.000       3.4992
  71.000       3.4863
  74.000       3.0887
  76.000       2.6230
  77.000       2.8800
  79.000       2.8141
  80.000       2.6570
  82.000       3.3632
  84.000       4.0528
  85.000       4.9597
  88.000       4.2127
  89.000       3.6736
  90.000       4.3366
  91.000       3.0464
  93.000       3.2949
  95.000       4.3684
  97.000       3.7408
  98.000       3.7618
  99.000       4.2401
 100.000       3.9758
 101.000       3.3167
 102.000       3.3691
 105.000       3.1313
 107.000       2.9850
 108.000       2.9132
 110.000       2.8400
 111.000       2.8482
 113.000       3.0819
 115.000       3.3058
 116.000       3.7361
 119.000       3.3300
 120.000       3.0960
 121.000       3.3502
 122.000       2.9272
 124.000       2.9479
 126.000       3.3547
 128.000       3.1623
 129.000       3.1027
 130.000       3.4571
 131.000       3.1459
 132.000       2.7676
 133.000       2.8330
 136.000       2.6569
 138.000       2.6316
 139.000       2.5485
 141.000       2.4964
 142.000       2.5373
 144.000       2.6492
 145.000       2.6913
 146.000       2.9658
 147.000       3.1931
 148.000       3.1220
 150.000       3.0430
 151.000       3.3536
 154.000       2.7943
 155.000       2.6105
 156.000       2.4530
 158.000       2.4861
 160.000       2.7419
 162.000       2.5269
 163.000       2.4211
 164.000       2.6282
 165.000       2.4626
 166.000       2.2384
 167.000       2.3163
 170.000       2.2792
 172.000       2.3378
 173.000       2.3452
 175.000       2.2833
 176.000       2.2657
 178.000       2.3431
 179.000       2.4194
 180.000       2.6479
 181.000       2.8069
 184.000       2.8380
 185.000       2.8013
 187.000       2.5958
 188.000       2.3972
 189.000       2.1410
 191.000       2.2894
 193.000       2.5350
 195.000       2.1694
 196.000       2.0340
 197.000       2.2220
 198.000       2.0473
 199.000       1.9077
 200.000       2.0194
 203.000       2.0488
 205.000       2.1426
 206.000       2.1980
 208.000       2.1645
 209.000       2.0817
 211.000       2.2037
 212.000       2.3716
 213.000       2.6573
 214.000       2.8215
 217.000       2.8793
 218.000       2.8412
 220.000       2.6066
 221.000       2.3592
 222.000       1.9448
 224.000       2.1293
 226.000       2.3805
 228.000       2.0219
 229.000       1.9629
 230.000       2.2474
 231.000       1.8299
 232.000       1.9842
 233.000       2.2475
 236.000       2.3680
 238.000       2.3956
 239.000       2.4496
 241.000       2.2457
 242.000       2.0103
 244.000       1.9906
 245.000       2.2312
 246.000       2.4617
 247.000       2.5014
 250.000       2.7714
 251.000       2.8622
 253.000       2.7089
 254.000       2.3828
 255.000       2.2661
 257.000       2.4492
 259.000       2.8045
 261.000       2.4302
 262.000       2.3225
 263.000       2.6592
 264.000       2.1261
 265.000       2.2475
 266.000       2.5270
 269.000       2.5222
 271.000       2.4914
 272.000       2.4018
 274.000       2.0925
 275.000       1.8782
 277.000       1.7164
 278.000       1.8722
 279.000       1.9951
 280.000       1.9757
 281.000       2.3122
 283.000       2.4717
 284.000       2.8201
 287.000       2.3885
 288.000       2.0950
 289.000       2.3308
 291.000       2.4096
 293.000       2.7807
 295.000       2.5138
 296.000       2.3698
 297.000       2.7615
 298.000       2.2081
 299.000       2.2030
 300.000       2.4972
 303.000       2.4669
 305.000       2.3795
 306.000       2.2682
 308.000       1.9143
 309.000       1.6962
 311.000       1.5622
 312.000       1.7293
 313.000       1.9443
 314.000       1.9925
 315.000       2.3289
 317.000       2.4934
 318.000       2.9564
 321.000       2.3398
 322.000       1.9542
 323.000       2.2917
 325.000       2.3489
 327.000       2.7802
 329.000       2.5617
 330.000       2.5300
 331.000       2.9486
 332.000       2.4649
 333.000       2.4142
 334.000       2.7252
 337.000       2.8143
 339.000       2.6464
 340.000       2.7617
 342.000       2.5033
 343.000       2.1871
 345.000       2.1841
 347.000       2.5074
 348.000       2.7306
 351.000       2.8153
 352.000       2.8164
 353.000       3.2614
 354.000       2.8691
 356.000       3.0261
 358.000       3.5229
 360.000       3.2448
 361.000       3.4658
 362.000       4.1407
 363.000       3.6282
 364.000       3.4326
 365.000       3.9722
 368.000       4.4640
 370.000       4.4253
 371.000       4.5401
 373.000       4.1781
 374.000       3.7817
 376.000       4.0372
 378.000       4.4389
 379.000       4.9173
 382.000       4.6874
 383.000       4.6586
 384.000       5.3375
 385.000       4.6238
 387.000       4.7260
 389.000       5.6342
 391.000       5.5134
