   2.000       4.7065
   3.000       4.6857
   6.000       4.4498
   8.000       4.3482
   9.000       4.0677
  11.000       3.8296
  12.000       3.8818
  14.000       3.7282
  16.000       3.4868
  17.000       3.3884
  18.000       3.4480
  20.000       3.6234
  21.000       3.6505
  22.000       4.1497
  24.000       3.9815
  26.000       4.1608
  28.000       4.2538
  29.000       4.0680
  30.000       4.3166
  31.000       3.9690
  32.000       3.7993
  33.000       3.9016
  36.000       3.6688
  38.000       3.5603
  39.000       3.2904
  41.000       3.0818
  42.000       3.1388
  44.000       3.0159
  46.000       2.8091
  47.000       2.7410
  50.000       2.7402
  51.000       2.8815
  52.000       2.8853
  53.000       3.3988
  55.000       3.2208
  57.000       3.3666
  59.000       3.4965
  60.000       3.3352
  61.000       3.5630
  62.000       3.2766
  63.000       3.0739
  64.000       3.0510
  67.000       2.8411
  69.000       2.7616
  70.000       2.5227
  72.000       2.3769
  73.000       2.4652
  75.000       2.4054
  77.000       2.2492
  78.000       2.2646
  81.000       2.1585
  82.000       2.2184
  83.000       2.2028
  84.000       2.6198
  86.000       2.4790
  88.000       2.6069
  90.000       2.7106
  91.000       2.5830
  92.000       2.8192
  93.000       2.5570
  94.000       2.3406
  95.000       2.4025
  98.000       2.2193
 100.000       2.1208
 101.000       1.9721
 103.000       1.8767
 104.000       1.9413
 106.000       1.9125
 107.000       1.8260
 108.000       1.8685
 109.000       1.9710
 110.000       1.8970
 112.000       1.8826
 113.000       2.0055
 116.000       1.8395
 117.000       1.8112
 118.000       2.0796
 120.000       1.9860
 122.000       2.1265
 124.000       2.2048
 125.000       2.1831
 126.000       2.4161
 127.000       2.2140
 128.000       2.0127
 129.000       2.0927
 132.000       2.0265
 134.000       1.9440
 135.000       1.9368
 137.000       1.8499
 138.000       1.8186
 140.000       1.8547
 142.000       1.9201
 143.000       2.0475
 144.000       1.9584
 146.000       1.9381
 147.000       2.0988
 148.000       1.9883
 150.000       2.0222
 152.000       2.2492
 154.000       2.1349
 155.000       2.1805
 156.000       2.3771
 157.000       2.1493
 158.000       2.1715
 159.000       2.3222
 162.000       2.3490
 164.000       2.2784
 165.000       2.2725
 167.000       2.1124
 168.000       2.0096
 170.000       1.9137
 171.000       1.9603
 172.000       1.9588
 173.000       1.9029
 174.000       2.1016
 176.000       2.2219
 177.000       2.3882
 180.000       2.2263
 181.000       2.0907
 182.000       2.3050
 184.000       2.3520
 186.000       2.5886
 188.000       2.4510
 189.000       2.4612
 190.000       2.6616
 191.000       2.3888
 192.000       2.4233
 193.000       2.5721
 196.000       2.5321
 198.000       2.4071
 199.000       2.2943
 201.000       2.1355
 202.000       2.0783
 204.000       1.9808
 205.000       1.9631
 206.000       1.9230
 207.000       1.8763
 210.000       1.9926
 211.000       2.1005
 213.000       2.1478
 214.000       2.0674
 215.000       2.4738
 217.000       2.3495
 219.000       2.5649
 221.000       2.7886
 222.000       2.8954
 223.000       3.3304
 224.000       2.8897
 225.000       2.7029
 226.000       2.7438
 229.000       2.6526
 231.000       2.6119
 232.000       2.5430
 234.000       2.4840
 235.000       2.5719
 237.000       2.5918
 239.000       2.5351
 240.000       2.6105
 241.000       2.4745
 243.000       2.4429
 244.000       2.4680
 245.000       2.6063
 247.000       2.5427
 249.000       2.6426
 251.000       2.7018
 252.000       2.7173
 253.000       2.8429
 254.000       2.7369
 255.000       2.6726
 256.000       2.7047
 259.000       2.5195
 261.000       2.3997
 262.000       2.3181
 264.000       2.2561
 265.000       2.5668
 267.000       2.5024
 268.000       2.2388
 269.000       2.3994
 270.000       2.5916
 273.000       2.6651
 274.000       2.6186
 276.000       2.2898
 277.000       2.1404
 278.000       2.5451
 280.000       2.6195
 282.000       2.8968
 284.000       2.6117
 285.000       2.8940
 286.000       2.8832
 287.000       3.5457
 288.000       2.8157
 289.000       2.8651
 292.000       2.8838
 294.000       2.8423
 295.000       2.7417
 297.000       2.6487
 298.000       2.5732
 300.000       2.5553
 301.000       2.6228
 302.000       2.6944
 303.000       2.7071
 304.000       2.8177
 306.000       2.8685
 307.000       3.0348
 310.000       2.8097
 311.000       2.6819
 312.000       2.8395
 314.000       2.6917
 316.000       2.6828
 318.000       2.9974
 319.000       3.0880
 320.000       3.3098
 321.000       3.0289
 322.000       3.0469
 323.000       3.1639
 326.000       3.1540
 328.000       3.0716
 329.000       3.0473
 331.000       2.8966
 332.000       2.7312
 334.000       2.6196
 336.000       2.6771
 337.000       2.6204
 338.000       2.8718
 340.000       2.9802
 341.000       3.1829
 342.000       3.0986
 344.000       3.1030
 346.000       3.2772
 348.000       3.2533
 349.000       3.2280
 350.000       3.4989
 351.000       3.0984
 352.000       3.1181
 353.000       3.2702
 356.000       3.1712
 358.000       3.0383
 359.000       2.9183
 361.000       2.7513
 362.000       2.6749
 364.000       2.6303
 366.000       2.6726
 367.000       2.7505
 368.000       2.7550
 370.000       2.7948
 371.000       2.9664
 372.000       3.0553
 374.000       2.9482
 376.000       3.0992
 378.000       3.2247
 379.000       3.2035
 380.000       3.0733
 381.000       3.4048
 382.000       3.1606
 383.000       3.3518
 386.000       3.2855
 388.000       3.1595
 389.000       3.0568
 391.000       2.8230
 392.000       2.6893
 394.000       2.5232
 395.000       2.5527
 396.000       2.4992
 397.000       2.3946
 400.000       2.6196
 401.000       2.7862
 403.000       2.8629
 404.000       2.7357
 405.000       3.1568
 407.000       3.1192
 409.000       3.3434
 411.000       3.3091
 412.000       3.1891
 413.000       3.4288
 414.000       3.0961
 415.000       3.0244
 416.000       3.0991
 419.000       2.9619
 421.000       2.8559
 422.000       2.7147
 424.000       2.5958
 425.000       2.5930
 427.000       2.4789
 428.000       2.3908
 429.000       2.2679
 430.000       2.1846
 433.000       2.2547
 434.000       2.3612
 436.000       2.4732
 437.000       2.4772
 438.000       2.7851
 440.000       2.7016
 442.000       2.7928
 444.000       2.8604
 445.000       2.8120
 446.000       3.0453
 447.000       2.8888
 448.000       2.7619
 449.000       2.6821
 452.000       2.6829
 454.000       2.6230
 455.000       2.7118
 457.000       2.7086
 458.000       2.8305
 460.000       2.8986
 461.000       2.8166
 462.000       2.9441
 463.000       3.1430
 464.000       2.9470
 466.000       2.8457
 467.000       2.9775
 470.000       2.7231
 471.000       2.7078
 472.000       2.8716
 474.000       2.9328
 476.000       3.1648
 478.000       2.9085
 479.000       3.0236
 480.000       3.2096
 481.000       3.1607
 482.000       2.8766
 483.000       2.8479
 486.000       2.7051
 488.000       2.5710
 489.000       2.4860
 491.000       2.4717
 492.000       2.5979
 494.000       2.5714
 495.000       2.4020
 496.000       2.3153
 497.000       2.3810
 498.000       2.1798
 500.000       2.1508
 501.000       2.0709
 504.000       2.2330
 505.000       2.3479
 506.000       2.7395
 508.000       2.5745
 510.000       2.5473
 512.000       2.8884
 513.000       3.0411
 514.000       3.2023
 515.000       3.1322
 516.000       2.9924
 517.000       2.7199
 520.000       2.7197
 522.000       2.9415
 523.000       3.1190
 525.000       3.5050
 526.000       3.8312
 528.000       4.2609
 530.000       4.4033
 531.000       4.8959
 534.000       4.1906
 535.000       3.7251
 536.000       3.6720
 537.000       2.7706
 539.000       3.0469
 541.000       3.2108
 543.000       2.6541
 544.000       2.7034
 545.000       2.9316
 546.000       2.7410
 547.000       2.5936
 548.000       2.5977
 551.000       2.5317
 553.000       2.4906
 554.000       2.4200
 556.000       2.3410
 557.000       2.4043
 559.000       2.3121
 560.000       2.1904
 561.000       2.1233
 562.000       2.1116
 565.000       2.1517
 566.000       2.2223
 568.000       2.2516
 569.000       2.2328
 570.000       2.4523
 572.000       2.4160
 574.000       2.5235
 576.000       2.5462
 577.000       2.5310
 578.000       2.6627
 579.000       2.5388
 580.000       2.4924
 581.000       2.5168
 584.000       2.5458
 586.000       2.5467
 587.000       2.5690
 589.000       2.4773
 590.000       2.3688
 592.000       2.3412
 593.000       2.4330
 594.000       2.4856
 595.000       2.4708
 596.000       2.6088
 598.000       2.6825
 599.000       2.8299
 602.000       2.6478
 603.000       2.5171
 604.000       2.5393
 606.000       2.6175
 608.000       2.7739
 610.000       2.6054
 611.000       2.6156
 612.000       2.7403
 613.000       2.5563
 614.000       2.6470
 615.000       2.8627
 618.000       2.9096
 620.000       2.8533
 621.000       2.8560
 623.000       2.7041
 624.000       2.5743
 626.000       2.4817
 627.000       2.5575
 628.000       2.5658
 629.000       2.4865
 632.000       2.7061
 633.000       2.8338
 635.000       2.8443
 636.000       2.6979
 637.000       2.8927
 639.000       2.9375
 641.000       3.1367
 643.000       3.0229
 644.000       3.0344
 645.000       3.2297
 646.000       2.8989
 647.000       3.0618
 648.000       3.2550
 651.000       3.3123
 653.000       3.2204
 654.000       3.1928
 656.000       2.9532
 657.000       2.7817
 659.000       2.6276
 660.000       2.7062
 661.000       2.6695
 662.000       2.5309
 665.000       2.8146
 666.000       2.9950
 668.000       3.0584
 669.000       2.9041
 670.000       3.2633
 672.000       3.2945
 674.000       3.5530
 676.000       3.4480
 677.000       3.4155
 678.000       3.6921
 679.000       3.2343
 680.000       3.3503
 681.000       3.5533
 684.000       3.5173
 686.000       3.3719
 687.000       3.2699
 689.000       2.9968
 690.000       2.8799
 692.000       2.6739
 694.000       2.5799
 695.000       2.4620
 696.000       2.7128
 698.000       2.9185
 699.000       3.0830
 700.000       3.4241
 702.000       3.3757
 704.000       3.6346
 706.000       3.6290
 707.000       3.5709
 708.000       3.8529
 709.000       3.4162
 710.000       3.4465
 711.000       3.6178
 714.000       3.5389
 716.000       3.4005
 717.000       3.2390
 719.000       2.9691
 720.000       2.9016
 722.000       2.6796
 723.000       2.5870
 724.000       2.3991
 725.000       2.2641
 726.000       2.4403
 728.000       2.6325
 729.000       2.7009
 732.000       2.8055
 733.000       2.7737
 734.000       3.3982
 736.000       3.3195
 738.000       3.5656
 740.000       3.5839
 741.000       3.5061
 742.000       3.7680
 743.000       3.3478
 744.000       3.3762
 745.000       3.5743
 748.000       3.4706
 750.000       3.3490
 751.000       3.1475
 753.000       2.8809
 754.000       2.8403
 756.000       2.6274
 757.000       2.5074
 758.000       2.3130
 759.000       2.2144
 760.000       2.3047
 762.000       2.4704
 763.000       2.4877
 766.000       2.6613
 767.000       2.6667
 768.000       3.2705
 770.000       3.1772
 772.000       3.4199
 774.000       3.4535
 775.000       3.3389
 776.000       3.6486
 777.000       3.1570
 778.000       3.1593
 779.000       3.3435
 782.000       3.1751
 784.000       2.9808
 785.000       2.7552
 787.000       2.4988
 788.000       2.4888
 790.000       2.2898
 791.000       2.1565
 792.000       2.0022
 793.000       1.9543
 794.000       2.0099
 796.000       2.1427
 797.000       2.2111
 800.000       2.2894
 801.000       2.2881
 802.000       3.0220
 804.000       2.8564
 806.000       3.0750
 808.000       3.2745
 809.000       3.2623
 810.000       3.6406
 811.000       3.1655
 812.000       3.0391
 813.000       3.1992
 816.000       3.0282
 818.000       2.7854
 819.000       2.6393
 821.000       2.3997
 822.000       2.3737
 824.000       2.2598
 826.000       2.1794
 827.000       2.1919
 830.000       2.2343
 831.000       2.3321
 832.000       2.4760
 833.000       2.9606
 835.000       2.8182
 837.000       3.0725
 839.000       3.2492
 840.000       3.3121
 841.000       3.6761
 842.000       3.2803
 843.000       3.1559
 844.000       3.3298
 847.000       3.1756
 849.000       2.9246
 850.000       2.8082
 852.000       2.5691
 853.000       2.4827
 855.000       2.3441
 856.000       2.3398
 857.000       2.3292
 858.000       2.3008
 859.000       2.4841
 861.000       2.6268
 862.000       2.8519
 865.000       2.6409
 866.000       2.4901
 867.000       3.1723
 869.000       3.0393
 871.000       3.2822
 873.000       3.4949
 874.000       3.6368
 875.000       4.0124
 876.000       3.5759
 877.000       3.5134
 878.000       3.7053
 881.000       3.5972
 883.000       3.3061
 884.000       3.2428
 886.000       2.9995
 887.000       2.9325
 889.000       2.7909
 891.000       2.7081
 892.000       2.6533
 895.000       2.7836
 896.000       2.9292
 897.000       3.0803
 898.000       3.6560
 900.000       3.5038
 902.000       3.7665
 904.000       3.9832
 905.000       4.2081
 906.000       4.5421
 907.000       4.1733
 908.000       4.2544
 909.000       4.4699
 912.000       4.5856
 914.000       4.3245
 915.000       4.4800
 917.000       4.3040
 918.000       4.1546
 920.000       4.1363
 922.000       4.2870
 923.000       4.4064
 924.000       4.4107
 926.000       4.4259
 927.000       4.6358
 928.000       4.8110
 930.000       4.8006
 932.000       5.1035
 934.000       5.2153
 935.000       5.6392
 936.000       6.0793
 937.000       5.6555
 938.000       5.8452
 939.000       6.2318
 942.000       6.5167
 944.000       6.7331
 945.000       6.8590
 947.000       6.6763
 948.000       6.5152
 950.000       6.5391
 951.000       6.7226
 952.000       6.9370
 953.000       7.0017
 954.000       7.1991
 956.000       7.2759
 957.000       7.6212
 960.000       7.1061
 961.000       6.8146
 962.000       6.3986
 964.000       6.7671
 966.000       7.2909
 968.000       6.5835
 969.000       6.4522
 970.000       6.9211
 971.000       6.1424
 972.000       6.4040
 973.000       6.8198
 976.000       6.7770
 978.000       6.6991
 979.000       6.5172
 981.000       6.1852
 982.000       5.9227
 984.000       5.7199
 986.000       5.7911
 987.000       5.7369
 988.000       6.0538
 990.000       6.2492
 991.000       6.5573
 992.000       6.4414
 994.000       6.3904
 996.000       6.7760
 998.000       6.7022
 999.000       6.5070
1000.000       6.9677
1001.000       6.2003
1002.000       6.2887
1003.000       6.5886
1006.000       6.3559
1008.000       6.2147
1009.000       5.8740
1011.000       5.5721
1012.000       5.4395
1014.000       5.2440
1016.000       5.2025
1017.000       5.1224
1020.000       5.3599
1021.000       5.5363
1022.000       5.7628
1023.000       6.0145
1025.000       5.7723
1027.000       5.9902
1029.000       6.2494
1030.000       6.3508
1031.000       6.6898
1032.000       6.3104
1033.000       6.3856
1034.000       6.4226
1037.000       6.7535
1039.000       7.7088
1040.000       8.0143
1042.000       8.7387
1043.000       8.8077
1045.000       9.7023
1047.000      10.4804
1048.000      11.4397
1051.000      10.4205
1052.000       9.5806
1053.000       9.7351
1054.000       6.2803
1056.000       7.2392
1058.000       7.4164
1060.000       5.6587
1061.000       5.1281
1062.000       5.5906
1063.000       4.9957
1064.000       4.6156
1065.000       4.1980
1068.000       3.9955
1070.000       3.7680
1071.000       3.5714
1073.000       3.3042
1074.000       3.2561
1076.000       3.0769
1077.000       2.9785
1078.000       2.8482
1079.000       2.7952
1080.000       2.8869
1082.000       3.0501
1083.000       3.1613
1086.000       3.1830
1087.000       3.1287
1088.000       3.8088
1090.000       3.6349
1092.000       3.9091
1094.000       4.0763
1095.000       4.0594
1096.000       4.4436
1097.000       4.0452
1098.000       3.7188
1099.000       3.7991
1102.000       3.5043
1104.000       3.2695
1105.000       2.9932
1107.000       2.8139
1108.000       2.9408
1110.000       2.9114
1112.000       2.7492
1113.000       2.8507
1114.000       2.6084
1116.000       2.6366
1117.000       2.6285
1118.000       3.3410
1120.000       3.0530
1122.000       3.1859
1124.000       3.5811
1125.000       3.5572
1126.000       3.9492
1127.000       3.4422
1128.000       3.3287
1129.000       3.4456
1132.000       3.2611
1134.000       3.0413
1135.000       2.8134
1137.000       2.5240
1138.000       2.5163
1140.000       2.3035
1141.000       2.1499
1142.000       1.9961
1143.000       1.9521
1144.000       2.0271
1146.000       2.1762
1147.000       2.2893
1150.000       2.3194
1151.000       2.2964
1152.000       3.0890
1154.000       2.9044
1156.000       3.1445
1158.000       3.3288
1159.000       3.2637
1160.000       3.6089
1161.000       3.2509
1162.000       2.9426
1163.000       3.0240
1166.000       2.7775
1168.000       2.5978
1169.000       2.4036
1171.000       2.2389
1172.000       2.2989
1174.000       2.2749
1176.000       2.1868
1177.000       2.2852
1180.000       2.1569
1181.000       2.1769
1182.000       2.2851
1183.000       2.6201
1185.000       2.4722
1187.000       2.6663
1189.000       2.7824
1190.000       2.7618
1191.000       2.9989
1192.000       2.8208
1193.000       2.5309
1194.000       2.5576
1197.000       2.4248
1199.000       2.3100
1200.000       2.2452
1202.000       2.1435
1203.000       2.1436
1205.000       2.1098
1207.000       2.0666
1208.000       2.0904
1211.000       2.0932
1212.000       2.1336
1213.000       2.2397
1214.000       2.4040
1216.000       2.3613
1218.000       2.5228
1220.000       2.5368
1221.000       2.6019
1222.000       2.8295
1223.000       2.6506
1224.000       2.4696
1225.000       2.5400
1228.000       2.4777
1230.000       2.3692
1231.000       2.3284
1233.000       2.2145
1234.000       2.1960
1236.000       2.1549
1237.000       2.1374
1238.000       2.1703
1239.000       2.2020
1242.000       2.2647
1243.000       2.3246
1245.000       2.2974
1246.000       2.1907
1247.000       2.4614
1249.000       2.4221
1251.000       2.5810
1253.000       2.6139
1254.000       2.6677
1255.000       2.8932
1256.000       2.7119
1257.000       2.5474
1258.000       2.5976
1261.000       2.5399
1263.000       2.5375
1264.000       2.5964
1266.000       2.4701
1267.000       2.4732
1269.000       2.4938
1270.000       2.4915
1271.000       2.6157
1272.000       2.7429
1273.000       2.7092
1275.000       2.7056
1276.000       2.9056
1279.000       2.6032
1280.000       2.4827
1281.000       2.4947
1283.000       2.7228
1285.000       3.4677
1287.000       2.7358
1288.000       2.3572
1289.000       2.9912
1290.000       2.2869
1291.000       2.0597
1292.000       2.4998
1295.000       2.6301
1297.000       2.9574
1298.000       3.1118
1300.000       2.8881
1301.000       2.4875
1303.000       2.7706
1304.000       3.4238
1305.000       4.2913
1306.000       4.5789
1309.000       5.1177
1310.000       5.1410
1312.000       4.4407
1313.000       3.5436
1314.000       2.2295
1316.000       2.9222
1318.000       3.5863
1320.000       2.1688
1321.000       1.7981
1322.000       1.7564
1323.000       1.6950
1324.000       2.1059
1325.000       2.4568
1328.000       1.9019
1330.000       1.9976
1331.000       1.7980
1333.000       1.8854
1334.000       1.9849
1336.000       2.1089
1338.000       2.1322
1339.000       2.2738
1340.000       2.0432
1342.000       1.9316
1343.000       1.9370
1344.000       1.5553
1346.000       1.6815
1348.000       1.9187
1350.000       1.7267
1351.000       1.9644
1352.000       2.5493
1353.000       2.2877
1354.000       1.8496
1355.000       2.0623
1358.000       2.0424
1360.000       1.9777
1361.000       1.9094
1363.000       1.7764
1364.000       1.7474
1366.000       1.6632
1367.000       1.6415
1368.000       1.6200
1369.000       1.6094
1370.000       1.6886
1372.000       1.7680
1373.000       1.8807
1376.000       1.7911
1377.000       1.7223
1378.000       1.9810
1380.000       1.9781
1382.000       2.1738
1384.000       2.1628
1385.000       2.1799
1386.000       2.4234
1387.000       2.0701
1388.000       2.1375
1389.000       2.3022
1392.000       2.2836
1394.000       2.1844
1395.000       2.1096
1397.000       1.9150
1398.000       1.8231
1400.000       1.6858
1401.000       1.6848
1402.000       1.6205
1403.000       1.5445
1404.000       1.7268
1406.000       1.8762
1407.000       2.0128
1410.000       1.9383
1411.000       1.8340
1412.000       2.2284
1414.000       2.2085
1416.000       2.4228
1418.000       2.4031
1419.000       2.3931
1420.000       2.6547
1421.000       2.2725
1422.000       2.3154
1423.000       2.4895
1426.000       2.4409
1428.000       2.2879
1429.000       2.1996
1431.000       1.9727
1432.000       1.8710
1434.000       1.6978
1435.000       1.6846
1436.000       1.5772
1437.000       1.4650
1438.000       1.6792
1440.000       1.8533
1441.000       1.9743
1444.000       1.9543
1445.000       1.8617
1446.000       2.3798
1448.000       2.3258
1450.000       2.5439
1452.000       2.5791
1453.000       2.5665
1454.000       2.8453
1455.000       2.4203
1456.000       2.4692
1457.000       2.6910
1460.000       2.5855
1462.000       2.3690
1463.000       2.2241
1465.000       1.9771
1466.000       1.8995
1468.000       1.7108
1469.000       1.6578
1470.000       1.5212
1471.000       1.4151
1472.000       1.5924
1474.000       1.7629
1475.000       1.8563
1478.000       1.8869
1479.000       1.8285
1480.000       2.5128
1482.000       2.3643
1484.000       2.5724
1486.000       2.7827
1487.000       2.9353
1488.000       3.1653
1489.000       3.0069
1490.000       2.8619
1491.000       3.2280
1494.000       3.2123
1496.000       3.4450
1497.000       3.4081
1499.000       3.6766
1500.000       3.7873
1502.000       4.1385
1504.000       4.3932
1505.000       4.8071
1508.000       4.3177
1509.000       3.9538
1510.000       3.9701
1511.000       3.0730
1513.000       3.1512
1515.000       3.1516
1517.000       3.0692
1518.000       3.0299
1519.000       3.2164
1520.000       3.1625
1521.000       2.7836
1522.000       2.6958
1525.000       2.5679
1527.000       2.7247
1528.000       2.7535
1530.000       2.9575
1531.000       2.9551
1533.000       3.2144
1534.000       3.4296
1535.000       3.8400
1536.000       4.0905
1539.000       4.0804
1540.000       3.9113
1542.000       3.5143
1543.000       3.2836
1544.000       2.4506
1546.000       2.6405
1548.000       2.7054
1550.000       2.3957
1551.000       2.1292
1552.000       2.2979
1553.000       2.1283
1554.000       2.0092
1555.000       2.0337
1558.000       2.0796
1560.000       2.3486
1561.000       2.1495
1563.000       2.2011
1564.000       2.0793
1566.000       2.4356
1567.000       2.7498
1568.000       3.2763
1569.000       3.6014
1572.000       3.5881
1573.000       3.4517
1575.000       3.0238
1576.000       2.6329
1577.000       1.8096
1579.000       1.8173
1581.000       2.1594
1583.000       1.8808
1584.000       1.6837
1585.000       1.8982
1586.000       1.5973
1587.000       1.6913
1588.000       1.7009
1591.000       1.8052
1593.000       2.0779
1594.000       2.1316
1596.000       2.2466
1597.000       2.3213
1599.000       2.4802
1601.000       2.5760
1602.000       2.7494
1603.000       2.5062
1605.000       2.3525
1606.000       2.3665
1607.000       1.7558
1609.000       1.9890
1611.000       2.0785
1613.000       1.6268
1614.000       1.6516
1615.000       1.9050
1616.000       1.6413
1617.000       1.6759
1618.000       1.7882
1621.000       1.9127
1623.000       1.9917
1624.000       2.0438
1626.000       2.1033
1627.000       2.0444
1629.000       2.1681
1631.000       2.3738
1632.000       2.5685
1633.000       2.4130
1635.000       2.2899
1636.000       2.4052
1637.000       1.8897
1639.000       1.9492
1641.000       2.0938
1643.000       2.0557
1644.000       2.1565
1645.000       2.4129
1646.000       2.1874
1647.000       2.0450
1648.000       2.0996
1651.000       2.0480
1653.000       1.9505
1654.000       1.8927
1656.000       1.7358
1657.000       1.6910
1659.000       1.5748
1661.000       1.5068
1662.000       1.4301
1665.000       1.5769
1666.000       1.6916
1667.000       1.8034
1668.000       2.0782
1670.000       2.0285
1672.000       2.1761
1674.000       2.2656
1675.000       2.3512
1676.000       2.6436
1677.000       2.2917
1678.000       2.2734
1679.000       2.3987
1682.000       2.3441
1684.000       2.1770
1685.000       2.1042
1687.000       1.8962
1688.000       1.8361
1690.000       1.6794
1692.000       1.5797
1693.000       1.4714
1696.000       1.6622
1697.000       1.8219
1698.000       1.9498
1699.000       2.3179
1701.000       2.2500
1703.000       2.4640
1705.000       2.5340
1706.000       2.5732
1707.000       2.8305
1708.000       2.4947
1709.000       2.4811
1710.000       2.6280
1713.000       2.5455
1715.000       2.3866
1716.000       2.2745
1718.000       2.0676
1719.000       2.0234
1721.000       1.8652
1723.000       1.7388
1724.000       1.6282
1727.000       1.7916
1728.000       1.9586
1729.000       2.0602
1730.000       2.4767
1732.000       2.3813
1734.000       2.5690
1736.000       2.6573
1737.000       2.6529
1738.000       2.8859
1739.000       2.5985
1740.000       2.5149
1741.000       2.6101
1744.000       2.4957
1746.000       2.3423
1747.000       2.2108
1749.000       2.0425
1750.000       2.0445
1752.000       1.9310
1754.000       1.8034
1755.000       1.7326
1758.000       1.8020
1759.000       1.9210
1760.000       1.9660
1761.000       2.4272
1763.000       2.3099
1765.000       2.4421
1767.000       2.5907
1768.000       2.6133
1769.000       2.8413
1770.000       2.5999
1771.000       2.4612
1772.000       2.5110
1775.000       2.3886
1777.000       2.2524
1778.000       2.1522
1780.000       2.0571
1781.000       2.0826
1783.000       2.0309
1784.000       1.9619
1785.000       1.9430
1786.000       1.9826
1787.000       1.9471
1789.000       1.9653
1790.000       2.0321
1793.000       1.9856
1794.000       1.9793
1795.000       2.3473
1797.000       2.2408
1799.000       2.3314
1801.000       2.4756
1802.000       2.5065
1803.000       2.6696
1804.000       2.5191
1805.000       2.4044
1806.000       2.4355
1809.000       2.3695
1811.000       2.2519
1812.000       2.2017
1814.000       2.0948
1815.000       2.1027
1817.000       2.0259
1819.000       1.9367
1820.000       1.9001
1821.000       1.9535
1823.000       2.0317
1824.000       2.0896
1825.000       2.3796
1827.000       2.3108
1829.000       2.4242
1831.000       2.5120
1832.000       2.5980
1833.000       2.7138
1834.000       2.6507
1835.000       2.5745
1836.000       2.6059
1839.000       2.6084
1841.000       2.5258
1842.000       2.5608
1844.000       2.5140
1845.000       2.5031
1847.000       2.5147
1849.000       2.5278
1850.000       2.5845
1853.000       2.5508
1854.000       2.5476
1855.000       2.6355
1856.000       2.6705
1858.000       2.6810
1860.000       2.7991
1862.000       2.7968
1863.000       2.8530
1864.000       3.0732
1865.000       2.8009
1866.000       2.7871
1867.000       2.8979
1870.000       2.8408
1872.000       2.7282
1873.000       2.6606
1875.000       2.5042
1876.000       2.4570
1878.000       2.3523
1879.000       2.3260
1880.000       2.2708
1881.000       2.2325
1882.000       2.3208
1884.000       2.4151
1885.000       2.4998
1888.000       2.4766
1889.000       2.4226
1890.000       2.7968
1892.000       2.7541
1894.000       2.9254
1896.000       2.9606
1897.000       2.9773
1898.000       3.2145
1899.000       2.9262
1900.000       2.8607
1901.000       2.9559
1904.000       2.8419
1906.000       2.6989
1907.000       2.5803
1909.000       2.4346
1910.000       2.4535
1912.000       2.3649
1914.000       2.2541
1915.000       2.2170
1918.000       2.2430
1919.000       2.3285
1920.000       2.3645
1921.000       2.7975
1923.000       2.6858
1925.000       2.8023
1927.000       2.9621
1928.000       2.9764
1929.000       3.2548
1930.000       2.9835
1931.000       2.7329
1932.000       2.7687
1935.000       2.5691
1937.000       2.4072
1938.000       2.2474
1940.000       2.1525
1941.000       2.2417
1943.000       2.1890
1944.000       2.0534
1945.000       2.0205
1946.000       2.0956
1947.000       1.9776
1949.000       1.9656
1950.000       2.0143
1953.000       1.9935
1954.000       2.0349
1955.000       2.5139
1957.000       2.3466
1959.000       2.4363
1961.000       2.6861
1962.000       2.7579
1963.000       2.9978
1964.000       2.8126
1965.000       2.5916
1966.000       2.6275
1969.000       2.5325
1971.000       2.3489
1972.000       2.3296
1974.000       2.2585
1975.000       2.2763
1977.000       2.2898
1978.000       2.2718
1979.000       2.3511
1980.000       2.4408
1981.000       2.4115
1983.000       2.4088
1984.000       2.5560
1987.000       2.3411
1988.000       2.2636
1989.000       2.6052
1991.000       2.5266
1993.000       2.6614
1995.000       2.8250
1996.000       3.0032
1997.000       3.2494
1998.000       3.0551
1999.000       3.0503
2000.000       3.2492
2003.000       3.2266
2005.000       3.0272
2006.000       3.0526
2008.000       2.9401
2009.000       2.8720
2011.000       2.8676
2012.000       2.9183
2013.000       3.0035
2014.000       3.0529
2017.000       3.1215
2018.000       3.1621
2020.000       3.1044
2021.000       2.9699
2022.000       3.3609
2024.000       3.3189
2026.000       3.4986
2028.000       3.6290
2029.000       3.8463
2030.000       4.1440
2031.000       3.8025
2032.000       3.8759
2033.000       4.0481
2036.000       4.0862
2038.000       3.8269
2039.000       3.8785
2041.000       3.7154
2042.000       3.5899
2044.000       3.5389
2045.000       3.6302
2046.000       3.7023
2047.000       3.7125
2048.000       3.8545
2050.000       3.9359
2051.000       4.1295
2054.000       3.8941
2055.000       3.7334
2056.000       4.2662
2058.000       4.2131
2060.000       4.4278
2062.000       4.6042
2063.000       4.8606
2064.000       5.2519
2065.000       4.8537
2066.000       4.7981
2067.000       4.9661
2070.000       4.9471
2072.000       4.6630
2073.000       4.7113
2075.000       4.5323
2076.000       4.4042
2078.000       4.3424
2080.000       4.4307
2081.000       4.4973
2084.000       4.5672
2085.000       4.6093
2086.000       4.8167
2087.000       5.0953
2089.000       5.0408
2091.000       5.2906
2093.000       5.4436
2094.000       5.6649
2095.000       5.9681
2096.000       5.7556
2097.000       5.6345
2098.000       5.7639
2101.000       5.8559
2103.000       5.6303
2104.000       5.8321
2106.000       5.7355
2107.000       5.5874
2109.000       5.6488
2111.000       5.8524
2112.000       6.0342
2115.000       6.0215
2116.000       5.9696
2117.000       6.2684
2118.000       6.1123
2120.000       6.1673
2122.000       6.4540
2124.000       6.4582
2125.000       6.9109
2126.000       7.3423
2127.000       7.2759
2128.000       6.8486
2129.000       6.9709
2132.000       7.1777
2134.000       7.2398
2135.000       7.4906
2137.000       7.5080
2138.000       7.5025
2140.000       7.8263
2141.000       8.0015
2142.000       8.5186
2143.000       8.9200
2146.000       8.8595
2147.000       8.7449
2149.000       8.2819
2150.000       7.8642
2151.000       7.4888
2153.000       7.6995
2155.000       8.2410
2157.000       7.9430
