   2.000       3.3866
   3.000       3.4632
   6.000       3.2819
   8.000       3.2743
   9.000       3.0411
  11.000       2.8609
  12.000       2.9158
  14.000       2.7523
  15.000       2.5672
  16.000       2.3673
  17.000       2.3024
  18.000       2.2929
  20.000       2.4051
  21.000       2.3790
  24.000       2.5816
  25.000       2.6483
  26.000       2.9896
  28.000       2.9197
  30.000       3.0771
  32.000       3.0121
  33.000       2.8380
  34.000       2.9897
  35.000       2.8215
  36.000       2.6100
  37.000       2.6415
  40.000       2.4569
  42.000       2.4272
  43.000       2.2176
  45.000       2.1019
  46.000       2.1933
  48.000       2.1371
  50.000       1.9607
  51.000       1.9402
  54.000       1.8733
  55.000       1.9510
  56.000       1.9411
  57.000       2.2351
  59.000       2.1233
  61.000       2.2218
  63.000       2.2703
  64.000       2.1397
  65.000       2.3105
  66.000       2.1499
  67.000       1.9730
  68.000       1.8945
  71.000       1.7576
  73.000       1.7139
  74.000       1.5632
  76.000       1.4548
  77.000       1.5052
  79.000       1.4335
  80.000       1.3180
  81.000       1.2481
  82.000       1.2783
  83.000       1.2065
  85.000       1.2364
  86.000       1.2521
  89.000       1.3088
  90.000       1.3387
  91.000       1.5867
  93.000       1.5301
  95.000       1.6736
  97.000       1.6669
  98.000       1.6042
  99.000       1.7854
 100.000       1.5927
 101.000       1.4574
 102.000       1.5147
 105.000       1.4002
 107.000       1.3092
 108.000       1.2162
 110.000       1.1177
 111.000       1.1301
 113.000       1.0878
 115.000       1.0391
 116.000       1.0686
 119.000       1.0374
 120.000       1.0729
 121.000       1.1268
 122.000       1.3359
 124.000       1.2601
 126.000       1.3695
 128.000       1.4512
 129.000       1.4805
 130.000       1.6527
 131.000       1.5308
 132.000       1.3501
 133.000       1.3535
 136.000       1.2561
 138.000       1.1458
 139.000       1.0878
 141.000       1.0439
 142.000       1.1321
 144.000       1.1290
 145.000       1.0197
 146.000       1.0179
 147.000       1.1242
 150.000       0.9907
 151.000       0.9682
 153.000       0.9618
 154.000       0.9772
 155.000       1.2862
 157.000       1.1949
 159.000       1.2020
 161.000       1.3095
 162.000       1.4437
 163.000       1.5669
 164.000       1.5332
 165.000       1.4147
 166.000       1.5347
 169.000       1.5292
 171.000       1.4527
 172.000       1.4000
 174.000       1.2546
 175.000       1.1998
 177.000       1.1066
 179.000       1.0656
 180.000       1.0244
 183.000       1.1350
 184.000       1.2271
 185.000       1.3278
 186.000       1.5210
 188.000       1.4978
 190.000       1.6530
 192.000       1.6729
 193.000       1.7535
 194.000       1.9928
 195.000       1.8349
 196.000       1.6345
 197.000       1.6693
 200.000       1.5572
 202.000       1.4383
 203.000       1.3344
 205.000       1.2482
 206.000       1.2986
 208.000       1.2599
 210.000       1.1664
 211.000       1.1890
 212.000       1.1238
 214.000       1.1630
 215.000       1.1807
 216.000       1.5236
 218.000       1.4002
 220.000       1.4652
 222.000       1.6524
 223.000       1.6970
 224.000       1.8934
 225.000       1.7200
 226.000       1.5862
 227.000       1.6180
 230.000       1.5409
 232.000       1.4178
 233.000       1.3787
 235.000       1.2829
 236.000       1.3025
 238.000       1.2504
 239.000       1.1859
 240.000       1.1698
 241.000       1.2098
 242.000       1.1766
 244.000       1.1933
 245.000       1.2480
 248.000       1.2160
 249.000       1.2071
 250.000       1.5907
 252.000       1.4972
 254.000       1.5770
 256.000       1.6662
 257.000       1.7774
 258.000       1.9189
 259.000       1.9579
 260.000       1.7087
 261.000       1.7455
 264.000       1.6884
 266.000       1.5922
 267.000       1.5272
 269.000       1.4201
 270.000       1.3987
 272.000       1.3259
 273.000       1.2885
 274.000       1.2453
 275.000       1.2332
 276.000       1.2805
 278.000       1.3523
 279.000       1.4291
 282.000       1.3962
 283.000       1.3562
 284.000       1.6990
 286.000       1.6297
 288.000       1.7304
 290.000       1.8452
 291.000       1.9220
 292.000       2.0971
 293.000       1.9556
 294.000       1.8426
 295.000       1.8790
 298.000       1.8162
 300.000       1.7229
 301.000       1.6525
 303.000       1.5425
 304.000       1.5534
 306.000       1.4969
 308.000       1.4163
 309.000       1.4072
 312.000       1.4047
 313.000       1.4723
 314.000       1.5181
 315.000       1.8335
 317.000       1.7784
 319.000       1.8823
 321.000       1.9582
 322.000       2.0092
 323.000       2.2033
 324.000       2.0346
 325.000       1.8864
 326.000       1.9202
 329.000       1.8222
 331.000       1.7329
 332.000       1.6427
 334.000       1.5602
 335.000       1.5921
 337.000       1.5235
 338.000       1.4332
 339.000       1.3540
 340.000       1.3509
 341.000       1.3176
 343.000       1.3561
 344.000       1.3528
 347.000       1.4326
 348.000       1.4622
 349.000       1.7875
 351.000       1.6996
 353.000       1.7701
 355.000       1.8880
 356.000       1.9053
 357.000       2.0629
 358.000       1.9373
 359.000       1.7774
 360.000       1.7878
 363.000       1.6742
 365.000       1.5973
 366.000       1.5051
 368.000       1.4567
 369.000       1.5173
 371.000       1.5044
 373.000       1.4254
 374.000       1.4424
 377.000       1.3702
 378.000       1.3847
 379.000       1.3740
 380.000       1.6317
 382.000       1.5380
 384.000       1.5826
 386.000       1.7150
 387.000       1.7409
 388.000       1.9214
 389.000       1.8572
 390.000       1.5644
 391.000       1.5512
 394.000       1.4608
 396.000       1.4229
 397.000       1.4443
 399.000       1.4933
 400.000       1.5345
 402.000       1.7025
 404.000       1.8382
 405.000       2.0697
 406.000       1.7986
 408.000       1.6417
 409.000       1.7438
 410.000       1.4566
 412.000       1.4828
 414.000       1.5897
 416.000       1.5188
 417.000       1.5933
 418.000       1.6653
 419.000       1.7853
 420.000       1.6089
 421.000       1.6404
 424.000       1.5500
 426.000       1.5622
 427.000       1.4741
 429.000       1.3988
 430.000       1.4187
 432.000       1.3771
 433.000       1.3162
 434.000       1.2771
 435.000       1.2961
 436.000       1.2589
 438.000       1.2876
 439.000       1.3081
 442.000       1.3336
 443.000       1.3365
 444.000       1.4154
 446.000       1.4343
 448.000       1.5837
 450.000       1.4656
 451.000       1.4807
 452.000       1.6486
 453.000       1.5030
 454.000       1.4290
 455.000       1.5051
 458.000       1.4599
 460.000       1.4264
 461.000       1.3635
 463.000       1.2909
 464.000       1.3005
 466.000       1.2847
 468.000       1.2547
 469.000       1.2881
 472.000       1.2462
 473.000       1.2629
 474.000       1.3018
 475.000       1.4012
 477.000       1.3805
 479.000       1.5060
 481.000       1.5115
 482.000       1.5055
 483.000       1.9456
 484.000       1.6680
 485.000       1.4326
 486.000       1.4630
 489.000       1.3762
 491.000       1.3410
 492.000       1.2245
 494.000       1.1152
 495.000       1.1266
 497.000       1.0872
 498.000       1.0530
 499.000       1.0964
 500.000       1.1801
 501.000       1.1183
 503.000       1.1037
 504.000       1.1799
 507.000       1.0883
 508.000       1.0603
 509.000       1.2620
 511.000       1.2355
 513.000       1.4092
 515.000       1.3885
 516.000       1.4233
 517.000       1.6680
 518.000       1.4124
 519.000       1.3503
 520.000       1.4595
 523.000       1.4101
 525.000       1.2809
 526.000       1.2514
 528.000       1.1463
 529.000       1.1099
 531.000       1.0855
 533.000       1.1264
 534.000       1.2040
 537.000       1.1845
 538.000       1.1816
 539.000       1.2931
 540.000       1.4412
 542.000       1.4078
 544.000       1.5860
 546.000       1.6560
 547.000       1.7931
 548.000       2.0612
 549.000       1.7586
 550.000       1.7795
 551.000       1.9150
 554.000       1.9228
 556.000       1.7508
 557.000       1.7846
 559.000       1.6481
 560.000       1.5373
 562.000       1.4652
 564.000       1.5262
 565.000       1.5390
 568.000       1.6493
 569.000       1.7001
 570.000       1.8557
 571.000       2.0225
 573.000       2.0056
 575.000       2.1919
 577.000       2.2769
 578.000       2.4373
 579.000       2.7369
 580.000       2.3653
 581.000       2.4248
 582.000       2.5882
 585.000       2.5924
 587.000       2.3689
 588.000       2.3901
 590.000       2.2104
 591.000       2.1050
 593.000       2.0029
 595.000       2.0146
 596.000       2.0071
 597.000       2.1287
 599.000       2.2255
 600.000       2.3806
 601.000       2.7004
 603.000       2.6392
 605.000       2.8789
 607.000       3.0253
 608.000       3.2514
 609.000       3.6219
 610.000       3.1656
 611.000       3.3531
 612.000       3.5626
 615.000       3.7364
 617.000       3.8681
 618.000       3.8520
 620.000       3.8864
 621.000       3.7418
 623.000       3.8641
 625.000       4.1539
 626.000       4.3607
 627.000       4.2997
 629.000       4.1833
 630.000       4.4293
 631.000       3.6292
 633.000       3.6078
 635.000       3.7085
 637.000       3.8694
 638.000       3.9565
 639.000       4.2853
 640.000       3.9425
 641.000       3.7538
 642.000       3.8043
 645.000       3.6502
 647.000       3.3592
 648.000       3.2734
 650.000       3.0730
 651.000       3.1125
 653.000       3.0004
 655.000       2.8344
 656.000       2.7968
 659.000       2.8033
 660.000       2.9227
 661.000       2.9715
 662.000       3.7506
 664.000       3.5341
 666.000       3.5902
 668.000       3.8029
 669.000       4.1275
 670.000       4.4568
 671.000       4.1952
 672.000       4.0564
 673.000       3.8202
 676.000       3.8606
 678.000       3.9395
 679.000       3.7852
 681.000       3.5620
 682.000       3.6719
 684.000       3.5102
 685.000       3.2411
 686.000       3.0098
 687.000       3.0263
 688.000       2.8191
 690.000       2.8869
 691.000       2.7796
 694.000       3.1216
 695.000       3.2762
 696.000       3.6020
 698.000       3.6446
 700.000       3.9653
 702.000       3.7470
 703.000       3.6075
 704.000       3.8169
 705.000       3.9463
 706.000       3.2678
 707.000       3.2311
 710.000       3.0743
 712.000       2.9901
 713.000       2.7670
 715.000       2.5575
 716.000       2.5531
 718.000       2.3572
 719.000       2.2180
 720.000       2.0090
 721.000       1.8930
 722.000       1.9890
 724.000       2.1484
 725.000       2.1573
 728.000       2.3329
 729.000       2.3538
 730.000       2.8672
 732.000       2.7436
 734.000       2.9047
 736.000       2.9730
 737.000       2.8583
 738.000       3.0649
 739.000       2.8173
 740.000       2.6356
 741.000       2.6992
 744.000       2.5083
 746.000       2.4047
 747.000       2.1832
 749.000       2.0271
 750.000       2.0972
 752.000       1.9633
 753.000       1.7746
 754.000       1.5927
 755.000       1.5663
 756.000       1.4853
 758.000       1.5645
 759.000       1.5230
 762.000       1.7337
 763.000       1.8220
 764.000       2.3388
 766.000       2.1758
 768.000       2.2893
 770.000       2.4484
 771.000       2.3950
 772.000       2.5988
 773.000       2.4368
 774.000       2.1533
 775.000       2.1610
 778.000       1.9423
 780.000       1.8031
 781.000       1.6208
 783.000       1.5436
 784.000       1.6921
 786.000       1.6990
 788.000       1.5253
 789.000       1.5655
 792.000       1.3753
 793.000       1.3945
 794.000       1.3468
 795.000       1.8706
 797.000       1.8020
 799.000       2.2078
 801.000       2.0556
 802.000       2.1335
 803.000       2.4822
 804.000       2.2506
 805.000       1.8326
 806.000       1.8617
 809.000       1.6627
 811.000       1.5192
 812.000       1.5240
 814.000       1.4472
 815.000       1.5375
 817.000       1.4917
 818.000       1.3590
 819.000       1.2985
 820.000       1.3314
 821.000       1.2494
 823.000       1.2576
 824.000       1.2712
 827.000       1.3035
 828.000       1.3474
 829.000       1.6587
 831.000       1.8004
 833.000       2.2831
 835.000       1.6575
 836.000       1.7485
 837.000       2.0220
 838.000       1.9387
 839.000       1.5181
 840.000       1.5233
 843.000       1.3965
 845.000       1.3544
 846.000       1.2899
 848.000       1.2443
 849.000       1.3055
 851.000       1.3283
 853.000       1.2717
 854.000       1.3320
 857.000       1.2204
 858.000       1.2125
 859.000       1.2496
 860.000       1.3471
 862.000       1.3548
 864.000       1.5458
 866.000       1.4727
 867.000       1.4928
 868.000       1.7968
 869.000       1.6720
 870.000       1.5573
 871.000       1.9008
 874.000       2.1448
 876.000       2.4326
 877.000       2.4917
 879.000       2.7261
 880.000       2.6818
 882.000       3.1509
 884.000       3.6184
 885.000       4.1723
 888.000       3.6645
 889.000       3.2435
 890.000       3.4828
 891.000       1.8918
 893.000       2.1055
 895.000       2.4876
 897.000       2.1811
 898.000       2.3121
 899.000       2.8915
 900.000       2.4801
 901.000       1.9593
 902.000       2.1011
 905.000       1.8771
 907.000       1.7570
 908.000       1.7730
 910.000       1.9361
 911.000       2.0539
 913.000       2.4348
 914.000       2.6247
 915.000       3.2269
 916.000       3.6618
 919.000       3.5487
 920.000       3.2962
 922.000       2.7172
 923.000       2.3626
 924.000       1.8683
 926.000       1.8108
 928.000       2.1219
 930.000       2.0551
 931.000       2.2444
 932.000       2.6057
 933.000       2.3085
 934.000       2.1742
 935.000       2.2380
 938.000       2.1261
 940.000       2.1056
 941.000       1.9408
 943.000       1.8149
 944.000       1.8465
 946.000       1.8115
 947.000       1.7424
 948.000       1.7898
 949.000       1.8663
 952.000       1.8979
 953.000       1.9514
 955.000       1.8947
 956.000       1.7747
 957.000       2.0053
 959.000       1.9264
 961.000       2.0579
 963.000       2.1464
 964.000       2.1830
 965.000       2.4446
 966.000       2.2133
 967.000       2.0417
 968.000       2.1083
 971.000       2.0217
 973.000       1.9704
 974.000       1.8610
 976.000       1.8146
 977.000       1.9549
 979.000       2.0810
 981.000       2.0828
 982.000       2.3244
 983.000       1.9736
 985.000       1.8453
 986.000       1.9531
 987.000       1.9769
 989.000       2.0408
 991.000       2.3890
 993.000       2.1746
 994.000       2.2629
 995.000       2.6484
 996.000       2.4930
 997.000       1.9643
 998.000       2.0698
1001.000       1.9095
1003.000       1.8520
1004.000       1.7394
1006.000       1.6318
1007.000       1.6428
1009.000       1.6636
1011.000       1.6758
1012.000       1.7973
1015.000       1.6869
1016.000       1.6630
1017.000       1.7854
1018.000       1.7416
1020.000       1.7353
1022.000       1.9827
1024.000       1.8642
1025.000       1.8227
1026.000       2.0286
1027.000       1.8666
1028.000       1.6711
1029.000       1.7300
1032.000       1.6272
1034.000       1.5561
1035.000       1.4519
1037.000       1.3640
1038.000       1.3972
1040.000       1.4216
1041.000       1.3924
1042.000       1.5011
1043.000       1.6312
1044.000       1.5613
1046.000       1.5374
1047.000       1.7197
1050.000       1.4495
1051.000       1.3627
1052.000       1.5429
1054.000       1.4844
1056.000       1.6486
1058.000       1.6655
1059.000       1.6721
1060.000       1.8842
1061.000       1.7084
1062.000       1.5474
1063.000       1.6049
1066.000       1.5502
1068.000       1.4656
1069.000       1.3841
1071.000       1.3144
1072.000       1.3671
1074.000       1.4003
1076.000       1.3864
1077.000       1.4932
1078.000       1.3492
1080.000       1.3136
1081.000       1.3865
1082.000       1.5492
1084.000       1.3999
1086.000       1.5258
1088.000       1.7865
1089.000       2.0118
1090.000       2.4389
1091.000       2.2703
1092.000       1.7268
1093.000       1.6521
1096.000       1.5079
1098.000       1.5603
1099.000       1.5721
1101.000       1.7461
1102.000       1.9059
1104.000       2.1640
1105.000       2.1761
1106.000       2.4716
1107.000       2.7910
1110.000       2.5384
1111.000       2.3261
1113.000       2.0260
1114.000       1.9437
1115.000       1.3935
1117.000       1.4783
1119.000       1.5800
1121.000       1.3824
1122.000       1.3228
1123.000       1.4199
1124.000       1.3781
1125.000       1.2345
1126.000       1.2538
1129.000       1.2233
1131.000       1.2662
1132.000       1.2289
1134.000       1.2178
1135.000       1.2521
1137.000       1.2770
1138.000       1.2468
1139.000       1.2842
1140.000       1.3551
1141.000       1.2763
1143.000       1.2496
1144.000       1.2851
1147.000       1.2234
1148.000       1.2162
1149.000       1.1594
1151.000       1.1858
1153.000       1.2794
1155.000       1.1932
1156.000       1.1902
1157.000       1.3095
1158.000       1.2278
1159.000       1.1464
1160.000       1.1934
1163.000       1.1844
1165.000       1.1917
1166.000       1.1796
1168.000       1.1466
1169.000       1.1350
1171.000       1.1622
1173.000       1.1927
1174.000       1.2617
1177.000       1.2067
1178.000       1.1882
1179.000       1.2572
1180.000       1.1524
1182.000       1.1944
1184.000       1.3367
1186.000       1.2248
1187.000       1.2551
1188.000       1.4166
1189.000       1.3377
1190.000       1.1931
1191.000       1.1982
1194.000       1.2291
1196.000       1.2457
1197.000       1.2580
1199.000       1.1978
1200.000       1.1642
1202.000       1.1732
1203.000       1.2061
1204.000       1.2664
1205.000       1.3084
1206.000       1.3299
1208.000       1.3472
1209.000       1.4455
1212.000       1.3080
1213.000       1.2265
1214.000       1.2303
1216.000       1.3029
1218.000       1.4771
1220.000       1.3467
1221.000       1.3841
1222.000       1.6268
1223.000       1.4070
1224.000       1.2735
1225.000       1.3632
1228.000       1.3010
1230.000       1.2308
1231.000       1.1881
1233.000       1.1004
1234.000       1.0733
1236.000       1.0850
1238.000       1.1263
1239.000       1.2271
1240.000       1.1585
1242.000       1.1469
1243.000       1.2568
1244.000       1.2641
1246.000       1.2320
1248.000       1.3987
1250.000       1.4369
1251.000       1.4692
1252.000       1.7935
1253.000       1.5650
1254.000       1.3296
1255.000       1.3688
1258.000       1.1551
1260.000       1.1336
1261.000       1.0444
1263.000       1.0650
1264.000       1.2259
1266.000       1.3044
1267.000       1.1683
1268.000       1.2246
1269.000       1.4045
1270.000       1.1344
1272.000       1.0340
1273.000       1.0673
1276.000       0.9898
1277.000       1.0383
1278.000       1.1257
1280.000       1.0980
1282.000       1.2229
1284.000       1.2313
1285.000       1.3398
1286.000       1.6030
1287.000       1.7515
1288.000       1.2771
1289.000       1.3182
1292.000       1.2797
1294.000       1.2274
1295.000       1.2000
1297.000       1.0759
1298.000       1.0477
1300.000       1.0161
1302.000       1.0313
1303.000       1.0894
1304.000       1.0793
1306.000       1.0968
1307.000       1.2116
1308.000       1.2732
1310.000       1.2767
1312.000       1.5112
1314.000       1.3807
1315.000       1.4993
1316.000       1.6627
1317.000       1.5729
1318.000       1.5492
1319.000       1.6743
1322.000       1.7474
1324.000       1.7379
1325.000       1.7816
1327.000       1.6863
1328.000       1.5597
1330.000       1.5191
1332.000       1.6189
1333.000       1.6368
1336.000       1.7500
1337.000       1.7822
1338.000       1.9406
1339.000       1.7406
1341.000       1.8304
1343.000       2.0059
1345.000       1.8281
1346.000       1.8134
1347.000       1.9700
1348.000       1.7883
1349.000       1.7787
1350.000       1.8636
1353.000       1.8273
1355.000       1.7937
1356.000       1.6957
1358.000       1.5367
1359.000       1.4851
1361.000       1.3534
1362.000       1.3136
1363.000       1.2129
1364.000       1.1359
1365.000       1.2584
1367.000       1.3828
1368.000       1.4471
1371.000       1.4798
1372.000       1.4342
1373.000       1.7378
1375.000       1.7188
1377.000       1.8662
1379.000       1.8210
1380.000       1.7648
1381.000       1.9194
1382.000       1.7535
1383.000       1.6482
1384.000       1.7108
1387.000       1.6224
1389.000       1.5592
1390.000       1.4370
1392.000       1.3228
1393.000       1.3497
1395.000       1.2675
1396.000       1.1732
1397.000       1.0932
1398.000       1.0991
1399.000       1.0710
1401.000       1.1227
1402.000       1.1482
1405.000       1.1994
1406.000       1.2144
1407.000       1.5413
1409.000       1.4685
1411.000       1.5819
1413.000       1.6537
1414.000       1.6675
1415.000       1.8473
1416.000       1.6873
1417.000       1.5551
1418.000       1.5929
1421.000       1.5039
1423.000       1.4277
1424.000       1.3493
1426.000       1.2781
1427.000       1.3151
1429.000       1.3037
1431.000       1.2442
1432.000       1.2885
1435.000       1.2152
1436.000       1.2320
1437.000       1.2693
1438.000       1.4778
1440.000       1.4281
1442.000       1.5461
1444.000       1.5937
1445.000       1.6728
1446.000       1.8550
1447.000       1.7518
1448.000       1.5933
1449.000       1.6358
1452.000       1.6185
1454.000       1.5505
1455.000       1.5477
1457.000       1.4923
1458.000       1.4899
1460.000       1.5038
1461.000       1.5093
1462.000       1.5767
1463.000       1.6467
1464.000       1.6268
1466.000       1.6220
1467.000       1.7275
1470.000       1.5728
1471.000       1.5083
1472.000       1.6616
1474.000       1.6634
1476.000       1.7949
1478.000       1.8097
1479.000       1.9215
1480.000       2.1109
1481.000       1.9238
1482.000       1.9397
1483.000       2.0413
1486.000       2.0755
1488.000       1.9530
1489.000       2.0108
1491.000       1.9340
1492.000       1.8613
1494.000       1.8630
1496.000       1.9403
1497.000       2.0087
1500.000       2.0096
1501.000       2.0063
1502.000       2.1239
1503.000       2.1847
1505.000       2.2098
1507.000       2.3858
1509.000       2.3881
1510.000       2.5703
1511.000       2.7981
1512.000       2.5700
1513.000       2.6618
1514.000       2.8501
1517.000       3.0051
1519.000       2.8653
1520.000       3.0558
1522.000       2.9386
1523.000       2.7540
1525.000       2.7964
1527.000       3.0252
1528.000       3.1899
1531.000       3.1911
1532.000       3.1516
1533.000       3.4042
1534.000       3.2021
1536.000       3.3250
1538.000       3.6934
1540.000       3.4976
