   2.000       3.8809
   3.000       3.9069
   6.000       3.8552
   8.000       3.9706
   9.000       3.8327
  11.000       3.6788
  12.000       3.6527
  14.000       3.5472
  15.000       3.5048
  16.000       3.4470
  17.000       3.4151
  18.000       3.4937
  20.000       3.5795
  21.000       3.6574
  24.000       3.6357
  25.000       3.5934
  26.000       3.5612
  28.000       3.6426
  30.000       3.8521
  32.000       3.5386
  33.000       3.2829
  34.000       3.4239
  35.000       3.1383
  36.000       3.1673
  37.000       3.3172
  40.000       3.2433
  42.000       3.2932
  43.000       3.1398
  45.000       2.9740
  46.000       2.9208
  48.000       2.8037
  49.000       2.7822
  50.000       2.7234
  51.000       2.6678
  52.000       2.7940
  54.000       2.9053
  55.000       3.0053
  58.000       2.9554
  59.000       2.8903
  60.000       2.9830
  62.000       2.9990
  64.000       3.1828
  66.000       3.0054
  67.000       2.8176
  68.000       2.9918
  69.000       2.7179
  70.000       2.6718
  71.000       2.7913
  74.000       2.7172
  76.000       2.7063
  77.000       2.5837
  79.000       2.4020
  80.000       2.3401
  82.000       2.2138
  84.000       2.1380
  85.000       2.0515
  88.000       2.2201
  89.000       2.3542
  90.000       2.4814
  91.000       2.5416
  93.000       2.5350
  95.000       2.7408
  97.000       2.6336
  98.000       2.5403
  99.000       2.7637
 100.000       2.4407
 101.000       2.4383
 102.000       2.5836
 105.000       2.5222
 107.000       2.4368
 108.000       2.3215
 110.000       2.1009
 111.000       2.0272
 113.000       1.8714
 115.000       1.7636
 116.000       1.6701
 117.000       1.8540
 119.000       2.0263
 120.000       2.1544
 121.000       2.4000
 123.000       2.3603
 125.000       2.5854
 127.000       2.5570
 128.000       2.5254
 129.000       2.7849
 130.000       2.4787
 131.000       2.3548
 132.000       2.4683
 135.000       2.3230
 137.000       2.1700
 138.000       2.0179
 140.000       1.8264
 141.000       1.8510
 143.000       1.7461
 145.000       1.5926
 146.000       1.5786
 147.000       1.5705
 149.000       1.6922
 150.000       1.7552
 151.000       2.2355
 153.000       2.1143
 155.000       2.3029
 157.000       2.4125
 158.000       2.4400
 159.000       2.7276
 160.000       2.4078
 161.000       2.2738
 162.000       2.3501
 165.000       2.2424
 167.000       2.0892
 168.000       2.1836
 170.000       1.8638
 171.000       1.8480
 173.000       1.6899
 175.000       1.5108
 176.000       1.4399
 179.000       1.5116
 180.000       1.6937
 181.000       1.7688
 182.000       2.2926
 184.000       2.6067
 186.000       3.2885
 188.000       2.0652
 189.000       2.0491
 190.000       2.1010
 191.000       2.3087
 192.000       1.8485
 193.000       1.7086
 196.000       1.6208
 198.000       1.6717
 199.000       1.5684
 201.000       1.6140
 202.000       1.7536
 204.000       1.7285
 205.000       1.5713
 206.000       1.5017
 207.000       1.5385
 210.000       1.4452
 211.000       1.4388
 213.000       1.4620
 214.000       1.5275
 215.000       1.6196
 217.000       1.6688
 219.000       1.7269
 221.000       1.5535
 222.000       1.5369
 223.000       1.7030
 224.000       1.5424
 225.000       1.6509
 226.000       1.8503
 229.000       2.0350
 231.000       2.1452
 232.000       2.1494
 234.000       1.8946
 235.000       1.7812
 237.000       1.6217
 238.000       1.6229
 239.000       1.5768
 240.000       1.4993
 243.000       1.7411
 244.000       1.9468
 246.000       2.0099
 247.000       1.8231
 248.000       2.0186
 250.000       2.2197
 252.000       2.5892
 254.000       2.1685
 255.000       2.1343
 256.000       2.3808
 257.000       1.9876
 258.000       2.1795
 259.000       2.4186
 262.000       2.4463
 264.000       2.2469
 265.000       2.2336
 267.000       1.8658
 268.000       1.7763
 270.000       1.6348
 272.000       1.6140
 273.000       1.6895
 276.000       1.7009
 277.000       1.8131
 278.000       2.0095
 279.000       2.4762
 281.000       2.5160
 283.000       3.2141
 285.000       2.7335
 286.000       2.6861
 287.000       3.0777
 288.000       2.5633
 289.000       2.6695
 290.000       3.0330
 293.000       3.0630
 295.000       2.7762
 296.000       2.6481
 298.000       2.2723
 299.000       2.2035
 301.000       1.8947
 302.000       1.7508
 303.000       1.5378
 304.000       1.4465
 307.000       1.5488
 308.000       1.7213
 310.000       1.9575
 311.000       1.9685
 312.000       3.0121
 314.000       2.6509
 316.000       2.8538
 318.000       3.4695
 319.000       4.0143
 320.000       4.4759
 321.000       4.1244
 322.000       4.0627
 323.000       3.9999
 326.000       4.2276
 328.000       4.6348
 329.000       4.9560
 331.000       5.4282
 332.000       5.5931
 334.000       6.1907
 335.000       6.4498
 336.000       7.2004
 337.000       7.7753
 340.000       7.5191
 341.000       7.1104
 343.000       6.3624
 344.000       6.0341
 345.000       4.2624
 347.000       4.7859
 349.000       5.0062
 351.000       4.3790
 352.000       4.3901
 353.000       4.3716
 354.000       4.5629
 355.000       4.3794
 356.000       4.5138
 359.000       4.5662
 361.000       4.8374
 362.000       4.8061
 364.000       4.7665
 365.000       4.6922
 367.000       4.7499
 369.000       4.9102
 370.000       5.0595
 373.000       5.0084
 374.000       4.9349
 375.000       5.1001
 376.000       4.2557
 378.000       4.4985
 380.000       4.7088
 382.000       4.1168
 383.000       3.7499
 384.000       3.9462
 385.000       3.6502
 386.000       3.4649
 387.000       3.5615
 390.000       3.4176
 392.000       3.6417
 393.000       3.4291
 395.000       3.3105
 396.000       3.3518
 398.000       3.3586
 400.000       3.2979
 401.000       3.3780
 404.000       3.2943
 405.000       3.3102
 406.000       3.4440
 407.000       2.9500
 409.000       3.0974
 411.000       3.3131
 413.000       2.7662
 414.000       2.3740
 415.000       2.3384
 416.000       2.2996
 417.000       2.3909
 418.000       2.5710
 421.000       2.7027
 423.000       2.8791
 424.000       2.8640
 426.000       2.7671
 427.000       2.6560
 429.000       2.7290
 431.000       2.8693
 432.000       3.0271
 435.000       2.9322
 436.000       2.9021
 437.000       3.0711
 438.000       2.4748
 440.000       2.6888
 442.000       2.9833
 444.000       2.4982
 445.000       2.1727
 446.000       2.3886
 447.000       2.0040
 448.000       2.0137
 449.000       2.1699
 452.000       2.0829
 454.000       2.1858
 455.000       2.0756
 457.000       2.0409
 458.000       1.9440
 460.000       1.9821
 462.000       2.1706
 463.000       2.3216
 466.000       2.2853
 467.000       2.2001
 468.000       2.3397
 469.000       1.8023
 471.000       1.8525
 473.000       1.9654
 475.000       1.7821
 476.000       1.7016
 477.000       1.8606
 478.000       1.7340
 479.000       1.5279
 480.000       1.4048
 483.000       1.3300
 485.000       1.3586
 486.000       1.2999
 488.000       1.3451
 489.000       1.4607
 491.000       1.4901
 492.000       1.3903
 493.000       1.3965
 494.000       1.4791
 495.000       1.3621
 497.000       1.3196
 498.000       1.3601
 501.000       1.2884
 502.000       1.3208
 503.000       1.3665
 505.000       1.3288
 507.000       1.3522
 509.000       1.4507
 510.000       1.6040
 511.000       1.7455
 512.000       1.7191
 513.000       1.5735
 514.000       1.5904
 517.000       1.5978
 519.000       1.5369
 520.000       1.5736
 522.000       1.5462
 523.000       1.5429
 525.000       1.5730
 527.000       1.5901
 528.000       1.6472
 529.000       1.5901
 531.000       1.5831
 532.000       1.6549
 533.000       1.6590
 535.000       1.6752
 537.000       1.7797
 539.000       1.7612
 540.000       1.8361
 541.000       1.9783
 542.000       1.8364
 543.000       1.8291
 544.000       1.9072
 547.000       1.8953
 549.000       1.8386
 550.000       1.8464
 552.000       1.7841
 553.000       1.7379
 555.000       1.7103
 556.000       1.7431
 557.000       1.7684
 558.000       1.7596
 561.000       1.8370
 562.000       1.8790
 564.000       1.8668
 565.000       1.7920
 566.000       1.9008
 568.000       1.9045
 570.000       2.0059
 572.000       1.9847
 573.000       2.0160
 574.000       2.1482
 575.000       1.9929
 576.000       2.0034
 577.000       2.0843
 580.000       2.0757
 582.000       2.0105
 583.000       2.0108
 585.000       1.9251
 586.000       1.8595
 588.000       1.8148
 589.000       1.8543
 590.000       1.8633
 591.000       1.8340
 592.000       1.9493
 594.000       2.0170
 595.000       2.1221
 598.000       2.0129
 599.000       1.9268
 600.000       2.0738
 602.000       2.0705
 604.000       2.1732
 606.000       2.1752
 607.000       2.2052
 608.000       2.3496
 609.000       2.1642
 610.000       2.2153
 611.000       2.1804
 614.000       2.1942
 616.000       2.1539
 617.000       2.1424
 619.000       2.0198
 620.000       1.9313
 622.000       1.8526
 623.000       1.8969
 624.000       1.8890
 625.000       1.8325
 626.000       1.9957
 628.000       2.0932
 629.000       2.2152
 632.000       2.1035
 633.000       2.0035
 634.000       2.1521
 636.000       2.1901
 638.000       2.3480
 640.000       2.2351
 641.000       2.2064
 642.000       2.3487
 643.000       2.1533
 644.000       2.1705
 645.000       2.2816
 648.000       2.2595
 650.000       2.1843
 651.000       2.1289
 653.000       1.9794
 654.000       1.9287
 656.000       1.8107
 658.000       1.7414
 659.000       1.6711
 660.000       1.8233
 662.000       1.9377
 663.000       2.0384
 664.000       2.2020
 666.000       2.1879
 668.000       2.3554
 670.000       2.3196
 671.000       2.3097
 672.000       2.4831
 673.000       2.2607
 674.000       2.2378
 675.000       2.3420
 678.000       2.2898
 680.000       2.2238
 681.000       2.1349
 683.000       1.9661
 684.000       1.9170
 686.000       1.7888
 688.000       1.6965
 689.000       1.6172
 690.000       1.7684
 692.000       1.9000
 693.000       1.9942
 694.000       2.1948
 696.000       2.1677
 698.000       2.3328
 700.000       2.2993
 701.000       2.2064
 702.000       2.4038
 703.000       2.1177
 704.000       2.0837
 705.000       2.2118
 708.000       2.1298
 710.000       2.0824
 711.000       1.9381
 713.000       1.7461
 714.000       1.7103
 716.000       1.5679
 717.000       1.4939
 718.000       1.3860
 719.000       1.3330
 720.000       1.4221
 722.000       1.5504
 723.000       1.6319
 726.000       1.6532
 727.000       1.6132
 728.000       1.9585
 730.000       1.9258
 732.000       2.1266
 734.000       2.0429
 735.000       1.9231
 736.000       2.1296
 737.000       1.8655
 738.000       1.7916
 739.000       2.0257
 742.000       1.9431
 744.000       1.8479
 745.000       1.7499
 747.000       1.5600
 748.000       1.4897
 750.000       1.4398
 751.000       1.4688
 752.000       1.5627
 753.000       1.6419
 754.000       1.7012
 756.000       1.7573
 757.000       1.9831
 760.000       1.7020
 761.000       1.5430
 762.000       1.8184
 764.000       1.8294
 766.000       2.1003
 768.000       1.9712
 769.000       1.9208
 770.000       2.1540
 771.000       1.7863
 772.000       1.8902
 773.000       2.0989
 776.000       2.1032
 778.000       2.0076
 779.000       1.9474
 781.000       1.7220
 782.000       1.5957
 784.000       1.4769
 785.000       1.5336
 786.000       1.5579
 787.000       1.5381
 788.000       1.7178
 790.000       1.8386
 791.000       2.0319
 794.000       1.8404
 795.000       1.6828
 796.000       2.0357
 798.000       2.0571
 800.000       2.3218
 802.000       2.2304
 803.000       2.2298
 804.000       2.5250
 805.000       2.0797
 806.000       2.1792
 807.000       2.3942
 810.000       2.3665
 812.000       2.2113
 813.000       2.1434
 815.000       1.8950
 816.000       1.7623
 818.000       1.5909
 820.000       1.5692
 821.000       1.4929
 824.000       1.7218
 825.000       1.8742
 826.000       2.0616
 827.000       2.3149
 829.000       2.2900
 831.000       2.5619
 833.000       2.5477
 834.000       2.5758
 835.000       2.8810
 836.000       2.4323
 837.000       2.5196
 838.000       2.7372
 841.000       2.7129
 843.000       2.5442
 844.000       2.4820
 846.000       2.2173
 847.000       2.0692
 849.000       1.8699
 851.000       1.8372
 852.000       1.7235
 855.000       2.0023
 856.000       2.1848
 857.000       2.3805
 858.000       2.6721
 860.000       2.6396
 862.000       2.9135
 864.000       2.9185
 865.000       2.9433
 866.000       3.2554
 867.000       2.8197
 868.000       2.8556
 869.000       3.0574
 872.000       3.0098
 874.000       2.8187
 875.000       2.7351
 877.000       2.4641
 878.000       2.3424
 880.000       2.1707
 881.000       2.1778
 882.000       2.1225
 883.000       2.0502
 884.000       2.2626
 886.000       2.4240
 887.000       2.5881
 890.000       2.4809
 891.000       2.3543
 892.000       2.9696
 894.000       2.9083
 896.000       3.1792
 898.000       3.2426
 899.000       3.3154
 900.000       3.6743
 901.000       3.2136
 902.000       3.2298
 903.000       3.2445
 906.000       3.2100
 908.000       3.4197
 909.000       3.4294
 911.000       3.5124
 912.000       3.5923
 914.000       3.7820
 915.000       3.8510
 916.000       4.1582
 917.000       4.4164
 920.000       4.3111
 921.000       4.1474
 923.000       3.8376
 924.000       3.6971
 925.000       3.0226
 927.000       3.2385
 929.000       3.4134
 931.000       2.8985
 932.000       2.6340
 933.000       2.6313
 934.000       2.5507
 935.000       2.6952
 936.000       2.8387
 939.000       3.0028
 941.000       3.1623
 942.000       3.2401
 944.000       3.1859
 945.000       3.0167
 947.000       3.1005
 948.000       3.3284
 949.000       3.5693
 950.000       3.6337
 953.000       3.8125
 954.000       3.8293
 956.000       3.6402
 957.000       3.3815
 958.000       2.8957
 960.000       3.1487
 962.000       3.4043
 964.000       2.8886
 965.000       2.7724
 966.000       2.8266
 967.000       2.5545
 968.000       2.9869
 969.000       3.2357
 972.000       3.4594
 974.000       3.5211
 975.000       3.6124
 977.000       3.4393
 978.000       3.1711
 980.000       3.1195
 981.000       3.3832
 982.000       3.5459
 983.000       3.4718
 986.000       3.8529
 987.000       3.9911
 989.000       3.8786
 990.000       3.5719
 991.000       3.4241
 993.000       3.6442
 995.000       3.9546
 997.000       3.5469
 998.000       3.4468
 999.000       3.7389
1000.000       3.4282
1001.000       3.2962
1002.000       3.4711
1005.000       3.3802
1007.000       3.2407
1008.000       3.0540
1010.000       2.7654
1011.000       2.6812
1013.000       2.4383
1014.000       2.3511
1015.000       2.1446
1016.000       1.9729
1017.000       2.2217
1019.000       2.4535
1020.000       2.5577
1023.000       2.6290
1024.000       2.5677
1025.000       3.2087
1027.000       3.1239
1029.000       3.3788
1031.000       3.4046
1032.000       3.3176
1033.000       3.6110
1034.000       3.1606
1035.000       3.1573
1036.000       3.3267
1039.000       3.1756
1041.000       2.9749
1042.000       2.7735
1044.000       2.5184
1045.000       2.4889
1047.000       2.2633
1048.000       2.1258
1049.000       1.9071
1050.000       1.7675
1051.000       1.9365
1053.000       2.1429
1054.000       2.2252
1057.000       2.3235
1058.000       2.3003
1059.000       3.0628
1061.000       2.9000
1063.000       3.0937
1065.000       3.2879
1066.000       3.3064
1067.000       3.5943
1068.000       3.2733
1069.000       3.1070
1070.000       3.1966
1073.000       3.0384
1075.000       2.7957
1076.000       2.6410
1078.000       2.3985
1079.000       2.4119
1081.000       2.2394
1083.000       2.0225
1084.000       1.8914
1087.000       2.0127
1088.000       2.2083
1089.000       2.2699
1090.000       3.0367
1092.000       2.8525
1094.000       3.0246
1096.000       3.2985
1097.000       3.3633
1098.000       3.7657
1099.000       3.3195
1100.000       3.0909
1101.000       3.2199
1104.000       3.0041
1106.000       2.7262
1107.000       2.5756
1109.000       2.3382
1110.000       2.4078
1112.000       2.2238
1113.000       1.9914
1114.000       1.8024
1115.000       1.7974
1118.000       1.7501
1119.000       1.8689
1121.000       2.0331
1122.000       2.0775
1123.000       2.9310
1125.000       2.7914
1127.000       3.0262
1129.000       3.1168
1130.000       3.2247
1131.000       3.5746
1132.000       3.3819
1133.000       2.9001
1134.000       2.7520
1137.000       2.4835
1139.000       2.5429
1140.000       2.3725
1142.000       2.5080
1143.000       2.9265
1145.000       3.0022
1146.000       2.5845
1147.000       2.5037
1148.000       2.7720
1149.000       2.1740
1151.000       1.9888
1152.000       1.9263
1155.000       2.0241
1156.000       2.3078
1157.000       2.3349
1159.000       2.3651
1161.000       2.4352
1163.000       2.3165
1164.000       2.2565
1165.000       2.4447
1166.000       2.3824
1167.000       2.0468
1168.000       2.0154
1171.000       1.9111
1173.000       1.7566
1174.000       1.7321
1176.000       1.5633
1177.000       1.5572
1179.000       1.4735
1181.000       1.3693
1182.000       1.3480
1185.000       1.3942
1186.000       1.4952
1187.000       1.6006
1188.000       2.0248
1190.000       1.9610
1192.000       2.3068
1194.000       2.2143
1195.000       2.3849
1196.000       2.6613
1197.000       2.6309
1198.000       2.3501
1199.000       2.3219
1202.000       2.3457
1204.000       3.1100
1205.000       3.2681
1207.000       4.3260
1208.000       5.1471
1210.000       6.0779
1211.000       5.9740
1212.000       6.9186
1213.000       7.8838
1214.000       6.8547
1216.000       6.0100
1217.000       6.3994
1220.000       4.9827
1221.000       4.9803
1222.000       2.3498
1224.000       3.0151
1226.000       3.0174
1228.000       2.2236
1229.000       2.3025
1230.000       2.6929
1231.000       2.8457
1232.000       2.1713
1233.000       2.2678
1236.000       2.2330
1238.000       2.1510
1239.000       2.0711
1241.000       1.8663
1242.000       1.7775
1244.000       1.6407
1245.000       1.6388
1246.000       1.5888
1247.000       1.5080
1250.000       1.6903
1251.000       1.8306
1253.000       1.8906
1254.000       1.7869
1255.000       2.1135
1257.000       2.1419
1259.000       2.3890
1261.000       2.2576
1262.000       2.2439
1263.000       2.4574
1264.000       2.1205
1265.000       2.2240
1266.000       2.3873
1269.000       2.3526
1271.000       2.2232
1272.000       2.1577
1274.000       1.9938
1275.000       1.9224
1277.000       1.8047
1278.000       1.8010
1279.000       1.7473
1280.000       1.6679
1283.000       1.8256
1284.000       1.9414
1286.000       1.9969
1287.000       1.9213
1288.000       2.3245
1290.000       2.2775
1292.000       2.4375
1294.000       2.4949
1295.000       2.5248
1296.000       2.7562
1297.000       2.4516
1298.000       2.4460
1299.000       2.5503
1302.000       2.4706
1304.000       2.3173
1305.000       2.2335
1307.000       2.0788
1308.000       2.0576
1310.000       1.9439
1312.000       1.8388
1313.000       1.7731
1314.000       1.8768
1316.000       1.9923
1317.000       2.0571
1318.000       2.4465
1320.000       2.3523
1322.000       2.4813
1324.000       2.6117
1325.000       2.6549
1326.000       2.8693
1327.000       2.5941
1328.000       2.5812
1329.000       2.6738
1332.000       2.5991
1334.000       2.4827
1335.000       2.3960
1337.000       2.2474
1338.000       2.2189
1340.000       2.0976
1342.000       2.0009
1343.000       1.9050
1346.000       2.0401
1347.000       2.1608
1348.000       2.2211
1349.000       2.5325
1351.000       2.4597
1353.000       2.5957
1355.000       2.6452
1356.000       2.6152
1357.000       2.7970
1358.000       2.5613
1359.000       2.5006
1360.000       2.5830
1363.000       2.4826
1365.000       2.4044
1366.000       2.2882
1368.000       2.1579
1369.000       2.1540
1371.000       2.0574
1373.000       1.9527
1374.000       1.8902
1375.000       1.9699
1377.000       2.0700
1378.000       2.1091
1379.000       2.3604
1381.000       2.2898
1383.000       2.4151
1385.000       2.4293
1386.000       2.3493
1387.000       2.4947
1388.000       2.3158
1389.000       2.2212
1390.000       2.2920
1393.000       2.1879
1395.000       2.1648
1396.000       2.0411
1398.000       1.9328
1399.000       1.9453
1401.000       1.8690
1402.000       1.7905
1403.000       1.7149
1404.000       1.7011
1407.000       1.6898
1408.000       1.7433
1410.000       1.8196
1411.000       1.8328
1412.000       2.0260
1414.000       1.9810
1416.000       2.1073
1418.000       2.0474
1419.000       1.9313
1420.000       2.0352
1421.000       1.9211
1422.000       1.8141
1423.000       1.8702
1426.000       1.7879
1428.000       1.7829
1429.000       1.6732
1431.000       1.5775
1432.000       1.6058
1434.000       1.5731
1436.000       1.5032
1437.000       1.5246
1440.000       1.4762
1441.000       1.5151
1442.000       1.5458
1443.000       1.6523
1445.000       1.6257
1447.000       1.7659
1449.000       1.6965
1450.000       1.6445
1451.000       1.8047
1452.000       1.6185
1453.000       1.5835
1454.000       1.7153
1457.000       1.6589
1459.000       1.6409
1460.000       1.5401
1462.000       1.4372
1463.000       1.4373
1465.000       1.4025
1467.000       1.3903
1468.000       1.4406
1469.000       1.3982
1471.000       1.4133
1472.000       1.4694
1473.000       1.5207
1475.000       1.5082
1477.000       1.6854
1479.000       1.6405
1480.000       1.6225
1481.000       1.8765
1482.000       1.5768
1483.000       1.5163
1484.000       1.6099
1487.000       1.5148
1489.000       1.4403
1490.000       1.3725
1492.000       1.2574
1493.000       1.2394
1495.000       1.1781
1496.000       1.1683
1497.000       1.1881
1498.000       1.2083
1499.000       1.2648
1501.000       1.2964
1502.000       1.4149
1505.000       1.2764
1506.000       1.2150
1507.000       1.4823
1509.000       1.4385
1511.000       1.5881
1513.000       1.6503
1514.000       1.7832
1515.000       2.0417
1516.000       1.8022
1517.000       1.7343
1518.000       1.9067
1521.000       1.9107
1523.000       1.7677
1524.000       1.7699
1526.000       1.5588
1527.000       1.4126
1529.000       1.3127
1530.000       1.3951
1531.000       1.4256
1532.000       1.3811
1533.000       1.6168
1535.000       1.7603
1536.000       1.9922
1539.000       1.7442
1540.000       1.5531
1541.000       1.9864
1543.000       1.9772
1545.000       2.2135
1547.000       2.2533
1548.000       2.3969
1549.000       2.7185
1550.000       2.3197
1551.000       2.3570
1552.000       2.5319
1555.000       2.5049
1557.000       2.2698
1558.000       2.2246
1560.000       1.9949
1561.000       1.8881
1563.000       1.7430
1564.000       1.7455
1565.000       1.6882
1566.000       1.6056
1569.000       1.7918
1570.000       1.9459
1572.000       2.0185
1573.000       1.9062
1574.000       2.5780
1576.000       2.4833
1578.000       2.7041
1580.000       2.8910
1581.000       3.0715
1582.000       3.4243
1583.000       2.9856
1584.000       3.0259
1585.000       3.1717
1588.000       3.1079
1590.000       2.8249
1591.000       2.7577
1593.000       2.5382
1594.000       2.4583
1596.000       2.2973
1597.000       2.2668
1598.000       2.1683
1599.000       2.0820
1600.000       2.2476
1602.000       2.4020
1603.000       2.5081
1606.000       2.4983
1607.000       2.4210
1608.000       3.1992
1610.000       3.0451
1612.000       3.2287
1614.000       3.5341
1615.000       3.7505
1616.000       4.1092
1617.000       3.7056
1618.000       3.6562
1619.000       3.7716
1622.000       3.6548
1624.000       3.3343
1625.000       3.2618
1627.000       3.0842
1628.000       3.0743
1630.000       2.9455
1632.000       2.8301
1633.000       2.7549
1636.000       2.8440
1637.000       2.9681
1638.000       3.0219
1639.000       3.7784
1641.000       3.5745
1643.000       3.6937
1645.000       4.1105
1646.000       4.3642
1647.000       4.7054
1648.000       4.3667
1649.000       4.2596
1650.000       4.3409
1653.000       4.2561
1655.000       3.9330
1656.000       3.9156
1658.000       3.7340
1659.000       3.7196
1661.000       3.5950
1663.000       3.4894
1664.000       3.4173
1667.000       3.5188
1668.000       3.6345
1669.000       3.6961
1670.000       4.4477
1672.000       4.2754
1674.000       4.4307
1676.000       4.7904
