   2.000       6.7018
   3.000       6.7323
   6.000       6.6019
   8.000       6.6993
   9.000       6.4856
  11.000       6.3164
  12.000       6.3381
  14.000       6.3044
  15.000       6.2494
  16.000       6.3073
  17.000       6.4130
  18.000       6.3647
  20.000       6.3799
  21.000       6.5515
  24.000       6.3402
  25.000       6.2639
  26.000       6.2350
  28.000       6.2754
  30.000       6.5336
  32.000       6.2645
  33.000       5.9413
  34.000       6.2249
  35.000       5.7870
  36.000       5.6187
  37.000       5.7569
  40.000       5.5114
  42.000       5.4903
  43.000       5.2058
  45.000       5.0698
  46.000       5.1211
  48.000       5.0906
  49.000       5.0081
  50.000       5.0606
  51.000       5.1786
  52.000       5.0905
  54.000       5.0764
  55.000       5.2156
  58.000       5.0336
  59.000       4.9965
  60.000       5.1488
  62.000       5.0329
  64.000       5.1991
  66.000       5.2186
  67.000       4.9557
  68.000       5.3043
  69.000       4.8644
  70.000       4.5243
  71.000       4.6256
  74.000       4.2640
  76.000       4.0727
  77.000       3.7440
  79.000       3.6309
  80.000       3.7724
  82.000       3.8232
  84.000       3.7566
  85.000       3.9671
  88.000       3.6630
  89.000       3.5766
  90.000       3.6242
  91.000       3.9656
  93.000       3.6450
  95.000       3.7102
  97.000       4.1964
  98.000       4.1360
  99.000       4.5752
 100.000       4.4568
 101.000       3.3729
 102.000       3.1394
 105.000       2.5804
 107.000       2.3408
 108.000       2.2290
 110.000       2.3503
 111.000       2.9176
 113.000       3.2001
 114.000       2.8149
 115.000       3.1490
 116.000       3.6966
 117.000       3.1035
 119.000       2.8361
 120.000       3.3112
 123.000       2.4138
 124.000       2.3574
 125.000       2.6079
 127.000       2.6409
 129.000       3.0114
 131.000       2.6229
 132.000       2.8086
 133.000       3.2114
 134.000       2.9067
 135.000       2.8056
 136.000       3.0024
 139.000       3.1172
 141.000       2.8464
 142.000       2.9996
 144.000       2.7908
 145.000       2.7331
 147.000       2.8100
 148.000       2.9258
 149.000       3.3032
 150.000       3.5146
 153.000       3.7175
 154.000       3.7660
 156.000       3.4262
 157.000       2.9715
 158.000       3.4527
 160.000       3.4352
 162.000       4.0128
 164.000       3.9196
 165.000       4.3327
 166.000       4.3025
 167.000       4.9146
 168.000       4.2653
 169.000       4.4062
 172.000       4.5911
 174.000       5.0669
 175.000       5.0744
 177.000       5.3549
 178.000       5.3786
 180.000       5.7418
 181.000       5.9877
 182.000       6.4999
 183.000       6.7991
 186.000       6.8351
 187.000       6.6682
 189.000       6.1495
 190.000       5.8050
 191.000       4.2723
 193.000       4.5395
 195.000       4.6952
 197.000       4.4045
 198.000       4.1953
 199.000       4.0649
 200.000       4.7422
 201.000       3.6628
 202.000       3.1261
 205.000       2.7180
 207.000       2.8774
 208.000       3.0202
 210.000       3.5946
 211.000       4.1198
 213.000       4.6307
 214.000       4.4948
 215.000       5.0193
 216.000       5.6195
 217.000       4.9429
 219.000       4.4198
 220.000       4.6444
 223.000       3.8345
 224.000       3.8953
 225.000       2.8293
 227.000       3.0981
 229.000       3.0916
 231.000       2.5694
 232.000       2.5111
 233.000       2.7899
 234.000       2.9199
 235.000       2.1280
 236.000       2.1769
 239.000       2.1084
 241.000       2.1802
 242.000       2.1913
 244.000       2.1965
 245.000       2.3376
 247.000       2.4761
 248.000       2.4162
 249.000       2.6180
 250.000       2.8872
 253.000       2.6842
 254.000       2.5614
 256.000       2.3582
 257.000       2.2704
 258.000       2.0003
 260.000       2.1532
 262.000       2.4872
 264.000       2.1663
 265.000       2.1954
 266.000       2.5185
 267.000       2.1669
 268.000       2.1375
 269.000       2.3933
 272.000       2.4272
 274.000       2.3621
 275.000       2.3650
 277.000       2.1958
 278.000       2.1072
 280.000       2.1717
 281.000       2.2860
 282.000       2.5409
 283.000       2.7109
 286.000       2.7790
 287.000       2.7945
 289.000       2.6017
 290.000       2.3203
 291.000       2.3501
 293.000       2.4293
 295.000       2.7924
 297.000       2.6115
 298.000       2.5979
 299.000       3.0532
 300.000       2.4423
 301.000       2.4276
 302.000       2.6787
 305.000       2.5272
 307.000       2.3476
 308.000       2.2140
 310.000       2.0228
 311.000       1.9077
 313.000       1.9014
 315.000       2.0911
 316.000       2.3219
 319.000       2.2314
 320.000       2.1690
 321.000       2.4114
 322.000       2.3926
 324.000       2.3057
 326.000       2.6155
 328.000       2.6868
 329.000       2.8371
 330.000       3.1627
 331.000       3.2110
 332.000       2.4837
 333.000       2.4905
 336.000       2.2669
 338.000       2.0243
 339.000       1.9256
 341.000       1.8144
 342.000       1.9174
 344.000       1.9955
 346.000       1.9659
 347.000       2.1941
 350.000       1.9150
 351.000       1.8388
 352.000       1.9902
 353.000       2.2654
 355.000       2.0894
 357.000       2.2891
 359.000       2.5449
 360.000       2.7410
 361.000       3.0481
 362.000       2.8221
 363.000       2.5826
 364.000       2.6334
 367.000       2.4796
 369.000       2.2014
 370.000       2.0911
 372.000       2.0426
 373.000       2.2515
 375.000       2.2568
 376.000       2.0217
 377.000       2.0095
 378.000       2.2028
 379.000       1.8562
 381.000       1.7453
 382.000       1.7568
 385.000       1.7601
 386.000       1.8890
 387.000       2.5813
 389.000       2.3252
 391.000       2.3460
 393.000       2.8626
 394.000       3.0910
 395.000       3.4128
 396.000       3.1552
 397.000       2.9440
 398.000       2.9736
 401.000       2.8302
 403.000       2.5822
 404.000       2.5022
 406.000       2.4973
 407.000       2.6861
 409.000       2.6890
 410.000       2.4851
 411.000       2.4674
 412.000       2.6176
 413.000       2.3413
 415.000       2.2381
 416.000       2.2160
 419.000       2.2468
 420.000       2.3694
 421.000       2.9543
 423.000       2.7305
 425.000       2.7007
 427.000       3.1684
 428.000       3.3933
 429.000       3.6734
 430.000       3.5630
 431.000       3.1604
 432.000       3.0931
 435.000       2.9314
 437.000       2.7360
 438.000       2.7666
 440.000       2.8573
 441.000       3.0785
 443.000       3.1473
 444.000       2.9660
 445.000       3.0043
 446.000       3.1804
 447.000       2.8999
 449.000       2.7624
 450.000       2.7801
 453.000       2.6952
 454.000       2.8015
 455.000       3.0936
 457.000       2.9569
 459.000       2.8758
 461.000       3.2184
 462.000       3.4779
 463.000       3.6506
 464.000       3.7432
 465.000       3.3009
 466.000       3.1540
 469.000       3.0990
 471.000       2.9866
 472.000       3.2265
 474.000       3.2792
 475.000       3.4348
 477.000       3.4891
 478.000       3.3614
 479.000       3.4004
 480.000       3.5233
 481.000       3.3606
 483.000       3.2920
 484.000       3.3669
 487.000       3.2223
 488.000       3.2542
 489.000       3.3827
 491.000       3.5624
 493.000       3.6540
 495.000       3.3447
 496.000       3.2986
 497.000       3.4404
 498.000       3.8309
 499.000       2.8530
 500.000       2.7274
 503.000       2.6665
 505.000       2.7494
 506.000       3.1530
 508.000       3.2618
 509.000       3.4871
 511.000       3.7001
 512.000       3.5771
 513.000       3.7757
 514.000       4.0759
 517.000       3.8197
 518.000       3.7058
 520.000       3.4705
 521.000       3.3705
 522.000       2.9496
 524.000       3.4944
 526.000       4.1151
 528.000       2.9464
 529.000       3.0743
 530.000       3.5793
 531.000       3.4096
 532.000       2.8802
 533.000       3.1623
 536.000       3.4568
 538.000       3.6108
 539.000       3.9240
 541.000       3.8887
 542.000       3.6712
 544.000       4.1686
 545.000       4.6647
 546.000       5.5013
 547.000       5.9955
 548.000       5.9544
 550.000       5.7567
 551.000       6.4270
 554.000       5.1002
 555.000       4.5045
 556.000       3.5411
 558.000       4.0092
 560.000       4.7282
 562.000       4.0616
 563.000       4.5374
 564.000       5.2062
 565.000       4.4187
 566.000       4.8294
 567.000       5.3310
 570.000       5.7522
 572.000       5.5024
 573.000       5.9731
 575.000       5.7240
 576.000       5.0644
 578.000       5.0331
 580.000       5.7347
 581.000       5.9533
 584.000       6.3396
 585.000       6.3301
 586.000       6.9908
 587.000       6.1965
 589.000       6.5232
 591.000       7.1370
 593.000       6.8353
 594.000       7.3406
 595.000       7.9453
 596.000       7.1249
 597.000       7.6384
 598.000       8.2553
 601.000       8.5949
 603.000       8.0347
 604.000       8.2830
 606.000       7.5760
 607.000       6.9235
 609.000       6.3739
 611.000       6.5510
 612.000       6.1956
 615.000       7.2286
 616.000       7.7241
 617.000       8.4114
 618.000       9.0367
 620.000       9.0598
 622.000       9.8826
 624.000       9.8973
