   2.000       3.1038
   3.000       2.9775
   6.000       2.6880
   8.000       2.6766
   9.000       2.4356
  11.000       2.3250
  12.000       2.4664
  14.000       2.4701
  15.000       2.3146
  16.000       2.3854
  17.000       2.5705
  18.000       2.3767
  20.000       2.3122
  21.000       2.4651
  24.000       2.2382
  25.000       2.2348
  26.000       2.3597
  28.000       2.2878
  30.000       2.5053
  32.000       2.4168
  33.000       2.2550
  34.000       2.4475
  35.000       2.3701
  36.000       1.8988
  37.000       1.8413
  40.000       1.6018
  42.000       1.6173
  43.000       1.4506
  45.000       1.4779
  46.000       1.6519
  48.000       1.7249
  49.000       1.5852
  50.000       1.6614
  51.000       1.8443
  52.000       1.5917
  54.000       1.4777
  55.000       1.5421
  58.000       1.3927
  59.000       1.4411
  60.000       1.4118
  62.000       1.3368
  64.000       1.4028
  66.000       1.4133
  67.000       1.3584
  68.000       1.5258
  69.000       1.4995
  70.000       1.1617
  71.000       1.1397
  74.000       1.0329
  76.000       1.0048
  77.000       0.9572
  79.000       0.9915
  80.000       1.0912
  82.000       1.1736
  84.000       1.1830
  85.000       1.3237
  86.000       1.1096
  88.000       1.0164
  89.000       1.0577
  90.000       1.0167
  92.000       1.0125
  94.000       1.1206
  96.000       1.0910
  97.000       1.0980
  98.000       1.2584
  99.000       1.2096
 100.000       0.9658
 101.000       0.9504
 104.000       0.8560
 106.000       0.8332
 107.000       0.7792
 109.000       0.7583
 110.000       0.8080
 112.000       0.7829
 113.000       0.7167
 114.000       0.7025
 115.000       0.7375
 116.000       0.6951
 118.000       0.7001
 119.000       0.7396
 122.000       0.7100
 123.000       0.7118
 124.000       0.8185
 126.000       0.7820
 128.000       0.8382
 130.000       0.8597
 131.000       0.8756
 132.000       0.9926
 133.000       0.9590
 134.000       0.7873
 135.000       0.7889
 138.000       0.7262
 140.000       0.7277
 141.000       0.6853
 143.000       0.6664
 144.000       0.6959
 146.000       0.6899
 147.000       0.6512
 148.000       0.6542
 149.000       0.6922
 150.000       0.6586
 152.000       0.6608
 153.000       0.7054
 156.000       0.6602
 157.000       0.6477
 158.000       0.6824
 160.000       0.6702
 162.000       0.7504
 164.000       0.7344
 165.000       0.7606
 166.000       0.9109
 167.000       0.8737
 168.000       0.6543
 169.000       0.6550
 172.000       0.6215
 174.000       0.6529
 175.000       0.6314
 177.000       0.5980
 178.000       0.6117
 180.000       0.6122
 181.000       0.5938
 182.000       0.6155
 183.000       0.6643
 184.000       0.6288
 186.000       0.6316
 187.000       0.6867
 190.000       0.6205
 191.000       0.5940
 192.000       0.5885
 194.000       0.6281
 196.000       0.7572
 198.000       0.6488
 199.000       0.6725
 200.000       0.8230
 201.000       0.7170
 202.000       0.6604
 203.000       0.7465
 206.000       0.6570
 208.000       0.6332
 209.000       0.5998
 211.000       0.5194
 212.000       0.5147
 214.000       0.5078
 215.000       0.5030
 216.000       0.5615
 217.000       0.6332
 218.000       0.6038
 220.000       0.5942
 221.000       0.6722
 224.000       0.5658
 225.000       0.5102
 226.000       0.6383
 228.000       0.6559
 230.000       0.8272
 232.000       0.7694
 233.000       0.9152
 234.000       1.0467
 235.000       1.0991
 236.000       0.8886
 237.000       0.9052
 240.000       0.9989
 242.000       1.1824
 243.000       1.3136
 245.000       1.3690
 246.000       1.4157
 248.000       1.5718
 249.000       1.6835
 250.000       2.0098
 251.000       2.1986
 254.000       2.2589
 255.000       2.1816
 257.000       1.8566
 258.000       1.6005
 259.000       0.9812
 261.000       1.3167
 263.000       1.6599
 265.000       0.9513
 266.000       0.9133
 267.000       1.0834
 268.000       1.0259
 269.000       0.8331
 270.000       0.9091
 273.000       0.9568
 275.000       1.0042
 276.000       1.0643
 278.000       1.0759
 279.000       1.0327
 281.000       1.1526
 283.000       1.3048
 284.000       1.4853
 287.000       1.3789
 288.000       1.2772
 289.000       1.4545
 290.000       0.9362
 292.000       1.0710
 294.000       1.2711
 296.000       1.0525
 297.000       1.0616
 298.000       1.3128
 299.000       1.0654
 300.000       0.9561
 301.000       1.0459
 304.000       0.9875
 306.000       0.9451
 307.000       0.8900
 309.000       0.8107
 310.000       0.7849
 312.000       0.8071
 313.000       0.8275
 314.000       0.9312
 315.000       1.0252
 316.000       1.0175
 318.000       1.0323
 319.000       1.1998
 322.000       0.9645
 323.000       0.8428
 324.000       0.9247
 326.000       0.9107
 328.000       1.0527
 330.000       1.0353
 331.000       1.0604
 332.000       1.2454
 333.000       0.9779
 334.000       1.0822
 335.000       1.2552
 338.000       1.3056
 340.000       1.4271
 341.000       1.3996
 343.000       1.5742
 344.000       1.8820
 346.000       2.0643
 347.000       1.9021
 348.000       2.1097
 349.000       2.3861
 352.000       2.2005
 353.000       2.0787
 355.000       1.7811
 356.000       1.6732
 357.000       1.1606
 359.000       1.1967
 361.000       1.2955
 363.000       1.2617
 364.000       1.2780
 365.000       1.4535
 366.000       1.3558
 367.000       1.1380
 368.000       1.1305
 371.000       1.0168
 373.000       0.9582
 374.000       0.8633
 376.000       0.7971
 377.000       0.8650
 379.000       0.8229
 381.000       0.7090
 382.000       0.7121
 385.000       0.6770
 386.000       0.7191
 387.000       0.7517
 388.000       0.9684
 390.000       0.8912
 392.000       0.9660
 394.000       1.0493
 395.000       1.0960
 396.000       1.2409
 397.000       1.1814
 398.000       0.9847
 399.000       0.9816
 402.000       0.9009
 404.000       0.8513
 405.000       0.8002
 407.000       0.7602
 408.000       0.7992
 410.000       0.7790
 412.000       0.7169
 413.000       0.7288
 416.000       0.6929
 417.000       0.7179
 418.000       0.7476
 419.000       0.8830
 421.000       0.8399
 423.000       0.9150
 425.000       0.9481
 426.000       0.9884
 427.000       1.1182
 428.000       1.0836
 429.000       0.8914
 430.000       0.8853
 433.000       0.8192
 435.000       0.8075
 436.000       0.7682
 438.000       0.7409
 439.000       0.7793
 441.000       0.7735
 443.000       0.7304
 444.000       0.7577
 447.000       0.7127
 448.000       0.7179
 449.000       0.7513
 450.000       0.7987
 452.000       0.7964
 454.000       0.8957
 456.000       0.8525
 457.000       0.9025
 458.000       1.0441
 459.000       0.9900
 460.000       0.8367
 461.000       0.8589
 464.000       0.8171
 466.000       0.7961
 467.000       0.7651
 469.000       0.7120
 470.000       0.7324
 472.000       0.7245
 474.000       0.6988
 475.000       0.7382
 478.000       0.6907
 479.000       0.6946
 480.000       0.7412
 481.000       0.8203
 483.000       0.8314
 485.000       0.9838
 487.000       0.9299
 488.000       1.0258
 489.000       1.2246
 490.000       1.0690
 491.000       0.9996
 492.000       1.0865
 495.000       1.1018
 497.000       1.0030
 498.000       1.0676
 500.000       0.9350
 501.000       0.9093
 503.000       0.8640
 504.000       0.8675
 505.000       0.9269
 506.000       0.9898
 509.000       1.0063
 510.000       1.0163
 512.000       0.9801
 513.000       0.9050
 514.000       1.2286
 516.000       1.2768
 518.000       1.5640
 520.000       1.4215
 522.000       4.7977
 523.000       5.0753
 524.000       4.9498
 525.000       4.1896
 526.000       4.3601
 529.000       3.9167
 531.000       3.3291
 532.000       2.9511
 534.000       2.5642
 535.000       2.7542
 537.000       2.7497
 539.000       2.5296
 540.000       2.8457
 543.000       2.3157
 544.000       2.3231
 545.000       2.4449
 546.000       3.8998
 548.000       3.3648
 550.000       3.6909
 552.000       4.4927
