   2.000       2.8094
   3.000       2.7711
   6.000       2.4931
   8.000       2.4884
   9.000       2.2436
  11.000       2.1226
  12.000       2.2358
  14.000       2.2154
  15.000       2.0784
  16.000       2.1343
  17.000       2.2938
  18.000       2.1377
  20.000       2.0935
  21.000       2.2445
  24.000       2.0384
  25.000       2.0268
  26.000       2.1506
  28.000       2.0941
  30.000       2.3101
  32.000       2.1740
  33.000       2.0605
  34.000       2.2642
  35.000       2.2000
  36.000       1.7664
  37.000       1.6127
  40.000       1.4413
  42.000       1.4393
  43.000       1.2787
  45.000       1.2283
  46.000       1.3588
  48.000       1.3534
  50.000       1.1935
  51.000       1.2133
  54.000       1.0768
  55.000       1.1048
  56.000       1.0803
  57.000       1.2837
  59.000       1.1929
  61.000       1.2550
  63.000       1.2904
  64.000       1.2445
  65.000       1.3484
  66.000       1.3586
  67.000       1.0797
  68.000       1.0349
  71.000       0.9103
  73.000       0.8880
  74.000       0.7985
  76.000       0.7994
  77.000       0.9229
  79.000       0.9214
  80.000       0.7829
  81.000       0.7408
  82.000       0.8214
  83.000       0.6372
  85.000       0.5873
  86.000       0.5472
  89.000       0.6269
  90.000       0.7161
  91.000       0.8519
  93.000       0.7789
  95.000       0.8012
  97.000       0.8790
  98.000       0.8984
  99.000       0.9972
 100.000       1.0125
 101.000       0.7847
 102.000       0.7406
 105.000       0.6588
 107.000       0.6458
 108.000       0.6143
 110.000       0.6431
 111.000       0.7460
 113.000       0.8263
 115.000       0.7928
 116.000       0.9073
 119.000       0.7045
 120.000       0.6379
 121.000       0.6444
 122.000       0.6574
 124.000       0.6525
 126.000       0.7059
 128.000       0.6884
 129.000       0.7495
 130.000       0.8620
 131.000       0.8754
 132.000       0.6755
 133.000       0.6567
 136.000       0.6077
 138.000       0.6004
 139.000       0.5789
 141.000       0.5784
 142.000       0.6234
 144.000       0.6186
 145.000       0.5624
 146.000       0.5658
 147.000       0.6192
 148.000       0.5616
 150.000       0.5603
 151.000       0.6122
 154.000       0.5620
 155.000       0.5533
 156.000       0.6085
 158.000       0.5959
 160.000       0.6543
 162.000       0.6652
 163.000       0.7094
 164.000       0.8439
 165.000       0.8215
 166.000       0.6310
 167.000       0.6309
 170.000       0.6160
 172.000       0.6182
 173.000       0.6127
 175.000       0.5988
 176.000       0.6263
 178.000       0.6418
 179.000       0.6137
 180.000       0.6534
 181.000       0.7303
 182.000       0.6535
 184.000       0.6216
 185.000       0.6429
 188.000       0.6037
 189.000       0.5921
 190.000       0.6311
 192.000       0.6593
 194.000       0.7422
 196.000       0.6863
 197.000       0.7436
 198.000       0.8761
 199.000       0.8343
 200.000       0.7183
 201.000       0.6965
 204.000       0.6995
 206.000       0.7465
 207.000       0.7750
 209.000       0.6554
 210.000       0.6950
 212.000       0.7108
 214.000       0.6812
 215.000       0.7690
 218.000       0.6513
 219.000       0.6333
 220.000       0.7021
 221.000       0.6883
 223.000       0.9660
 225.000       1.4798
 227.000       0.7007
 228.000       0.7737
 229.000       0.8436
 230.000       0.9777
 231.000       0.8445
 232.000       0.9680
 235.000       1.0269
 237.000       1.1020
 238.000       1.1234
 240.000       1.0861
 241.000       1.0970
 243.000       1.1826
 244.000       1.2229
 245.000       1.3918
 246.000       1.5394
 249.000       1.4951
 250.000       1.4448
 252.000       1.3029
 253.000       1.1768
 254.000       0.9745
 256.000       1.1267
 258.000       1.3754
 260.000       1.1255
 261.000       1.2356
 262.000       1.6979
 263.000       1.6417
 264.000       1.0500
 265.000       1.0504
 268.000       1.0270
 270.000       0.9972
 271.000       0.9990
 273.000       0.9263
 274.000       0.8914
 276.000       0.8832
 278.000       0.9094
 279.000       0.9586
 282.000       0.9580
 283.000       0.9716
 284.000       1.0788
 285.000       1.0668
 287.000       1.0881
 289.000       1.2526
 291.000       1.2303
 292.000       1.3247
 293.000       1.5813
 294.000       1.3481
 295.000       1.2252
 296.000       1.3010
 299.000       1.2051
 301.000       1.1306
 302.000       1.0467
 304.000       0.9684
 305.000       0.9818
 307.000       0.9756
 309.000       0.9582
 310.000       1.0421
 313.000       0.9525
 314.000       0.9569
 315.000       1.0368
 316.000       1.1498
 318.000       1.0949
 320.000       1.2143
 322.000       1.2505
 323.000       1.2373
 324.000       1.4597
 325.000       1.2690
 326.000       1.0776
 327.000       1.1443
 330.000       1.0541
 332.000       0.9779
 333.000       0.9021
 335.000       0.8066
 336.000       0.8094
 338.000       0.7668
 339.000       0.7448
 340.000       0.7958
 341.000       0.8563
 342.000       0.8789
 344.000       0.9093
 345.000       1.0635
 348.000       0.8692
 349.000       0.7820
 350.000       0.9995
 352.000       0.9549
 354.000       1.1088
 356.000       1.1432
 357.000       1.0953
 358.000       1.3861
 359.000       1.1082
 360.000       1.1009
 361.000       1.0879
 364.000       1.1446
 366.000       1.3225
 367.000       1.4184
 369.000       1.6116
 370.000       1.6409
 372.000       1.9959
 374.000       2.3304
 375.000       2.7273
 376.000       2.3184
 378.000       2.0033
 379.000       2.2133
 380.000       1.0933
 382.000       1.3933
 384.000       1.8754
 386.000       1.1015
 387.000       1.0684
 388.000       1.1810
 389.000       1.1996
 390.000       0.9278
 391.000       0.9169
 394.000       0.8203
 396.000       0.8103
 397.000       0.7255
 399.000       0.6975
 400.000       0.7580
 402.000       0.7789
 404.000       0.7278
 405.000       0.7819
 408.000       0.6800
 409.000       0.6659
 410.000       0.6837
 411.000       0.7531
 413.000       0.7116
 415.000       0.7838
 417.000       0.7949
 418.000       0.8126
 419.000       0.9258
 420.000       0.8889
 421.000       0.7477
 422.000       0.7603
 425.000       0.7225
 427.000       0.7017
 428.000       0.6659
 430.000       0.6282
 431.000       0.6562
 433.000       0.6581
 435.000       0.6256
 436.000       0.6688
 439.000       0.6080
 440.000       0.6113
 441.000       0.6462
 442.000       0.7115
 444.000       0.6980
 446.000       0.7835
 448.000       0.7793
 449.000       0.8212
 450.000       0.9705
 451.000       0.9116
 452.000       0.7377
 453.000       0.7529
 456.000       0.6865
 458.000       0.6779
 459.000       0.6201
 461.000       0.6049
 462.000       0.6525
 464.000       0.6462
 465.000       0.5898
 466.000       0.5967
 467.000       0.6637
 468.000       0.5745
 470.000       0.5507
 471.000       0.5580
 474.000       0.5578
 475.000       0.5695
 476.000       0.6491
 478.000       0.6282
 480.000       0.6997
 482.000       0.6905
 483.000       0.7023
 484.000       0.8270
 485.000       0.7676
 486.000       0.6475
 487.000       0.6739
 490.000       0.5776
 492.000       0.5495
 493.000       0.4988
 495.000       0.4891
 496.000       0.5513
 498.000       0.5905
 500.000       0.5732
 501.000       0.6775
 504.000       0.5336
 505.000       0.4862
 506.000       0.5187
 507.000       0.5373
 509.000       0.5094
 511.000       0.5855
 513.000       0.6064
 514.000       0.6633
 515.000       0.8206
 516.000       0.7418
 517.000       0.6017
 518.000       0.6320
 521.000       0.6171
 523.000       0.5735
 524.000       0.5849
 526.000       0.5742
 527.000       0.5966
 529.000       0.6455
 530.000       0.6585
 531.000       0.7690
 532.000       0.8757
 533.000       0.8075
 535.000       0.7565
 536.000       0.8429
 539.000       0.6711
 540.000       0.6146
 541.000       0.6846
 543.000       0.6604
 545.000       0.8049
 547.000       0.7743
 548.000       0.9051
 549.000       0.9934
 550.000       1.0616
 551.000       0.9082
 552.000       0.8936
 555.000       0.9051
 557.000       1.0032
 558.000       1.2064
 560.000       1.4585
 561.000       1.6970
 563.000       2.0080
 564.000       2.0524
 565.000       2.5132
 566.000       2.8411
 567.000       2.7333
 569.000       2.5626
 570.000       3.0150
 573.000       2.0736
 574.000       1.7935
 575.000       1.0405
 577.000       1.2429
 579.000       1.5620
 581.000       1.0858
 582.000       1.1786
 583.000       1.3675
 584.000       1.4119
 585.000       0.9792
 586.000       0.9102
 589.000       0.7240
 591.000       0.6513
 592.000       0.5729
 594.000       0.6111
 595.000       0.7181
 597.000       0.7569
 598.000       0.6857
 599.000       0.7418
 600.000       0.8506
 603.000       0.7478
 604.000       0.6894
 606.000       0.6126
 607.000       0.6097
 608.000       0.6978
 610.000       0.6046
 612.000       0.5991
 614.000       0.8060
 615.000       0.7774
 616.000       0.9560
 617.000       0.9469
 618.000       0.8000
 619.000       0.9854
 622.000       1.0494
 624.000       1.1345
 625.000       1.1549
 627.000       1.0762
 628.000       1.0187
 630.000       1.0266
 631.000       1.0787
 632.000       1.1654
 633.000       1.2089
 636.000       1.2769
 637.000       1.3162
 639.000       1.2571
 640.000       1.1247
 641.000       0.9852
 643.000       1.1481
 645.000       1.3777
 647.000       1.0694
 648.000       1.1504
 649.000       1.4640
 650.000       1.3743
 651.000       1.0184
 652.000       1.0983
 655.000       1.0603
 657.000       1.0348
 658.000       1.0529
 660.000       1.0465
 661.000       1.0427
 663.000       1.1992
 665.000       1.3561
 666.000       1.6085
 669.000       1.3772
 670.000       1.2277
 671.000       1.3721
 672.000       1.0115
 674.000       1.0653
 676.000       1.2595
 678.000       1.1300
 679.000       1.1156
 680.000       1.3364
 681.000       1.2553
 682.000       0.9412
 683.000       0.9968
 686.000       0.9473
 688.000       0.9919
 689.000       1.1002
 691.000       1.1334
 692.000       1.1158
 694.000       1.3173
 695.000       1.4546
 696.000       1.7705
 697.000       1.9640
 700.000       1.9924
 701.000       1.9439
 703.000       1.6688
 704.000       1.3915
 705.000       0.9158
 707.000       1.1253
 709.000       1.3461
 711.000       0.9285
 712.000       0.9041
 713.000       1.0316
 714.000       0.9749
 715.000       0.7882
 716.000       0.7890
 719.000       0.7039
 721.000       0.6884
 722.000       0.6287
 724.000       0.6118
 725.000       0.7029
 727.000       0.6923
 728.000       0.6055
 729.000       0.6254
 730.000       0.6900
 733.000       0.6439
 734.000       0.6307
 736.000       0.5854
 737.000       0.5693
 738.000       0.6577
 740.000       0.6242
 742.000       0.6792
 744.000       0.7188
 745.000       0.7548
 746.000       0.8872
 747.000       0.7974
 748.000       0.7164
 749.000       0.7730
 752.000       0.7579
 754.000       0.7174
 755.000       0.6815
 757.000       0.6029
 758.000       0.6082
 760.000       0.5752
 761.000       0.5683
 762.000       0.6384
 763.000       0.6595
 766.000       0.7720
 767.000       0.8294
 769.000       0.7533
 770.000       0.6137
 771.000       0.7762
 773.000       0.7594
 775.000       0.9025
 777.000       0.9336
 778.000       0.9973
 779.000       1.2982
 780.000       0.9855
 781.000       0.9249
 782.000       1.1307
 785.000       1.1245
 787.000       1.1097
 788.000       1.1088
 790.000       0.9875
 791.000       0.8144
 793.000       0.8432
 795.000       1.0898
 796.000       1.2721
 799.000       1.3463
 800.000       1.2930
 801.000       1.6543
 802.000       0.9936
 804.000       1.0780
 806.000       1.3327
 808.000       1.1119
 809.000       1.1086
 810.000       1.2980
 811.000       1.1358
 812.000       1.0179
 813.000       1.0653
 816.000       1.0453
 818.000       1.0178
 819.000       0.9907
 821.000       0.9021
 822.000       0.8958
 824.000       0.8555
 825.000       0.8167
 826.000       0.8055
 827.000       0.8444
 828.000       0.8262
 830.000       0.8690
 831.000       0.9383
 834.000       0.8977
 835.000       0.8575
 836.000       1.0510
 838.000       1.0539
 840.000       1.1891
 842.000       1.1768
 843.000       1.2898
 844.000       1.4647
 845.000       1.4014
 846.000       1.3053
 847.000       1.4273
 850.000       1.4016
 852.000       1.3272
 853.000       1.3300
 855.000       1.1520
 856.000       1.1359
 858.000       1.0566
 859.000       0.9980
 860.000       0.9591
 861.000       0.9876
 862.000       0.9608
 864.000       1.0123
 865.000       1.0605
 868.000       1.0762
 869.000       1.0544
 870.000       1.4580
 872.000       1.5533
 874.000       1.9524
 876.000       1.6727
