   2.000       3.8689
   3.000       3.9753
   6.000       3.9244
   8.000       3.8594
   9.000       3.7052
  11.000       3.4238
  12.000       3.3162
  14.000       3.0911
  15.000       3.0434
  16.000       2.8726
  17.000       2.7104
  18.000       2.9673
  20.000       3.1913
  21.000       3.3023
  24.000       3.3471
  25.000       3.2606
  26.000       3.7171
  28.000       3.7155
  30.000       4.0109
  32.000       3.8653
  33.000       3.7108
  34.000       3.9818
  35.000       3.5099
  36.000       3.5668
  37.000       3.7809
  40.000       3.6631
  42.000       3.5361
  43.000       3.3295
  45.000       3.0487
  46.000       2.9778
  48.000       2.7415
  49.000       2.6462
  50.000       2.4359
  51.000       2.2733
  52.000       2.4802
  54.000       2.6936
  55.000       2.7582
  58.000       2.8792
  59.000       2.8445
  60.000       3.4435
  62.000       3.3464
  64.000       3.5887
  66.000       3.6008
  67.000       3.4548
  68.000       3.7220
  69.000       3.3141
  70.000       3.2354
  71.000       3.3720
  74.000       3.1860
  76.000       3.0596
  77.000       2.8209
  79.000       2.5940
  80.000       2.6054
  82.000       2.4067
  83.000       2.2438
  84.000       2.0387
  85.000       1.9386
  88.000       1.9996
  89.000       2.1609
  91.000       2.3461
  92.000       2.3711
  93.000       2.9579
  95.000       2.8131
  97.000       2.9854
  99.000       3.0768
 100.000       2.9343
 101.000       3.1620
 102.000       2.8648
 103.000       2.6964
 104.000       2.7731
 107.000       2.5763
 109.000       2.4656
 110.000       2.2433
 112.000       2.0556
 113.000       2.0957
 115.000       1.9389
 116.000       1.7635
 117.000       1.5844
 118.000       1.5401
 119.000       1.5290
 121.000       1.6421
 122.000       1.6566
 125.000       1.8013
 126.000       1.8471
 127.000       2.3864
 129.000       2.2482
 131.000       2.3891
 133.000       2.4895
 134.000       2.3748
 135.000       2.5967
 136.000       2.3221
 137.000       2.1557
 138.000       2.2453
 141.000       2.0677
 143.000       1.9430
 144.000       1.7572
 146.000       1.5940
 147.000       1.6361
 149.000       1.5256
 150.000       1.3816
 151.000       1.2778
 152.000       1.2739
 155.000       1.2788
 156.000       1.3810
 158.000       1.4607
 159.000       1.4463
 160.000       1.9221
 162.000       1.7920
 164.000       1.9537
 166.000       2.0679
 167.000       2.0087
 168.000       2.2630
 169.000       2.0504
 170.000       1.7423
 171.000       1.7833
 174.000       1.6184
 176.000       1.5247
 177.000       1.4056
 179.000       1.3323
 180.000       1.4632
 182.000       1.4769
 183.000       1.2985
 184.000       1.2917
 185.000       1.4317
 186.000       1.2307
 188.000       1.2185
 189.000       1.3254
 192.000       1.2259
 193.000       1.2384
 194.000       1.5330
 196.000       1.4624
 198.000       1.6066
 200.000       1.6469
 201.000       1.7294
 202.000       1.8895
 203.000       1.8441
 204.000       1.6079
 205.000       1.5694
 208.000       1.4202
 210.000       1.3487
 211.000       1.3006
 213.000       1.3601
 214.000       1.4143
 216.000       1.5129
 218.000       1.5577
 219.000       1.7006
 220.000       1.5527
 222.000       1.4694
 223.000       1.5995
 224.000       1.3844
 226.000       1.3012
 228.000       1.3189
 230.000       1.4484
 231.000       1.4397
 232.000       1.6046
 233.000       1.4730
 234.000       1.2940
 235.000       1.3012
 238.000       1.2401
 240.000       1.2349
 241.000       1.2092
 243.000       1.1788
 244.000       1.1848
 246.000       1.2206
 247.000       1.2406
 248.000       1.3568
 249.000       1.4520
 252.000       1.4582
 253.000       1.4535
 255.000       1.3471
 256.000       1.2328
 257.000       1.1919
 259.000       1.2148
 261.000       1.3130
 263.000       1.2413
 264.000       1.2879
 265.000       1.4246
 266.000       1.3694
 267.000       1.2598
 268.000       1.2847
 271.000       1.2727
 273.000       1.2938
 274.000       1.3204
 276.000       1.3210
 277.000       1.3353
 279.000       1.3654
 280.000       1.3685
 281.000       1.4309
 282.000       1.4849
 283.000       1.4799
 285.000       1.4763
 286.000       1.5730
 289.000       1.4179
 290.000       1.3564
 291.000       1.2767
 293.000       1.3317
 295.000       1.4121
 297.000       1.2983
 298.000       1.3361
 299.000       1.4186
 300.000       1.3977
 301.000       1.3439
 302.000       1.3919
 305.000       1.4177
 307.000       1.3992
 308.000       1.4166
 310.000       1.3804
 311.000       1.3676
 313.000       1.3702
 314.000       1.3776
 315.000       1.4165
 316.000       1.4466
 319.000       1.4715
 320.000       1.4914
 322.000       1.4590
 323.000       1.3964
 324.000       1.4424
 326.000       1.4702
 328.000       1.5735
 330.000       1.5210
 331.000       1.5799
 332.000       1.7077
 333.000       1.5995
 334.000       1.5928
 335.000       1.6651
 338.000       1.6918
 340.000       1.6522
 341.000       1.6711
 343.000       1.6081
 344.000       1.5607
 346.000       1.5348
 348.000       1.5596
 349.000       1.5820
 350.000       1.6197
 352.000       1.6471
 353.000       1.7478
 354.000       1.7186
 356.000       1.7491
 358.000       1.8777
 360.000       1.8272
 361.000       1.8951
 362.000       2.0463
 363.000       1.8902
 364.000       1.8903
 365.000       1.9623
 368.000       1.9487
 370.000       1.8987
 371.000       1.8776
 373.000       1.7982
 374.000       1.7553
 376.000       1.7057
 377.000       1.7148
 378.000       1.7034
 379.000       1.6811
 380.000       1.7566
 382.000       1.8100
 383.000       1.8759
 386.000       1.8265
 387.000       1.7761
 388.000       1.9471
 390.000       1.9412
 392.000       2.0384
 394.000       2.0381
 395.000       2.0750
 396.000       2.2179
 397.000       2.0654
 398.000       2.0376
 399.000       2.0765
 402.000       2.0527
 404.000       1.9962
 405.000       1.9639
 407.000       1.8809
 408.000       1.8548
 410.000       1.7998
 411.000       1.7879
 412.000       1.7692
 413.000       1.7382
 416.000       1.8200
 417.000       1.8788
 419.000       1.8951
 420.000       1.8462
 421.000       2.0460
 423.000       2.0288
 425.000       2.1332
 427.000       2.1441
 428.000       2.1785
 429.000       2.3289
 430.000       2.1936
 431.000       2.1170
 432.000       2.1661
 435.000       2.1247
 437.000       2.0633
 438.000       2.0252
 440.000       1.9393
 441.000       1.9275
 443.000       1.8664
 445.000       1.8103
 446.000       1.7813
 447.000       1.8413
 449.000       1.9075
 450.000       1.9752
 451.000       2.1058
 453.000       2.0758
 455.000       2.1775
 457.000       2.1953
 458.000       2.2058
 459.000       2.3574
 460.000       2.2066
 461.000       2.1297
 462.000       2.1923
 465.000       2.1347
 467.000       2.0872
 468.000       2.0232
 470.000       1.9319
 471.000       1.9320
 473.000       1.8720
 475.000       1.8094
 476.000       1.7823
 477.000       1.8299
 479.000       1.8880
 480.000       1.9400
 481.000       2.0823
 483.000       2.0507
 485.000       2.1548
 487.000       2.1532
 488.000       2.1391
 489.000       2.2658
 490.000       2.1354
 491.000       2.0664
 492.000       2.1209
 495.000       2.0545
 497.000       2.0017
 498.000       1.9314
 500.000       1.8457
 501.000       1.8662
 503.000       1.8188
 505.000       1.7417
 506.000       1.7244
 509.000       1.7336
 510.000       1.7863
 511.000       1.8196
 512.000       1.9969
 514.000       1.9491
 516.000       2.0499
 518.000       2.0804
 519.000       2.0720
 520.000       2.2491
 521.000       2.0835
 522.000       1.9603
 523.000       1.9664
 526.000       1.8732
 528.000       1.8388
 529.000       1.7619
 531.000       1.6967
 532.000       1.7074
 534.000       1.6754
 535.000       1.6412
 536.000       1.6362
 537.000       1.6591
 538.000       1.6439
 540.000       1.6579
 541.000       1.6987
 544.000       1.6700
 545.000       1.6563
 546.000       1.7672
 548.000       1.7417
 550.000       1.8567
 552.000       1.8270
 553.000       1.7841
 554.000       1.9318
 555.000       1.7902
 556.000       1.6868
 557.000       1.7239
 560.000       1.6349
 562.000       1.5870
 563.000       1.4883
 565.000       1.4215
 566.000       1.4554
 568.000       1.4163
 570.000       1.3354
 571.000       1.3263
 574.000       1.3118
 575.000       1.3517
 576.000       1.3612
 577.000       1.5726
 579.000       1.5147
 581.000       1.5893
 583.000       1.6484
 584.000       1.6490
 585.000       1.8181
 586.000       1.6808
 587.000       1.5212
 588.000       1.5350
 591.000       1.4272
 593.000       1.3247
 594.000       1.2598
 596.000       1.2242
 597.000       1.2776
 599.000       1.2681
 600.000       1.2065
 601.000       1.2175
 602.000       1.2789
 603.000       1.2118
 605.000       1.1978
 606.000       1.2520
 609.000       1.1834
 610.000       1.1850
 611.000       1.4440
 613.000       1.3378
 615.000       1.3904
 617.000       1.6035
 618.000       1.7564
 619.000       1.9695
 620.000       1.8274
 621.000       1.6763
 622.000       1.6939
 625.000       1.6264
 627.000       1.4848
 628.000       1.4715
 630.000       1.4457
 631.000       1.4804
 633.000       1.5144
 635.000       1.5210
 636.000       1.6177
 637.000       1.4948
 639.000       1.4580
 640.000       1.5087
 641.000       1.7145
 643.000       1.6068
 645.000       1.6682
 647.000       1.9201
 648.000       2.1173
 649.000       2.1909
 650.000       2.4139
 651.000       2.2162
 652.000       2.3090
 655.000       2.4244
 657.000       2.6371
 658.000       2.6771
 660.000       2.8566
 661.000       2.8155
 663.000       3.0369
 665.000       3.3270
 666.000       3.5922
 667.000       3.3849
 669.000       3.1690
 670.000       3.3366
 671.000       2.3018
 673.000       2.4258
 675.000       2.5348
 677.000       2.4123
 678.000       2.3477
 679.000       2.5422
 680.000       2.4080
 681.000       2.0933
 682.000       2.0728
 685.000       1.8408
 687.000       1.7029
 688.000       1.5604
 690.000       1.5226
 691.000       1.6476
 693.000       1.6355
 694.000       1.4758
 695.000       1.4194
 696.000       1.5111
 699.000       1.3227
 700.000       1.2799
 702.000       1.3222
 703.000       1.4129
 704.000       1.8131
 706.000       1.7086
 708.000       1.7143
 710.000       1.8078
 711.000       1.8601
 712.000       2.0734
 713.000       2.0570
 714.000       1.7959
 715.000       1.8230
 718.000       1.7037
 720.000       1.6583
 721.000       1.5365
 723.000       1.4139
 724.000       1.4132
 726.000       1.3275
 727.000       1.2622
 728.000       1.2118
 729.000       1.2098
 732.000       1.2286
 733.000       1.2882
 735.000       1.3424
 736.000       1.3218
 737.000       1.5945
 739.000       1.5456
 741.000       1.6906
 743.000       1.6769
 744.000       1.6673
 745.000       1.7989
 746.000       1.7504
 747.000       1.5377
 748.000       1.5173
 751.000       1.4308
 753.000       1.4085
 754.000       1.3538
 756.000       1.3574
 757.000       1.4188
 759.000       1.4670
 760.000       1.4409
 761.000       1.5248
 762.000       1.6277
 763.000       1.5428
 765.000       1.4854
 766.000       1.5638
 769.000       1.4016
 770.000       1.3792
 771.000       1.3741
 773.000       1.3489
 775.000       1.4270
 777.000       1.4451
 778.000       1.4738
 779.000       1.6033
 780.000       1.5640
 781.000       1.3632
 782.000       1.3377
 785.000       1.2917
 787.000       1.2726
 788.000       1.3115
 790.000       1.3594
 791.000       1.3920
 793.000       1.4901
 795.000       1.5533
 796.000       1.6845
 797.000       1.5319
 799.000       1.4463
 800.000       1.5115
 801.000       1.3366
 803.000       1.3596
 805.000       1.4191
 807.000       1.3953
 808.000       1.4649
 809.000       1.6183
 810.000       1.5182
 811.000       1.4054
 812.000       1.4389
 815.000       1.4192
 817.000       1.3601
 818.000       1.3741
 820.000       1.3290
 821.000       1.3581
 823.000       1.3438
 824.000       1.3131
 825.000       1.3653
 826.000       1.4259
 827.000       1.4363
 829.000       1.4498
 830.000       1.5958
 833.000       1.3946
 834.000       1.3214
 835.000       1.4541
 837.000       1.4591
 839.000       1.5687
 841.000       1.5735
 842.000       1.6037
 843.000       1.8271
 844.000       1.6426
 845.000       1.5268
 846.000       1.6580
 849.000       1.6860
 851.000       1.6353
 852.000       1.6765
 854.000       1.5922
 855.000       1.5043
 857.000       1.4852
 859.000       1.5478
 860.000       1.5913
 861.000       1.7394
 863.000       1.7805
 864.000       2.0890
 865.000       1.6944
 867.000       1.7529
 869.000       1.9198
 871.000       1.8217
 872.000       1.9435
 873.000       2.1052
 874.000       1.9489
 875.000       1.9648
 876.000       2.0656
 879.000       2.0866
 881.000       2.0174
 882.000       1.9861
 884.000       1.8265
 885.000       1.7463
 887.000       1.6320
 888.000       1.6432
 889.000       1.5923
 890.000       1.5235
 891.000       1.6735
 893.000       1.7869
 894.000       1.8807
 897.000       1.8425
 898.000       1.7643
 899.000       2.0801
 901.000       2.0798
 903.000       2.2583
 905.000       2.2342
 906.000       2.2406
 907.000       2.4704
 908.000       2.1563
 909.000       2.1599
 910.000       2.2788
 913.000       2.1934
 915.000       2.1057
 916.000       1.9870
 918.000       1.8225
 919.000       1.7956
 921.000       1.6653
 923.000       1.5564
 924.000       1.4817
 925.000       1.6073
 927.000       1.7347
 928.000       1.8089
 929.000       2.0958
 931.000       2.0221
 933.000       2.1540
 935.000       2.2031
 936.000       2.1516
 937.000       2.3259
 938.000       2.1242
 939.000       2.0145
 940.000       2.0685
 943.000       1.9522
 945.000       1.8848
 946.000       1.7578
 948.000       1.6386
 949.000       1.6487
 951.000       1.5390
 952.000       1.4506
 953.000       1.3501
 954.000       1.3070
 955.000       1.3507
 957.000       1.4283
 958.000       1.4598
 961.000       1.5131
 962.000       1.5208
 963.000       1.8568
 965.000       1.7744
 967.000       1.8654
 969.000       1.9316
 970.000       1.9209
 971.000       2.0681
 972.000       1.9698
 973.000       1.7823
 974.000       1.7960
 977.000       1.6997
 979.000       1.6345
 980.000       1.5685
 982.000       1.5082
 983.000       1.5502
 985.000       1.5156
 987.000       1.4374
 988.000       1.4400
 989.000       1.4201
 991.000       1.4548
 992.000       1.4900
 993.000       1.6650
 995.000       1.6120
 997.000       1.6935
 999.000       1.7512
1000.000       1.7706
1001.000       1.9159
1002.000       1.8000
1003.000       1.6887
1004.000       1.7499
1007.000       1.6752
1009.000       1.6066
1010.000       1.5528
1012.000       1.4830
1013.000       1.4939
1015.000       1.4512
1016.000       1.4011
1017.000       1.3671
1018.000       1.3671
1019.000       1.3748
1021.000       1.4135
1022.000       1.4523
1025.000       1.4454
1026.000       1.4324
1027.000       1.6481
1029.000       1.6061
1031.000       1.6874
1033.000       1.7302
1034.000       1.7679
1035.000       1.9030
1036.000       1.7829
1037.000       1.7176
1038.000       1.7967
1041.000       1.7434
1043.000       1.6650
1044.000       1.6195
1046.000       1.5412
1047.000       1.5440
1049.000       1.5050
1050.000       1.4651
1051.000       1.4397
1052.000       1.4532
1055.000       1.4403
1056.000       1.4706
1058.000       1.5017
1059.000       1.4902
1060.000       1.7426
1062.000       1.7031
1064.000       1.8001
1066.000       1.8596
1067.000       1.9151
1068.000       2.1031
1069.000       1.8968
1070.000       1.8581
1071.000       1.9668
1074.000       1.8767
1076.000       1.7691
1077.000       1.6917
1079.000       1.6143
1080.000       1.6292
1082.000       1.5895
1083.000       1.5420
1084.000       1.5188
1085.000       1.5405
1088.000       1.5105
1089.000       1.5252
1091.000       1.5566
1092.000       1.5578
1093.000       1.8450
1095.000       1.7525
1097.000       1.8320
1099.000       1.9872
1100.000       2.0314
1101.000       2.2536
1102.000       2.0686
1103.000       1.8713
1104.000       1.9135
1107.000       1.7771
1109.000       1.6877
1110.000       1.6199
1112.000       1.6108
1113.000       1.6828
1115.000       1.7178
1117.000       1.6883
1118.000       1.7667
1119.000       1.6240
1121.000       1.5825
1122.000       1.5803
1123.000       1.7713
1125.000       1.6910
1127.000       1.7753
1129.000       1.8460
1130.000       2.3606
1131.000       2.9610
1132.000       2.7310
1133.000       2.0814
1134.000       2.2286
1137.000       1.8832
1139.000       1.7469
1140.000       1.4235
1142.000       1.5822
1143.000       2.1096
1145.000       2.3826
1146.000       2.0394
1147.000       2.3126
1148.000       2.8300
1149.000       2.1016
1151.000       1.6756
1152.000       1.8231
1155.000       1.3376
1156.000       1.5330
1157.000       1.7109
1159.000       1.5861
1161.000       1.6825
1163.000       1.7602
1164.000       2.0089
1165.000       2.2330
1166.000       2.3607
1167.000       1.8413
1168.000       1.8633
1171.000       1.7837
1173.000       1.7026
1174.000       1.6513
1176.000       1.5507
1177.000       1.5103
1179.000       1.4319
1180.000       1.4224
1181.000       1.3857
1182.000       1.3444
1183.000       1.4440
1185.000       1.5233
1186.000       1.6006
1189.000       1.5593
1190.000       1.5023
1191.000       1.7733
1193.000       1.7249
1195.000       1.8216
1197.000       1.8854
1198.000       1.9202
1199.000       2.1047
1200.000       1.8831
1201.000       1.8739
1202.000       1.9700
1205.000       1.9457
1207.000       1.8590
1208.000       1.8150
1210.000       1.6797
1211.000       1.6143
1213.000       1.5154
1214.000       1.5201
1215.000       1.4738
1216.000       1.4140
1217.000       1.5487
1219.000       1.6530
1220.000       1.7428
1223.000       1.6967
1224.000       1.6267
1225.000       1.9276
1227.000       1.9031
1229.000       2.0458
1231.000       2.0568
1232.000       2.0810
1233.000       2.2608
1234.000       2.0381
1235.000       2.0169
1236.000       2.1054
1239.000       2.0564
1241.000       1.9598
1242.000       1.8956
1244.000       1.7707
1245.000       1.7317
1247.000       1.6366
1248.000       1.6089
1249.000       1.5480
1250.000       1.4839
1253.000       1.5913
1254.000       1.6898
1256.000       1.7484
1257.000       1.7000
1258.000       2.0238
1260.000       1.9726
1262.000       2.1015
1264.000       2.1544
1265.000       2.1544
1266.000       2.3761
1267.000       2.1295
1268.000       2.0141
1269.000       2.0958
1272.000       1.9693
1274.000       1.8585
1275.000       1.7427
1277.000       1.6114
1278.000       1.6193
1280.000       1.5329
1282.000       1.4253
1283.000       1.3868
1284.000       1.4416
1286.000       1.5356
1287.000       1.6047
1288.000       1.8842
1290.000       1.7790
1292.000       1.9056
1294.000       2.0135
1295.000       2.0401
1296.000       2.2195
1297.000       2.0969
1298.000       1.9023
1299.000       1.9293
1302.000       1.8457
1304.000       1.7660
1305.000       1.7260
1307.000       1.6879
1308.000       1.7415
1310.000       1.7566
1311.000       1.7055
1312.000       1.7534
1313.000       1.8496
1314.000       1.7529
1316.000       1.7130
1317.000       1.7775
1320.000       1.6717
1321.000       1.6651
1322.000       1.8369
1324.000       1.7934
1326.000       1.8987
1328.000       1.9572
1329.000       1.9897
1330.000       2.2605
1331.000       1.9480
1332.000       1.8726
1333.000       2.0053
1336.000       1.9407
1338.000       1.8520
1339.000       1.7785
1341.000       1.6444
1342.000       1.5933
1344.000       1.5521
1346.000       1.5581
1347.000       1.6023
1348.000       1.6174
1350.000       1.6678
1351.000       1.8157
1352.000       1.8490
1354.000       1.8073
1356.000       1.9910
1358.000       1.9641
1359.000       2.3865
1360.000       2.7346
1361.000       2.8669
1362.000       2.2295
1363.000       2.1206
1366.000       2.1746
1368.000       2.4976
1369.000       2.6030
1371.000       3.0342
1372.000       3.2716
1374.000       3.7710
1376.000       4.0468
1377.000       4.6051
1380.000       3.9365
1381.000       3.4363
1382.000       3.5285
1383.000       2.0645
1385.000       2.3544
1387.000       2.4314
1389.000       2.0332
1390.000       1.9082
1391.000       2.0271
1392.000       1.8990
1393.000       1.8331
1394.000       1.9203
1397.000       1.8617
1399.000       1.8650
1400.000       1.7744
1402.000       1.6854
1403.000       1.7000
1405.000       1.6417
1406.000       1.5845
1407.000       1.5514
1408.000       1.5681
1409.000       1.5486
1411.000       1.5687
1412.000       1.5954
1415.000       1.6089
1416.000       1.6120
1417.000       1.7315
1419.000       1.7277
1421.000       1.8579
1423.000       1.7766
1424.000       1.7342
1425.000       1.8419
1426.000       1.7850
1427.000       1.6038
1428.000       1.5865
1431.000       1.5423
1433.000       1.5570
1434.000       1.5045
1436.000       1.4632
1437.000       1.4829
1439.000       1.4688
1441.000       1.4293
1442.000       1.4439
1443.000       1.4251
1445.000       1.4422
1446.000       1.4759
1447.000       1.5078
1449.000       1.5072
1451.000       1.5772
1453.000       1.5435
1454.000       1.5017
1455.000       1.6120
1456.000       1.5113
1457.000       1.4507
1458.000       1.5052
1461.000       1.4988
1463.000       1.4987
1464.000       1.4680
1466.000       1.3916
1467.000       1.3713
1469.000       1.3527
1471.000       1.3367
1472.000       1.3501
1475.000       1.3580
1476.000       1.3897
1477.000       1.4576
1478.000       1.4309
1480.000       1.4689
1482.000       1.6202
1484.000       1.4855
1485.000       1.4647
1486.000       1.5774
1487.000       1.4411
1488.000       1.4709
1489.000       1.5769
1492.000       1.5859
1494.000       1.5436
1495.000       1.5079
1497.000       1.4045
1498.000       1.3675
1500.000       1.3240
1501.000       1.3280
1502.000       1.3345
1503.000       1.3413
1506.000       1.3759
1507.000       1.4094
1509.000       1.4212
1510.000       1.3753
1511.000       1.5704
1513.000       1.5744
1515.000       1.7150
1517.000       1.6894
1518.000       1.7129
1519.000       1.9053
1520.000       1.6830
1521.000       1.6448
1522.000       1.7395
1525.000       1.6746
1527.000       1.5630
1528.000       1.5033
1530.000       1.3937
1531.000       1.3775
1533.000       1.3018
1535.000       1.2564
1536.000       1.2382
1539.000       1.2919
1540.000       1.3523
1541.000       1.4213
1542.000       1.6679
1544.000       1.6055
1546.000       1.7210
1548.000       1.8219
1549.000       1.8837
1550.000       2.1016
1551.000       1.8485
1552.000       1.8260
1553.000       1.9235
1556.000       1.8803
1558.000       1.7548
1559.000       1.7222
1561.000       1.6020
1562.000       1.5552
1564.000       1.4611
1565.000       1.4574
1566.000       1.4339
1567.000       1.3857
1570.000       1.5163
1571.000       1.6020
1573.000       1.6224
1574.000       1.5483
1575.000       1.9011
1577.000       1.8507
1579.000       1.9813
1581.000       2.0672
1582.000       2.1529
1583.000       2.3652
1584.000       2.1320
1585.000       2.0977
1586.000       2.1883
1589.000       2.1441
1591.000       1.9962
1592.000       1.9694
1594.000       1.8348
1595.000       1.8063
1597.000       1.7066
1599.000       1.6298
1600.000       1.5592
1603.000       1.6790
1604.000       1.7822
1605.000       1.8744
1606.000       2.1876
1608.000       2.1295
1610.000       2.2771
1612.000       2.3769
1613.000       2.5170
1614.000       2.7281
1615.000       2.5352
1616.000       2.4699
1617.000       2.5557
1620.000       2.5375
1622.000       2.4319
1623.000       2.4132
1625.000       2.2832
1626.000       2.2431
1628.000       2.1578
1629.000       2.1430
1630.000       2.1211
1631.000       2.0973
1634.000       2.1842
1635.000       2.2648
1637.000       2.2934
1638.000       2.2255
1639.000       2.5628
1641.000       2.5402
1643.000       2.6751
1645.000       2.7067
1646.000       2.7136
1647.000       2.9652
1648.000       2.6949
1649.000       2.5525
1650.000       2.6516
1653.000       2.5356
1655.000       2.4239
1656.000       2.3495
1658.000       2.2679
1659.000       2.3463
1661.000       2.3558
1662.000       2.2711
1663.000       2.3358
1664.000       2.4769
1667.000       2.3702
1668.000       2.3383
1670.000       2.2727
1671.000       2.2314
1672.000       2.4447
1674.000       2.3881
1676.000       2.5307
1678.000       2.5541
1679.000       2.4635
1680.000       2.6982
1681.000       2.4925
1682.000       2.1879
1683.000       2.2252
1686.000       2.0266
1688.000       1.9677
1689.000       1.8153
1691.000       1.7273
1692.000       1.8217
1694.000       1.8731
1696.000       1.8209
1697.000       1.9828
1700.000       1.7612
1701.000       1.7136
1702.000       1.8081
1703.000       1.8695
1705.000       1.7845
1707.000       1.9050
1709.000       1.9384
1710.000       1.9063
1711.000       2.0814
1712.000       1.9467
1713.000       1.8037
1714.000       1.8877
1717.000       1.9035
1719.000       1.8792
1720.000       1.9235
1722.000       1.7770
1723.000       1.7469
1725.000       1.6769
1726.000       1.6362
1727.000       1.6268
1728.000       1.6441
1729.000       1.7133
1731.000       1.8182
1732.000       2.0066
1735.000       1.8312
1736.000       1.7193
1737.000       1.9207
1739.000       2.0435
1741.000       2.2969
1743.000       2.0075
1744.000       2.0622
1745.000       2.2996
1746.000       2.1467
1747.000       1.9456
1748.000       2.0007
1751.000       1.9004
1753.000       1.8181
1754.000       1.8370
1756.000       1.6903
1757.000       1.7671
1759.000       1.6536
1760.000       1.4877
1761.000       1.3899
1762.000       1.4116
1765.000       1.3619
1766.000       1.4153
1768.000       1.4956
1769.000       1.5230
1770.000       1.9324
1772.000       2.0547
1774.000       2.4867
1776.000       2.0448
1777.000       2.2704
1778.000       2.7266
1779.000       2.6319
1780.000       2.1848
1781.000       2.2649
1784.000       2.0844
1786.000       2.0636
1787.000       1.8972
1789.000       1.9257
1790.000       2.0465
1792.000       2.0958
1793.000       1.9951
1794.000       2.0297
1795.000       2.1701
1798.000       1.9711
1799.000       1.8788
1801.000       1.8367
1802.000       1.8941
1803.000       1.9459
1805.000       1.8637
1807.000       1.7715
1809.000       1.9036
1810.000       2.0191
1811.000       2.1412
1812.000       1.9846
1813.000       2.1525
1814.000       2.1490
1817.000       2.0995
1819.000       1.9859
1820.000       1.9209
1822.000       1.8124
1823.000       1.8034
1825.000       1.7674
1826.000       1.7335
1827.000       1.7407
1828.000       1.7794
1829.000       1.7786
1831.000       1.8117
1832.000       1.9050
1835.000       1.8188
1836.000       1.7686
1837.000       2.1268
1839.000       2.0522
1841.000       2.1808
1843.000       2.3179
1844.000       2.4215
1845.000       2.6682
1846.000       2.4065
1847.000       2.3552
1848.000       2.4767
1851.000       2.4166
1853.000       2.2588
1854.000       2.2267
1856.000       2.1199
1857.000       2.0736
1859.000       2.0417
1861.000       2.0598
1862.000       2.0958
1865.000       2.1031
1866.000       2.1310
1867.000       2.2288
1868.000       2.4399
1870.000       2.3818
1872.000       2.5387
1874.000       2.6344
1875.000       2.7629
1876.000       2.9819
1877.000       2.7605
1878.000       2.7280
1879.000       2.8287
1882.000       2.8227
1884.000       2.6580
1885.000       2.6705
1887.000       2.5356
1888.000       2.4832
1890.000       2.4487
1891.000       2.4754
1892.000       2.5235
1893.000       2.5474
1894.000       2.6112
1896.000       2.6449
1897.000       2.7573
1900.000       2.6118
1901.000       2.5254
1902.000       2.9050
1904.000       2.8745
1906.000       3.0462
1908.000       3.1303
1909.000       3.2727
1910.000       3.5351
1911.000       3.2029
1912.000       3.2943
1913.000       3.3567
1916.000       3.4726
1918.000       3.6598
1919.000       3.6899
1921.000       3.6455
1922.000       3.5978
1924.000       3.6589
1925.000       3.7512
1926.000       3.9139
1927.000       3.9997
1930.000       4.0669
1931.000       4.0625
1933.000       3.9167
1934.000       3.7547
1935.000       3.3399
1937.000       3.5685
1939.000       3.7785
1941.000       3.3011
1942.000       3.0899
1943.000       3.1452
1944.000       2.9452
1945.000       3.1464
1946.000       3.3032
1949.000       3.4068
1951.000       3.4937
1952.000       3.4917
1954.000       3.3600
1955.000       3.1835
1957.000       3.1654
1958.000       3.3414
1959.000       3.4718
1960.000       3.4621
1961.000       3.6884
1963.000       3.7728
1964.000       4.0150
1967.000       3.6730
1968.000       3.4549
1969.000       3.2655
1971.000       3.4241
1973.000       3.6747
1975.000       3.2990
1976.000       3.1531
1977.000       3.2786
1978.000       2.9117
1979.000       3.2447
1980.000       3.4807
1983.000       3.5937
1985.000       3.6169
1986.000       3.6085
1988.000       3.4061
1989.000       3.1859
1991.000       3.0688
1992.000       3.2404
1993.000       3.3118
1994.000       3.2022
1997.000       3.5584
1998.000       3.7185
2000.000       3.6830
2001.000       3.4428
2002.000       3.4751
2004.000       3.6027
2006.000       3.8805
2008.000       3.5808
2009.000       3.4854
2010.000       3.7646
2011.000       3.5064
2012.000       3.2841
2013.000       3.3543
2016.000       3.1730
2018.000       3.1204
2019.000       2.8968
2021.000       2.7526
2022.000       2.8038
2024.000       2.6785
2025.000       2.5172
2026.000       2.3618
2027.000       2.3291
2028.000       2.2980
2030.000       2.3845
2031.000       2.3832
2034.000       2.5240
2035.000       2.5752
2036.000       2.9489
2038.000       2.8211
2040.000       2.9394
2042.000       3.0157
2043.000       2.8978
2044.000       3.0828
2045.000       2.8858
2046.000       2.6900
2047.000       2.6514
2050.000       2.5020
2052.000       2.4435
2053.000       2.2763
2055.000       2.1550
2056.000       2.2273
2058.000       2.1740
2060.000       2.0244
2061.000       2.0172
2064.000       1.9511
2065.000       2.0256
2066.000       2.0369
2067.000       2.3617
2069.000       2.2580
2071.000       2.3828
2073.000       2.4659
2074.000       2.3811
2075.000       2.6099
2076.000       2.5276
2077.000       2.1239
2078.000       2.0761
2081.000       1.9733
2083.000       1.9019
2084.000       1.7900
2086.000       1.6655
2087.000       1.6827
2089.000       1.6089
2090.000       1.5232
2091.000       1.4672
2092.000       1.4821
2093.000       1.4644
2095.000       1.5157
2096.000       1.5633
2099.000       1.5780
2100.000       1.5690
2101.000       1.8829
2103.000       1.8241
2105.000       1.9695
2107.000       2.0146
2108.000       1.9978
2109.000       2.2095
2110.000       1.9983
2111.000       1.8352
2112.000       1.8690
2115.000       1.7455
2117.000       1.6648
2118.000       1.5403
2120.000       1.4679
2121.000       1.5336
2123.000       1.4993
2125.000       1.3916
2126.000       1.4035
2129.000       1.3255
2130.000       1.3647
2131.000       1.3578
2132.000       1.6695
2134.000       1.5642
2136.000       1.6292
2138.000       1.7544
2139.000       1.7585
2140.000       1.9072
2141.000       1.8186
2142.000       1.6053
2143.000       1.5791
2146.000       1.4775
2148.000       1.4118
2149.000       1.3727
2151.000       1.3271
2152.000       1.3829
2154.000       1.3550
2155.000       1.2690
2156.000       1.2536
2157.000       1.3171
2158.000       1.2201
2160.000       1.1974
2161.000       1.2071
2164.000       1.2173
2165.000       1.2509
2166.000       1.4839
2168.000       1.4355
2170.000       1.4731
2172.000       1.4768
2173.000       1.6228
2174.000       1.6091
2175.000       1.7745
2176.000       1.7466
2177.000       1.7306
2180.000       1.8946
2182.000       2.2052
2183.000       2.1718
2185.000       2.3201
2186.000       2.3874
2188.000       2.6307
2189.000       2.7375
2190.000       3.1001
2191.000       3.3217
2192.000       3.3342
2194.000       3.2656
2195.000       3.6846
2198.000       2.8941
2199.000       2.6093
2200.000       1.7688
2202.000       1.8629
2204.000       2.0478
2206.000       1.9021
2207.000       1.9017
2208.000       2.0420
2209.000       2.0657
2210.000       1.7209
2211.000       1.6276
2214.000       1.5474
2216.000       1.5170
2217.000       1.5059
2219.000       1.5111
2220.000       1.6224
2222.000       1.6800
2224.000       1.6321
2225.000       1.7330
2226.000       1.5620
2228.000       1.5038
2229.000       1.5351
2230.000       1.6439
2232.000       1.6144
2234.000       1.6124
2236.000       1.7039
2237.000       1.8217
2238.000       1.9532
2239.000       1.9248
2240.000       1.7524
2241.000       1.7734
2244.000       1.7532
2246.000       1.7162
2247.000       1.7129
2249.000       1.6659
2250.000       1.6651
2252.000       1.6436
2253.000       1.6280
2254.000       1.6289
2255.000       1.6391
2256.000       1.6593
2258.000       1.6833
2259.000       1.7383
2262.000       1.6819
2263.000       1.6502
2264.000       1.7853
2266.000       1.7826
2268.000       1.8612
2270.000       1.8773
2271.000       1.9346
2272.000       2.0869
2273.000       1.9404
2274.000       1.9012
2275.000       1.9414
2278.000       1.9216
2280.000       1.8720
2281.000       1.8595
2283.000       1.7980
2284.000       1.7730
2286.000       1.7374
2287.000       1.7389
2288.000       1.7372
2289.000       1.7260
2292.000       1.7811
2293.000       1.8242
2295.000       1.8305
2296.000       1.7822
2297.000       1.9256
2299.000       1.9210
2301.000       2.0149
2303.000       2.0105
2304.000       2.0469
2305.000       2.1950
2306.000       2.0403
2307.000       2.0014
2308.000       2.0641
2311.000       2.0331
2313.000       1.9695
2314.000       1.9443
2316.000       1.8693
2317.000       1.8465
2319.000       1.7940
2320.000       1.7817
2321.000       1.7612
2322.000       1.7358
2325.000       1.8041
2326.000       1.8594
2328.000       1.8787
2329.000       1.8343
2330.000       2.0290
2332.000       2.0090
2334.000       2.1131
2336.000       2.1213
2337.000       2.1643
2338.000       2.3060
2339.000       2.1830
2340.000       2.1071
2341.000       2.1555
2344.000       2.1113
2346.000       2.0404
2347.000       2.0036
2349.000       1.9212
2350.000       1.9139
2352.000       1.8523
2354.000       1.7960
2355.000       1.7666
2356.000       1.8296
2358.000       1.8910
2359.000       1.9596
2360.000       2.0985
2362.000       2.0670
2364.000       2.1697
2366.000       2.1942
2367.000       2.2203
2368.000       2.3715
2369.000       2.2137
2370.000       2.1554
2371.000       2.2141
2374.000       2.1566
2376.000       2.0851
2377.000       2.0297
2379.000       1.9385
2380.000       1.9338
2382.000       1.8592
2384.000       1.7845
2385.000       1.7333
2388.000       1.8060
2389.000       1.8832
2390.000       1.9349
2391.000       2.1219
2393.000       2.0777
2395.000       2.1669
2397.000       2.2108
2398.000       2.2027
2399.000       2.3565
2400.000       2.1744
2401.000       2.1391
2402.000       2.1902
2405.000       2.1209
2407.000       2.0756
2408.000       1.9997
2410.000       1.9057
2411.000       1.9134
2413.000       1.8368
2414.000       1.7747
2415.000       1.7130
2416.000       1.6849
2419.000       1.7168
2420.000       1.7765
2422.000       1.8337
2423.000       1.8260
2424.000       2.0432
2426.000       2.0155
2428.000       2.1209
2430.000       2.1090
2431.000       2.0816
2432.000       2.2280
2433.000       2.0794
2434.000       1.9845
2435.000       2.0452
2438.000       1.9504
2440.000       1.8894
2441.000       1.8225
2443.000       1.7218
2444.000       1.7481
2446.000       1.6984
2448.000       1.6084
2449.000       1.5956
2450.000       1.5974
2452.000       1.6554
2453.000       1.7018
2454.000       1.8942
2456.000       1.9202
2458.000       2.1827
2460.000       1.9739
2461.000       1.9833
2462.000       2.1924
2463.000       2.0296
2464.000       1.8332
2465.000       1.8679
2468.000       1.7521
2470.000       1.6445
2471.000       1.5503
2473.000       1.4769
2474.000       1.5456
2476.000       1.5496
2478.000       1.4882
2479.000       1.5705
2480.000       1.4265
2482.000       1.4189
2483.000       1.4522
2484.000       1.7505
2486.000       1.6391
2488.000       1.6447
2490.000       1.7720
2491.000       1.8574
2492.000       1.9942
2493.000       1.9817
2494.000       1.7245
2495.000       1.6716
2498.000       1.5906
2500.000       1.5904
2501.000       1.5453
2503.000       1.5558
2504.000       1.7456
2506.000       1.8013
2507.000       1.6267
2508.000       1.6649
2509.000       1.8657
2510.000       1.5263
2512.000       1.3757
2513.000       1.3503
2516.000       1.3465
2517.000       1.4700
2518.000       1.5786
2520.000       1.7285
2522.000       2.0960
2524.000       1.6699
2525.000       1.7158
2526.000       2.1426
2527.000       1.8640
2528.000       1.5155
2529.000       1.5494
2532.000       1.4063
2534.000       1.3283
2535.000       1.3054
2537.000       1.2721
2538.000       1.2773
2540.000       1.3210
2542.000       1.3603
2543.000       1.4751
2546.000       1.3767
2547.000       1.3332
2548.000       1.4358
2549.000       1.3590
2551.000       1.3287
2553.000       1.4772
2555.000       1.4651
2556.000       1.5226
2557.000       1.7532
2558.000       1.5640
2559.000       1.4597
2560.000       1.5125
2563.000       1.4959
2565.000       1.4810
2566.000       1.4617
2568.000       1.3661
2569.000       1.3679
2571.000       1.3251
2572.000       1.2888
2573.000       1.2845
2574.000       1.2900
2577.000       1.3449
2578.000       1.4020
2580.000       1.3991
2581.000       1.3313
2582.000       1.4919
2584.000       1.5201
2586.000       1.6690
2588.000       1.6104
2589.000       1.6725
2590.000       1.8932
2591.000       1.6396
2592.000       1.6701
2593.000       1.7946
2596.000       1.8032
2598.000       1.7329
2599.000       1.7165
2601.000       1.5817
2602.000       1.5034
2604.000       1.4198
2606.000       1.4160
2607.000       1.3993
2608.000       1.5098
2610.000       1.5933
2611.000       1.7248
2612.000       1.7894
2614.000       1.7972
2616.000       1.9737
2618.000       1.9257
2619.000       1.9495
2620.000       2.1385
2621.000       1.8980
2622.000       1.9013
2623.000       1.9888
2626.000       1.9503
2628.000       1.8869
2629.000       1.8289
2631.000       1.6923
2632.000       1.6345
2634.000       1.5250
2636.000       1.4796
2637.000       1.4095
2640.000       1.5543
2641.000       1.6597
2642.000       1.7590
2643.000       1.8823
2645.000       1.8684
2647.000       2.0224
2649.000       1.9741
2650.000       1.9471
2651.000       2.1041
2652.000       1.9013
2653.000       1.8764
2654.000       1.9795
2657.000       1.9183
2659.000       1.8451
2660.000       1.7691
2662.000       1.6403
2663.000       1.6089
2665.000       1.5156
2667.000       1.4525
2668.000       1.3925
2671.000       1.4926
2672.000       1.5835
2673.000       1.6488
2674.000       1.8456
2676.000       1.8099
2678.000       1.9384
2680.000       1.9489
2681.000       1.9204
2682.000       2.1182
2683.000       1.8730
2684.000       1.8191
2685.000       1.9271
2688.000       1.8641
2690.000       1.7726
2691.000       1.6661
2693.000       1.4959
2694.000       1.4655
2696.000       1.3528
2697.000       1.2888
2698.000       1.2154
2699.000       1.2015
2700.000       1.2472
2702.000       1.3506
2703.000       1.4397
2706.000       1.4301
2707.000       1.3861
2708.000       1.7892
2710.000       1.7355
2712.000       1.9171
2714.000       1.9374
2715.000       1.9335
2716.000       2.1702
2717.000       1.8763
2718.000       1.8405
2719.000       1.9731
2722.000       1.9079
2724.000       1.7441
2725.000       1.6564
2727.000       1.4900
2728.000       1.4643
2730.000       1.3833
2732.000       1.3343
2733.000       1.3558
2736.000       1.3693
2737.000       1.4388
2738.000       1.5310
2739.000       1.8933
2741.000       1.8119
2743.000       1.9998
2745.000       2.1261
2746.000       2.2234
2747.000       2.5196
2748.000       2.1722
2749.000       2.1482
2750.000       2.2843
2753.000       2.2405
2755.000       2.0419
2756.000       2.0194
2758.000       1.8568
2759.000       1.7826
2761.000       1.6908
2763.000       1.6896
2764.000       1.6990
2765.000       1.7843
2767.000       1.8639
2768.000       2.0071
2769.000       2.2891
2771.000       2.2340
2773.000       2.4408
2775.000       2.5408
2776.000       2.6809
2777.000       2.9639
2778.000       2.6125
2779.000       2.6561
2780.000       2.8198
2783.000       2.7964
2785.000       2.5835
2786.000       2.5769
2788.000       2.3841
2789.000       2.2830
2791.000       2.1549
2793.000       2.1386
2794.000       2.0830
2797.000       2.2564
2798.000       2.3747
2799.000       2.5335
2800.000       2.8655
2802.000       2.8160
2804.000       3.0353
2806.000       3.1335
2807.000       3.2725
2808.000       3.5769
2809.000       3.1740
2810.000       3.2442
2811.000       3.4448
2814.000       3.4264
2816.000       3.1955
2817.000       3.1817
2819.000       2.9612
2820.000       2.8351
2822.000       2.6737
2824.000       2.6515
2825.000       2.5598
2828.000       2.7868
2829.000       2.9397
2830.000       3.1095
2831.000       3.4942
2833.000       3.4319
2835.000       3.6625
2837.000       3.7824
2838.000       3.9315
2839.000       4.2592
2840.000       3.8479
2841.000       3.8993
2842.000       4.0858
2845.000       4.0848
2847.000       3.8440
2848.000       3.8283
2850.000       3.6029
2851.000       3.4960
2853.000       3.3784
2854.000       3.4109
2855.000       3.4286
2856.000       3.3969
2859.000       3.5793
2860.000       3.6990
2862.000       3.7033
2863.000       3.5516
2864.000       4.1693
2866.000       4.0835
2868.000       4.3467
2870.000       4.4847
