   2.000       3.9162
   3.000       3.9864
   6.000       3.9337
   8.000       3.9518
   9.000       3.7820
  11.000       3.5426
  12.000       3.4730
  14.000       3.2939
  15.000       3.2353
  16.000       3.0957
  17.000       2.9852
  18.000       3.1564
  20.000       3.3324
  21.000       3.4184
  24.000       3.4613
  25.000       3.4006
  26.000       3.6558
  28.000       3.6855
  30.000       3.9501
  32.000       3.7120
  33.000       3.5042
  34.000       3.6924
  35.000       3.3303
  36.000       3.3877
  37.000       3.5653
  40.000       3.4788
  42.000       3.4273
  43.000       3.2463
  45.000       3.0085
  46.000       2.9406
  48.000       2.7521
  49.000       2.6839
  50.000       2.5292
  51.000       2.4100
  52.000       2.5785
  54.000       2.7551
  55.000       2.8316
  58.000       2.8966
  59.000       2.8498
  60.000       3.2563
  62.000       3.2144
  64.000       3.4391
  66.000       3.3614
  67.000       3.2113
  68.000       3.4316
  69.000       3.0779
  70.000       3.0613
  71.000       3.2087
  74.000       3.0862
  76.000       2.9843
  77.000       2.8001
  79.000       2.5787
  80.000       2.5386
  82.000       2.3530
  83.000       2.2640
  84.000       2.1057
  85.000       2.0000
  86.000       2.1386
  88.000       2.3014
  89.000       2.3688
  92.000       2.4387
  93.000       2.4106
  94.000       2.9158
  96.000       2.8226
  98.000       3.0114
 100.000       3.0602
 101.000       2.9818
 102.000       3.2426
 103.000       2.8816
 104.000       2.8031
 105.000       2.9268
 108.000       2.7897
 110.000       2.6463
 111.000       2.4750
 113.000       2.2632
 114.000       2.2383
 116.000       2.0665
 117.000       1.9610
 118.000       1.8133
 119.000       1.7149
 122.000       1.8330
 123.000       1.9848
 125.000       2.1181
 126.000       2.0943
 127.000       2.6612
 129.000       2.5405
 131.000       2.7230
 133.000       2.8334
 134.000       2.7927
 135.000       3.0585
 136.000       2.7087
 137.000       2.6247
 138.000       2.7455
 141.000       2.6026
 143.000       2.4534
 144.000       2.2924
 146.000       2.0908
 147.000       2.0694
 149.000       1.9082
 150.000       1.8035
 151.000       1.6595
 152.000       1.5721
 155.000       1.6764
 156.000       1.8242
 158.000       1.9540
 159.000       1.9294
 160.000       2.4826
 162.000       2.3563
 164.000       2.5314
 166.000       2.6496
 167.000       2.6170
 168.000       2.8669
 169.000       2.5476
 170.000       2.4613
 171.000       2.5797
 174.000       2.4416
 176.000       2.3043
 177.000       2.1493
 179.000       1.9674
 180.000       1.9580
 182.000       1.8079
 183.000       1.7024
 184.000       1.5583
 185.000       1.4882
 186.000       1.5627
 188.000       1.6929
 189.000       1.7406
 192.000       1.8199
 193.000       1.8132
 194.000       2.3178
 196.000       2.2065
 198.000       2.3674
 200.000       2.4628
 201.000       2.4135
 202.000       2.6385
 203.000       2.3740
 204.000       2.2434
 205.000       2.3261
 208.000       2.1895
 210.000       2.0670
 211.000       1.9209
 213.000       1.7783
 214.000       1.7999
 216.000       1.6952
 217.000       1.5814
 218.000       1.4779
 219.000       1.4575
 222.000       1.4599
 223.000       1.5425
 225.000       1.6365
 226.000       1.6435
 227.000       2.0777
 229.000       1.9655
 231.000       2.1089
 233.000       2.2136
 234.000       2.2045
 235.000       2.4188
 236.000       2.2019
 237.000       2.0427
 238.000       2.1008
 241.000       1.9751
 243.000       1.8471
 244.000       1.7279
 246.000       1.6046
 247.000       1.6430
 249.000       1.5880
 251.000       1.4782
 252.000       1.4764
 253.000       1.4477
 255.000       1.5099
 256.000       1.5475
 257.000       1.9108
 259.000       1.8020
 261.000       1.9254
 263.000       2.0565
 264.000       2.0309
 265.000       2.2618
 266.000       2.0417
 267.000       1.9342
 268.000       2.2360
 271.000       1.9595
 273.000       1.8342
 274.000       1.6378
 276.000       1.5528
 277.000       1.6367
 279.000       1.6451
 280.000       1.5544
 281.000       1.6291
 282.000       1.7939
 285.000       1.6651
 286.000       1.6215
 288.000       1.5513
 289.000       1.5075
 290.000       1.7880
 292.000       1.6388
 294.000       1.7643
 296.000       1.9049
 297.000       1.7244
 298.000       1.6392
 299.000       2.0405
 300.000       1.6908
 301.000       1.7816
 304.000       1.8088
 306.000       1.7941
 307.000       1.7329
 309.000       1.6890
 310.000       1.7128
 312.000       1.6685
 314.000       1.6077
 315.000       1.6169
 316.000       1.6006
 318.000       1.6369
 319.000       1.6679
 320.000       1.7864
 322.000       1.7533
 324.000       1.8105
 326.000       1.8197
 327.000       1.8883
 328.000       1.9130
 329.000       1.9318
 330.000       1.9781
 331.000       1.8718
 334.000       1.8857
 336.000       1.8819
 337.000       1.9040
 339.000       1.8331
 340.000       1.9315
 342.000       1.8628
 343.000       1.6965
 344.000       1.5810
 345.000       1.5987
 348.000       1.4962
 349.000       1.5311
 351.000       1.6211
 352.000       1.6929
 353.000       1.8476
 355.000       1.9122
 357.000       2.0883
 359.000       1.9711
 360.000       1.9353
 361.000       2.1758
 362.000       1.8981
 363.000       1.7988
 364.000       1.6396
 367.000       1.4678
 369.000       1.6695
 370.000       1.7924
 372.000       1.9191
 373.000       2.0885
 375.000       2.2587
 376.000       2.2195
 377.000       2.4138
 378.000       2.6598
 381.000       2.4264
 382.000       2.2384
 384.000       2.0187
 385.000       2.0188
 386.000       1.5411
 388.000       1.7448
 390.000       1.9528
 392.000       1.5986
 393.000       1.8571
 394.000       2.0780
 395.000       1.9083
 396.000       1.9115
 397.000       2.0370
 400.000       2.0529
 402.000       1.9678
 403.000       1.9283
 405.000       1.7581
 406.000       1.6804
 408.000       1.5657
 410.000       1.5100
 411.000       1.4556
 412.000       1.6054
 414.000       1.7327
 415.000       1.8661
 416.000       2.0458
 418.000       2.0397
 420.000       2.2314
 422.000       2.2149
 423.000       2.2367
 424.000       2.4518
 425.000       2.1672
 426.000       2.1761
 427.000       2.3001
 430.000       2.2313
 432.000       2.1120
 433.000       2.0259
 435.000       1.8542
 436.000       1.8185
 438.000       1.6936
 440.000       1.6046
 441.000       1.5328
 444.000       1.6550
 445.000       1.7786
 446.000       1.8660
 447.000       2.1682
 449.000       2.1087
 451.000       2.2722
 453.000       2.3079
 454.000       2.3099
 455.000       2.5033
 456.000       2.2590
 457.000       2.2248
 458.000       2.3146
 461.000       2.2476
 463.000       2.0989
 464.000       2.0151
 466.000       1.8478
 467.000       1.8270
 469.000       1.7064
 471.000       1.6010
 472.000       1.5209
 475.000       1.6221
 476.000       1.7473
 477.000       1.8025
 478.000       2.2387
 480.000       2.1460
 482.000       2.2854
 484.000       2.4201
 485.000       2.4866
 486.000       2.7426
 487.000       2.4656
 488.000       2.3404
 489.000       2.4072
 492.000       2.2485
 494.000       2.0607
 495.000       1.9181
 497.000       1.7787
 498.000       1.8436
 500.000       1.7657
 502.000       1.6203
 503.000       1.6064
 504.000       1.5645
 506.000       1.6332
 507.000       1.6149
 508.000       2.2163
 510.000       2.0396
 512.000       2.1076
 514.000       2.3882
 515.000       2.4114
 516.000       2.7342
 517.000       2.4314
 518.000       2.1157
 519.000       2.1679
 522.000       1.9405
 524.000       1.7420
 525.000       1.5776
 527.000       1.4776
 528.000       1.5378
 530.000       1.5410
 531.000       1.4699
 532.000       1.5401
 533.000       1.6722
 536.000       1.5767
 537.000       1.5319
 539.000       1.4633
 540.000       1.4301
 541.000       1.8668
 543.000       1.6722
 545.000       1.7760
 547.000       2.0664
 548.000       2.1572
 549.000       2.4135
 550.000       2.1635
 551.000       2.0134
 552.000       2.0023
 555.000       1.8922
 557.000       1.7661
 558.000       1.7084
 560.000       1.6427
 561.000       1.6404
 563.000       1.5983
 564.000       1.5681
 565.000       1.5510
 566.000       1.5486
 569.000       1.5797
 570.000       1.6208
 572.000       1.6332
 573.000       1.6016
 574.000       1.9225
 576.000       1.8232
 578.000       1.8827
 580.000       2.0627
 581.000       2.1904
 582.000       2.3667
 583.000       2.2552
 584.000       2.1183
 585.000       2.1499
 588.000       2.0980
 590.000       1.9603
 591.000       1.9266
 593.000       1.8438
 594.000       1.8636
 596.000       1.8315
 598.000       1.7607
 599.000       1.7655
 600.000       1.7383
 602.000       1.7879
 603.000       1.8161
 604.000       2.1651
 606.000       2.0874
 608.000       2.1761
 610.000       2.3313
 611.000       2.3913
 612.000       2.6625
 613.000       2.3746
 614.000       2.2290
 615.000       2.3032
 618.000       2.1589
 620.000       1.9944
 621.000       1.8452
 623.000       1.7027
 624.000       1.7357
 626.000       1.6431
 627.000       1.5217
 628.000       1.4329
 629.000       1.4517
 630.000       1.4033
 632.000       1.4650
 633.000       1.4925
 636.000       1.5543
 637.000       1.5670
 638.000       2.0963
 640.000       1.9367
 642.000       2.0472
 644.000       2.2625
 645.000       2.2671
 646.000       2.5015
 647.000       2.2198
 648.000       2.1175
 649.000       2.2897
 652.000       2.1247
 654.000       1.9914
 655.000       1.8028
 657.000       1.6798
 658.000       1.7127
 660.000       1.6364
 661.000       1.5353
 662.000       1.4958
 663.000       1.5461
 666.000       1.4974
 667.000       1.5222
 669.000       1.5630
 670.000       1.5623
 671.000       2.0138
 673.000       1.8506
 675.000       1.9329
 677.000       2.1548
 678.000       2.1798
 679.000       2.3968
 680.000       2.2026
 681.000       1.9991
 682.000       2.0016
 685.000       1.8570
 687.000       1.6980
 688.000       1.6379
 690.000       1.5797
 691.000       1.6720
 693.000       1.7090
 695.000       1.6781
 696.000       1.8155
 697.000       1.5907
 699.000       1.5230
 700.000       1.5087
 701.000       1.9037
 703.000       1.7781
 705.000       1.8150
 707.000       1.9452
 708.000       2.1491
 709.000       2.3216
 710.000       2.2418
 711.000       2.1462
 712.000       2.1818
 715.000       2.1924
 717.000       2.0533
 718.000       2.0292
 720.000       1.7815
 721.000       1.7496
 723.000       1.6373
 724.000       1.5865
 725.000       1.6149
 726.000       1.6886
 729.000       1.7275
 730.000       1.7980
 732.000       1.7966
 733.000       1.6799
 734.000       2.3395
 736.000       2.3190
 738.000       2.6098
 740.000       2.4822
 741.000       2.7307
 742.000       2.8596
 743.000       3.0141
 744.000       2.7159
 745.000       2.7803
 748.000       2.8432
 750.000       3.0965
 751.000       3.0895
 753.000       3.2952
 754.000       3.2853
 756.000       3.5151
 758.000       3.7906
 759.000       4.0563
 760.000       3.8215
 762.000       3.5882
 763.000       3.7191
 764.000       2.6379
 766.000       2.7868
 768.000       2.8276
 770.000       2.6925
 771.000       2.5581
 772.000       2.7451
 773.000       2.5879
 774.000       2.2755
 775.000       2.1690
 778.000       1.9541
 780.000       1.8562
 781.000       1.6829
 783.000       1.6547
 784.000       1.7854
 786.000       1.7943
 787.000       1.6611
 788.000       1.6838
 789.000       1.8252
 790.000       1.6064
 792.000       1.5073
 793.000       1.5031
 796.000       1.4887
 797.000       1.5670
 798.000       1.8426
 800.000       1.6758
 802.000       1.7024
 804.000       1.9401
 805.000       1.9623
 806.000       2.1175
 807.000       2.0437
 808.000       1.7948
 809.000       1.7677
 812.000       1.6620
 814.000       1.5890
 815.000       1.5266
 817.000       1.5223
 818.000       1.6401
 820.000       1.7066
 821.000       1.6218
 822.000       1.7190
 823.000       1.9036
 824.000       1.6650
 826.000       1.5548
 827.000       1.5888
 830.000       1.4787
 831.000       1.5071
 832.000       1.6606
 834.000       1.5856
 836.000       1.6631
 838.000       1.7738
 839.000       1.8670
 840.000       1.9291
 841.000       1.9670
 842.000       1.9127
 843.000       1.9722
 846.000       1.9893
 848.000       1.9727
 849.000       1.9363
 851.000       1.8272
 852.000       1.7593
 854.000       1.6882
 856.000       1.6866
 857.000       1.6655
 858.000       1.7624
 860.000       1.8353
 861.000       1.9399
 862.000       1.9391
 864.000       1.9612
 866.000       2.1181
 868.000       2.0339
 869.000       2.0269
 870.000       2.1899
 871.000       1.9873
 872.000       1.9661
 873.000       2.0522
 876.000       1.9998
 878.000       1.9501
 879.000       1.8689
 881.000       1.7595
 882.000       1.7409
 884.000       1.6678
 886.000       1.6108
 887.000       1.5873
 888.000       1.6428
 890.000       1.7165
 891.000       1.7875
 892.000       1.9207
 894.000       1.8848
 896.000       2.0092
 898.000       2.0047
 899.000       1.9908
 900.000       2.1385
 901.000       2.0480
 902.000       1.8401
 903.000       1.8398
 906.000       1.7304
 908.000       1.6803
 909.000       1.6259
 911.000       1.6288
 912.000       1.6917
 914.000       1.7671
 916.000       1.7993
 917.000       1.9412
 918.000       1.7463
 920.000       1.6606
 921.000       1.6975
 922.000       1.6784
 924.000       1.6310
 926.000       1.6977
 928.000       1.7428
 929.000       1.7428
 930.000       1.8938
 931.000       1.7400
 932.000       1.6651
 933.000       1.7105
 936.000       1.6526
 938.000       1.6155
 939.000       1.5530
 941.000       1.4741
 942.000       1.4610
 944.000       1.4161
 945.000       1.4033
 946.000       1.4137
 947.000       1.4333
 948.000       1.4653
 950.000       1.4954
 951.000       1.5851
 954.000       1.4901
 955.000       1.4427
 956.000       1.5922
 958.000       1.5665
 960.000       1.6650
 962.000       1.6702
 963.000       1.6625
 964.000       1.8170
 965.000       1.6663
 966.000       1.5821
 967.000       1.6356
 970.000       1.5902
 972.000       1.5452
 973.000       1.5227
 975.000       1.4570
 976.000       1.4250
 978.000       1.3920
 979.000       1.4047
 980.000       1.4196
 981.000       1.4159
 982.000       1.4973
 984.000       1.5510
 985.000       1.6693
 988.000       1.5315
 989.000       1.4538
 990.000       1.5711
 992.000       1.5656
 994.000       1.6695
 996.000       1.6655
 997.000       1.7259
 998.000       1.8967
 999.000       1.7302
1000.000       1.6987
1001.000       1.7958
1004.000       1.8191
1006.000       1.7569
1007.000       1.7600
1009.000       1.6252
1010.000       1.5320
1012.000       1.4584
1013.000       1.4989
1014.000       1.4880
1015.000       1.4399
1016.000       1.5931
1018.000       1.7021
1019.000       1.8303
1022.000       1.7218
1023.000       1.6098
1024.000       1.8220
1026.000       1.8504
1028.000       2.0338
1030.000       1.9666
1031.000       2.0022
1032.000       2.2196
1033.000       1.9166
1034.000       1.9830
1035.000       2.1432
1038.000       2.1029
1040.000       2.0174
1041.000       1.9289
1043.000       1.7694
1044.000       1.7033
1046.000       1.6032
1047.000       1.5986
1048.000       1.5537
1049.000       1.4966
1052.000       1.6136
1053.000       1.7106
1055.000       1.7662
1056.000       1.7011
1057.000       2.0042
1059.000       1.9617
1061.000       2.1488
1063.000       2.1534
1064.000       2.1329
1065.000       2.3885
1066.000       2.1073
1067.000       1.9538
1068.000       2.0014
1071.000       1.8024
1073.000       1.6688
1074.000       1.5381
1076.000       1.4751
1077.000       1.5054
1079.000       1.4609
1080.000       1.3916
1081.000       1.3514
1082.000       1.3765
1083.000       1.3286
1085.000       1.3493
1086.000       1.3604
1089.000       1.3910
1090.000       1.4045
1091.000       1.7295
1093.000       1.5564
1095.000       1.5913
1097.000       1.8701
1098.000       1.8877
1099.000       1.9967
1100.000       2.0575
1101.000       1.7599
1102.000       1.6891
1105.000       1.6666
1107.000       1.6588
1108.000       1.8205
1110.000       1.8038
1111.000       2.0085
1113.000       2.1548
1115.000       2.0510
1116.000       2.2408
1117.000       1.8761
1119.000       1.7887
1120.000       1.8869
1121.000       1.7699
1123.000       2.1269
1125.000       2.6695
1127.000       1.8364
1128.000       1.9001
1129.000       2.2695
1130.000       1.9873
1131.000       1.9072
1132.000       1.9310
1135.000       1.9701
1137.000       2.1790
1138.000       2.2923
1140.000       2.5345
1141.000       2.5066
1143.000       2.7918
1145.000       3.1411
1146.000       3.4679
1147.000       3.1733
1149.000       2.8903
1150.000       3.0429
1151.000       1.9473
1153.000       2.1490
1155.000       2.4701
1157.000       2.0202
1158.000       2.0755
1159.000       2.2418
1160.000       2.1176
1161.000       2.0364
1162.000       2.0946
1165.000       2.0782
1167.000       1.9850
1168.000       1.9756
1170.000       1.9692
1171.000       1.9979
1173.000       2.0798
1175.000       2.1684
1176.000       2.3423
1177.000       2.1713
1179.000       2.0740
1180.000       2.1856
1181.000       2.1171
1183.000       2.0159
1185.000       2.0827
1187.000       2.2291
1188.000       2.3912
1189.000       2.6768
1190.000       2.3937
1191.000       2.3848
1192.000       2.5662
1195.000       2.6038
1197.000       2.5021
1198.000       2.5418
1200.000       2.4053
1201.000       2.3178
1203.000       2.2646
1205.000       2.3165
1206.000       2.3568
1209.000       2.4379
1210.000       2.4804
1211.000       2.6773
1212.000       2.5830
1214.000       2.6498
1216.000       2.9523
1218.000       2.7923
1219.000       2.7544
1220.000       3.0803
1221.000       2.7358
1222.000       2.5281
1223.000       2.6589
1226.000       2.4781
1228.000       2.3852
1229.000       2.2527
1231.000       2.1456
1232.000       2.1828
1234.000       2.2358
1236.000       2.2644
1237.000       2.4450
1238.000       2.2545
1240.000       2.2035
1241.000       2.3671
1242.000       2.2854
1244.000       2.2176
1246.000       2.4103
1248.000       2.3825
1249.000       2.2827
1250.000       2.4816
1251.000       2.3458
1252.000       1.9958
1253.000       1.9838
1256.000       1.7813
1258.000       1.7142
1259.000       1.5702
1261.000       1.5189
1262.000       1.6472
1264.000       1.6379
1265.000       1.4986
1266.000       1.5118
1267.000       1.6148
1270.000       1.5262
1271.000       1.5118
1273.000       1.4583
1274.000       1.4467
1275.000       1.6781
1277.000       1.5842
1279.000       1.6680
1281.000       1.7447
1282.000       1.7787
1283.000       1.9237
1284.000       1.8775
1285.000       1.6674
1286.000       1.6677
1289.000       1.6407
1291.000       1.5693
1292.000       1.6600
1294.000       1.5459
1295.000       1.5737
1297.000       1.5833
1299.000       1.5286
1300.000       1.5941
1303.000       1.5074
1304.000       1.5281
1305.000       1.6242
1306.000       1.7523
1308.000       1.9227
1310.000       2.3387
1312.000       1.8466
1313.000       1.7474
1314.000       1.8847
1315.000       2.0739
1316.000       1.6572
1317.000       1.7181
1320.000       1.6797
1322.000       1.7402
1323.000       1.6918
1325.000       1.6187
1326.000       1.6196
1328.000       1.6058
1330.000       1.5813
1331.000       1.5971
1334.000       1.5930
1335.000       1.6154
1336.000       1.6769
1337.000       1.5527
1339.000       1.6295
1341.000       1.7944
1343.000       1.5722
1344.000       1.5004
1345.000       1.6286
1346.000       1.4487
1347.000       1.4894
1348.000       1.6145
1351.000       1.6228
1353.000       1.6076
1354.000       1.5624
1356.000       1.4476
1357.000       1.4011
1359.000       1.3577
1360.000       1.3679
1361.000       1.3877
1362.000       1.4023
1365.000       1.4464
1366.000       1.4915
1368.000       1.4930
1369.000       1.4226
1370.000       1.5440
1372.000       1.5696
1374.000       1.7350
1376.000       1.6372
1377.000       1.6295
1378.000       1.8064
1379.000       1.5638
1380.000       1.6150
1381.000       1.7480
1384.000       1.7399
1386.000       1.6621
1387.000       1.6278
1389.000       1.4964
1390.000       1.4352
1392.000       1.3796
1393.000       1.4078
1394.000       1.4404
1395.000       1.4537
1398.000       1.5237
1399.000       1.5685
1401.000       1.5608
1402.000       1.4754
1403.000       1.7211
1405.000       1.7231
1407.000       1.8877
1409.000       1.8714
1410.000       1.9360
1411.000       2.1494
1412.000       1.8872
1413.000       1.9175
1414.000       2.0363
1417.000       2.0043
1419.000       1.8671
1420.000       1.8228
1422.000       1.7067
1423.000       1.6830
1425.000       1.6180
1426.000       1.6111
1427.000       1.6130
1428.000       1.6149
1429.000       1.6776
1431.000       1.7147
1432.000       1.8093
1435.000       1.7103
1436.000       1.6634
1437.000       2.0335
1439.000       1.9781
1441.000       2.1164
1443.000       2.2397
1444.000       2.3796
1445.000       2.6367
1446.000       2.4722
1447.000       2.2018
1448.000       2.1714
1451.000       2.0424
1453.000       1.9215
1454.000       1.9134
1456.000       1.9888
1457.000       2.0707
1459.000       2.1695
1460.000       2.1622
1461.000       2.2919
1462.000       2.4333
1465.000       2.3261
1466.000       2.2255
1468.000       2.0878
1469.000       2.0595
1470.000       2.1157
1472.000       2.0068
1474.000       1.9777
1476.000       2.2420
1477.000       2.3646
1478.000       2.5621
1479.000       2.3949
1480.000       2.3098
1481.000       2.3046
1484.000       2.2725
1486.000       2.1957
1487.000       2.2150
1489.000       2.1968
1490.000       2.1898
1492.000       2.2009
1493.000       2.2140
1494.000       2.2520
1495.000       2.2835
1496.000       2.2929
1498.000       2.3055
1499.000       2.3861
1502.000       2.2681
1503.000       2.2191
1504.000       2.3363
1506.000       2.3084
1508.000       2.3756
1510.000       2.4561
1511.000       2.4448
1512.000       2.6596
1513.000       2.4145
1514.000       2.2931
1515.000       2.3562
1518.000       2.2127
1520.000       2.1114
1521.000       1.9491
1523.000       1.8439
1524.000       1.9047
1526.000       1.8547
1528.000       1.7442
1529.000       1.7443
1532.000       1.6961
1533.000       1.7441
1534.000       1.7633
1535.000       2.1160
1537.000       1.9847
1539.000       2.0697
1541.000       2.2302
1542.000       2.2160
1543.000       2.4209
1544.000       2.2221
1545.000       2.0535
1546.000       2.1190
1549.000       2.0031
1551.000       1.8275
1552.000       1.6959
1554.000       1.6344
1555.000       1.6791
1557.000       1.6582
1559.000       1.6013
1560.000       1.6530
1563.000       1.5933
1564.000       1.6027
1565.000       1.6689
1566.000       2.0393
1568.000       1.7800
1570.000       1.8699
1572.000       2.3761
1573.000       2.7954
1574.000       3.1759
1575.000       2.9877
1576.000       2.7093
1577.000       2.5985
1580.000       2.5825
1582.000       2.3980
1583.000       2.6060
1585.000       2.6185
1586.000       2.6239
1588.000       2.7381
1590.000       2.8935
1591.000       3.1114
1592.000       2.9180
1594.000       2.7822
1595.000       2.9272
1596.000       2.9243
1598.000       2.8836
1600.000       3.2001
1602.000       3.1314
1603.000       3.3656
1604.000       3.5158
1605.000       3.6797
1606.000       3.1157
1607.000       3.0898
1610.000       2.8638
1612.000       2.5451
1613.000       2.4492
1615.000       2.2441
1616.000       2.5075
1618.000       2.5866
1620.000       2.3826
1621.000       2.6304
1622.000       2.1575
1624.000       2.1058
1625.000       2.2478
1626.000       2.9862
1628.000       2.9339
1630.000       3.2644
1632.000       3.0651
1633.000       3.2593
1634.000       3.3921
1635.000       3.3527
1636.000       3.2420
1637.000       3.1563
1640.000       3.1408
1642.000       2.9781
1643.000       2.8258
1645.000       2.5630
1646.000       2.5553
1648.000       2.3565
1649.000       2.2025
1650.000       2.0345
1651.000       1.9777
1654.000       2.0513
1655.000       2.2041
1657.000       2.3606
1658.000       2.3474
1659.000       3.0486
1661.000       2.9080
1663.000       3.1417
1665.000       3.3509
1666.000       3.3876
1667.000       3.7836
1668.000       3.2692
1669.000       3.1647
1670.000       3.2791
1673.000       3.0537
1675.000       2.8021
1676.000       2.5829
1678.000       2.3465
1679.000       2.2323
1681.000       2.0552
1682.000       2.0471
1683.000       1.9408
1684.000       1.8051
1687.000       2.0375
1688.000       2.2234
1690.000       2.3399
1691.000       2.2352
1692.000       2.9947
1694.000       2.7165
1696.000       2.6132
1698.000       2.9968
1699.000       3.1234
1700.000       3.4674
1701.000       3.0712
1702.000       3.0233
1703.000       2.8198
1706.000       2.6221
1708.000       2.6160
1709.000       2.4001
1711.000       2.2538
1712.000       2.2560
1714.000       2.0690
1715.000       1.9284
1716.000       1.7317
1717.000       1.6116
1720.000       1.7098
1721.000       1.8674
1723.000       2.0392
1724.000       2.0607
1725.000       2.4574
1727.000       2.3418
1729.000       2.3665
1731.000       2.4548
1732.000       2.3531
1733.000       2.5333
1734.000       2.4487
1735.000       2.1951
1736.000       2.7552
1739.000       2.7960
1741.000       2.7443
1742.000       2.6737
1744.000       2.5598
1745.000       2.4899
1747.000       2.3987
1749.000       2.3682
1750.000       2.3127
1753.000       2.4330
1754.000       2.5331
1755.000       2.6241
1756.000       2.6592
1758.000       2.6953
1760.000       2.9136
1762.000       2.8032
1763.000       2.7566
1764.000       2.9625
1765.000       2.7484
1766.000       2.6094
1767.000       2.6117
1770.000       2.4823
1772.000       2.4179
1773.000       2.3402
1775.000       2.3249
1776.000       2.4117
1778.000       2.4730
1780.000       2.4681
1781.000       2.5854
1782.000       2.3831
1784.000       2.3045
1785.000       2.2752
1786.000       2.4401
1788.000       2.3742
1790.000       2.4161
1792.000       2.5112
1793.000       2.5123
1794.000       2.7156
1795.000       2.4558
1796.000       2.4062
1797.000       2.4874
1800.000       2.3957
1802.000       2.2676
1803.000       2.1720
1805.000       2.0424
1806.000       2.0369
1808.000       1.9366
1810.000       1.8453
1811.000       1.7827
1814.000       1.8605
1815.000       1.9571
1816.000       2.0074
1817.000       2.3638
1819.000       2.2640
1821.000       2.3629
1823.000       2.5150
1824.000       2.5384
1825.000       2.7609
1826.000       2.5191
1827.000       2.3951
1828.000       2.4486
1831.000       2.3062
1833.000       2.1831
1834.000       2.0425
1836.000       1.9228
1837.000       1.9806
1839.000       1.8893
1841.000       1.7332
1842.000       1.6705
1843.000       1.7070
1845.000       1.7965
1846.000       1.8023
1847.000       2.2486
1849.000       2.1107
1851.000       2.1789
1853.000       2.3746
1854.000       2.3790
1855.000       2.5950
1856.000       2.4386
1857.000       2.1583
1858.000       2.1625
1861.000       2.0077
1863.000       1.8955
1864.000       1.8003
1866.000       1.7130
1867.000       1.7786
1869.000       1.7347
1871.000       1.6002
1872.000       1.5778
1873.000       1.5683
1875.000       1.6306
1876.000       1.6794
1877.000       1.9742
1879.000       1.8836
1881.000       1.9872
1883.000       2.0840
1884.000       2.1461
1885.000       2.3205
1886.000       2.1862
1887.000       2.0719
1888.000       2.1290
1891.000       2.0855
1893.000       1.9696
1894.000       1.9271
1896.000       1.8291
1897.000       1.8374
1899.000       1.7675
1900.000       1.6997
1901.000       1.6346
1902.000       1.6301
1903.000       1.6238
1905.000       1.6744
1906.000       1.7028
1909.000       1.7385
1910.000       1.7425
1911.000       2.1160
1913.000       2.0506
1915.000       2.1687
1917.000       2.2694
1918.000       2.3794
1919.000       2.5357
1920.000       2.4448
1921.000       2.5164
1922.000       2.6610
1925.000       2.5049
1927.000       2.4465
1928.000       2.2617
1930.000       2.1143
1931.000       2.1721
1933.000       2.1008
1934.000       1.9618
1935.000       1.8979
1936.000       1.9587
1939.000       1.8647
1940.000       1.9029
1942.000       1.9682
1943.000       1.9806
1944.000       2.3277
1946.000       2.2462
1948.000       2.4043
1950.000       2.4181
1951.000       2.3298
1952.000       2.5403
1953.000       2.3941
1954.000       2.0732
1955.000       2.0972
1958.000       1.9379
1960.000       1.8932
1961.000       1.8034
1963.000       1.7887
1964.000       1.8752
1966.000       2.0173
1968.000       2.0938
1969.000       2.3312
1970.000       2.0064
1972.000       1.8597
1973.000       1.9324
1974.000       1.7952
1976.000       1.7720
1978.000       1.9352
1980.000       1.8713
1981.000       1.7882
1982.000       2.0436
1983.000       1.9546
1984.000       1.4692
1985.000       1.5067
1988.000       1.4397
1990.000       1.4421
1991.000       1.5761
1993.000       1.6367
1994.000       1.6027
1996.000       1.8767
1998.000       2.1627
1999.000       2.4995
2000.000       2.2091
2002.000       1.9966
2003.000       2.2835
2004.000       1.4033
2006.000       1.6641
2008.000       2.0534
2010.000       1.4890
2011.000       1.4924
2012.000       1.6884
2013.000       1.4945
2014.000       1.4257
2015.000       1.5111
2018.000       1.4728
2020.000       1.4383
2021.000       1.3991
2023.000       1.3101
2024.000       1.3175
2026.000       1.2493
2027.000       1.2208
2028.000       1.2432
2029.000       1.2632
2032.000       1.3314
2033.000       1.3715
2035.000       1.3449
2036.000       1.2698
2037.000       1.4302
2039.000       1.4369
2041.000       1.5866
2043.000       1.5357
2044.000       1.5625
2045.000       1.7308
2046.000       1.5507
2047.000       1.5257
2048.000       1.6193
2051.000       1.6029
2053.000       1.5290
2054.000       1.5005
2056.000       1.3850
2057.000       1.3433
2059.000       1.2814
2061.000       1.2809
2062.000       1.3046
2063.000       1.3502
2065.000       1.4013
2066.000       1.5299
2067.000       1.5949
2069.000       1.5922
2071.000       1.7582
2073.000       1.7435
2074.000       1.7826
2075.000       2.0129
2076.000       1.7245
2077.000       1.7287
2078.000       1.8704
2081.000       1.8373
2083.000       1.7189
2084.000       1.6709
2086.000       1.5052
2087.000       1.4431
2089.000       1.3443
2091.000       1.3174
2092.000       1.2939
2095.000       1.4030
2096.000       1.4888
2097.000       1.6182
2098.000       1.8136
2100.000       1.7863
2102.000       1.9899
2104.000       2.0005
2105.000       2.0399
2106.000       2.2996
2107.000       1.9777
2108.000       1.9575
2109.000       2.1031
2112.000       2.0543
2114.000       1.9146
2115.000       1.8583
2117.000       1.6781
2118.000       1.5997
2120.000       1.4911
2122.000       1.4590
2123.000       1.4380
2124.000       1.5551
2126.000       1.6606
2127.000       1.7977
2128.000       2.0255
2130.000       1.9808
2132.000       2.1905
2134.000       2.2228
2135.000       2.2798
2136.000       2.5438
2137.000       2.2118
2138.000       2.2128
2139.000       2.3590
2142.000       2.3100
2144.000       2.1452
2145.000       2.0852
2147.000       1.8909
2148.000       1.8242
2150.000       1.7027
2152.000       1.6476
2153.000       1.6099
2154.000       1.7341
2156.000       1.8527
2157.000       1.9833
2158.000       2.3042
2160.000       2.2436
2162.000       2.4503
2164.000       2.5183
2165.000       2.5943
2166.000       2.8689
2167.000       2.5261
2168.000       2.5340
2169.000       2.6836
2172.000       2.6298
2174.000       2.4447
2175.000       2.3899
2177.000       2.1975
2178.000       2.1368
2180.000       2.0095
2182.000       1.9457
2183.000       1.8848
2186.000       2.0214
2187.000       2.1447
2188.000       2.2692
2189.000       2.6440
2191.000       2.5714
2193.000       2.7665
2195.000       2.8749
2196.000       2.9839
2197.000       3.2601
2198.000       2.9244
2199.000       2.9252
2200.000       3.0608
2203.000       3.0155
2205.000       2.8093
2206.000       2.7741
2208.000       2.5926
2209.000       2.5209
2211.000       2.3927
2213.000       2.3466
2214.000       2.2864
2217.000       2.4330
2218.000       2.5547
2219.000       2.6831
2220.000       3.0754
2222.000       2.9964
2224.000       3.1796
2226.000       3.3272
2227.000       3.4779
2228.000       3.7645
2229.000       3.4271
2230.000       3.4396
2231.000       3.6052
2234.000       3.5927
2236.000       3.3704
2237.000       3.3895
2239.000       3.1760
2240.000       3.0693
2242.000       2.9236
2244.000       2.8927
2245.000       2.8105
2248.000       3.0081
2249.000       3.1475
2250.000       3.2941
2251.000       3.7040
2253.000       3.6652
2255.000       3.9440
2257.000       3.9694
