   2.000       8.8378
   3.000       8.8451
   6.000       8.1120
   8.000       8.1858
   9.000       7.4402
  11.000       7.4565
  12.000       7.9062
  14.000       8.1686
  15.000       7.8807
  16.000       8.2795
  17.000       8.9167
  18.000       8.1771
  20.000       7.7407
  21.000       7.9871
  24.000       7.3586
  25.000       7.4388
  26.000       7.1780
  28.000       6.7090
  30.000       6.7895
  32.000       7.3010
  33.000       6.8270
  34.000       7.5687
  35.000       6.7478
  36.000       5.9127
  37.000       6.0766
  40.000       5.4338
  42.000       5.2005
  43.000       4.7138
  45.000       4.6473
  46.000       4.6701
  48.000       5.0389
  50.000       5.4319
  51.000       6.1231
  54.000       5.4583
  55.000       5.0436
  56.000       5.3677
  57.000       4.9100
  59.000       4.5440
  61.000       4.9586
  63.000       5.3931
  64.000       5.4897
  65.000       6.4316
  66.000       5.5335
  67.000       4.7758
  68.000       5.1384
  71.000       4.7158
  73.000       4.1407
  74.000       3.7489
  76.000       3.1849
  77.000       3.1471
  79.000       3.2630
  80.000       3.3322
  81.000       4.0017
  82.000       4.5890
  85.000       4.5258
  86.000       4.4517
  88.000       3.9450
  89.000       3.3122
  90.000       4.4451
  92.000       4.0395
  94.000       4.8639
  96.000       5.2895
  97.000       5.4337
  98.000       6.5477
  99.000       5.1960
 100.000       4.8392
 101.000       5.4196
 104.000       5.0129
 106.000       4.3594
 107.000       3.8013
 109.000       2.9438
 110.000       2.7893
 112.000       2.5149
 113.000       2.4476
 114.000       2.8982
 115.000       3.3276
 116.000       3.4634
 118.000       3.6557
 119.000       4.5503
 122.000       3.3898
 123.000       2.7436
 124.000       4.6561
 126.000       4.1228
 128.000       4.9132
 130.000       5.4870
 131.000       5.5395
 132.000       6.5695
 133.000       5.2931
 134.000       4.9059
 135.000       5.3672
 138.000       4.8647
 140.000       4.2773
 141.000       3.6618
 143.000       2.9571
 144.000       2.9911
 146.000       2.7098
 147.000       2.4315
 148.000       2.6576
 149.000       3.0348
 152.000       3.0905
 153.000       3.2395
 155.000       3.0745
 156.000       2.6377
 157.000       4.4777
 159.000       3.8846
 161.000       4.4406
 163.000       5.1362
 164.000       5.1573
 165.000       5.1570
 166.000       6.0065
 167.000       4.4678
 168.000       4.6777
 171.000       4.2229
 173.000       3.8487
 174.000       3.6290
 176.000       3.3777
 177.000       3.2568
 179.000       3.3516
 181.000       3.6183
 182.000       3.9981
 183.000       3.8071
 185.000       3.7083
 186.000       4.2095
 187.000       4.0433
 189.000       3.7715
 191.000       4.2760
 193.000       4.4218
 194.000       4.3959
 195.000       4.9987
 196.000       4.5645
 197.000       3.7918
 198.000       3.9240
 201.000       3.5507
 203.000       3.3383
 204.000       3.1674
 206.000       3.0179
 207.000       2.9278
 209.000       3.0622
 211.000       3.3076
 212.000       3.6429
 213.000       3.4170
 215.000       3.2998
 216.000       3.6677
 217.000       3.2842
 219.000       3.1425
 221.000       3.4865
 223.000       3.5705
 224.000       3.6216
 225.000       4.1247
 226.000       3.6932
 227.000       3.2315
 228.000       3.3169
 231.000       3.1030
 233.000       2.9196
 234.000       2.8561
 236.000       2.7528
 237.000       2.7697
 239.000       2.8290
 240.000       2.8575
 241.000       3.0960
 242.000       3.2957
 245.000       3.3044
 246.000       3.2742
 248.000       3.0530
 249.000       2.8311
 250.000       3.0767
 252.000       2.9907
 254.000       3.2120
 256.000       3.3394
 257.000       3.4654
 258.000       3.9204
 259.000       3.4120
 260.000       3.3217
 261.000       3.5700
 264.000       3.5605
 266.000       3.3406
 267.000       3.3488
 269.000       3.0946
 270.000       3.0005
 272.000       2.9130
 273.000       2.9674
 274.000       3.1155
 275.000       3.1667
 278.000       3.4011
 279.000       3.5148
 281.000       3.3844
 282.000       3.1005
 283.000       3.6020
 285.000       3.5811
 287.000       3.9157
 289.000       3.9505
 290.000       4.0084
 291.000       4.5636
 292.000       3.7966
 293.000       3.8812
 294.000       4.2907
 297.000       4.2810
 299.000       4.0474
 300.000       3.9444
 302.000       3.5318
 303.000       3.3204
 305.000       3.1171
 306.000       3.2123
 307.000       3.3195
 308.000       3.2895
 309.000       3.7417
 311.000       4.0153
 312.000       4.5718
 315.000       3.9141
 316.000       3.4998
 317.000       4.1591
 319.000       4.1246
 321.000       4.5901
 323.000       4.5320
 324.000       4.4064
 325.000       4.9751
 326.000       4.0561
 327.000       4.2655
 328.000       4.7613
 331.000       4.7469
 333.000       4.6195
 334.000       4.5494
 336.000       4.1439
 337.000       3.6663
 339.000       3.4776
 341.000       3.8269
 342.000       3.9254
 343.000       4.3251
 345.000       4.4900
 346.000       5.0894
 347.000       4.4303
 349.000       4.5247
 351.000       5.0809
 353.000       4.7261
 354.000       4.5495
 355.000       5.1764
 356.000       4.7984
 357.000       3.8361
 358.000       3.9605
 361.000       3.7293
 363.000       3.7785
 364.000       3.9167
 366.000       4.0512
 367.000       3.9566
 369.000       4.5617
 371.000       5.2117
 372.000       6.0095
 375.000       5.3463
 376.000       4.7997
 377.000       5.2801
 378.000       3.4180
 380.000       3.7645
 382.000       4.4699
 384.000       3.6907
 385.000       3.4518
 386.000       4.1796
 387.000       3.3679
 388.000       3.2580
 389.000       3.8560
 392.000       4.1864
 394.000       4.3369
 395.000       4.6201
 397.000       4.5430
 398.000       3.9281
 400.000       4.2879
 402.000       5.2270
 403.000       5.8075
 404.000       5.7042
 406.000       5.4528
 407.000       6.2167
 408.000       4.0224
 410.000       4.3844
 412.000       5.2017
 414.000       4.5039
 415.000       4.6215
 416.000       5.2914
 417.000       4.7839
 418.000       4.4473
 419.000       4.7809
 422.000       5.0853
 424.000       5.1070
 425.000       5.5049
 427.000       5.3791
 428.000       4.9042
 430.000       5.3308
 431.000       6.1063
 432.000       7.0849
 433.000       7.4680
 434.000       7.8760
 436.000       7.8309
 437.000       8.8110
 440.000       7.0366
 441.000       6.1422
 442.000       5.3167
 444.000       5.7656
 446.000       6.4676
 448.000       5.8450
 449.000       6.3365
 450.000       6.9827
 451.000       6.2184
 452.000       6.7363
 453.000       7.3296
 456.000       7.9455
 458.000       7.7386
 459.000       8.2926
 461.000       7.9386
 462.000       7.1383
 464.000       7.0355
 466.000       7.8065
 467.000       7.9650
 470.000       8.5944
 471.000       8.6574
 472.000       9.5248
 473.000       8.4254
 475.000       8.7361
 477.000       9.6250
 479.000       9.1932
