   2.000       9.5395
   3.000       9.8358
   6.000       9.5355
   8.000       9.4129
   9.000       8.9222
  11.000       8.3750
  12.000       8.3599
  14.000       8.1483
  16.000       7.9352
  17.000       7.9845
  20.000       7.9253
  21.000       8.1488
  22.000       8.3605
  23.000       8.8589
  25.000       8.7083
  27.000       9.3327
  29.000       9.1732
  30.000       8.8682
  31.000       9.4521
  32.000       9.0790
  33.000       7.9022
  34.000       7.7028
  37.000       6.9261
  39.000       6.7966
  40.000       6.2867
  42.000       6.4823
  43.000       6.9535
  45.000       7.3341
  47.000       7.3262
  48.000       7.8544
  49.000       6.9111
  51.000       6.4719
  52.000       6.3537
  53.000       6.5216
  55.000       6.0935
  57.000       5.9209
  59.000       6.6919
  60.000       6.7375
  61.000       7.3260
  62.000       6.9071
  63.000       6.2080
  64.000       6.1272
  67.000       5.8704
  69.000       5.6418
  70.000       5.8613
  72.000       5.9083
  73.000       5.9988
  75.000       6.2417
  77.000       6.4331
  78.000       6.8255
  79.000       6.3908
  81.000       6.1463
  82.000       6.3702
  83.000       6.2411
  85.000       6.2868
  87.000       6.8230
  89.000       6.4321
  90.000       6.6845
  91.000       7.2351
  92.000       6.9599
  93.000       6.1788
  94.000       6.4484
  97.000       6.0535
  99.000       5.7304
 100.000       5.3190
 102.000       4.9808
 103.000       4.9549
 105.000       4.9016
 106.000       4.8731
 107.000       5.0850
 108.000       5.2928
 109.000       5.3542
 111.000       5.4385
 112.000       5.9621
 115.000       5.2578
 116.000       4.9487
 117.000       5.6787
 119.000       5.2915
 121.000       5.6533
 123.000       6.2012
 124.000       6.0510
 125.000       6.8737
 126.000       5.7957
 127.000       5.4043
 128.000       5.6837
 131.000       5.0832
 133.000       4.7930
 134.000       4.1539
 136.000       3.7116
 137.000       3.6117
 139.000       3.3802
 141.000       3.2800
 142.000       3.2860
 145.000       3.4653
 146.000       3.6559
 147.000       3.9960
 148.000       4.4815
 150.000       3.9424
 152.000       4.1540
 154.000       4.7689
 155.000       4.5538
 156.000       5.1117
 157.000       4.5140
 158.000       3.8721
 159.000       3.8640
 162.000       3.2429
 164.000       3.0362
 165.000       2.5205
 167.000       2.3902
 168.000       2.5487
 170.000       2.5433
 172.000       2.3950
 173.000       2.5136
 174.000       2.3324
 176.000       2.3246
 177.000       2.4640
 178.000       2.9553
 180.000       2.4504
 182.000       2.4352
 184.000       3.2207
 185.000       3.3973
 186.000       3.9372
 187.000       3.4766
 188.000       3.0622
 189.000       3.1413
 192.000       3.0593
 194.000       2.7238
 195.000       2.8488
 197.000       2.6203
 198.000       2.7055
 200.000       2.5420
 201.000       2.3356
 202.000       2.2549
 203.000       2.2683
 204.000       2.3817
 206.000       2.5472
 207.000       2.8740
 210.000       2.5525
 211.000       2.4379
 212.000       3.4368
 214.000       3.3674
 216.000       3.6875
 218.000       3.9335
 219.000       4.5699
 220.000       5.0366
 221.000       4.6446
 222.000       4.7286
 223.000       5.3104
 226.000       5.6183
 228.000       5.7936
 229.000       5.5719
 231.000       5.3396
 232.000       5.1648
 234.000       5.1993
 235.000       5.4848
 236.000       5.9848
 237.000       6.1412
 240.000       6.6050
 241.000       6.6796
 243.000       6.2119
 244.000       5.6134
 245.000       5.3007
 247.000       5.2598
 249.000       5.5633
 251.000       5.7713
 252.000       5.8239
 253.000       6.4289
 254.000       5.8265
 255.000       5.2513
 256.000       5.2755
 259.000       4.8410
 261.000       4.2372
 262.000       3.9328
 264.000       3.7693
 265.000       3.9503
 267.000       3.8868
 268.000       3.5743
 269.000       3.4532
 270.000       3.6433
 271.000       3.2268
 273.000       3.1877
 274.000       3.1384
 277.000       3.3527
 278.000       3.5060
 279.000       4.9269
 281.000       4.3640
 283.000       4.4698
 285.000       5.4545
 286.000       5.8845
 287.000       6.4235
 288.000       6.1112
 289.000       5.4805
 290.000       5.3848
 293.000       5.0040
 295.000       4.4758
 296.000       4.3667
 298.000       4.4115
 299.000       4.6640
 301.000       4.7550
 302.000       4.5552
 303.000       4.6730
 304.000       4.9837
 305.000       4.5237
 307.000       4.2697
 308.000       4.2534
 311.000       4.1689
 312.000       4.3257
 313.000       5.2572
 315.000       4.8071
 317.000       4.7180
 319.000       5.6804
 320.000       6.1271
 321.000       6.5887
 322.000       6.3091
 323.000       5.8893
 324.000       5.8464
 327.000       5.6594
 329.000       5.2366
 330.000       5.3150
 332.000       5.2961
 333.000       5.4393
 335.000       5.5303
 337.000       5.5258
 338.000       5.7165
 339.000       5.4117
 341.000       5.2821
 342.000       5.2735
 343.000       6.0164
 345.000       5.7920
 347.000       5.8428
 349.000       6.4125
 350.000       6.8634
 351.000       7.2878
 352.000       6.9424
 353.000       6.7925
 354.000       6.8635
 357.000       6.8657
 359.000       6.5691
 360.000       6.6344
 362.000       6.5154
 363.000       6.6095
 365.000       6.5478
 366.000       6.4192
 367.000       6.4240
 368.000       6.5068
 369.000       6.4410
 371.000       6.4328
 372.000       6.5667
 375.000       6.4069
 376.000       6.4049
 377.000       7.1859
 379.000       6.8756
 381.000       7.2946
 383.000       7.8902
 384.000       7.9701
 385.000       8.9245
 386.000       7.6095
 387.000       7.4863
 388.000       7.9402
 391.000       7.4683
 393.000       7.0831
 394.000       6.4799
 396.000       5.8772
 397.000       5.6489
 399.000       5.2101
 401.000       4.9868
 402.000       4.6803
 405.000       5.2666
 406.000       5.7105
 407.000       6.0956
 408.000       6.9022
 410.000       6.3695
 412.000       6.6783
 414.000       7.2932
 415.000       6.9743
 416.000       7.6176
 417.000       6.5926
 418.000       6.4841
 419.000       6.8258
 422.000       6.3850
 424.000       6.1721
 425.000       5.5230
 427.000       5.1279
 428.000       5.0033
 430.000       4.7428
 431.000       4.6528
 432.000       4.4906
 433.000       4.3095
 436.000       4.6763
 437.000       5.0153
 439.000       5.1546
 440.000       4.9391
 441.000       5.8209
 443.000       5.3487
 445.000       5.5497
 447.000       6.0469
 448.000       5.7081
 449.000       6.1912
 450.000       5.3846
 451.000       5.3926
 452.000       5.0523
 455.000       5.1478
 457.000       5.9068
 458.000       6.2192
 460.000       7.0405
 461.000       7.2957
 463.000       8.2014
 465.000       8.8229
 466.000       9.7600
 469.000       8.6121
 470.000       7.7380
 471.000       7.7122
 472.000       4.9539
 474.000       5.7094
 476.000       5.9395
 478.000       4.7060
 479.000       4.1078
 480.000       4.2295
 481.000       3.7989
 482.000       4.1699
 483.000       4.6520
 486.000       4.8034
 488.000       4.8538
 489.000       4.6895
 491.000       4.3177
 492.000       4.2257
 494.000       4.1806
 495.000       4.2007
 496.000       4.3743
 497.000       4.5888
 500.000       4.5536
 501.000       4.5919
 503.000       4.5158
 504.000       4.2834
 505.000       4.5171
 507.000       4.6859
 509.000       5.3008
 511.000       4.9086
 512.000       4.8018
 513.000       5.5721
 514.000       4.3298
 515.000       4.6284
 516.000       5.1982
 519.000       5.1276
 521.000       4.7564
 522.000       4.6324
 524.000       4.0943
 525.000       3.7099
 527.000       3.4416
 529.000       3.6558
 530.000       3.7468
 533.000       4.0560
 534.000       4.2383
 535.000       4.7412
 536.000       4.9860
 538.000       4.9481
 540.000       5.6329
 542.000       5.6428
 543.000       5.7197
 544.000       6.6193
 545.000       5.4194
 546.000       5.3071
 547.000       5.7892
 550.000       5.5139
 552.000       4.9892
 553.000       4.6611
 555.000       3.9546
 556.000       3.6965
 558.000       3.2444
 559.000       3.2010
 560.000       3.1459
 561.000       3.0382
 564.000       3.5830
 565.000       3.9931
 567.000       4.0824
 568.000       3.6725
 569.000       5.2977
 571.000       5.0333
 573.000       5.7107
 575.000       5.9613
 576.000       6.0017
 577.000       6.8538
 578.000       5.7030
 579.000       5.5720
 580.000       6.0103
 583.000       5.7067
 585.000       5.1323
 586.000       4.7531
 588.000       4.0754
 589.000       3.9749
 591.000       3.5101
 592.000       3.2444
 593.000       2.9803
 594.000       2.9089
 595.000       3.1954
 597.000       3.6005
 598.000       4.0280
 601.000       3.8373
 602.000       3.6353
 603.000       5.5486
 605.000       5.1609
 607.000       5.7149
 609.000       6.1961
 610.000       6.3136
 611.000       7.1155
 612.000       6.0836
 613.000       5.9132
 614.000       6.3196
 617.000       6.0183
 619.000       5.4513
 620.000       5.1092
 622.000       4.4307
 623.000       4.3181
 625.000       3.8834
 627.000       3.5397
 628.000       3.3547
 631.000       3.6928
 632.000       4.1334
 633.000       4.4777
 634.000       5.8585
 636.000       5.4705
 638.000       5.9825
 640.000       6.4766
 641.000       6.5698
 642.000       7.3495
 643.000       6.4158
 644.000       6.1125
 645.000       6.4400
 648.000       6.0723
 650.000       5.5117
 651.000       5.1229
 653.000       4.6512
 654.000       4.7783
 656.000       4.4992
 657.000       4.1205
 658.000       3.9549
 659.000       4.0711
 662.000       4.0065
 663.000       4.1755
 665.000       4.3023
 666.000       4.2484
 667.000       5.9562
 669.000       5.5061
 671.000       5.8542
 673.000       6.5177
 674.000       6.6810
 675.000       7.3991
 676.000       6.6177
 677.000       6.3123
 678.000       6.5977
 681.000       6.3955
 683.000       5.9041
 684.000       5.7835
 686.000       5.4246
 687.000       5.4665
 689.000       5.3072
 690.000       5.1132
 691.000       5.0979
 692.000       5.1827
 695.000       5.2745
 696.000       5.4511
 698.000       5.4423
 699.000       5.2395
 700.000       6.4982
 702.000       6.2672
 704.000       6.6410
 706.000       7.0442
 707.000       7.4032
 708.000       7.9830
 709.000       7.3354
 710.000       7.4511
 711.000       7.8435
 714.000       8.0730
 716.000       7.6745
 717.000       7.8627
 719.000       7.4110
 720.000       7.2501
 722.000       7.0445
 723.000       7.0161
 724.000       6.9689
 725.000       6.9033
 726.000       7.2400
 728.000       7.5750
 729.000       8.0535
 732.000       7.6175
 733.000       7.2908
 734.000       8.4563
 736.000       8.4876
 738.000       9.0895
 740.000       9.0738
