   2.000       3.1770
   3.000       3.2408
   6.000       3.1678
   8.000       3.2064
   9.000       3.0898
  11.000       2.9544
  12.000       2.9378
  14.000       2.8360
  15.000       2.7787
  16.000       2.7005
  17.000       2.6556
  18.000       2.7311
  20.000       2.8269
  21.000       2.8922
  24.000       2.8958
  25.000       2.8633
  26.000       2.9616
  28.000       2.9907
  30.000       3.1678
  32.000       2.9832
  33.000       2.8380
  34.000       2.9754
  35.000       2.7596
  36.000       2.7392
  37.000       2.8493
  40.000       2.7920
  42.000       2.7799
  43.000       2.6622
  45.000       2.5066
  46.000       2.4679
  48.000       2.3546
  49.000       2.3122
  50.000       2.2301
  51.000       2.1725
  52.000       2.2683
  54.000       2.3733
  55.000       2.4379
  58.000       2.4486
  59.000       2.4112
  60.000       2.6295
  62.000       2.6208
  64.000       2.7873
  66.000       2.7004
  67.000       2.6005
  68.000       2.7793
  69.000       2.5290
  70.000       2.4787
  71.000       2.5722
  74.000       2.4874
  76.000       2.4271
  77.000       2.3007
  79.000       2.1376
  80.000       2.1233
  82.000       2.0035
  84.000       1.8937
  85.000       1.8157
  88.000       1.9201
  89.000       2.0449
  90.000       2.1138
  91.000       2.3674
  93.000       2.3109
  95.000       2.4599
  97.000       2.4745
  98.000       2.4265
  99.000       2.6337
 100.000       2.3764
 101.000       2.2841
 102.000       2.3669
 105.000       2.2456
 107.000       2.1500
 108.000       2.0091
 110.000       1.8551
 111.000       1.8654
 113.000       1.7572
 115.000       1.6260
 116.000       1.5670
 117.000       1.6321
 119.000       1.7434
 120.000       1.7889
 121.000       2.1389
 123.000       2.0378
 125.000       2.1620
 127.000       2.2607
 128.000       2.2410
 129.000       2.4420
 130.000       2.2579
 131.000       2.0562
 132.000       2.0816
 135.000       1.9181
 137.000       1.8028
 138.000       1.6619
 140.000       1.5733
 141.000       1.6574
 143.000       1.6153
 145.000       1.4808
 146.000       1.4884
 147.000       1.4154
 149.000       1.4605
 150.000       1.4615
 151.000       1.8528
 153.000       1.7120
 155.000       1.7647
 157.000       1.9693
 158.000       1.9992
 159.000       2.2013
 160.000       2.0306
 161.000       1.8468
 162.000       1.8774
 165.000       1.7355
 167.000       1.6135
 168.000       1.5097
 170.000       1.4313
 171.000       1.4906
 173.000       1.4504
 175.000       1.3339
 176.000       1.3263
 179.000       1.2867
 180.000       1.3405
 181.000       1.3569
 182.000       1.7123
 184.000       1.5937
 186.000       1.6670
 188.000       1.8485
 189.000       1.8844
 190.000       2.0680
 191.000       1.9990
 192.000       1.8001
 193.000       1.9285
 196.000       1.7730
 198.000       1.6927
 199.000       1.6105
 201.000       1.5465
 202.000       1.5793
 204.000       1.5316
 205.000       1.4512
 206.000       1.4051
 207.000       1.4253
 210.000       1.3956
 211.000       1.4350
 213.000       1.4775
 214.000       1.4735
 215.000       1.6893
 217.000       1.6824
 219.000       1.8887
 221.000       1.7415
 222.000       1.7593
 223.000       2.0217
 224.000       1.7134
 225.000       1.7915
 226.000       1.9658
 229.000       2.0655
 231.000       2.0988
 232.000       2.0932
 234.000       2.1520
 235.000       2.3081
 237.000       2.4011
 238.000       2.3465
 239.000       2.5381
 240.000       2.7264
 243.000       2.6808
 244.000       2.5953
 246.000       2.3490
 247.000       2.2317
 248.000       1.9955
 250.000       1.9701
 252.000       2.1445
 254.000       2.1929
 255.000       2.3119
 256.000       2.6445
 257.000       2.3307
 258.000       2.1980
 259.000       2.3152
 262.000       2.1863
 264.000       2.1014
 265.000       1.9223
 267.000       1.6983
 268.000       1.6184
 270.000       1.5091
 272.000       1.4796
 273.000       1.4786
 276.000       1.5679
 277.000       1.6768
 278.000       1.8576
 279.000       2.0314
 281.000       1.9411
 283.000       2.1552
 285.000       2.1989
 286.000       2.1326
 287.000       2.4261
 288.000       2.0657
 289.000       1.9399
 290.000       2.1061
 293.000       1.9909
 295.000       1.8634
 296.000       1.7024
 298.000       1.4830
 299.000       1.4511
 301.000       1.3509
 302.000       1.2915
 303.000       1.3088
 304.000       1.3542
 307.000       1.4437
 308.000       1.5531
 310.000       1.5487
 311.000       1.3977
 312.000       1.8491
 314.000       1.7589
 316.000       1.9926
 318.000       2.0337
 319.000       2.1449
 320.000       2.6985
 321.000       2.3471
 322.000       2.0839
 323.000       2.3577
 326.000       2.7121
 328.000       2.9130
 329.000       3.2193
 331.000       3.2567
 332.000       3.5129
 334.000       3.8554
 335.000       3.8453
 336.000       4.4275
 337.000       4.9415
 340.000       4.8000
 341.000       4.6265
 343.000       4.0263
 344.000       3.5824
 345.000       2.7511
 347.000       3.2390
 349.000       3.9423
 351.000       3.0483
 352.000       3.1194
 353.000       3.2143
 354.000       3.5291
 355.000       2.9070
 356.000       3.0223
 359.000       2.9546
 361.000       2.9404
 362.000       2.8704
 364.000       2.7356
 365.000       2.6561
 367.000       2.7056
 369.000       2.8283
 370.000       3.0140
 373.000       2.9148
 374.000       2.8692
 375.000       3.0815
 376.000       2.7711
 378.000       2.8427
 380.000       3.1588
 382.000       2.9037
 383.000       2.8036
 384.000       3.1205
 385.000       2.7074
 386.000       2.6114
 387.000       2.7135
 390.000       2.5682
 392.000       2.5043
 393.000       2.2990
 395.000       2.1016
 396.000       2.1291
 398.000       2.0438
 400.000       1.9220
 401.000       1.9402
 404.000       1.9005
 405.000       1.9900
 406.000       2.0664
 407.000       2.3223
 409.000       2.2539
 411.000       2.4709
 413.000       2.4280
 414.000       2.3070
 415.000       2.5154
 416.000       2.2619
 417.000       2.1147
 418.000       2.2014
 421.000       2.0495
 423.000       2.0133
 424.000       1.8512
 426.000       1.7283
 427.000       1.7679
 429.000       1.7271
 431.000       1.6415
 432.000       1.6676
 435.000       1.6208
 436.000       1.6614
 437.000       1.7164
 438.000       1.8464
 440.000       1.8150
 442.000       2.0073
 444.000       1.9681
 445.000       1.8799
 446.000       2.1932
 447.000       1.9071
 448.000       1.6079
 449.000       1.6498
 452.000       1.5140
 454.000       1.4451
 455.000       1.4039
 457.000       1.3314
 458.000       1.3449
 460.000       1.4177
 462.000       1.4568
 463.000       1.6345
 466.000       1.4651
 467.000       1.4104
 468.000       1.5632
 469.000       1.4681
 471.000       1.4843
 473.000       1.6577
 475.000       1.6099
 476.000       1.6533
 477.000       1.7955
 478.000       1.8141
 479.000       1.5729
 480.000       1.5989
 483.000       1.5480
 485.000       1.5447
 486.000       1.5050
 488.000       1.4196
 489.000       1.4302
 491.000       1.3891
 492.000       1.3334
 493.000       1.3075
 494.000       1.3255
 495.000       1.3174
 497.000       1.3614
 498.000       1.4166
 501.000       1.3908
 502.000       1.3664
 503.000       1.5359
 505.000       1.5504
 507.000       1.7121
 509.000       1.6666
 510.000       1.7347
 511.000       1.9531
 512.000       1.7582
 513.000       1.6622
 514.000       1.7245
 517.000       1.6822
 519.000       1.6148
 520.000       1.5728
 522.000       1.4861
 523.000       1.4714
 525.000       1.4312
 527.000       1.3980
 528.000       1.4047
 529.000       1.4194
 531.000       1.4676
 532.000       1.5344
 533.000       1.6771
 535.000       1.6542
 537.000       1.7740
 539.000       1.7892
 540.000       1.8228
 541.000       1.9853
 542.000       1.8141
 543.000       1.7653
 544.000       1.8286
 547.000       1.7857
 549.000       1.7033
 550.000       1.6624
 552.000       1.5745
 553.000       1.5507
 555.000       1.4926
 556.000       1.4749
 557.000       1.4480
 558.000       1.4252
 561.000       1.4808
 562.000       1.5386
 564.000       1.5693
 565.000       1.5300
 566.000       1.7798
 568.000       1.7393
 570.000       1.8495
 572.000       1.9003
 573.000       1.9482
 574.000       2.1207
 575.000       1.9339
 576.000       1.8890
 577.000       1.9652
 580.000       1.9081
 582.000       1.8222
 583.000       1.7617
 585.000       1.6685
 586.000       1.6528
 588.000       1.5856
 589.000       1.5491
 590.000       1.5012
 591.000       1.4795
 592.000       1.5187
 594.000       1.5802
 595.000       1.6214
 598.000       1.6298
 599.000       1.6058
 600.000       1.8856
 602.000       1.8311
 604.000       1.9360
 606.000       2.0022
 607.000       2.0260
 608.000       2.2173
 609.000       2.0177
 610.000       1.9300
 611.000       1.9923
 614.000       1.8939
 616.000       1.8120
 617.000       1.7313
 619.000       1.6455
 620.000       1.6413
 622.000       1.6015
 623.000       1.5722
 624.000       1.5773
 625.000       1.6097
 626.000       1.6105
 628.000       1.6351
 629.000       1.7239
 632.000       1.6383
 633.000       1.6006
 634.000       1.8430
 636.000       1.7809
 638.000       1.8858
 640.000       1.9429
 641.000       1.9656
 642.000       2.1262
 643.000       2.0031
 644.000       1.8620
 645.000       1.8954
 648.000       1.8359
 650.000       1.7713
 651.000       1.7307
 653.000       1.6608
 654.000       1.6676
 656.000       1.6492
 658.000       1.6219
 659.000       1.6493
 660.000       1.6253
 662.000       1.6446
 663.000       1.6973
 664.000       1.8162
 666.000       1.7955
 668.000       1.9077
 670.000       1.9038
 671.000       1.9318
 672.000       2.0714
 673.000       1.9563
 674.000       1.8655
 675.000       1.9111
 678.000       1.8576
 680.000       1.7985
 681.000       1.7524
 683.000       1.6745
 684.000       1.6775
 686.000       1.6380
 688.000       1.5973
 689.000       1.6005
 690.000       1.6200
 692.000       1.6563
 693.000       1.7192
 694.000       1.8306
 696.000       1.7967
 698.000       1.8951
 700.000       1.9261
 701.000       1.9506
 702.000       2.1216
 703.000       1.9566
 704.000       1.8729
 705.000       1.9354
 708.000       1.8862
 710.000       1.8590
 711.000       1.7883
 713.000       1.7134
 714.000       1.7213
 716.000       1.6822
 717.000       1.6445
 718.000       1.6358
 719.000       1.6617
 720.000       1.6468
 722.000       1.6646
 723.000       1.7092
 726.000       1.6796
 727.000       1.6638
 728.000       1.8156
 730.000       1.7948
 732.000       1.8973
 734.000       1.8825
 735.000       1.8165
 736.000       1.9891
 737.000       1.7848
 738.000       1.6982
 739.000       1.7829
 742.000       1.6964
 744.000       1.6479
 745.000       1.5345
 747.000       1.4146
 748.000       1.4029
 750.000       1.3485
 751.000       1.3215
 752.000       1.3427
 753.000       1.3863
 754.000       1.4086
 756.000       1.4460
 757.000       1.5753
 760.000       1.4289
 761.000       1.3655
 762.000       1.5769
 764.000       1.5403
 766.000       1.6979
 768.000       1.6773
 769.000       1.6264
 770.000       1.8366
 771.000       1.5810
 772.000       1.5188
 773.000       1.6333
 776.000       1.5806
 778.000       1.5084
 779.000       1.4428
 781.000       1.3067
 782.000       1.2640
 784.000       1.2090
 785.000       1.2086
 786.000       1.2317
 787.000       1.2579
 788.000       1.3077
 790.000       1.3614
 791.000       1.4897
 794.000       1.3583
 795.000       1.2728
 796.000       1.5239
 798.000       1.5038
 800.000       1.6905
 802.000       1.6883
 803.000       1.7224
 804.000       1.9720
 805.000       1.6799
 806.000       1.6410
 807.000       1.7660
 810.000       1.7283
 812.000       1.6047
 813.000       1.5540
 815.000       1.3886
 816.000       1.3245
 818.000       1.2361
 820.000       1.2152
 821.000       1.2128
 824.000       1.2916
 825.000       1.3755
 826.000       1.5065
 827.000       1.7198
 829.000       1.6846
 831.000       1.8828
 833.000       1.9261
 834.000       2.0085
 835.000       2.2809
 836.000       1.9496
 837.000       1.9527
 838.000       2.1079
 841.000       2.0906
 843.000       1.9291
 844.000       1.8921
 846.000       1.6861
 847.000       1.5824
 849.000       1.4575
 851.000       1.4410
 852.000       1.4021
 855.000       1.5501
 856.000       1.6697
 857.000       1.8256
 858.000       2.0950
 860.000       2.0547
 862.000       2.2888
 864.000       2.3395
 865.000       2.4400
 866.000       2.7363
 867.000       2.3709
 868.000       2.3673
 869.000       2.5249
 872.000       2.4668
 874.000       2.2746
 875.000       2.2061
 877.000       2.0179
 878.000       1.9519
 880.000       1.8429
 881.000       1.8362
 882.000       1.8200
 883.000       1.8133
 884.000       1.9034
 886.000       1.9884
 887.000       2.1073
 890.000       2.0202
 891.000       1.9399
 892.000       2.4746
 894.000       2.3864
 896.000       2.5811
 898.000       2.7343
 899.000       2.8435
 900.000       3.1842
 901.000       2.7736
 902.000       2.8430
 903.000       2.9769
 906.000       3.1329
 908.000       3.3587
 909.000       3.4542
 911.000       3.4392
 912.000       3.3627
 914.000       3.5150
 915.000       3.6821
 916.000       3.9714
 917.000       4.1330
 920.000       4.2052
 921.000       4.1782
 923.000       3.9292
 924.000       3.6632
 925.000       3.0149
 927.000       3.3152
 929.000       3.6010
 931.000       3.0216
 932.000       2.9130
 933.000       3.1024
 934.000       2.7153
 935.000       3.0405
 936.000       3.3249
 939.000       3.4335
 941.000       3.4385
 942.000       3.4209
 944.000       3.2176
 945.000       3.0257
 947.000       2.9840
 948.000       3.1542
 949.000       3.3084
 950.000       3.3350
 953.000       3.5356
 954.000       3.6142
 956.000       3.5231
 957.000       3.2842
 958.000       3.3018
 960.000       3.4161
 962.000       3.7356
 964.000       3.4691
 965.000       3.2929
 966.000       3.6883
 967.000       3.0919
 968.000       3.0889
 969.000       3.3757
 972.000       3.2778
 974.000       3.2298
 975.000       3.1042
 977.000       2.8317
 978.000       2.6274
 980.000       2.5449
 981.000       2.7398
 982.000       2.9795
 983.000       3.0205
 986.000       3.3513
 987.000       3.4643
 989.000       3.2839
 990.000       2.9186
 991.000       3.0106
 993.000       3.0608
 995.000       3.4364
 997.000       3.1933
 998.000       3.1258
 999.000       3.2091
1000.000       3.6396
1001.000       2.9036
1002.000       2.8640
1005.000       2.7440
1007.000       2.6219
1008.000       2.4480
1010.000       2.2318
1011.000       2.1950
1013.000       2.0134
1014.000       1.9108
1015.000       1.7385
1016.000       1.6241
1017.000       1.7674
1019.000       1.9383
1020.000       2.0059
1023.000       2.0878
1024.000       2.0622
1025.000       2.5754
1027.000       2.4853
1029.000       2.6877
1031.000       2.7332
1032.000       2.6925
1033.000       2.9362
1034.000       2.6148
1035.000       2.5460
1036.000       2.6474
1039.000       2.5131
1041.000       2.3499
1042.000       2.1839
1044.000       1.9906
1045.000       1.9943
1047.000       1.8282
1048.000       1.6880
1049.000       1.5112
1050.000       1.4380
1051.000       1.4940
1053.000       1.6347
1054.000       1.6711
1057.000       1.7910
1058.000       1.8044
1059.000       2.4410
1061.000       2.2942
1063.000       2.4402
1065.000       2.6378
1066.000       2.6815
1067.000       2.9491
1068.000       2.6795
1069.000       2.4943
1070.000       2.5475
1073.000       2.3691
1075.000       2.1582
1076.000       2.0091
1078.000       1.8459
1079.000       1.9143
1081.000       1.8125
1083.000       1.6246
1084.000       1.5669
1087.000       1.5610
1088.000       1.6776
1089.000       1.6883
1090.000       2.3557
1092.000       2.1642
1094.000       2.2633
1096.000       2.5650
1097.000       2.6625
1098.000       2.9610
1099.000       2.6624
1100.000       2.4862
1101.000       2.5373
1104.000       2.3817
1106.000       2.2252
1107.000       2.2562
1109.000       2.0457
1110.000       2.0905
1112.000       1.9399
1113.000       1.7648
1114.000       1.5971
1115.000       1.5599
1118.000       1.5334
1119.000       1.6304
1121.000       1.7821
1122.000       1.8353
1123.000       2.3759
1125.000       2.5828
1127.000       3.0883
1129.000       2.3952
1130.000       2.2458
1131.000       2.6070
1132.000       2.3828
1133.000       2.1578
1134.000       2.2317
1137.000       2.0391
1139.000       2.0435
1140.000       1.9622
1142.000       1.8617
1143.000       1.9190
1145.000       1.8652
1146.000       1.7472
1147.000       1.7047
1148.000       1.7725
1149.000       1.6649
1151.000       1.6843
1152.000       1.7246
1155.000       1.7375
1156.000       1.7546
1157.000       1.9204
1159.000       1.9974
1161.000       2.2297
1163.000       1.9312
1164.000       2.0354
1165.000       2.3072
1166.000       2.1740
1167.000       2.0286
1168.000       2.0794
1171.000       2.0761
1173.000       2.1032
1174.000       2.1641
1176.000       2.2752
1177.000       2.3330
1179.000       2.5147
1181.000       2.6425
1182.000       2.8849
1185.000       2.6101
1186.000       2.4255
1187.000       2.4851
1188.000       2.0459
1190.000       2.0826
1192.000       2.1851
1194.000       2.1547
1195.000       2.2456
1196.000       2.3679
1197.000       2.3717
1198.000       2.2915
1199.000       2.3500
1202.000       2.0310
1204.000       2.1966
1205.000       2.1134
1207.000       1.9121
1208.000       2.0396
1210.000       1.9762
1211.000       1.7699
1212.000       1.7470
1213.000       1.8996
1214.000       1.6818
1216.000       1.6520
1217.000       1.7422
1220.000       1.6869
1221.000       1.7332
1222.000       1.7905
1224.000       2.1439
1226.000       2.8365
1228.000       1.8300
1229.000       2.1260
1230.000       2.3800
1231.000       2.7618
1232.000       1.9319
1233.000       1.9040
1236.000       1.8395
1238.000       1.8193
1239.000       1.7499
1241.000       1.6775
1242.000       1.7032
1244.000       1.6653
1245.000       1.6090
1246.000       1.5841
1247.000       1.5952
1250.000       1.5925
1251.000       1.6202
1253.000       1.6389
1254.000       1.6257
1255.000       1.7483
1257.000       1.7477
1259.000       1.8793
1261.000       1.8203
1262.000       1.8269
1263.000       1.9902
1264.000       1.8300
1265.000       1.7698
1266.000       1.8506
1269.000       1.8013
1271.000       1.7466
1272.000       1.6985
1274.000       1.6105
1275.000       1.5918
1277.000       1.5563
1278.000       1.5434
1279.000       1.5519
1280.000       1.5669
1283.000       1.5961
1284.000       1.6310
1286.000       1.6322
1287.000       1.5815
1288.000       1.7732
1290.000       1.7490
1292.000       1.8670
1294.000       1.8763
1295.000       1.8886
1296.000       2.0614
1297.000       1.8962
1298.000       1.7939
1299.000       1.8421
1302.000       1.7648
1304.000       1.6972
1305.000       1.6338
1307.000       1.5603
1308.000       1.5739
1310.000       1.5502
1312.000       1.5153
1313.000       1.5532
1314.000       1.5151
1316.000       1.5391
1317.000       1.5994
1318.000       1.7318
1320.000       1.6791
1322.000       1.7708
1324.000       1.8253
1325.000       1.8449
1326.000       2.0060
1327.000       1.8417
1328.000       1.7750
1329.000       1.8065
1332.000       1.7469
1334.000       1.6906
1335.000       1.6439
1337.000       1.5664
1338.000       1.5666
1340.000       1.5144
1342.000       1.4667
1343.000       1.4516
1346.000       1.4851
1347.000       1.5330
1348.000       1.5863
1349.000       1.7133
1351.000       1.6808
1353.000       1.7790
1355.000       1.7937
1356.000       1.8045
1357.000       1.9505
1358.000       1.8162
1359.000       1.7215
1360.000       1.7715
1363.000       1.7246
1365.000       1.6796
1366.000       1.6375
1368.000       1.5576
1369.000       1.5433
1371.000       1.4961
1373.000       1.4591
1374.000       1.4532
1375.000       1.4882
1377.000       1.5382
1378.000       1.6005
1379.000       1.6826
1381.000       1.6657
1383.000       1.7758
1385.000       1.7558
1386.000       1.7523
1387.000       1.8936
1388.000       1.7509
1389.000       1.6887
1390.000       1.7481
1393.000       1.7140
1395.000       1.6857
1396.000       1.6339
1398.000       1.5370
1399.000       1.5169
1401.000       1.4534
1402.000       1.4271
1403.000       1.3993
1404.000       1.3849
1407.000       1.4359
1408.000       1.4958
1410.000       1.5280
1411.000       1.4866
1412.000       1.6480
1414.000       1.6465
1416.000       1.7809
1418.000       1.7214
1419.000       1.6942
1420.000       1.8505
1421.000       1.6954
1422.000       1.6114
1423.000       1.6895
1426.000       1.6344
1428.000       1.5997
1429.000       1.5266
1431.000       1.4191
1432.000       1.4180
1434.000       1.3785
1436.000       1.3444
1437.000       1.3655
1440.000       1.3543
1441.000       1.3891
1442.000       1.4472
1443.000       1.5409
1445.000       1.5372
1447.000       1.7039
1449.000       1.6232
1450.000       1.5970
1451.000       1.7520
1452.000       1.5858
1453.000       1.5277
1454.000       1.6071
1457.000       1.5563
1459.000       1.5325
1460.000       1.4772
1462.000       1.3881
1463.000       1.3648
1465.000       1.3228
1467.000       1.3133
1468.000       1.3365
1469.000       1.3505
1471.000       1.3850
1472.000       1.4675
1473.000       1.4892
1475.000       1.4924
1477.000       1.6289
1479.000       1.5766
1480.000       1.5731
1481.000       1.7589
1482.000       1.6048
1483.000       1.4621
1484.000       1.5200
1487.000       1.4508
1489.000       1.4068
1490.000       1.3436
1492.000       1.2537
1493.000       1.2522
1495.000       1.2063
1496.000       1.1734
1497.000       1.1701
1498.000       1.1935
1499.000       1.1943
1501.000       1.2241
1502.000       1.2852
1505.000       1.2404
1506.000       1.2061
1507.000       1.4038
1509.000       1.3783
1511.000       1.4986
1513.000       1.5162
1514.000       1.5579
1515.000       1.7480
1516.000       1.5720
1517.000       1.4987
1518.000       1.5669
1521.000       1.5320
1523.000       1.4648
1524.000       1.4259
1526.000       1.3151
1527.000       1.2693
1529.000       1.2288
1530.000       1.2453
1531.000       1.2743
1532.000       1.2963
1533.000       1.3475
1535.000       1.3882
1536.000       1.5013
1539.000       1.3793
1540.000       1.3007
1541.000       1.5282
1543.000       1.5175
1545.000       1.6711
1547.000       1.6763
1548.000       1.7459
1549.000       1.9613
1550.000       1.7227
1551.000       1.7014
1552.000       1.8057
1555.000       1.7720
1557.000       1.6402
1558.000       1.6084
1560.000       1.4890
1561.000       1.4428
1563.000       1.3810
1564.000       1.3855
1565.000       1.3942
1566.000       1.3891
1569.000       1.4694
1570.000       1.5320
1572.000       1.5349
1573.000       1.4568
1574.000       1.8125
1576.000       1.7625
1578.000       1.9060
1580.000       2.0097
1581.000       2.1383
1582.000       2.3840
1583.000       2.1175
1584.000       2.1007
1585.000       2.2019
1588.000       2.1727
1590.000       2.0069
1591.000       1.9884
1593.000       1.8622
1594.000       1.8062
1596.000       1.7346
1597.000       1.7413
1598.000       1.7305
1599.000       1.7063
1600.000       1.8147
1602.000       1.8941
1603.000       2.0091
1606.000       1.9036
1607.000       1.8246
1608.000       2.2448
1610.000       2.1781
1612.000       2.3139
1614.000       2.4657
1615.000       2.6210
1616.000       2.8713
1617.000       2.6072
1618.000       2.5816
1619.000       2.6676
1622.000       2.6291
1624.000       2.4307
1625.000       2.4238
1627.000       2.3057
1628.000       2.2653
1630.000       2.1970
1632.000       2.1669
1633.000       2.1445
1636.000       2.2094
1637.000       2.2799
1638.000       2.3658
1639.000       2.7379
1641.000       2.6512
1643.000       2.7828
1645.000       2.9762
1646.000       3.1712
1647.000       3.4236
1648.000       3.1685
1649.000       3.1352
1650.000       3.2340
1653.000       3.2177
1655.000       2.9958
1656.000       2.9955
1658.000       2.8381
1659.000       2.7895
1661.000       2.6892
1663.000       2.6421
1664.000       2.5917
1667.000       2.6973
1668.000       2.7917
1669.000       2.8721
1670.000       3.3668
1672.000       3.2550
1674.000       3.4228
1676.000       3.6583
