   2.000       2.0522
   3.000       1.8920
   6.000       1.7180
   8.000       1.7215
   9.000       1.5581
  11.000       1.4743
  12.000       1.5789
  14.000       1.5459
  16.000       1.3781
  17.000       1.3678
  20.000       1.2944
  21.000       1.3505
  22.000       1.3524
  23.000       1.5347
  25.000       1.4704
  27.000       1.5778
  29.000       1.5496
  30.000       1.4717
  31.000       1.5868
  32.000       1.5271
  33.000       1.3149
  34.000       1.3055
  37.000       1.1703
  39.000       1.1394
  40.000       1.0047
  42.000       0.9641
  43.000       1.0678
  45.000       1.0852
  47.000       0.9821
  48.000       1.0415
  49.000       0.8752
  51.000       0.8713
  52.000       0.8512
  53.000       1.0704
  55.000       0.9740
  57.000       1.0243
  59.000       1.1277
  60.000       1.1207
  61.000       1.2641
  62.000       1.1973
  63.000       0.9818
  64.000       0.9605
  67.000       0.8472
  69.000       0.8009
  70.000       0.7406
  72.000       0.7316
  73.000       0.7940
  75.000       0.7848
  76.000       0.7123
  77.000       0.6968
  78.000       0.7453
  79.000       0.6685
  81.000       0.6440
  82.000       0.6423
  85.000       0.6555
  86.000       0.6875
  87.000       0.8368
  89.000       0.7764
  91.000       0.8318
  93.000       0.9200
  94.000       0.9964
  95.000       1.1381
  96.000       1.1009
  97.000       0.9018
  98.000       0.8332
 101.000       0.7845
 103.000       0.7141
 104.000       0.7020
 106.000       0.6920
 107.000       0.7389
 109.000       0.7557
 110.000       0.7056
 111.000       0.7160
 112.000       0.7746
 113.000       0.6973
 115.000       0.6872
 116.000       0.7240
 119.000       0.6857
 120.000       0.6804
 121.000       0.8502
 123.000       0.8075
 125.000       0.9387
 127.000       1.0177
 128.000       1.1419
 129.000       1.3757
 130.000       1.2038
 131.000       1.0432
 132.000       1.0795
 135.000       0.9768
 137.000       0.8808
 138.000       0.8339
 140.000       0.8211
 141.000       0.8540
 143.000       0.8545
 144.000       0.8112
 145.000       0.8134
 146.000       0.8685
 147.000       0.7899
 149.000       0.7763
 150.000       0.7833
 153.000       0.7875
 154.000       0.7955
 155.000       0.9584
 157.000       0.8572
 159.000       0.8749
 161.000       1.0579
 162.000       1.0586
 163.000       1.2400
 164.000       1.0725
 165.000       0.9309
 166.000       0.9458
 169.000       0.8414
 171.000       0.8649
 172.000       0.7829
 174.000       0.7620
 175.000       0.7864
 177.000       0.7834
 179.000       0.7568
 180.000       0.7940
 181.000       0.7586
 183.000       0.7588
 184.000       0.8135
 185.000       0.7181
 187.000       0.7031
 189.000       0.8192
 191.000       0.7266
 192.000       0.6760
 193.000       0.7746
 194.000       0.8087
 195.000       0.5756
 196.000       0.5752
 199.000       0.5845
 201.000       0.6160
 202.000       0.6136
 204.000       0.5657
 205.000       0.5855
 207.000       0.6594
 209.000       0.6642
 210.000       0.7835
 213.000       0.6858
 214.000       0.6612
 215.000       0.8415
 216.000       0.6062
 218.000       0.6747
 220.000       0.8502
 222.000       0.7383
 223.000       0.8440
 224.000       1.0478
 225.000       0.8799
 226.000       0.8333
 227.000       0.9049
 230.000       0.8928
 232.000       0.7922
 233.000       0.7655
 235.000       0.7204
 236.000       0.7679
 238.000       0.8209
 239.000       0.7854
 240.000       0.8826
 241.000       1.0448
 242.000       0.8424
 244.000       0.7392
 245.000       0.7482
 248.000       0.6921
 249.000       0.7050
 250.000       0.9600
 252.000       0.9048
 254.000       0.9998
 256.000       1.1379
 257.000       1.2834
 258.000       1.4908
 259.000       1.3643
 260.000       1.2451
 261.000       1.3526
 264.000       1.3564
 266.000       1.3893
 267.000       1.3381
 269.000       1.2537
 270.000       1.2361
 272.000       1.2073
 274.000       1.1884
 275.000       1.2025
 278.000       1.2162
 279.000       1.2506
 280.000       1.3250
 281.000       1.2434
 283.000       1.2875
 285.000       1.4408
 287.000       1.2994
 288.000       1.2377
 289.000       1.4059
 290.000       1.1981
 291.000       1.1412
 292.000       1.2199
 295.000       1.1259
 297.000       1.0957
 298.000       0.9713
 300.000       0.8871
 301.000       0.9117
 303.000       0.8802
 304.000       0.8243
 305.000       0.8316
 306.000       0.9080
 309.000       0.8386
 310.000       0.8330
 312.000       0.8361
 313.000       0.8277
 314.000       0.9899
 316.000       0.9314
 318.000       1.0226
 320.000       1.0450
 321.000       1.0008
 322.000       1.1280
 323.000       0.9963
 324.000       0.9207
 325.000       0.9499
 328.000       0.8521
 330.000       0.7721
 331.000       0.6959
 333.000       0.7006
 334.000       0.8302
 336.000       0.8509
 337.000       0.7311
 338.000       0.7779
 339.000       0.9258
 340.000       0.7281
 342.000       0.6338
 343.000       0.6871
 346.000       0.5840
 347.000       0.6350
 348.000       0.9259
 350.000       0.8267
 352.000       0.8778
 354.000       1.0752
 355.000       1.2880
 356.000       1.6356
 357.000       1.4201
 358.000       1.2989
 359.000       1.3005
 362.000       1.4639
 364.000       1.6673
 365.000       1.8870
 367.000       2.0709
 368.000       2.0020
 370.000       2.3528
 372.000       2.7606
 373.000       3.1577
 374.000       2.8227
 376.000       2.5312
 377.000       2.8015
 378.000       1.5785
 380.000       1.8957
 382.000       2.4910
 384.000       1.8113
 385.000       1.9775
 386.000       2.2576
 387.000       2.3979
 388.000       1.6357
 389.000       1.5985
 392.000       1.3345
 394.000       1.2778
 395.000       1.0957
 397.000       0.9776
 398.000       1.0317
 400.000       0.9271
 401.000       0.7845
 402.000       0.6716
 403.000       0.6662
 406.000       0.6474
 407.000       0.7191
 409.000       0.8077
 410.000       0.8315
 411.000       1.2626
 413.000       1.1446
 415.000       1.2372
 417.000       1.3836
 418.000       1.4255
 419.000       1.6552
 420.000       1.4489
 421.000       1.2713
 422.000       1.3390
 425.000       1.2371
 427.000       1.1086
 428.000       1.0077
 430.000       0.8615
 431.000       0.8849
 433.000       0.7931
 434.000       0.6787
 435.000       0.6103
 436.000       0.6383
 439.000       0.6391
 440.000       0.7247
 442.000       0.7813
 443.000       0.7458
 444.000       1.1923
 446.000       1.0989
 448.000       1.2624
 450.000       1.3661
 451.000       1.4157
 452.000       1.6677
 453.000       1.5523
 454.000       1.1935
 455.000       1.1724
 458.000       1.0189
 460.000       0.9577
 461.000       0.9348
 463.000       0.9849
 464.000       1.0613
 466.000       1.2516
 468.000       1.3563
 469.000       1.6140
 472.000       1.3132
 473.000       1.1334
 474.000       1.2261
 475.000       0.9687
 477.000       0.9623
 479.000       1.0954
 481.000       1.0447
 482.000       1.0751
 483.000       1.2097
 484.000       1.1484
 485.000       0.9744
 486.000       0.9665
 489.000       0.8876
 491.000       0.9001
 492.000       0.8372
 494.000       0.8211
 495.000       0.8916
 497.000       0.9030
 499.000       0.8384
 500.000       0.8780
 503.000       0.8038
 504.000       0.7934
 505.000       0.8140
 506.000       0.8025
 508.000       0.7845
 510.000       0.8419
 512.000       0.7965
 513.000       0.7667
 514.000       0.8493
 515.000       0.8467
 516.000       0.7016
 517.000       0.7129
 520.000       0.6927
 522.000       0.7319
 523.000       0.6907
 525.000       0.6469
 526.000       0.6751
 528.000       0.7000
 530.000       0.6867
 531.000       0.7430
 534.000       0.6686
 535.000       0.6517
 536.000       0.6899
 537.000       0.6382
 539.000       0.6692
 541.000       0.8104
 543.000       0.6995
 544.000       0.7533
 545.000       0.8892
 546.000       0.8300
 547.000       0.7562
 548.000       0.8136
 551.000       0.8218
 553.000       0.8012
 554.000       0.7917
 556.000       0.7283
 557.000       0.7227
 559.000       0.7212
 561.000       0.7171
 562.000       0.7592
 565.000       0.7184
 566.000       0.7255
 567.000       0.7715
 568.000       0.8703
 570.000       0.9083
 572.000       1.0207
 574.000       0.9459
 575.000       0.9696
 576.000       1.1294
 577.000       1.0632
 578.000       0.8243
 579.000       0.7677
 582.000       0.6599
 584.000       0.6539
 585.000       0.5910
 587.000       0.6299
 588.000       0.7289
 590.000       0.7755
 591.000       0.7091
 592.000       0.7560
 593.000       0.8687
 596.000       0.7364
 597.000       0.6711
 599.000       0.6133
 600.000       0.6303
 601.000       0.6604
 603.000       0.6046
 605.000       0.6542
 607.000       0.7405
 608.000       0.8492
 609.000       0.9984
 610.000       0.9494
 611.000       0.8116
 612.000       0.8212
 615.000       0.8353
 617.000       0.7746
 618.000       0.8417
 620.000       0.8350
 621.000       0.8347
 623.000       0.8909
 624.000       0.9154
 625.000       1.0083
 626.000       1.0951
 627.000       1.0487
 629.000       1.0217
 630.000       1.1095
 633.000       0.9551
 634.000       0.8896
 635.000       0.9518
 637.000       0.9544
 639.000       1.1090
 641.000       1.0402
 642.000       1.1619
 643.000       1.1764
 644.000       1.3560
 645.000       1.1833
 646.000       1.1525
 649.000       1.2090
 651.000       1.1357
 652.000       1.1954
 654.000       1.1589
 655.000       1.1216
 657.000       1.1578
 659.000       1.2408
 660.000       1.3462
 661.000       1.2732
 663.000       1.2378
 664.000       1.3375
 665.000       1.3684
 667.000       1.3319
 669.000       1.5017
 671.000       1.5285
 672.000       1.6879
 673.000       1.8597
 674.000       1.8973
 675.000       1.6174
 676.000       1.6393
 679.000       1.6052
 681.000       1.7640
 682.000       1.7174
 684.000       1.9482
 685.000       2.0558
 687.000       2.3692
 689.000       2.6266
 690.000       2.9920
 691.000       2.5513
 693.000       2.2274
 694.000       2.3247
 695.000       1.4084
 697.000       1.4959
 699.000       1.5291
 701.000       1.3868
 702.000       1.3584
 703.000       1.4955
 704.000       1.5169
 705.000       1.1387
 706.000       1.0299
 709.000       0.8556
 711.000       0.8462
 712.000       0.7926
 714.000       0.8264
 715.000       0.9275
 717.000       0.9653
 718.000       0.8962
 719.000       0.9440
 720.000       1.0549
 723.000       0.9365
 724.000       0.8702
 726.000       0.8039
 727.000       0.8171
 728.000       0.8692
 730.000       0.8114
 732.000       0.8297
 734.000       0.9392
 735.000       1.0358
 736.000       1.2614
 737.000       1.1104
 738.000       1.0449
 739.000       1.1879
 742.000       1.2559
 744.000       1.4047
 745.000       1.4892
 747.000       1.4547
 748.000       1.4276
 750.000       1.5874
 751.000       1.6727
 752.000       1.8985
 753.000       2.0849
 756.000       2.0335
 757.000       1.9978
 759.000       1.8259
 760.000       1.6242
 761.000       1.1554
 763.000       1.3932
 765.000       1.7227
 767.000       1.3042
 768.000       1.3181
 769.000       1.6907
 770.000       1.2553
 771.000       1.2420
 772.000       1.4982
 775.000       1.4688
 777.000       1.4229
 778.000       1.3724
 780.000       1.2304
 781.000       1.1147
 783.000       1.2061
 785.000       1.4186
 786.000       1.6712
 789.000       1.4994
 790.000       1.4035
 791.000       1.5939
 792.000       1.3059
 794.000       1.3391
 796.000       1.6480
 798.000       1.5050
 799.000       1.5177
 800.000       1.8640
 801.000       1.7578
 802.000       1.2625
 803.000       1.3264
 806.000       1.1289
 808.000       1.1121
 809.000       0.9736
 811.000       0.8852
 812.000       0.9467
 814.000       0.8821
 815.000       0.7617
 816.000       0.7140
 817.000       0.7290
 820.000       0.7632
 821.000       0.8377
 823.000       0.8456
 824.000       0.7987
 825.000       0.9620
 827.000       0.9210
 829.000       1.0548
 831.000       0.9885
 832.000       0.9844
 833.000       1.1077
 834.000       1.0634
 835.000       0.9149
 836.000       0.9411
 839.000       0.8863
 841.000       0.8769
 842.000       0.8169
 844.000       0.7907
 845.000       0.8247
 847.000       0.8125
 848.000       0.7677
 849.000       0.7662
 850.000       0.7958
 853.000       0.7776
 854.000       0.7821
 856.000       0.7756
 857.000       0.7629
 858.000       0.8409
 860.000       0.8097
 862.000       0.8639
 864.000       0.8948
 865.000       0.9118
 866.000       1.0522
 867.000       0.9600
 868.000       0.8461
 869.000       0.8799
 872.000       0.8427
 874.000       0.8387
 875.000       0.7692
 877.000       0.7657
 878.000       0.8329
 880.000       0.8309
 881.000       0.7517
 882.000       0.7571
 883.000       0.7827
 886.000       0.8149
 887.000       0.8788
 889.000       0.8491
 890.000       0.7610
 891.000       0.8208
 893.000       0.7751
 895.000       0.8345
 897.000       0.8848
 898.000       1.0766
 899.000       1.1284
 900.000       1.5134
 901.000       1.4124
 902.000       1.7697
 905.000       1.4994
 907.000       1.4270
 908.000       1.2486
 910.000       1.0378
 911.000       0.9771
 913.000       0.9082
 914.000       0.9164
 915.000       1.0217
 916.000       1.1177
 919.000       1.1781
 920.000       1.2313
 922.000       1.1683
 923.000       1.0028
 924.000       1.1775
 926.000       1.1698
 928.000       1.4785
 930.000       1.2419
 931.000       1.1498
 932.000       1.3044
 933.000       1.3186
 934.000       0.9444
 935.000       0.8867
 938.000       0.7358
 940.000       0.7048
 941.000       0.6136
 943.000       0.6539
 944.000       0.7951
 946.000       0.9250
 948.000       0.9259
 949.000       1.1171
 952.000       0.8458
 953.000       0.7072
 954.000       0.7596
 955.000       0.6829
 957.000       0.6070
 959.000       0.6444
 961.000       0.7620
 962.000       0.8138
 963.000       0.9979
 964.000       0.8737
 965.000       0.7201
 966.000       0.7511
 969.000       0.6751
 971.000       0.6090
 972.000       0.5704
 974.000       0.5532
 975.000       0.6175
 977.000       0.6226
 978.000       0.5605
 979.000       0.5884
 980.000       0.6572
 983.000       0.6096
 984.000       0.5957
 986.000       0.5548
 987.000       0.5324
 988.000       0.6932
 990.000       0.6325
 992.000       0.6894
 994.000       0.8060
 995.000       0.8954
 996.000       1.0906
 997.000       0.9325
 998.000       0.8466
 999.000       0.8981
1002.000       0.8496
1004.000       0.7869
1005.000       0.7820
1007.000       0.7442
1008.000       0.7675
1010.000       0.7642
1011.000       0.7514
1012.000       0.8233
1013.000       0.8683
1016.000       0.9266
1017.000       0.9428
1019.000       0.8612
1020.000       0.7627
1021.000       0.8815
1023.000       0.8608
1025.000       0.9438
1027.000       0.9978
1028.000       1.1329
1029.000       1.3291
1030.000       1.3121
1031.000       1.1636
1032.000       1.3085
1035.000       1.5300
1037.000       1.5051
1038.000       1.7142
1040.000       1.6483
1041.000       1.5320
1043.000       1.6931
1044.000       1.8896
1045.000       2.2093
1046.000       2.3744
1047.000       2.4466
1049.000       2.4373
1050.000       2.7814
1053.000       2.1868
1054.000       1.8849
1055.000       1.7127
1057.000       1.8816
1059.000       2.1570
1061.000       1.9280
