   2.000       3.4708
   3.000       3.4630
   6.000       3.2658
   8.000       3.2824
   9.000       3.0252
  11.000       2.8678
  12.000       2.9359
  14.000       2.8048
  15.000       2.6282
  16.000       2.4738
  17.000       2.4588
  18.000       2.3923
  20.000       2.4560
  21.000       2.4230
  24.000       2.6002
  25.000       2.6760
  26.000       2.9411
  28.000       2.8561
  30.000       3.0038
  32.000       2.9661
  33.000       2.7846
  34.000       2.9691
  35.000       2.7480
  36.000       2.5432
  37.000       2.5504
  40.000       2.3621
  42.000       2.3406
  43.000       2.1404
  45.000       2.0275
  46.000       2.1099
  48.000       2.0615
  50.000       1.9175
  51.000       1.9138
  54.000       1.8508
  55.000       1.9076
  56.000       1.9141
  57.000       2.1489
  59.000       2.0487
  61.000       2.1573
  63.000       2.2047
  64.000       2.1006
  65.000       2.2996
  66.000       2.1039
  67.000       1.8977
  68.000       1.9390
  71.000       1.8008
  73.000       1.7348
  74.000       1.6048
  76.000       1.4897
  77.000       1.5308
  79.000       1.4618
  80.000       1.3551
  81.000       1.2988
  82.000       1.3223
  83.000       1.3058
  85.000       1.3671
  86.000       1.4623
  89.000       1.4091
  90.000       1.3906
  91.000       1.6948
  93.000       1.6260
  95.000       1.7790
  97.000       1.8207
  98.000       1.8394
  99.000       2.0592
 100.000       1.8516
 101.000       1.7058
 102.000       1.7855
 105.000       1.7098
 107.000       1.5389
 108.000       1.4796
 110.000       1.3013
 111.000       1.2707
 113.000       1.1964
 115.000       1.1243
 116.000       1.1300
 119.000       1.1464
 120.000       1.2475
 121.000       1.3652
 122.000       1.7284
 124.000       1.6358
 126.000       1.8314
 128.000       1.9669
 129.000       2.1088
 130.000       2.3860
 131.000       2.1153
 132.000       2.0025
 133.000       2.0490
 136.000       1.9325
 138.000       1.6831
 139.000       1.6744
 141.000       1.5460
 142.000       1.5861
 144.000       1.5308
 145.000       1.4375
 146.000       1.4309
 147.000       1.5323
 150.000       1.4142
 151.000       1.4060
 153.000       1.4355
 154.000       1.4410
 155.000       2.0732
 157.000       1.9379
 159.000       2.0555
 161.000       2.1323
 162.000       2.3266
 163.000       2.5605
 164.000       2.4631
 165.000       2.1624
 166.000       2.3143
 169.000       2.2013
 171.000       2.0387
 172.000       1.8623
 174.000       1.6000
 175.000       1.5769
 177.000       1.3927
 179.000       1.2249
 180.000       1.1232
 183.000       1.2661
 184.000       1.4492
 185.000       1.5491
 186.000       2.0951
 188.000       1.9586
 190.000       2.1809
 192.000       2.3277
 193.000       2.3620
 194.000       2.7170
 195.000       2.4037
 196.000       2.0545
 197.000       2.0890
 200.000       1.8679
 202.000       1.6604
 203.000       1.5189
 205.000       1.4123
 206.000       1.4756
 208.000       1.5034
 210.000       1.4823
 211.000       1.6316
 212.000       1.4263
 214.000       1.3912
 215.000       1.4740
 216.000       1.8332
 218.000       1.6348
 220.000       1.6115
 222.000       1.9089
 223.000       2.0948
 224.000       2.2981
 225.000       2.2705
 226.000       1.9923
 227.000       1.9618
 230.000       1.9118
 232.000       1.7790
 233.000       1.8702
 235.000       1.7774
 236.000       1.8230
 238.000       1.7875
 239.000       1.7071
 240.000       1.7148
 241.000       1.7913
 242.000       1.7204
 244.000       1.7251
 245.000       1.8186
 248.000       1.7216
 249.000       1.7041
 250.000       2.1187
 252.000       2.0945
 254.000       2.3366
 256.000       2.2497
 257.000       2.4088
 258.000       2.6469
 259.000       2.6078
 260.000       2.1940
 261.000       2.2389
 264.000       2.0824
 266.000       1.9556
 267.000       1.8333
 269.000       1.6905
 270.000       1.6704
 272.000       1.5699
 273.000       1.5198
 274.000       1.4795
 275.000       1.4702
 276.000       1.5355
 278.000       1.6196
 279.000       1.7355
 282.000       1.6601
 283.000       1.6021
 284.000       2.0079
 286.000       1.9182
 288.000       2.0475
 290.000       2.1488
 291.000       2.1863
 292.000       2.4063
 293.000       2.1544
 294.000       2.1029
 295.000       2.1910
 298.000       2.1274
 300.000       1.9984
 301.000       1.9304
 303.000       1.7848
 304.000       1.7605
 306.000       1.6549
 308.000       1.5603
 309.000       1.4862
 312.000       1.5931
 313.000       1.7106
 314.000       1.7908
 315.000       2.1106
 317.000       2.0506
 319.000       2.2086
 321.000       2.2798
 322.000       2.3464
 323.000       2.5469
 324.000       2.3299
 325.000       2.2783
 326.000       2.3693
 329.000       2.3027
 331.000       2.1909
 332.000       2.1053
 334.000       1.9640
 335.000       1.9504
 337.000       1.8256
 338.000       1.7506
 339.000       1.6408
 340.000       1.5855
 341.000       1.6465
 343.000       1.7458
 344.000       1.7767
 347.000       1.8487
 348.000       1.8415
 349.000       2.2622
 351.000       2.1940
 353.000       2.3206
 355.000       2.3864
 356.000       2.3912
 357.000       2.5789
 358.000       2.3638
 359.000       2.2770
 360.000       2.3447
 363.000       2.2091
 365.000       2.1098
 366.000       1.9675
 368.000       1.8594
 369.000       1.9190
 371.000       1.8481
 373.000       1.7154
 374.000       1.6802
 377.000       1.6725
 378.000       1.7388
 379.000       1.7355
 380.000       2.1008
 382.000       1.9762
 384.000       2.0542
 386.000       2.1889
 387.000       2.1619
 388.000       2.3128
 389.000       2.2191
 390.000       1.9942
 391.000       1.9525
 394.000       1.8207
 396.000       1.7788
 397.000       1.7028
 399.000       1.6975
 400.000       1.7635
 402.000       1.8154
 404.000       1.8091
 405.000       1.9133
 406.000       1.7529
 408.000       1.6961
 409.000       1.7138
 410.000       1.7606
 412.000       1.6997
 414.000       1.7480
 416.000       1.8044
 417.000       1.8031
 418.000       1.9634
 419.000       1.8555
 420.000       1.6582
 421.000       1.6740
 424.000       1.5913
 426.000       1.5718
 427.000       1.5116
 429.000       1.4458
 430.000       1.4692
 432.000       1.4359
 433.000       1.3790
 434.000       1.3563
 435.000       1.3779
 436.000       1.3562
 438.000       1.3829
 439.000       1.4311
 442.000       1.4095
 443.000       1.3970
 444.000       1.5316
 446.000       1.5207
 448.000       1.6411
 450.000       1.6050
 451.000       1.6009
 452.000       1.7702
 453.000       1.5982
 454.000       1.5501
 455.000       1.6216
 458.000       1.5938
 460.000       1.5366
 461.000       1.4848
 463.000       1.3810
 464.000       1.3623
 466.000       1.3293
 468.000       1.3081
 469.000       1.3317
 472.000       1.3278
 473.000       1.3689
 474.000       1.4476
 475.000       1.5490
 477.000       1.5486
 479.000       1.7249
 481.000       1.6821
 482.000       1.7668
 483.000       1.9366
 484.000       1.8508
 485.000       1.8577
 486.000       2.0800
 489.000       1.9535
 491.000       1.8972
 492.000       1.7616
 494.000       1.6162
 495.000       1.6219
 497.000       1.5143
 498.000       1.4365
 499.000       1.3744
 500.000       1.3717
 501.000       1.3927
 503.000       1.4585
 504.000       1.5204
 507.000       1.5190
 508.000       1.5045
 509.000       1.8137
 511.000       1.7632
 513.000       1.9295
 515.000       1.9242
 516.000       1.9080
 517.000       2.1105
 518.000       1.9105
 519.000       1.7837
 520.000       1.8546
 523.000       1.7727
 525.000       1.6746
 526.000       1.5898
 528.000       1.4581
 529.000       1.4586
 531.000       1.4027
 533.000       1.3450
 534.000       1.3606
 537.000       1.3587
 538.000       1.4139
 539.000       1.4925
 540.000       1.7404
 542.000       1.6843
 544.000       1.8394
 546.000       1.9011
 547.000       1.9811
 548.000       2.2163
 549.000       1.9772
 550.000       1.9135
 551.000       2.0224
 554.000       1.9795
 556.000       1.8226
 557.000       1.7891
 559.000       1.6443
 560.000       1.6091
 562.000       1.5469
 564.000       1.5295
 565.000       1.5472
 568.000       1.5740
 569.000       1.6267
 570.000       1.7281
 571.000       2.0241
 573.000       1.9650
 575.000       2.1353
 577.000       2.2481
 578.000       2.3711
 579.000       2.6672
 580.000       2.3675
 581.000       2.3020
 582.000       2.4522
 585.000       2.4573
 587.000       2.2859
 588.000       2.3431
 590.000       2.2118
 591.000       2.1151
 593.000       2.1346
 595.000       2.2609
 596.000       2.4008
 597.000       2.3513
 599.000       2.3377
 600.000       2.5377
 601.000       2.5331
 603.000       2.5429
 605.000       2.8018
 607.000       2.7983
 608.000       2.9561
 609.000       3.2706
 610.000       2.9960
 611.000       2.9736
 612.000       3.0044
 615.000       3.1564
 617.000       3.5766
 618.000       3.8227
 620.000       4.2899
 621.000       4.3321
 623.000       4.9998
 625.000       5.6513
 626.000       6.3638
 627.000       5.5618
 629.000       4.9410
 630.000       5.1345
 631.000       3.1110
 633.000       3.5113
 635.000       3.6544
 637.000       3.0679
 638.000       3.2706
 639.000       3.5246
 640.000       3.5622
 641.000       3.2829
 642.000       3.3168
 645.000       3.4509
 647.000       3.5889
 648.000       3.8612
 650.000       4.2063
 651.000       4.2820
 653.000       4.8378
 655.000       5.3131
 656.000       5.9850
 659.000       5.2694
 660.000       4.7197
 661.000       4.8622
 662.000       3.6079
 664.000       3.8996
 666.000       4.3013
 668.000       3.8351
 669.000       3.8568
 670.000       3.9711
 671.000       4.2892
 672.000       3.6504
 673.000       3.4752
 676.000       3.2157
 678.000       3.3173
 679.000       3.2802
 681.000       3.5996
 682.000       3.6940
 684.000       4.0652
 685.000       4.3223
 686.000       4.9586
 687.000       5.2856
 688.000       5.3740
 690.000       5.1851
 691.000       5.7938
 694.000       4.5143
 695.000       4.0977
 696.000       3.2140
 698.000       3.1525
 700.000       2.9206
 702.000       3.0961
 703.000       3.1693
 704.000       3.2172
 705.000       3.4678
 706.000       2.9822
 707.000       2.7909
 710.000       2.6519
 712.000       2.6006
 713.000       2.4117
 715.000       2.2427
 716.000       2.2712
 718.000       2.1237
 719.000       1.9752
 720.000       1.8104
 721.000       1.7612
 722.000       1.7714
 724.000       1.8825
 725.000       1.9001
 728.000       2.0308
 729.000       2.0626
 730.000       2.4818
 732.000       2.3887
 734.000       2.5382
 736.000       2.5849
 737.000       2.5081
 738.000       2.7168
 739.000       2.4675
 740.000       2.3273
 741.000       2.3997
 744.000       2.2425
 746.000       2.1309
 747.000       1.9591
 749.000       1.8175
 750.000       1.8525
 752.000       1.7388
 753.000       1.6068
 754.000       1.4902
 755.000       1.4812
 756.000       1.4534
 758.000       1.5268
 759.000       1.5465
 762.000       1.6354
 763.000       1.6628
 764.000       2.1275
 766.000       1.9951
 768.000       2.1110
 770.000       2.2661
 771.000       2.2738
 772.000       2.5018
 773.000       2.2838
 774.000       2.1039
 775.000       2.1535
 778.000       2.0217
 780.000       1.8762
 781.000       1.7674
 783.000       1.6442
 784.000       1.6784
 786.000       1.6200
 788.000       1.5150
 789.000       1.5082
 792.000       1.4859
 793.000       1.5558
 794.000       1.5966
 795.000       1.9921
 797.000       1.8820
 799.000       2.0025
 801.000       2.1507
 802.000       2.1559
 803.000       2.4105
 804.000       2.1657
 805.000       1.9603
 806.000       2.1033
 809.000       1.9094
 811.000       1.7964
 812.000       1.6536
 814.000       1.5728
 815.000       1.6258
 817.000       1.5452
 818.000       1.4301
 819.000       1.3503
 820.000       1.3501
 821.000       1.3334
 823.000       1.3756
 824.000       1.4122
 827.000       1.4376
 828.000       1.4606
 829.000       1.8027
 831.000       1.6762
 833.000       1.7591
 835.000       1.8958
 836.000       1.9175
 837.000       2.0548
 838.000       2.0429
 839.000       1.7530
 840.000       1.7063
 843.000       1.6190
 845.000       1.5453
 846.000       1.4883
 848.000       1.4273
 849.000       1.4564
 851.000       1.4356
 853.000       1.3768
 854.000       1.3861
 857.000       1.3663
 858.000       1.3938
 859.000       1.4359
 860.000       1.7031
 862.000       1.5540
 864.000       1.7443
 866.000       2.0140
 867.000       2.2405
 868.000       2.4927
 869.000       2.4675
 870.000       2.2329
 871.000       2.5321
 874.000       2.5732
 876.000       2.6286
 877.000       2.5888
 879.000       2.5632
 880.000       2.5057
 882.000       2.6958
 884.000       2.9507
 885.000       3.2831
 888.000       2.9973
 889.000       2.8022
 890.000       2.9786
 891.000       2.3816
 893.000       2.5147
 895.000       2.8524
 897.000       2.6333
 898.000       2.6062
 899.000       3.1417
 900.000       2.5338
 901.000       2.3315
 902.000       2.4951
 905.000       2.3538
 907.000       2.2967
 908.000       2.2049
 910.000       2.2270
 911.000       2.1115
 913.000       2.3886
 914.000       2.7366
 915.000       3.3171
 916.000       3.6142
 919.000       3.7324
 920.000       3.5898
 922.000       3.0822
 923.000       2.6483
 924.000       2.2331
 926.000       2.1443
 928.000       2.3065
 930.000       2.4562
 931.000       2.5603
 932.000       2.9526
 933.000       2.6170
 934.000       2.2914
 935.000       2.3845
 938.000       2.1997
 940.000       1.9691
 941.000       1.8135
 943.000       1.6474
 944.000       1.5845
 946.000       1.5722
 947.000       1.7170
 948.000       2.0520
 949.000       2.2007
 952.000       2.4268
 953.000       2.4335
 955.000       2.1337
 956.000       1.7811
 957.000       2.1678
 959.000       1.9745
 961.000       2.1823
 963.000       2.4855
 964.000       2.5355
 965.000       3.0711
 966.000       2.5415
 967.000       2.1869
 968.000       2.4320
 971.000       2.2991
 973.000       2.1570
 974.000       2.0857
 976.000       2.0638
 977.000       1.9002
 979.000       2.2871
 981.000       2.8650
 982.000       3.4292
 983.000       3.0052
 985.000       2.6577
 986.000       3.1082
 987.000       2.1284
 989.000       2.1244
 991.000       2.3377
 993.000       2.3002
 994.000       2.3951
 995.000       2.7557
 996.000       2.4812
 997.000       2.2316
 998.000       2.3003
1001.000       1.9323
1003.000       1.8664
1004.000       1.8029
1006.000       1.9337
1007.000       2.1138
1009.000       2.4650
1011.000       2.6657
1012.000       3.1392
1015.000       2.5613
1016.000       2.1856
1017.000       2.2807
1018.000       1.7617
1020.000       1.8049
1022.000       2.0988
1024.000       1.8795
1025.000       1.8608
1026.000       2.0980
1027.000       1.9245
1028.000       1.6629
1029.000       1.7355
1032.000       1.6275
1034.000       1.5632
1035.000       1.5152
1037.000       1.4697
1038.000       1.5147
1040.000       1.6526
1041.000       1.7269
1042.000       2.0554
1043.000       2.2754
1044.000       2.2632
1046.000       2.1892
1047.000       2.5403
1050.000       1.8843
1051.000       1.6383
1052.000       1.5164
1054.000       1.5177
1056.000       1.7190
1058.000       1.6367
1059.000       1.5855
1060.000       1.7822
1061.000       1.6178
1062.000       1.4231
1063.000       1.4668
1066.000       1.3576
1068.000       1.2951
1069.000       1.2219
1071.000       1.1879
1072.000       1.2240
1074.000       1.3042
1076.000       1.3664
1077.000       1.5396
1078.000       1.3156
1080.000       1.2306
1081.000       1.3025
1082.000       1.2881
1084.000       1.2507
1086.000       1.3669
1088.000       1.3797
1089.000       1.3875
1090.000       1.5729
1091.000       1.4067
1092.000       1.2956
1093.000       1.3845
1096.000       1.2892
1098.000       1.3164
1099.000       1.3291
1101.000       1.3962
1102.000       1.4551
1104.000       1.5925
1105.000       1.6232
1106.000       1.8100
1107.000       1.9865
1110.000       1.8836
1111.000       1.7858
1113.000       1.6086
1114.000       1.5185
1115.000       1.2332
1117.000       1.2927
1119.000       1.3880
1121.000       1.2575
1122.000       1.2549
1123.000       1.3499
1124.000       1.2924
1125.000       1.2520
1126.000       1.3081
1129.000       1.3430
1131.000       1.3845
1132.000       1.4001
1134.000       1.3867
1135.000       1.3883
1137.000       1.4150
1138.000       1.4262
1139.000       1.4829
1140.000       1.5341
1141.000       1.5236
1143.000       1.5153
1144.000       1.5856
1147.000       1.4654
1148.000       1.4169
1149.000       1.3253
1151.000       1.4127
1153.000       1.5688
1155.000       1.3753
1156.000       1.3995
1157.000       1.4824
1158.000       1.4219
1159.000       1.4188
1160.000       1.4871
1163.000       1.5477
1165.000       1.5655
1166.000       1.5915
1168.000       1.5265
1169.000       1.4782
1171.000       1.4488
1173.000       1.4710
1174.000       1.4727
1177.000       1.5314
1178.000       1.5614
1179.000       1.6579
1180.000       1.5410
1182.000       1.6393
1184.000       1.8177
1186.000       1.6233
1187.000       1.6370
1188.000       1.8296
1189.000       1.5932
1190.000       1.6164
1191.000       1.7550
1194.000       1.7285
1196.000       1.6912
1197.000       1.6429
1199.000       1.5168
1200.000       1.4510
1202.000       1.3815
1203.000       1.4032
1204.000       1.4112
1205.000       1.3991
1206.000       1.5036
1208.000       1.5859
1209.000       1.7137
1212.000       1.5915
1213.000       1.4926
1214.000       1.6498
1216.000       1.6583
1218.000       1.8429
1220.000       1.7579
1221.000       1.7220
1222.000       1.9174
1223.000       1.6845
1224.000       1.6326
1225.000       1.7462
1228.000       1.6967
1230.000       1.6388
1231.000       1.5640
1233.000       1.4282
1234.000       1.4010
1236.000       1.3412
1238.000       1.3136
1239.000       1.3445
1240.000       1.3522
1242.000       1.4038
1243.000       1.5012
1244.000       1.6181
1246.000       1.5934
1248.000       1.7720
1250.000       1.7533
1251.000       1.6738
1252.000       1.8732
1253.000       1.6963
1254.000       1.6341
1255.000       1.7516
1258.000       1.7980
1260.000       1.8555
1261.000       1.9542
1263.000       1.8826
1264.000       2.0254
1266.000       2.1850
1267.000       2.1408
1268.000       2.4664
1269.000       2.8034
1270.000       2.5773
1272.000       2.4361
1273.000       2.7787
1276.000       2.1427
1277.000       1.9705
1278.000       1.8864
1280.000       2.1448
1282.000       2.6886
1284.000       1.9911
1285.000       2.1171
1286.000       2.2765
1287.000       2.7471
1288.000       1.9311
1289.000       1.9037
1292.000       1.6788
1294.000       1.6260
1295.000       1.4773
1297.000       1.5069
1298.000       1.5911
1300.000       1.6791
1302.000       1.6883
1303.000       1.8234
1304.000       1.6158
1306.000       1.5276
1307.000       1.5501
1308.000       1.5229
1310.000       1.4094
1312.000       1.3319
1314.000       1.5672
1315.000       1.5988
1316.000       1.7933
1317.000       1.6497
1318.000       1.6619
1319.000       1.8467
1322.000       1.8970
1324.000       1.8467
1325.000       1.8363
1327.000       1.6859
1328.000       1.5656
1330.000       1.4921
1332.000       1.5826
1333.000       1.6298
1336.000       1.7194
1337.000       1.7548
1338.000       1.9204
1339.000       1.8611
1341.000       1.9155
1343.000       2.1612
1345.000       2.0412
1346.000       2.1201
1347.000       2.4252
1348.000       2.3507
1349.000       1.9327
1350.000       1.9894
1353.000       1.9154
1355.000       1.7915
1356.000       1.6917
1358.000       1.4882
1359.000       1.4276
1361.000       1.2927
1362.000       1.2442
1363.000       1.1567
1364.000       1.0981
1365.000       1.2381
1367.000       1.3904
1368.000       1.5248
1371.000       1.4665
1372.000       1.3818
1373.000       1.8619
1375.000       1.8090
1377.000       2.0229
1379.000       2.0651
1380.000       2.0993
1381.000       2.3889
1382.000       2.0410
1383.000       1.9636
1384.000       2.0896
1387.000       1.9887
1389.000       1.7987
1390.000       1.6879
1392.000       1.4924
1393.000       1.4650
1395.000       1.3319
1396.000       1.2437
1397.000       1.1381
1398.000       1.1046
1399.000       1.1665
1401.000       1.2969
1402.000       1.3896
1405.000       1.4024
1406.000       1.3590
1407.000       1.9615
1409.000       1.8383
1411.000       2.0124
1413.000       2.1862
1414.000       2.2696
1415.000       2.5468
1416.000       2.2431
1417.000       2.1441
1418.000       2.2408
1421.000       2.1287
1423.000       1.9277
1424.000       1.8070
1426.000       1.6221
1427.000       1.6405
1429.000       1.5422
1431.000       1.4154
1432.000       1.3980
1435.000       1.3910
1436.000       1.4969
1437.000       1.5480
1438.000       2.1152
1440.000       1.9750
1442.000       2.1398
1444.000       2.3406
1445.000       2.4394
1446.000       2.7216
1447.000       2.4337
1448.000       2.3053
1449.000       2.3967
1452.000       2.2835
1454.000       2.0880
1455.000       1.9796
1457.000       1.8439
1458.000       1.8572
1460.000       1.7773
1461.000       1.7066
1462.000       1.6816
1463.000       1.7232
1464.000       1.6889
1466.000       1.7136
1467.000       1.7724
1470.000       1.7532
1471.000       1.7459
1472.000       2.2974
1474.000       2.1519
1476.000       2.2803
1478.000       2.5343
1479.000       2.6858
1480.000       2.9570
1481.000       2.7232
1482.000       2.5648
1483.000       2.6034
1486.000       2.5090
1488.000       2.2909
1489.000       2.3043
1491.000       2.2233
1492.000       2.2330
1494.000       2.2281
1496.000       2.2220
1497.000       2.2823
1500.000       2.2265
1501.000       2.2204
1502.000       2.2751
1503.000       2.6626
1505.000       2.5915
1507.000       2.7274
1509.000       2.9128
1510.000       3.2131
1511.000       3.4973
1512.000       3.2964
1513.000       3.2530
1514.000       3.3626
1517.000       3.5061
1519.000       3.3282
1520.000       3.5610
1522.000       3.3795
1523.000       3.0379
1525.000       3.0564
1527.000       3.3326
1528.000       3.4368
1531.000       3.9060
1532.000       3.9703
1533.000       4.7905
1534.000       3.8134
1536.000       3.9460
1538.000       4.3472
1540.000       4.1023
