   2.000       3.1099
   3.000       3.1545
   6.000       3.0413
   8.000       3.0587
   9.000       2.9028
  11.000       2.7461
  12.000       2.7379
  14.000       2.6031
  15.000       2.5145
  16.000       2.3911
  17.000       2.3241
  18.000       2.3978
  20.000       2.5151
  21.000       2.5569
  24.000       2.6255
  25.000       2.6152
  26.000       2.8012
  28.000       2.7972
  30.000       2.9809
  32.000       2.8344
  33.000       2.7050
  34.000       2.8930
  35.000       2.7130
  36.000       2.5395
  37.000       2.6160
  40.000       2.5131
  42.000       2.4997
  43.000       2.3485
  45.000       2.2058
  46.000       2.2068
  48.000       2.0919
  49.000       1.9982
  50.000       1.8867
  51.000       1.8386
  52.000       1.8791
  54.000       1.9732
  55.000       2.0016
  58.000       2.0754
  59.000       2.0783
  60.000       2.3299
  62.000       2.2867
  64.000       2.4291
  66.000       2.3812
  67.000       2.2665
  68.000       2.4343
  69.000       2.2330
  70.000       2.1128
  71.000       2.1795
  74.000       2.0680
  76.000       2.0079
  77.000       1.8697
  79.000       1.7344
  80.000       1.7618
  82.000       1.6782
  84.000       1.5519
  85.000       1.5051
  88.000       1.5319
  89.000       1.6285
  90.000       1.6658
  91.000       1.9411
  93.000       1.8660
  95.000       1.9946
  97.000       2.0347
  98.000       1.9894
  99.000       2.1744
 100.000       1.9717
 101.000       1.8482
 102.000       1.9092
 105.000       1.7783
 107.000       1.6878
 108.000       1.5594
 110.000       1.4492
 111.000       1.4801
 113.000       1.4179
 115.000       1.3120
 116.000       1.3019
 117.000       1.2923
 119.000       1.3576
 120.000       1.3845
 121.000       1.6853
 123.000       1.5823
 125.000       1.6766
 127.000       1.7886
 128.000       1.7736
 129.000       1.9488
 130.000       1.8082
 131.000       1.6114
 132.000       1.6347
 135.000       1.5052
 137.000       1.4117
 138.000       1.3206
 140.000       1.2386
 141.000       1.2832
 143.000       1.2477
 145.000       1.1668
 146.000       1.1969
 147.000       1.1384
 149.000       1.1738
 150.000       1.2081
 151.000       1.4713
 153.000       1.3840
 155.000       1.4647
 157.000       1.5896
 158.000       1.6617
 159.000       1.8776
 160.000       1.6885
 161.000       1.5563
 162.000       1.6344
 165.000       1.5673
 167.000       1.4657
 168.000       1.3952
 170.000       1.2797
 171.000       1.2582
 173.000       1.1992
 174.000       1.1726
 175.000       1.1778
 176.000       1.1964
 179.000       1.2487
 180.000       1.3057
 182.000       1.3030
 183.000       1.2312
 184.000       1.5163
 186.000       1.4537
 188.000       1.6421
 190.000       1.6594
 191.000       1.7223
 192.000       1.8832
 193.000       1.7622
 194.000       1.6500
 195.000       1.6881
 198.000       1.6212
 200.000       1.5298
 201.000       1.4399
 203.000       1.3328
 204.000       1.3643
 206.000       1.3164
 208.000       1.2306
 209.000       1.2460
 210.000       1.2176
 212.000       1.2679
 213.000       1.3359
 214.000       1.5990
 216.000       1.5283
 218.000       1.6418
 220.000       1.7102
 221.000       1.7009
 222.000       1.9191
 223.000       1.7651
 224.000       1.4613
 225.000       1.4605
 228.000       1.2885
 230.000       1.2407
 231.000       1.1730
 233.000       1.1411
 234.000       1.1899
 236.000       1.1683
 238.000       1.1180
 239.000       1.1519
 242.000       1.1222
 243.000       1.1227
 244.000       1.1873
 245.000       1.2181
 247.000       1.1806
 249.000       1.2193
 251.000       1.2269
 252.000       1.4047
 253.000       1.7681
 254.000       1.7879
 255.000       1.3682
 256.000       1.3583
 259.000       1.3778
 261.000       1.4733
 262.000       1.6619
 264.000       1.9776
 265.000       2.6390
 267.000       2.9512
 268.000       2.6155
 269.000       3.0799
 270.000       3.5426
 273.000       3.4626
 274.000       3.3804
 276.000       2.7144
 277.000       2.2394
 278.000       1.4105
 280.000       1.6587
 282.000       2.0924
 284.000       1.5792
 285.000       1.6823
 286.000       1.9036
 287.000       1.8849
 288.000       1.5554
 289.000       1.4501
 292.000       1.4241
 294.000       1.4755
 295.000       1.5029
 297.000       1.5533
 298.000       1.5717
 300.000       1.7400
 301.000       1.8195
 302.000       2.0594
 303.000       2.2498
 306.000       2.1900
 307.000       2.1133
 309.000       1.9003
 310.000       1.7322
 311.000       1.3573
 313.000       1.4263
 315.000       1.5430
 317.000       1.3929
 318.000       1.3782
 319.000       1.5013
 320.000       1.4461
 321.000       1.3287
 322.000       1.3562
 325.000       1.3822
 327.000       1.4516
 328.000       1.4680
 330.000       1.4691
 331.000       1.4564
 333.000       1.5243
 334.000       1.5789
 335.000       1.7065
 336.000       1.7922
 337.000       1.7793
 339.000       1.7437
 340.000       1.8669
 343.000       1.6343
 344.000       1.5473
 345.000       1.3605
 347.000       1.4367
 349.000       1.5186
 351.000       1.3810
 352.000       1.3928
 353.000       1.4668
 354.000       1.4280
 355.000       1.3990
 356.000       1.4271
 359.000       1.4920
 361.000       1.5531
 362.000       1.6077
 364.000       1.5766
 365.000       1.6010
 367.000       1.6197
 368.000       1.5968
 369.000       1.6339
 370.000       1.6977
 373.000       1.6531
 374.000       1.6353
 376.000       1.5958
 377.000       1.5742
 378.000       1.5193
 380.000       1.6233
 382.000       1.7410
 384.000       1.5716
 385.000       1.8125
 386.000       2.3819
 387.000       1.9839
 388.000       1.5863
 389.000       1.6668
 392.000       1.4962
 394.000       1.4323
 395.000       1.2812
 397.000       1.2263
 398.000       1.2066
 400.000       1.1825
 401.000       1.2125
 402.000       1.2760
 403.000       1.2870
 404.000       1.3841
 406.000       1.4000
 407.000       1.5315
 410.000       1.3279
 411.000       1.2427
 412.000       1.3917
 414.000       1.3247
 416.000       1.5678
 418.000       1.5016
 419.000       1.7782
 420.000       2.0941
 421.000       2.1232
 422.000       1.7561
 423.000       1.9181
 426.000       2.0325
 428.000       2.5224
 429.000       2.7165
 431.000       3.1536
 432.000       3.7408
 434.000       4.2747
 435.000       4.1927
 436.000       4.9489
 437.000       5.6826
 440.000       5.2457
 441.000       4.7632
 443.000       3.8811
 444.000       3.5939
 445.000       1.8551
 447.000       2.3744
 449.000       2.9143
 451.000       1.8625
 452.000       1.8894
 453.000       2.1566
 454.000       2.4047
 455.000       1.5779
 456.000       1.4445
 459.000       1.3944
 461.000       1.3980
 462.000       1.4271
 464.000       1.3742
 465.000       1.3130
 467.000       1.2912
 468.000       1.3547
 469.000       1.4051
 470.000       1.3865
 471.000       1.5228
 473.000       1.5869
 474.000       1.7325
 477.000       1.5392
 478.000       1.4186
 479.000       1.4471
 481.000       1.4976
 483.000       1.6122
 485.000       1.5545
 486.000       1.6667
 487.000       1.8200
 488.000       1.6797
 489.000       1.7053
 490.000       1.8064
 493.000       1.8802
 495.000       1.8238
 496.000       1.8734
 498.000       1.7461
 499.000       1.6364
 501.000       1.5558
 502.000       1.6167
 503.000       1.5945
 504.000       1.5125
 505.000       1.7084
 507.000       1.8308
 508.000       1.9543
 511.000       1.8507
 512.000       1.7372
 513.000       1.9530
 515.000       2.0048
 517.000       2.1618
 519.000       2.1017
 520.000       2.1817
 521.000       2.3843
 522.000       2.1037
 523.000       2.1934
 524.000       2.3447
 527.000       2.3637
 529.000       2.2374
 530.000       2.2042
 532.000       2.0075
 533.000       1.9076
 535.000       1.7539
 536.000       1.7489
 537.000       1.6465
 538.000       1.5360
 539.000       1.7240
 541.000       1.8884
 542.000       1.9795
 545.000       1.9907
 546.000       1.9108
 547.000       2.3744
 549.000       2.3394
 551.000       2.5349
 553.000       2.5710
 554.000       2.6287
 555.000       2.8892
 556.000       2.5789
 557.000       2.5128
 558.000       2.6215
 561.000       2.4027
 563.000       2.1543
 564.000       1.9632
 566.000       1.8905
 567.000       1.9638
 569.000       1.8994
 571.000       1.7571
 572.000       1.7300
 573.000       1.7170
 575.000       1.7814
 576.000       1.7936
 577.000       2.3813
 579.000       2.2358
 581.000       2.3912
 583.000       2.5695
 584.000       2.7258
 585.000       3.0972
 586.000       2.8219
 587.000       2.4824
 588.000       2.5126
 591.000       2.3335
 593.000       2.2093
 594.000       2.1591
 596.000       1.9795
 597.000       2.0052
 599.000       1.9187
 600.000       1.8023
 601.000       1.7244
 602.000       1.7430
 603.000       1.6860
 605.000       1.7156
 606.000       1.7407
 609.000       1.7998
 610.000       1.8343
 611.000       2.3390
 613.000       2.3091
 615.000       2.7064
 617.000       2.3534
 618.000       2.3586
 619.000       2.4376
 620.000       2.4977
 621.000       2.2230
 622.000       2.1521
 625.000       2.0141
 627.000       1.9049
 628.000       1.8618
 630.000       1.7867
 631.000       1.8196
 633.000       1.7528
 634.000       1.6672
 635.000       1.5921
 636.000       1.5862
 639.000       1.5572
 640.000       1.5818
 642.000       1.6461
 643.000       1.6863
 644.000       2.0765
 646.000       2.0235
 648.000       2.0884
 650.000       2.0562
 651.000       2.1913
 652.000       2.3471
 653.000       2.2884
 654.000       2.1698
 655.000       2.1013
 658.000       1.9659
 660.000       1.9725
 661.000       1.7957
 663.000       1.7712
 664.000       1.9036
 666.000       1.8708
 667.000       1.6916
 668.000       1.5946
 669.000       1.6562
 670.000       1.4458
 672.000       1.4017
 673.000       1.2866
 676.000       1.5005
 677.000       1.6349
 678.000       1.8187
 680.000       1.7106
 682.000       1.7238
 684.000       1.8249
 685.000       1.7553
 686.000       1.8536
 687.000       1.8439
 688.000       1.5547
 689.000       1.4983
 692.000       1.3446
 694.000       1.3421
 695.000       1.2104
 697.000       1.2520
 698.000       1.4155
 700.000       1.5061
 702.000       1.4333
 703.000       1.5632
 706.000       1.2884
 707.000       1.1901
 708.000       1.1142
 709.000       1.2557
 711.000       1.1826
 713.000       1.2100
 715.000       1.2817
 716.000       1.2683
 717.000       1.4213
 718.000       1.3320
 719.000       1.1500
 720.000       1.1782
 723.000       1.1241
 725.000       1.0534
 726.000       1.0319
 728.000       0.9820
 729.000       1.0546
 731.000       1.0648
 732.000       0.9890
 733.000       1.0210
 734.000       1.1228
 735.000       0.9861
 737.000       0.9276
 738.000       0.9415
 741.000       0.9032
 742.000       0.9329
 743.000       1.1317
 745.000       1.1213
 747.000       1.2451
 749.000       1.2554
 750.000       1.3368
 751.000       1.4562
 752.000       1.6652
 753.000       1.3421
 754.000       1.4392
 757.000       1.5303
 759.000       1.5704
 760.000       1.6186
 762.000       1.5445
 763.000       1.4968
 765.000       1.5239
 766.000       1.5772
 767.000       1.6743
 768.000       1.7444
 771.000       1.7687
 772.000       1.7815
 774.000       1.7160
 775.000       1.6002
 776.000       1.5377
 778.000       1.6456
 780.000       1.8706
 782.000       1.7052
 783.000       1.7568
 784.000       2.0525
 785.000       1.7342
 786.000       1.6461
 787.000       1.7285
 790.000       1.6590
 792.000       1.6080
 793.000       1.5369
 795.000       1.4163
 796.000       1.3784
 798.000       1.2995
 800.000       1.2624
 801.000       1.2326
 804.000       1.3064
 805.000       1.3808
 806.000       1.4565
 807.000       1.6078
 809.000       1.5750
 811.000       1.7114
 813.000       1.7253
 814.000       1.7272
 815.000       1.9274
 816.000       1.6906
 817.000       1.6333
 818.000       1.7172
 821.000       1.6308
 823.000       1.5474
 824.000       1.4438
 826.000       1.3163
 827.000       1.3160
 829.000       1.2321
 831.000       1.1470
 832.000       1.1201
 833.000       1.1714
 835.000       1.2508
 836.000       1.3154
 837.000       1.5623
 839.000       1.4858
 841.000       1.6162
 843.000       1.6969
 844.000       1.7098
 845.000       1.8989
 846.000       1.7091
 847.000       1.5905
 848.000       1.6202
 851.000       1.5084
 853.000       1.4060
 854.000       1.3084
 856.000       1.2298
 857.000       1.2635
 859.000       1.1976
 860.000       1.1083
 861.000       1.0336
 862.000       1.0351
 863.000       0.9977
 865.000       1.0327
 866.000       1.0356
 869.000       1.1005
 870.000       1.1323
 871.000       1.4738
 873.000       1.3705
 875.000       1.4352
 877.000       1.5965
 878.000       1.6468
 879.000       1.8412
 880.000       1.6792
 881.000       1.5310
 882.000       1.5577
 885.000       1.4572
 887.000       1.3691
 888.000       1.2976
 890.000       1.2129
 891.000       1.2282
 893.000       1.1804
 894.000       1.1251
 895.000       1.0992
 896.000       1.1213
 897.000       1.1097
 899.000       1.1464
 900.000       1.2095
 903.000       1.1714
 904.000       1.1523
 905.000       1.4373
 907.000       1.3667
 909.000       1.4724
 911.000       1.5588
 912.000       1.6154
 913.000       1.7792
 914.000       1.6712
 915.000       1.5274
 916.000       1.5763
 919.000       1.4582
 921.000       1.3632
 922.000       1.2735
 924.000       1.2423
 925.000       1.3204
 927.000       1.3449
 929.000       1.2784
 930.000       1.3443
 933.000       1.1992
 934.000       1.1818
 935.000       1.1613
 936.000       1.4427
 938.000       1.3321
 940.000       1.3731
 942.000       1.5603
 943.000       1.5871
 944.000       1.8398
 945.000       1.7391
 946.000       1.5883
 947.000       1.7910
 950.000       1.5600
 952.000       1.5152
 953.000       1.3217
 955.000       1.3198
 956.000       1.4817
 958.000       1.4906
 959.000       1.3222
 960.000       1.3063
 961.000       1.4420
 962.000       1.1677
 964.000       1.0568
 965.000       0.9830
 968.000       1.0782
 969.000       1.2121
 970.000       1.4169
 972.000       1.2808
 974.000       1.3143
 976.000       1.4400
 977.000       1.4173
 978.000       1.4969
 979.000       1.5344
 980.000       1.2682
 981.000       1.2087
 984.000       1.0960
 986.000       1.0655
 987.000       1.0344
 989.000       1.1118
 990.000       1.2163
 992.000       1.3324
 994.000       1.3493
 995.000       1.4943
 998.000       1.2663
 999.000       1.1445
1000.000       1.1158
1001.000       1.1053
1003.000       1.0526
1005.000       1.0533
1007.000       1.1549
1008.000       1.2501
1009.000       1.3581
1010.000       1.3502
1011.000       1.2472
1012.000       1.2442
1015.000       1.2848
1017.000       1.2518
1018.000       1.3408
1020.000       1.3872
1021.000       1.3835
1023.000       1.4914
1024.000       1.5648
1025.000       1.7304
1026.000       1.8480
1027.000       1.8046
1029.000       1.7431
1030.000       1.8742
1033.000       1.6011
1034.000       1.5060
1035.000       1.4009
1037.000       1.4444
1039.000       1.4887
1041.000       1.4876
1042.000       1.6318
1043.000       1.7242
1044.000       1.6819
1045.000       1.7000
1046.000       1.6876
1049.000       1.7577
1051.000       1.7750
1052.000       1.8863
1054.000       1.9274
1055.000       2.0382
1057.000       2.0783
1058.000       1.9810
1059.000       1.9885
1060.000       2.0939
1063.000       1.9225
1064.000       1.8457
1066.000       1.8288
1067.000       1.8944
1068.000       1.8800
1070.000       1.9340
1072.000       2.0856
1074.000       1.9601
1075.000       2.0800
1076.000       2.2058
1077.000       2.1933
1078.000       2.0082
1079.000       1.9655
1082.000       1.9299
1084.000       2.0543
1085.000       2.0688
1087.000       2.2656
1088.000       2.5124
1090.000       2.7433
1091.000       2.6964
1092.000       3.0308
1093.000       3.3291
1096.000       3.2357
1097.000       3.0923
1099.000       2.6862
1100.000       2.4770
1101.000       1.8256
1103.000       1.9608
1105.000       2.0246
1107.000       1.8081
1108.000       1.7336
1109.000       1.8265
1110.000       1.8080
1111.000       1.5844
1112.000       1.5469
1115.000       1.5274
1117.000       1.5671
1118.000       1.5614
1120.000       1.6123
1121.000       1.6570
1123.000       1.7306
1124.000       1.7409
1125.000       1.8482
1126.000       1.9543
1127.000       1.8660
1129.000       1.7963
1130.000       1.8634
1133.000       1.7000
1134.000       1.6731
1135.000       1.5137
1137.000       1.5399
1139.000       1.5777
1141.000       1.5768
1142.000       1.4062
1143.000       1.3928
1144.000       1.6945
1145.000       1.3555
1146.000       1.3069
1149.000       1.2862
1151.000       1.3593
1152.000       1.3944
1154.000       1.4543
1155.000       1.4686
1157.000       1.5362
1158.000       1.5672
1159.000       1.6577
1160.000       1.7181
1163.000       1.7112
1164.000       1.6690
1166.000       1.5778
1167.000       1.5268
1168.000       1.2832
1170.000       1.3404
1172.000       1.3458
1174.000       1.2662
1175.000       1.3052
1176.000       1.3687
1177.000       1.4114
1178.000       1.3209
1179.000       1.3624
1182.000       1.4628
1184.000       1.5170
1185.000       1.5996
1187.000       1.5627
1188.000       1.4955
1190.000       1.4989
1191.000       1.5767
1192.000       1.6465
1193.000       1.6529
1194.000       1.7501
1196.000       1.7949
1197.000       1.9374
1200.000       1.7395
1201.000       1.6235
1202.000       1.5087
1204.000       1.6312
1206.000       1.7628
1208.000       1.5676
1209.000       1.6177
1210.000       1.7453
1211.000       1.5723
1212.000       1.7171
1213.000       1.8492
1216.000       1.9283
1218.000       1.8834
1219.000       1.9069
1221.000       1.7667
1222.000       1.6955
1224.000       1.5973
1226.000       1.5754
1227.000       1.5138
1230.000       1.6561
1231.000       1.7491
1232.000       1.8479
1233.000       1.9489
1235.000       2.0027
1237.000       2.1858
1239.000       2.0790
1240.000       2.1255
1241.000       2.3115
1242.000       2.0430
1243.000       2.1318
1244.000       2.2870
1247.000       2.2906
1249.000       2.1915
1250.000       2.1401
1252.000       1.9487
1253.000       1.8669
1255.000       1.7131
1257.000       1.6459
1258.000       1.5390
1261.000       1.7326
1262.000       1.8834
1263.000       1.9887
1264.000       2.2542
1266.000       2.2355
1268.000       2.4308
1270.000       2.4159
1271.000       2.4309
1272.000       2.6527
1273.000       2.3481
1274.000       2.3600
1275.000       2.4836
1278.000       2.4016
1280.000       2.2674
1281.000       2.1424
1283.000       1.9535
1284.000       1.9214
1286.000       1.7702
1288.000       1.6515
1289.000       1.5330
1292.000       1.6858
1293.000       1.8352
1294.000       1.8863
1295.000       2.3318
1297.000       2.2272
1299.000       2.3667
1301.000       2.5010
1302.000       2.5012
1303.000       2.7499
1304.000       2.4333
1305.000       2.3570
1306.000       2.4230
1309.000       2.2965
1311.000       2.1601
1312.000       2.0209
1314.000       1.8587
1315.000       1.8519
1317.000       1.7148
1319.000       1.5801
1320.000       1.4621
1323.000       1.5901
1324.000       1.7284
1325.000       1.7587
1326.000       2.2227
1328.000       2.0936
1330.000       2.1912
1332.000       2.3627
1333.000       2.3711
1334.000       2.5669
1335.000       2.3605
1336.000       2.2262
1337.000       2.2310
1340.000       2.0927
1342.000       1.9480
1343.000       1.8099
1345.000       1.7081
1346.000       1.7751
1348.000       1.6715
1349.000       1.5218
1350.000       1.3798
1351.000       1.3538
1352.000       1.2978
1354.000       1.3440
1355.000       1.2969
1358.000       1.4704
1359.000       1.5531
1360.000       2.0486
1362.000       1.8957
1364.000       1.9530
1366.000       2.1944
1367.000       2.2357
1368.000       2.4299
1369.000       2.2456
1370.000       2.0969
1371.000       2.1282
1374.000       1.9975
1376.000       1.8539
1377.000       1.7325
1379.000       1.6506
1380.000       1.7280
1382.000       1.6575
1383.000       1.5241
1384.000       1.4281
1385.000       1.4282
1386.000       1.3692
1388.000       1.3853
1389.000       1.3664
1392.000       1.4593
1393.000       1.5258
1394.000       1.9631
1396.000       1.8152
1398.000       1.8674
1400.000       2.1073
1401.000       2.1536
1402.000       2.3249
1403.000       2.1848
1404.000       2.0247
1405.000       2.0222
1408.000       1.9049
1410.000       1.7751
1411.000       1.7119
1413.000       1.6667
1414.000       1.7201
1416.000       1.6979
1418.000       1.6133
1419.000       1.6056
1422.000       1.5738
1423.000       1.6024
1424.000       1.6105
1425.000       1.9578
1427.000       1.8420
1429.000       1.8698
1431.000       2.1013
1432.000       2.2420
1433.000       2.4164
1434.000       2.3116
1435.000       2.1582
1436.000       2.1623
1439.000       2.1183
1441.000       2.0071
1442.000       1.9990
1444.000       1.9413
1445.000       1.9895
1447.000       1.9591
1448.000       1.8783
1449.000       1.8577
1450.000       1.9014
1453.000       1.8535
1454.000       1.8690
1456.000       1.8806
1457.000       1.8769
1458.000       2.2169
1460.000       2.1618
1462.000       2.2319
1464.000       2.3645
1465.000       2.4100
1466.000       2.6498
1467.000       2.4253
1468.000       2.3584
1469.000       2.4796
1472.000       2.5439
1474.000       2.6267
1475.000       2.6432
1477.000       2.7512
1478.000       2.6829
1480.000       2.9099
1481.000       3.1194
1482.000       3.4558
1483.000       3.6366
1486.000       3.6894
1487.000       3.6216
1489.000       3.3194
1490.000       3.0522
1491.000       2.4622
1493.000       2.4854
1495.000       2.5033
1497.000       2.6569
1498.000       2.1957
1499.000       2.4932
1500.000       2.0012
1501.000       1.9864
1502.000       2.1542
1505.000       2.0426
1507.000       1.9838
1508.000       1.8333
1510.000       1.6652
1511.000       1.6959
1513.000       1.6543
1515.000       1.5734
1516.000       1.6274
1519.000       1.5277
1520.000       1.5719
1521.000       1.5994
1522.000       1.8667
1524.000       1.8231
1526.000       2.0344
1528.000       2.0212
1529.000       1.9997
1530.000       2.2996
1531.000       1.9290
1532.000       1.8540
1533.000       1.9773
1536.000       1.8129
1538.000       1.6463
1539.000       1.5087
1541.000       1.4038
1542.000       1.4215
1544.000       1.4044
1546.000       1.4207
1547.000       1.5235
1550.000       1.4311
1551.000       1.3944
1552.000       1.4506
1553.000       1.7786
1555.000       1.6225
1557.000       1.7617
1559.000       2.0570
1560.000       2.2516
1561.000       2.6068
1562.000       2.2231
1563.000       2.1808
1564.000       2.3217
1567.000       2.3136
1569.000       2.0674
1570.000       2.1227
1572.000       1.9426
1573.000       1.8192
1575.000       1.7203
1576.000       1.8108
1577.000       1.8840
1578.000       1.8476
1581.000       2.0807
1582.000       2.1822
1584.000       2.1338
1585.000       1.9469
1586.000       2.4692
1588.000       2.4373
1590.000       2.6562
1592.000       2.8021
1593.000       3.0056
1594.000       3.3821
1595.000       2.8873
1596.000       2.9974
1597.000       3.2376
1600.000       3.2648
1602.000       3.0004
1603.000       2.9996
1605.000       2.6937
1606.000       2.5304
1608.000       2.3473
1609.000       2.3936
1610.000       2.3535
1611.000       2.2553
1612.000       2.5399
1614.000       2.7256
1615.000       2.9338
1618.000       2.7721
1619.000       2.6029
1620.000       3.3257
1622.000       3.2791
1624.000       3.5999
1626.000       3.6791
1627.000       3.7801
1628.000       4.1901
1629.000       3.6014
1630.000       3.7238
1631.000       3.7702
1634.000       3.8070
1636.000       4.1209
1637.000       4.1754
1639.000       4.2962
1640.000       4.3455
1642.000       4.5455
1643.000       4.6495
1644.000       4.9417
1645.000       5.1654
1648.000       5.0846
1649.000       4.9369
1651.000       4.6513
1652.000       4.5126
1653.000       3.6073
1655.000       3.8920
1657.000       3.9834
1659.000       3.4123
1660.000       3.0949
1661.000       3.0522
1662.000       3.0767
1663.000       3.1496
1664.000       3.2773
1667.000       3.5292
1669.000       3.7505
1670.000       3.8750
1672.000       3.7965
1673.000       3.5920
1675.000       3.6462
1676.000       3.8960
1677.000       4.1119
1678.000       4.1171
1681.000       4.3768
1682.000       4.4420
1684.000       4.2746
1685.000       3.9925
1686.000       3.4510
1688.000       3.7780
1690.000       4.0653
1692.000       3.4399
1693.000       3.3259
1694.000       3.4445
1695.000       3.0179
1696.000       3.5672
1697.000       3.9166
1700.000       4.1410
1702.000       4.1677
1703.000       4.2140
1705.000       3.9325
1706.000       3.6054
1708.000       3.4555
1709.000       3.7130
1710.000       3.7983
1711.000       3.6194
1714.000       4.1264
1715.000       4.3586
1717.000       4.3263
1718.000       3.9984
1719.000       4.0558
1721.000       4.2525
1723.000       4.6387
1725.000       4.2449
1726.000       4.1469
1727.000       4.4594
1728.000       4.2028
1729.000       3.8468
1730.000       3.9118
1733.000       3.6801
1735.000       3.5263
1736.000       3.2255
1738.000       2.9552
1739.000       2.9896
1741.000       2.7712
1743.000       2.4813
1744.000       2.3055
1745.000       2.4786
1747.000       2.7038
1748.000       2.7216
1749.000       3.4204
1751.000       3.1983
1753.000       3.3579
1755.000       3.5720
1756.000       3.4403
1757.000       3.7154
1758.000       3.3943
1759.000       3.1120
1760.000       3.1188
1763.000       2.8305
1765.000       2.7350
1766.000       2.4412
1768.000       2.3234
1769.000       2.4393
1771.000       2.2956
1772.000       2.0567
1773.000       1.8459
1774.000       1.8347
1775.000       1.6962
1777.000       1.7512
1778.000       1.6638
1781.000       1.9405
1782.000       2.0816
1783.000       2.5928
1785.000       2.3579
1787.000       2.3905
1789.000       2.6365
1790.000       2.5410
1791.000       2.6686
1792.000       2.6776
1793.000       2.2197
1794.000       2.0905
1797.000       1.8633
1799.000       1.8321
1800.000       1.6935
1802.000       1.7172
1803.000       1.9141
1805.000       1.9232
1806.000       1.7132
1807.000       1.6692
1808.000       1.7951
1809.000       1.5214
1811.000       1.4284
1812.000       1.3960
1815.000       1.4485
1816.000       1.5913
1817.000       1.7867
1819.000       1.6506
1821.000       1.6145
1823.000       1.7854
1824.000       1.8332
1825.000       1.8960
1826.000       1.9972
1827.000       1.7431
1828.000       1.6574
1831.000       1.6063
1833.000       1.6251
1834.000       1.6463
1836.000       1.7184
1837.000       1.7576
1839.000       1.8647
1841.000       1.9513
1842.000       2.0908
1843.000       1.9540
1845.000       1.8401
1846.000       1.9199
1847.000       1.6176
1849.000       1.6599
1851.000       1.7097
1853.000       1.6249
1854.000       1.6521
1855.000       1.7221
1856.000       1.6977
1857.000       1.6221
1858.000       1.6519
1861.000       1.6352
1863.000       1.6488
1864.000       1.6057
1866.000       1.5362
1867.000       1.5492
1869.000       1.4770
1870.000       1.4374
1871.000       1.4263
1872.000       1.4397
1873.000       1.4549
1875.000       1.4792
1876.000       1.5258
1879.000       1.4974
1880.000       1.4771
1881.000       1.5570
1883.000       1.5708
1885.000       1.6644
1887.000       1.5855
1888.000       1.5181
1889.000       1.6306
1890.000       1.5284
1891.000       1.4195
1892.000       1.4632
1895.000       1.4114
1897.000       1.4201
1898.000       1.3543
1900.000       1.2628
1901.000       1.2757
1903.000       1.2378
1905.000       1.2164
1906.000       1.2516
1909.000       1.2383
1910.000       1.2486
1911.000       1.3049
1912.000       1.2979
1914.000       1.2959
1916.000       1.4067
1918.000       1.3303
1919.000       1.2921
1920.000       1.4020
1921.000       1.2744
1922.000       1.2582
1923.000       1.3655
1926.000       1.2975
1928.000       1.2800
1929.000       1.1622
1931.000       1.0521
1932.000       1.0520
1934.000       1.0289
1936.000       1.0486
1937.000       1.1144
1940.000       1.0816
1941.000       1.0618
1942.000       1.1348
1943.000       1.1899
1945.000       1.1526
1947.000       1.3239
1949.000       1.3119
1950.000       1.3154
1951.000       1.7759
1952.000       1.6627
1953.000       1.2888
1954.000       1.5106
1957.000       1.2845
1959.000       1.3659
1960.000       1.1380
1962.000       1.0179
1963.000       1.1573
1965.000       1.1655
1966.000       0.9965
1967.000       1.0642
1968.000       1.2445
1971.000       1.1332
1972.000       1.1439
1974.000       1.0566
1975.000       0.9493
1976.000       1.0298
1978.000       1.0336
1980.000       1.2343
1982.000       1.0768
1983.000       0.9514
1984.000       1.1493
1985.000       1.0285
1986.000       0.9959
1987.000       1.0251
1990.000       1.0646
1992.000       1.0895
1993.000       1.0749
1995.000       0.9844
1996.000       0.9688
1998.000       0.9186
1999.000       0.8954
2000.000       0.8996
2001.000       0.8992
2004.000       0.9803
2005.000       1.0528
2007.000       1.0486
2008.000       0.9586
2009.000       1.0419
2011.000       1.0984
2013.000       1.2678
2015.000       1.1264
2016.000       1.1580
2017.000       1.1811
2018.000       1.2964
2019.000       1.1011
2020.000       1.1375
2023.000       1.1074
2025.000       1.1704
2026.000       1.1466
2028.000       1.2230
2029.000       1.2415
2031.000       1.3355
2033.000       1.4478
2034.000       1.5880
2035.000       1.5049
2037.000       1.3980
2038.000       1.5542
2039.000       1.0392
2041.000       1.0467
2043.000       1.0585
2045.000       1.0771
2046.000       1.0954
2047.000       1.2232
2048.000       1.1837
2049.000       1.0493
2050.000       1.2497
2053.000       1.0850
2055.000       1.1376
2056.000       1.1219
2058.000       1.1505
2059.000       1.1640
2061.000       1.1966
2063.000       1.2271
2064.000       1.2937
2065.000       1.2396
2067.000       1.2031
2068.000       1.2689
2069.000       1.0296
2071.000       1.0732
2073.000       1.1089
2075.000       1.0153
2076.000       0.9888
2077.000       1.0585
2078.000       1.0337
2079.000       0.9462
2080.000       0.9620
2083.000       0.9583
2085.000       0.9739
2086.000       0.9659
2088.000       0.9298
2089.000       0.9130
2091.000       0.9179
2093.000       0.9386
2094.000       0.9917
2097.000       0.9672
2098.000       0.9658
2099.000       1.0504
2100.000       0.9468
2102.000       0.9739
2104.000       1.0635
2106.000       1.0022
2107.000       1.0137
2108.000       1.1128
2109.000       0.9914
2110.000       1.0246
2111.000       1.0882
2114.000       1.0641
2116.000       1.0479
2117.000       1.0048
2119.000       0.9460
2120.000       0.9378
2122.000       0.9261
2124.000       0.9263
2125.000       0.9670
2128.000       0.9370
2129.000       0.9461
2130.000       1.0005
2131.000       1.0256
2133.000       1.0127
2135.000       1.1037
2137.000       1.0927
2138.000       1.1188
2139.000       1.2494
2140.000       1.1889
2141.000       1.0392
2142.000       1.0557
2145.000       1.0095
2147.000       1.0038
2148.000       0.9779
2150.000       0.9603
2151.000       0.9916
2153.000       1.0258
2155.000       1.0416
2156.000       1.1316
2157.000       1.0229
2159.000       0.9811
2160.000       1.0234
2161.000       0.9984
2163.000       1.0226
2165.000       1.1567
2167.000       1.0394
2168.000       1.0863
2169.000       1.1923
2170.000       1.1409
2171.000       1.0690
2172.000       1.0967
2175.000       1.1136
2177.000       1.0985
2178.000       1.1332
2180.000       1.1115
2181.000       1.1169
2183.000       1.1082
2184.000       1.1058
2185.000       1.1434
2186.000       1.1744
2187.000       1.1950
2189.000       1.2078
2190.000       1.3010
2193.000       1.1675
2194.000       1.1159
2195.000       1.1662
2197.000       1.1922
2199.000       1.3492
2201.000       1.2455
2202.000       1.2887
2203.000       1.4290
2204.000       1.2880
2205.000       1.2924
2206.000       1.3644
2209.000       1.3659
2211.000       1.3859
2212.000       1.3568
2214.000       1.2912
2215.000       1.2947
2217.000       1.2713
2219.000       1.2522
2220.000       1.2747
2223.000       1.2823
2224.000       1.2997
2225.000       1.3765
2226.000       1.3257
2228.000       1.3668
2230.000       1.4850
2232.000       1.3941
2233.000       1.4001
2234.000       1.5474
2235.000       1.3745
2236.000       1.3845
2237.000       1.4704
2240.000       1.4687
2242.000       1.4381
2243.000       1.4259
2245.000       1.3430
2246.000       1.2942
2248.000       1.2501
2249.000       1.2815
2250.000       1.3071
2251.000       1.3021
2254.000       1.3878
2255.000       1.4381
2257.000       1.4214
2258.000       1.3406
2259.000       1.4649
2261.000       1.4823
2263.000       1.5990
2265.000       1.5675
2266.000       1.6230
2267.000       1.8080
2268.000       1.6063
2269.000       1.6236
2270.000       1.7476
2273.000       1.7397
2275.000       1.6643
2276.000       1.6683
2278.000       1.5621
2279.000       1.4769
2281.000       1.4368
2282.000       1.4953
2283.000       1.5350
2284.000       1.5268
2285.000       1.6495
2287.000       1.7223
2288.000       1.8702
2291.000       1.6947
2292.000       1.5750
2293.000       1.7652
2295.000       1.7767
2297.000       1.9450
2299.000       1.9235
2300.000       2.0351
2301.000       2.2503
2302.000       2.0067
2303.000       2.0423
2304.000       2.1750
2307.000       2.1817
2309.000       2.0384
2310.000       2.0338
2312.000       1.8753
2313.000       1.7942
2315.000       1.7010
2317.000       1.6947
2318.000       1.6578
2321.000       1.7784
2322.000       1.8661
2323.000       1.9850
2324.000       2.2418
2326.000       2.2214
2328.000       2.4131
2330.000       2.4464
2331.000       2.5536
2332.000       2.7856
2333.000       2.4940
2334.000       2.5442
2335.000       2.7145
2338.000       2.7369
2340.000       2.5894
2341.000       2.5633
2343.000       2.3696
2344.000       2.2610
2346.000       2.1389
2347.000       2.1661
2348.000       2.1183
2349.000       2.0385
2350.000       2.2247
2352.000       2.3554
2353.000       2.4702
2356.000       2.4114
2357.000       2.3100
2358.000       2.7668
2360.000       2.7391
2362.000       2.9432
2364.000       2.9956
2365.000       3.0742
2366.000       3.3487
2367.000       2.9705
2368.000       3.0148
2369.000       3.1590
2372.000       3.1003
2374.000       2.9128
2375.000       2.8352
2377.000       2.6328
2378.000       2.5720
2380.000       2.4362
2381.000       2.4017
2382.000       2.3231
2383.000       2.2631
2384.000       2.3766
2386.000       2.4801
2387.000       2.5457
2390.000       2.5553
2391.000       2.5144
2392.000       3.1112
2394.000       3.0133
2396.000       3.1824
2398.000       3.3503
2399.000       3.4478
2400.000       3.7350
2401.000       3.3905
2402.000       3.3565
2403.000       3.3899
2406.000       3.3708
2408.000       3.5559
2409.000       3.5168
2411.000       3.5475
2412.000       3.5958
2414.000       3.6929
2415.000       3.7079
2416.000       3.8443
2417.000       3.9793
2420.000       3.9132
2421.000       3.8470
2423.000       3.7089
2424.000       3.6344
2425.000       3.1720
2427.000       3.3124
2429.000       3.4030
2431.000       3.0456
2432.000       2.8099
2433.000       2.7868
2434.000       2.7476
2435.000       2.8031
2436.000       2.8837
2439.000       2.9445
2441.000       3.0833
2442.000       3.0778
2444.000       3.0509
2445.000       2.9723
2447.000       3.0362
2448.000       3.1563
2449.000       3.3083
2450.000       3.3763
2453.000       3.4402
2454.000       3.4300
2456.000       3.3072
2457.000       3.1660
2458.000       2.8008
2460.000       2.9466
2462.000       3.0964
2464.000       2.7481
2465.000       2.6014
2466.000       2.6321
2467.000       2.4680
2468.000       2.6912
2469.000       2.8321
2472.000       2.9489
2474.000       3.0239
2475.000       3.0602
2477.000       2.9652
2478.000       2.8092
2480.000       2.8026
2481.000       2.9721
2482.000       3.1102
2483.000       3.1029
2486.000       3.3150
2487.000       3.3771
2489.000       3.2717
2490.000       3.0669
2491.000       2.8748
2493.000       3.0238
2495.000       3.2183
2497.000       2.9281
2498.000       2.8380
2499.000       3.0849
2500.000       2.8506
2501.000       2.7292
2502.000       2.8154
2505.000       2.7588
2507.000       2.7156
2508.000       2.6179
2510.000       2.4592
2511.000       2.4141
2513.000       2.2914
2515.000       2.2051
2516.000       2.1128
2519.000       2.2624
2520.000       2.3942
2521.000       2.4865
2522.000       2.6343
2524.000       2.6240
2526.000       2.7962
2528.000       2.7289
2529.000       2.6682
2530.000       2.8673
2531.000       2.5747
2532.000       2.5799
2533.000       2.7054
2536.000       2.6293
2538.000       2.5358
2539.000       2.4256
2541.000       2.2501
2542.000       2.2074
2544.000       2.0630
2545.000       1.9967
2546.000       1.8653
2547.000       1.7714
2548.000       1.9007
2550.000       2.0479
2551.000       2.1146
2554.000       2.1654
2555.000       2.1271
2556.000       2.5313
2558.000       2.4726
2560.000       2.6315
2562.000       2.6520
2563.000       2.6138
2564.000       2.8229
2565.000       2.5925
2566.000       2.4474
2567.000       2.5155
2570.000       2.3721
2572.000       2.2426
2573.000       2.1026
2575.000       1.9586
2576.000       2.0021
2578.000       1.9036
2580.000       1.7385
2581.000       1.6836
2582.000       1.7052
2584.000       1.8131
2585.000       1.8248
2586.000       2.2862
2588.000       2.1554
2590.000       2.2467
2592.000       2.4073
2593.000       2.4029
2594.000       2.6169
2595.000       2.3632
2596.000       2.2806
2597.000       2.3727
2600.000       2.2602
2602.000       2.1269
2603.000       1.9970
2605.000       1.8355
2606.000       1.8509
2608.000       1.7330
2610.000       1.5721
2611.000       1.4984
2612.000       1.5651
2614.000       1.6964
2615.000       1.7274
2616.000       2.1820
2618.000       2.0641
2620.000       2.1848
2622.000       2.3317
2623.000       2.3385
2624.000       2.5452
2625.000       2.3131
2626.000       2.2024
2627.000       2.2592
2630.000       2.1204
2632.000       1.9865
2633.000       1.8487
2635.000       1.7331
2636.000       1.7606
2638.000       1.6578
2639.000       1.5490
2640.000       1.4362
2641.000       1.4075
2642.000       1.3949
2644.000       1.4530
2645.000       1.4483
2648.000       1.5590
2649.000       1.5975
2650.000       2.0524
2652.000       1.9125
2654.000       1.9860
2656.000       2.1944
2657.000       2.2121
2658.000       2.4234
2659.000       2.2250
2660.000       2.0543
2661.000       2.0382
2664.000       1.9299
2666.000       1.8334
2667.000       1.7593
2669.000       1.6987
2670.000       1.7404
2672.000       1.7438
2673.000       1.6965
2674.000       1.7377
2675.000       1.8222
2678.000       1.7656
2679.000       1.7465
2681.000       1.7027
2682.000       1.6745
2683.000       1.8826
2685.000       1.8135
2687.000       1.9183
2689.000       2.0036
2690.000       2.0144
2691.000       2.2342
2692.000       1.9942
2693.000       1.8885
2694.000       1.9467
2697.000       1.8485
2699.000       1.7629
2700.000       1.6759
2702.000       1.5959
2703.000       1.5921
2705.000       1.5603
2706.000       1.5316
2707.000       1.5500
2708.000       1.5922
2711.000       1.5952
2712.000       1.6256
2714.000       1.6184
2715.000       1.5621
2716.000       1.7891
2718.000       1.7161
2720.000       1.8185
2722.000       1.8854
2723.000       1.8887
2724.000       2.0520
2725.000       1.9197
2726.000       1.7714
2727.000       1.7878
2730.000       1.7133
2732.000       1.6495
2733.000       1.5931
2735.000       1.5262
2736.000       1.5485
2738.000       1.4975
2739.000       1.4325
2740.000       1.3932
2741.000       1.4025
2744.000       1.3926
2745.000       1.4273
2747.000       1.4633
2748.000       1.4609
2749.000       1.6772
2751.000       1.6322
2753.000       1.7156
2755.000       1.7576
2756.000       1.7493
2757.000       1.8869
2758.000       1.7631
2759.000       1.6627
2760.000       1.7068
2763.000       1.6373
2765.000       1.5815
2766.000       1.5034
2768.000       1.3996
2769.000       1.4270
2771.000       1.3523
2772.000       1.2651
2773.000       1.1958
2774.000       1.1930
2775.000       1.1808
2777.000       1.2267
2778.000       1.2488
2781.000       1.2896
2782.000       1.3020
2783.000       1.5790
2785.000       1.5419
2787.000       1.6476
2789.000       1.6682
2790.000       1.6528
2791.000       1.8199
2792.000       1.6457
2793.000       1.5502
2794.000       1.6154
2797.000       1.5479
2799.000       1.4814
2800.000       1.4101
2802.000       1.3049
2803.000       1.3184
2805.000       1.2525
2806.000       1.1944
2807.000       1.1670
2808.000       1.1738
2811.000       1.1963
2812.000       1.2468
2814.000       1.2699
2815.000       1.2363
2816.000       1.5042
2818.000       1.4642
2820.000       1.5877
2822.000       1.6084
2823.000       1.6536
2824.000       1.8446
2825.000       1.6692
2826.000       1.5619
2827.000       1.6029
2830.000       1.5118
2832.000       1.4631
2833.000       1.3856
2835.000       1.3294
2836.000       1.3700
2838.000       1.3443
2840.000       1.2835
2841.000       1.3114
2842.000       1.2617
2844.000       1.2779
2845.000       1.3060
2846.000       1.4462
2848.000       1.3912
2850.000       1.4239
2852.000       1.4789
2853.000       1.4396
2854.000       1.5442
2855.000       1.4202
2856.000       1.3812
2857.000       1.4467
2860.000       1.4120
2862.000       1.4105
2863.000       1.3470
2865.000       1.2591
2866.000       1.2474
2868.000       1.1907
2869.000       1.1556
2870.000       1.1302
2871.000       1.1249
2872.000       1.1745
2874.000       1.2503
2875.000       1.3648
2878.000       1.2759
2879.000       1.2141
2880.000       1.3345
2882.000       1.3384
2884.000       1.4418
2886.000       1.3822
2887.000       1.3785
2888.000       1.5157
2889.000       1.3603
2890.000       1.3398
2891.000       1.4170
2894.000       1.3978
2896.000       1.3458
2897.000       1.3051
2899.000       1.2129
2900.000       1.1942
2902.000       1.1612
2903.000       1.1443
2904.000       1.1543
2905.000       1.1803
2908.000       1.1978
2909.000       1.2353
2911.000       1.2389
2912.000       1.1833
2913.000       1.3840
2915.000       1.3775
2917.000       1.5237
2919.000       1.5248
2920.000       1.6050
2921.000       1.8067
2922.000       1.6040
2923.000       1.5819
2924.000       1.6789
2927.000       1.6604
2929.000       1.5454
2930.000       1.5233
2932.000       1.4142
2933.000       1.3797
2935.000       1.3371
2936.000       1.3326
2937.000       1.3400
2938.000       1.3576
2939.000       1.3923
2941.000       1.4435
2942.000       1.5361
2945.000       1.4504
2946.000       1.3841
2947.000       1.7033
2949.000       1.6640
2951.000       1.8054
2953.000       1.8874
2954.000       2.0214
2955.000       2.2503
2956.000       2.0095
2957.000       2.0024
2958.000       2.1011
2961.000       2.0775
2963.000       1.9146
2964.000       1.9073
2966.000       1.8039
2967.000       1.7712
2969.000       1.7258
2971.000       1.7187
2972.000       1.7313
2975.000       1.7523
2976.000       1.7960
2977.000       1.8748
2978.000       2.1603
2980.000       2.1041
2982.000       2.2351
2984.000       2.3678
2985.000       2.5302
2986.000       2.5155
2987.000       2.7655
2988.000       2.5099
2989.000       2.6137
2992.000       2.5993
2994.000       2.4162
2995.000       2.4282
2997.000       2.3168
2998.000       2.2498
3000.000       2.1847
3002.000       2.1939
3003.000       2.1839
3006.000       2.2642
3007.000       2.3230
3008.000       2.4258
3009.000       2.7084
3011.000       2.6498
3013.000       2.7857
3015.000       2.9405
3016.000       3.1233
3017.000       3.3730
3018.000       3.1017
3019.000       3.1241
3020.000       3.2354
3023.000       3.2465
3025.000       3.0390
3026.000       3.0941
3028.000       2.9665
3029.000       2.9040
3031.000       2.8672
3032.000       2.9050
3033.000       2.9575
3034.000       2.9804
3035.000       3.0625
3037.000       3.1110
3038.000       3.2588
3041.000       3.0717
3042.000       2.9657
3043.000       3.4018
3045.000       3.3662
3047.000       3.5705
3049.000       3.6656
