   2.000       3.9416
   3.000       4.0426
   6.000       3.8968
   8.000       3.7518
   9.000       3.5960
  11.000       3.4316
  12.000       3.4183
  14.000       3.2781
  15.000       3.1883
  16.000       3.0471
  17.000       2.9696
  18.000       3.0402
  20.000       3.1493
  21.000       3.1657
  24.000       3.2732
  25.000       3.2857
  26.000       3.7837
  28.000       3.6540
  30.000       3.7780
  32.000       3.9284
  33.000       3.9128
  34.000       4.1240
  35.000       3.8850
  36.000       3.7431
  37.000       3.7941
  40.000       3.6507
  42.000       3.5240
  43.000       3.3920
  45.000       3.2818
  46.000       3.3075
  48.000       3.2085
  49.000       3.1085
  50.000       3.0041
  51.000       2.9718
  52.000       2.9728
  54.000       3.0329
  55.000       3.0294
  58.000       3.1288
  59.000       3.1587
  60.000       3.5695
  62.000       3.4392
  64.000       3.5210
  66.000       3.6858
  67.000       3.6771
  68.000       3.8465
  69.000       3.6927
  70.000       3.5163
  71.000       3.5290
  74.000       3.4042
  76.000       3.3148
  77.000       3.2194
  79.000       3.1541
  80.000       3.1921
  82.000       3.1401
  83.000       3.0605
  84.000       3.0040
  85.000       3.0112
  86.000       2.9757
  88.000       2.9976
  89.000       3.0042
  92.000       3.0499
  93.000       3.0731
  94.000       3.3472
  96.000       3.2526
  98.000       3.3027
 100.000       3.4214
 101.000       3.4288
 102.000       3.5452
 103.000       3.4845
 104.000       3.3044
 105.000       3.2998
 108.000       3.2179
 110.000       3.1688
 111.000       3.1223
 113.000       3.0898
 114.000       3.1192
 116.000       3.1137
 118.000       3.0793
 119.000       3.1021
 120.000       3.0576
 122.000       3.0664
 123.000       3.0856
 124.000       3.1896
 126.000       3.1525
 128.000       3.2000
 130.000       3.2398
 131.000       3.2425
 132.000       3.3373
 133.000       3.2697
 134.000       3.1760
 135.000       3.2015
 138.000       3.1625
 140.000       3.1282
 141.000       3.1147
 143.000       3.0785
 144.000       3.0778
 146.000       3.0667
 148.000       3.0541
 149.000       3.0649
 152.000       3.0636
 153.000       3.0773
 154.000       3.1168
 155.000       3.1459
 157.000       3.1430
 159.000       3.2151
 161.000       3.1964
 162.000       3.2019
 163.000       3.3040
 164.000       3.2012
 165.000       3.1680
 166.000       3.2750
 169.000       3.2546
 171.000       3.2267
 172.000       3.2051
 174.000       3.1401
 175.000       3.1041
 177.000       3.0670
 178.000       3.0798
 179.000       3.0763
 180.000       3.0615
 181.000       3.1272
 183.000       3.1717
 184.000       3.2374
 187.000       3.1764
 188.000       3.1273
 189.000       3.2057
 191.000       3.2188
 193.000       3.3103
 195.000       3.2523
 196.000       3.2341
 197.000       3.3342
 198.000       3.2154
 199.000       3.1932
 200.000       3.2538
 203.000       3.2359
 205.000       3.2113
 206.000       3.1804
 208.000       3.1102
 209.000       3.0820
 211.000       3.0480
 213.000       3.0409
 214.000       3.0404
 215.000       3.0723
 217.000       3.1085
 218.000       3.1656
 219.000       3.1862
 221.000       3.1992
 223.000       3.3019
 225.000       3.2374
 226.000       3.2085
 227.000       3.3109
 228.000       3.1889
 229.000       3.1444
 230.000       3.1825
 233.000       3.1260
 235.000       3.0968
 236.000       3.0353
 238.000       2.9881
 239.000       2.9907
 241.000       2.9539
 242.000       2.9233
 243.000       2.8997
 244.000       2.9020
 245.000       2.9083
 247.000       2.9381
 248.000       2.9720
 251.000       2.9597
 252.000       2.9484
 253.000       3.0665
 255.000       3.0269
 257.000       3.0730
 259.000       3.1112
 260.000       3.0896
 261.000       3.1793
 262.000       3.0574
 263.000       3.0619
 264.000       3.1179
 267.000       3.1163
 269.000       3.1174
 270.000       3.0995
 272.000       3.0351
 273.000       2.9912
 275.000       2.9650
 276.000       2.9923
 277.000       3.0073
 278.000       2.9869
 281.000       3.0711
 282.000       3.1141
 284.000       3.1054
 285.000       3.0414
 286.000       3.0682
 288.000       3.1017
 290.000       3.2074
 292.000       3.1110
 293.000       3.0713
 294.000       3.1707
 295.000       3.0550
 296.000       3.0217
 297.000       3.0704
 300.000       3.0356
 302.000       3.0167
 303.000       2.9509
 305.000       2.8664
 306.000       2.8746
 308.000       2.8244
 310.000       2.7658
 311.000       2.7418
 314.000       2.7628
 315.000       2.8131
 316.000       2.8351
 317.000       2.9735
 319.000       2.9555
 321.000       3.0662
 323.000       3.0304
 324.000       3.0263
 325.000       3.1422
 326.000       3.0546
 327.000       2.9551
 328.000       2.9849
 331.000       2.9695
 333.000       2.9494
 334.000       2.9828
 336.000       2.9419
 337.000       2.8985
 339.000       2.9537
 341.000       3.0471
 342.000       3.1699
 343.000       3.0772
 345.000       3.0388
 346.000       3.1629
 347.000       2.9856
 349.000       2.9986
 351.000       3.2652
 353.000       3.0607
 354.000       3.2086
 355.000       3.2738
 356.000       3.6294
 357.000       3.4094
 358.000       3.7123
 361.000       3.7230
 363.000       3.7097
 364.000       3.7130
 366.000       3.6509
 367.000       3.5712
 369.000       3.5937
 370.000       3.7403
 371.000       3.9679
 372.000       4.0239
 373.000       4.2538
 375.000       4.2832
 376.000       4.6499
 379.000       4.0423
 380.000       3.7852
 381.000       3.8019
 383.000       3.8312
 385.000       3.9868
 387.000       3.9845
 388.000       4.1238
 389.000       4.4089
 390.000       4.0407
 391.000       4.1544
 392.000       4.3839
 395.000       4.4999
 397.000       4.3490
 398.000       4.4267
 400.000       4.2004
 401.000       3.9923
 403.000       3.9239
 404.000       4.1197
 405.000       4.2911
 406.000       4.2617
 407.000       4.6586
 409.000       4.8365
 410.000       5.2915
 413.000       4.6704
 414.000       4.3075
 415.000       4.5801
 417.000       4.6315
 419.000       4.9874
 421.000       4.9065
 422.000       5.0545
 423.000       5.4495
 424.000       4.8385
 425.000       5.1285
 426.000       5.5127
 429.000       5.6454
 431.000       5.4477
 432.000       5.5228
 434.000       5.1554
 435.000       4.6725
 437.000       4.4579
 439.000       4.7785
 440.000       4.7497
 443.000       5.2538
 444.000       5.4331
 445.000       5.9502
 446.000       5.6114
 448.000       5.6613
 450.000       6.1435
 452.000       5.9489
 453.000       6.0187
 454.000       6.4253
 455.000       5.7831
 456.000       5.9898
 457.000       6.3476
 460.000       6.3131
 462.000       6.0370
 463.000       5.8011
 465.000       5.3485
 466.000       5.1949
 468.000       4.8451
 469.000       4.7473
 470.000       4.4789
 471.000       4.2567
 472.000       4.5938
 474.000       4.9229
 475.000       5.0853
 478.000       5.1709
 479.000       5.0655
 480.000       6.2070
 482.000       5.9998
 484.000       6.3445
 486.000       6.6024
 487.000       6.8436
 488.000       7.1592
 489.000       6.6162
 490.000       7.1675
 491.000       7.1177
 494.000       7.6407
 496.000       8.6091
 497.000       9.1109
 499.000       9.8185
 500.000      10.2391
 502.000      10.9303
 503.000      11.0311
 504.000      11.7892
 505.000      12.5270
 508.000      11.9489
 509.000      11.3310
 511.000      10.5116
 512.000      10.3971
 513.000       7.5145
 515.000       8.5117
 517.000       8.9415
 519.000       7.3107
 520.000       6.6701
 521.000       7.0757
 522.000       6.4611
 523.000       6.1733
 524.000       6.2755
 527.000       5.9411
 529.000       5.9336
 530.000       5.5275
 532.000       5.4341
 533.000       5.7751
 535.000       5.8248
 536.000       5.4539
 537.000       5.4466
 538.000       5.8379
 541.000       5.1987
 542.000       4.9659
 544.000       4.9788
 545.000       5.2095
 546.000       5.4792
 548.000       5.2719
 550.000       5.4910
 552.000       5.5755
 553.000       5.3605
 554.000       5.6664
 555.000       5.6011
 556.000       4.7735
 557.000       4.8039
 560.000       4.3728
 562.000       4.4297
 563.000       4.4159
 565.000       4.6695
 566.000       4.8630
 568.000       5.2743
 570.000       5.5200
 571.000       6.0595
 574.000       5.3893
 575.000       4.9477
 576.000       4.9757
 577.000       4.1401
 579.000       4.3854
 581.000       4.5366
 583.000       3.7654
 584.000       3.5967
 585.000       3.8206
 586.000       3.8562
 587.000       3.2353
 588.000       2.9354
 591.000       2.6606
 593.000       2.4849
 594.000       2.3528
 596.000       2.3536
 597.000       2.5477
 599.000       2.5830
 600.000       2.3882
 601.000       2.3853
 602.000       2.5807
 605.000       2.2603
 606.000       2.1294
 608.000       2.1177
 609.000       2.2465
 610.000       2.6231
 612.000       2.5016
 614.000       2.4614
 616.000       2.5352
 617.000       2.7538
 618.000       3.0804
 619.000       2.7039
 620.000       2.7698
 621.000       2.6022
 624.000       2.4774
 626.000       2.3614
 627.000       2.1430
 629.000       1.9423
 630.000       1.9491
 632.000       1.7951
 633.000       1.6884
 634.000       1.5976
 635.000       1.5764
 636.000       1.6396
 638.000       1.7390
 639.000       1.8429
 642.000       1.8127
 643.000       1.7870
 644.000       2.3509
 646.000       2.2076
 648.000       2.3858
 650.000       2.5736
 651.000       2.6172
 652.000       2.9420
 653.000       2.5766
 654.000       2.4464
 655.000       2.5451
 658.000       2.4443
 660.000       2.2346
 661.000       2.1628
 663.000       1.9724
 664.000       1.9102
 666.000       1.7886
 667.000       1.7696
 668.000       1.7428
 669.000       1.7053
 670.000       1.8759
 672.000       2.0118
 673.000       2.2107
 676.000       2.0305
 677.000       1.9021
 678.000       2.4912
 680.000       2.3931
 682.000       2.5891
 684.000       2.7724
 685.000       2.9490
 686.000       3.2890
 687.000       2.9020
 688.000       2.8943
 689.000       3.0648
 692.000       3.0587
 694.000       2.7871
 695.000       2.7918
 697.000       2.5433
 698.000       2.4320
 700.000       2.2876
 702.000       2.2331
 703.000       2.1750
 704.000       2.3516
 706.000       2.5155
 707.000       2.6969
 708.000       3.1743
 710.000       3.1094
 712.000       3.3746
 714.000       3.5125
 715.000       3.7190
 716.000       4.0854
 717.000       3.5929
 718.000       3.7251
 719.000       3.9755
 722.000       3.9697
 724.000       3.6621
 725.000       3.6191
 727.000       3.3237
 728.000       3.1842
 730.000       2.9942
 731.000       2.9983
 732.000       2.9023
 733.000       2.7933
 734.000       3.0276
 736.000       3.2287
 737.000       3.3815
 740.000       3.3369
 741.000       3.2044
 742.000       4.0555
 744.000       3.9536
 746.000       4.2365
 748.000       4.4305
 749.000       4.6120
 750.000       5.0156
 751.000       4.4629
 752.000       4.5553
 753.000       4.8347
 756.000       4.7357
 758.000       4.3700
 759.000       4.2604
 761.000       3.9775
 762.000       3.8774
 764.000       3.6792
 765.000       3.6424
 766.000       3.5169
 767.000       3.4126
 768.000       3.5976
 770.000       3.7663
 771.000       3.8697
 774.000       3.8948
 775.000       3.8237
 776.000       4.8142
 778.000       4.6101
 780.000       4.8208
 782.000       5.2179
 783.000       5.4017
 784.000       5.8471
 785.000       5.2721
 786.000       5.2749
 787.000       5.4459
 790.000       5.2669
 792.000       4.8753
 793.000       4.7365
 795.000       4.5310
 796.000       4.4787
 798.000       4.3239
 799.000       4.2796
 800.000       4.2006
 801.000       4.1404
 802.000       4.2758
 804.000       4.3891
 805.000       4.5017
 808.000       4.4539
 809.000       4.4027
 810.000       5.3545
 812.000       5.0788
 814.000       5.2102
 816.000       5.7246
 817.000       5.9986
 818.000       6.3282
 819.000       6.0968
 820.000       5.8277
 821.000       5.7991
 824.000       5.6380
 826.000       5.3355
 827.000       5.4306
 829.000       5.3057
 830.000       5.3756
 832.000       5.2957
 833.000       5.1533
 834.000       5.0645
 835.000       5.0895
 838.000       5.0188
 839.000       5.0568
 841.000       5.1327
 842.000       5.1700
 843.000       5.9006
 845.000       5.8571
 847.000       6.1343
 849.000       5.9472
 850.000       6.2037
 851.000       6.3959
 852.000       6.4150
 853.000       6.0307
 854.000       6.0515
 857.000       5.8930
 859.000       6.1081
 860.000       5.9760
 862.000       6.1457
 863.000       6.2409
 865.000       6.4776
 866.000       6.5536
 867.000       6.8761
 868.000       7.1602
 871.000       7.0147
 872.000       6.8257
 874.000       6.4962
 875.000       6.3668
 876.000       5.6326
 878.000       5.6538
 880.000       5.5836
 882.000       5.4374
 883.000       5.2084
 884.000       5.1646
 885.000       5.3259
 886.000       5.0461
 887.000       4.9384
 890.000       4.9113
 892.000       5.1489
 893.000       5.2158
 895.000       5.3730
 896.000       5.3789
 898.000       5.6241
 899.000       5.7969
 900.000       6.1661
 901.000       6.4045
 904.000       6.3903
 905.000       6.2502
 907.000       5.8927
 908.000       5.6667
 909.000       4.7706
 911.000       5.0084
 913.000       5.0791
 915.000       4.5488
 916.000       4.3867
 917.000       4.6427
 918.000       4.2866
 919.000       4.1826
 920.000       4.2362
 923.000       4.1647
 925.000       4.2134
 926.000       4.0528
 928.000       3.8429
 929.000       3.8317
 931.000       3.6813
 933.000       3.5363
 934.000       3.4304
 937.000       3.5790
 938.000       3.7324
 939.000       3.8304
 940.000       3.8845
 942.000       3.9243
 944.000       4.1701
 946.000       3.9239
 947.000       3.7132
 948.000       3.9020
 949.000       3.5644
 950.000       3.5891
 951.000       3.7777
 954.000       3.7184
 956.000       3.6839
 957.000       3.5393
 959.000       3.2807
 960.000       3.1912
 962.000       3.0139
 964.000       2.9128
 965.000       2.7934
 968.000       3.0109
 969.000       3.1984
 970.000       3.3492
 971.000       3.5064
 973.000       3.5097
 975.000       3.7856
 977.000       3.6311
 978.000       3.5004
 979.000       3.7822
 980.000       3.3096
 981.000       3.3939
 982.000       3.6378
 985.000       3.5548
 987.000       3.4383
 988.000       3.2465
 990.000       2.9370
 991.000       2.8200
 993.000       2.5919
 994.000       2.5444
 995.000       2.3957
 996.000       2.2498
 999.000       2.4797
1000.000       2.7045
1002.000       2.8607
1003.000       2.7627
1004.000       3.3459
1006.000       3.2693
1008.000       3.5618
1010.000       3.5444
1011.000       3.4435
1012.000       3.7814
1013.000       3.2760
1014.000       3.2554
1015.000       3.4092
1018.000       3.2369
1020.000       3.0646
1021.000       2.8239
1023.000       2.5182
1024.000       2.4827
1026.000       2.2598
1028.000       2.0527
1029.000       1.8998
1032.000       2.0946
1033.000       2.3298
1034.000       2.4377
1035.000       3.0270
1037.000       2.8616
1039.000       3.0967
1041.000       3.2425
1042.000       3.1733
1043.000       3.5155
1044.000       3.0826
1045.000       2.9233
1046.000       3.0461
1049.000       2.8308
1051.000       2.6346
1052.000       2.3948
1054.000       2.1549
1055.000       2.1768
1057.000       2.0088
1059.000       1.8115
1060.000       1.7184
1063.000       1.7942
1064.000       1.9642
1065.000       2.0114
1066.000       2.6781
1068.000       2.4745
1070.000       2.6454
1072.000       2.9020
1073.000       2.9235
1074.000       3.2418
1075.000       2.8987
1076.000       2.6942
1077.000       2.7119
1080.000       2.5101
1082.000       2.2996
1083.000       2.1358
1085.000       2.0081
1086.000       2.0580
1088.000       1.9605
1089.000       1.8394
1090.000       1.7656
1091.000       1.7758
1092.000       1.7666
1094.000       1.8146
1095.000       1.8809
1098.000       1.8663
1099.000       1.8773
1100.000       2.4802
1102.000       2.2830
1104.000       2.3598
1106.000       2.7009
1107.000       2.8167
1108.000       3.0775
1109.000       2.8476
1110.000       2.6540
1111.000       2.6675
1114.000       2.5476
1116.000       2.3469
1117.000       2.3035
1119.000       2.2407
1120.000       2.2615
1122.000       2.2251
1123.000       2.1694
1124.000       2.1534
1125.000       2.1728
1126.000       2.1747
1128.000       2.2073
1129.000       2.2878
1132.000       2.2156
1133.000       2.1925
1134.000       2.6363
1136.000       2.4979
1138.000       2.5545
1140.000       2.8419
1141.000       3.0219
1142.000       3.2346
1143.000       3.0704
1144.000       2.9694
1145.000       2.9754
1148.000       2.9361
1150.000       2.7899
1151.000       2.7856
1153.000       2.7230
1154.000       2.6943
1156.000       2.6630
1157.000       2.6710
1158.000       2.6770
1159.000       2.6744
1160.000       2.7188
1162.000       2.7547
1163.000       2.8188
1166.000       2.7547
1167.000       2.7097
1168.000       3.0120
1170.000       2.9358
1172.000       3.0144
1174.000       3.1832
1175.000       3.3068
1176.000       3.5079
1177.000       3.3427
1178.000       3.2105
1179.000       3.2167
1182.000       3.1250
1184.000       2.9839
1185.000       2.9503
1187.000       2.9072
1188.000       2.9172
1190.000       2.8859
1191.000       2.8527
1192.000       2.8346
1193.000       2.8439
1194.000       2.8333
1196.000       2.8504
1197.000       2.8771
1200.000       2.8689
1201.000       2.8665
1202.000       3.1760
1204.000       3.0694
1206.000       3.0815
1208.000       3.3117
1209.000       3.4060
1210.000       3.6012
1211.000       3.4033
1212.000       3.3179
1213.000       3.3447
1216.000       3.2786
1218.000       3.1958
1219.000       3.1822
1221.000       3.1379
1222.000       3.1108
1224.000       3.0887
1225.000       3.0994
1226.000       3.1107
1227.000       3.1003
1230.000       3.1558
1231.000       3.1850
1233.000       3.1785
1234.000       3.1334
1235.000       3.2868
1237.000       3.2490
1239.000       3.3034
1241.000       3.3642
1242.000       3.4903
1243.000       3.5493
1244.000       3.5958
1245.000       3.5833
1246.000       3.6038
1249.000       3.5862
1251.000       3.5406
1252.000       3.4855
1254.000       3.3789
1255.000       3.3423
1257.000       3.2606
1258.000       3.2443
1259.000       3.1928
1260.000       3.1506
1261.000       3.2308
1263.000       3.3089
1264.000       3.3723
1267.000       3.3576
1268.000       3.3201
1269.000       3.5328
1271.000       3.5239
1273.000       3.6433
1275.000       3.6160
1276.000       3.6041
1277.000       3.7370
1278.000       3.5620
1279.000       3.5548
1280.000       3.6299
1283.000       3.5859
1285.000       3.5093
1286.000       3.4482
1288.000       3.3474
1289.000       3.3409
1291.000       3.2754
1293.000       3.2118
1294.000       3.1692
1297.000       3.2185
1298.000       3.2879
1299.000       3.3215
1300.000       3.5511
1302.000       3.5103
1304.000       3.6209
1306.000       3.6479
1307.000       3.6494
1308.000       3.7901
1309.000       3.6309
1310.000       3.5690
1311.000       3.6140
1314.000       3.5538
1316.000       3.5047
1317.000       3.4247
1319.000       3.3338
1320.000       3.3336
1322.000       3.2595
1323.000       3.2050
1324.000       3.1367
1325.000       3.1084
1326.000       3.1282
1328.000       3.1811
1329.000       3.1910
1332.000       3.2478
1333.000       3.2536
1334.000       3.4893
1336.000       3.4390
1338.000       3.5216
1340.000       3.5540
1341.000       3.5519
1342.000       3.7069
1343.000       3.5617
1344.000       3.4466
1345.000       3.4283
1348.000       3.3503
1350.000       3.3188
1351.000       3.2385
1353.000       3.1729
1354.000       3.1828
1356.000       3.1407
1357.000       3.0952
1358.000       3.0652
1359.000       3.0707
1362.000       3.0634
1363.000       3.0881
1365.000       3.1176
1366.000       3.1178
1367.000       3.2627
1369.000       3.2297
1371.000       3.3082
1373.000       3.3111
1374.000       3.2626
1375.000       3.3891
1376.000       3.2512
1377.000       3.1631
1378.000       3.2106
1381.000       3.1377
1383.000       3.1031
1384.000       3.0373
1386.000       2.9785
1387.000       2.9844
1389.000       2.9638
1391.000       2.9355
1392.000       2.9431
1395.000       2.9363
1396.000       2.9567
1397.000       2.9897
1398.000       3.0627
1400.000       3.0332
1402.000       3.1180
1404.000       3.1115
1405.000       3.0776
1406.000       3.2021
1407.000       3.0497
1408.000       3.0105
1409.000       3.0797
1412.000       3.0397
1414.000       3.0031
1415.000       2.9644
1417.000       2.8928
1418.000       2.8652
1420.000       2.8375
1422.000       2.8422
1423.000       2.8554
1426.000       2.8725
1427.000       2.8936
1428.000       2.9485
1429.000       2.9812
1431.000       2.9781
1433.000       3.0876
1435.000       3.0573
1436.000       3.0386
1437.000       3.1867
1438.000       2.9927
1439.000       2.9936
1440.000       3.0833
1443.000       3.0625
1445.000       3.0238
1446.000       3.0041
1448.000       2.9133
1449.000       2.8537
1451.000       2.8042
1453.000       2.8235
1454.000       2.8217
1457.000       2.8885
1458.000       2.9303
1459.000       3.0220
1460.000       3.0094
1462.000       3.0263
1464.000       3.1749
1466.000       3.1034
1467.000       3.0935
1468.000       3.2710
1469.000       3.0190
1470.000       3.0682
1471.000       3.2050
1474.000       3.2161
1476.000       3.1701
1477.000       3.1639
1479.000       3.0425
1480.000       2.9350
1482.000       2.8716
1484.000       2.9250
1485.000       2.9280
1486.000       3.0398
1488.000       3.0996
1489.000       3.2456
1490.000       3.1551
1492.000       3.1929
1494.000       3.3956
1496.000       3.2756
1497.000       3.2501
1498.000       3.4552
1499.000       3.1394
1500.000       3.2290
1501.000       3.4009
1504.000       3.4060
1506.000       3.3409
1507.000       3.3123
1509.000       3.1276
1510.000       2.9822
1512.000       2.8582
1514.000       2.8809
1515.000       2.8299
1516.000       3.0399
1518.000       3.1629
1519.000       3.3468
1520.000       3.3242
1522.000       3.3546
1524.000       3.5836
1526.000       3.4676
1527.000       3.4268
1528.000       3.6686
1529.000       3.2535
1530.000       3.4098
1531.000       3.6306
1534.000       3.6355
1536.000       3.5434
1537.000       3.4777
1539.000       3.2352
1540.000       3.0739
1542.000       2.9145
1543.000       2.9781
1544.000       2.9325
1545.000       2.8219
1546.000       3.1012
1548.000       3.2855
1549.000       3.4680
1552.000       3.3358
1553.000       3.1748
1554.000       3.5385
1556.000       3.5487
1558.000       3.8222
1560.000       3.7255
1561.000       3.6857
1562.000       3.9856
1563.000       3.4970
1564.000       3.6224
1565.000       3.8448
1568.000       3.7886
1570.000       3.6336
1571.000       3.5139
1573.000       3.2334
1574.000       3.1122
1576.000       2.9061
1578.000       2.8309
1579.000       2.6932
1582.000       2.9626
1583.000       3.1569
1584.000       3.3167
1585.000       3.6774
1587.000       3.6168
1589.000       3.8893
1591.000       3.9055
1592.000       3.8741
1593.000       4.2079
1594.000       3.7186
1595.000       3.7333
1596.000       3.9326
1599.000       3.8212
1601.000       3.6269
1602.000       3.4979
1604.000       3.2425
1605.000       3.1590
1607.000       2.9819
1609.000       2.8815
1610.000       2.7611
1613.000       2.9764
1614.000       3.1543
1615.000       3.2880
1616.000       3.7338
1618.000       3.5990
1620.000       3.8278
1622.000       3.9924
1623.000       4.0869
1624.000       4.3909
1625.000       4.1340
1626.000       3.8881
1627.000       3.9277
1630.000       3.7999
1632.000       3.6489
1633.000       3.6066
1635.000       3.4807
1636.000       3.4904
1638.000       3.4625
1639.000       3.4292
1640.000       3.4960
1641.000       3.5786
1642.000       3.5784
1644.000       3.5946
1645.000       3.7714
1648.000       3.5317
1649.000       3.4477
1650.000       3.8113
1652.000       3.7267
1654.000       4.0901
1656.000       4.1340
1657.000       4.2011
1658.000       4.4177
1659.000       4.5598
1660.000       4.1421
1661.000       4.4466
1664.000       4.7631
1666.000       4.4679
1667.000       4.6388
1669.000       4.3152
1670.000       4.0946
1672.000       4.2235
1674.000       4.3517
1675.000       4.6396
1678.000       4.5371
1679.000       4.6136
1680.000       5.2053
1681.000       5.1644
1683.000       4.9884
1685.000       5.7408
1687.000       5.9854
1688.000       6.6539
1689.000       7.3960
1690.000       6.4302
1691.000       7.0105
1692.000       6.8190
1695.000       7.4743
1697.000       8.2183
1698.000       8.8914
1700.000       9.4286
1701.000       9.2318
1703.000       9.8914
1705.000      10.7114
1706.000      11.4146
1709.000      10.9060
1710.000      10.3019
1711.000      10.6332
1712.000       7.6746
1714.000       8.6003
1716.000       8.8050
1718.000       7.2943
1719.000       7.1824
1720.000       7.1282
1721.000       6.7793
1722.000       7.9329
1723.000       8.5109
1726.000       9.2504
1728.000       9.5758
1729.000      10.0281
1731.000       9.8421
1732.000       9.2052
1734.000       9.2279
1736.000       9.9090
1737.000      10.0888
1740.000      10.4838
1741.000      10.4653
1742.000      11.0974
1743.000       9.1994
1745.000       9.9661
1747.000      10.6773
1749.000       9.3003
1750.000       8.8681
1751.000       9.3295
1752.000       8.0499
1753.000       9.0795
1754.000       9.8688
1757.000      10.0764
1759.000      10.1195
1760.000       9.9293
1762.000       9.2240
1763.000       8.6303
1765.000       8.2009
1766.000       8.5794
1767.000       8.5769
1768.000       8.2328
1769.000       9.1800
1771.000       9.6853
1772.000      10.2562
1775.000       9.7295
1776.000       9.1767
1777.000       9.5172
1779.000       9.7761
1781.000      10.5857
1783.000       9.7858
1784.000       9.1198
1785.000       9.7419
1786.000       8.4496
1787.000       8.7216
1788.000       9.2954
1791.000       9.0287
1793.000       9.0303
1794.000       8.5447
1796.000       7.9010
1797.000       7.5929
1799.000       7.0784
1801.000       6.9210
1802.000       6.5552
1805.000       7.2973
1806.000       7.7654
1807.000       8.1975
1808.000       8.1871
1810.000       8.1609
1812.000       8.7449
1814.000       8.2670
1815.000       7.7411
1816.000       8.2786
1817.000       7.7593
1818.000       6.7893
1819.000       6.7498
1822.000       6.0374
1824.000       6.0168
1825.000       5.2758
1827.000       5.0590
1828.000       5.4638
1830.000       5.5969
1832.000       5.1983
1833.000       5.4933
1836.000       4.7633
1837.000       4.7318
1838.000       4.6720
1839.000       5.2543
1841.000       4.8547
1843.000       5.0538
1845.000       5.2288
1846.000       4.8875
1847.000       5.1242
1848.000       5.1289
1849.000       4.3307
1850.000       4.3115
1853.000       4.0722
1855.000       3.9190
1856.000       3.8401
1858.000       3.7576
1859.000       3.9869
1861.000       4.3440
1863.000       4.3625
1864.000       4.8629
1865.000       3.9986
1867.000       3.7762
1868.000       3.8752
1869.000       4.0313
1871.000       4.1964
1873.000       4.7920
1875.000       4.1625
1876.000       4.1390
1877.000       4.4949
1878.000       4.0407
1879.000       4.0121
1880.000       4.2309
1883.000       4.1352
1885.000       4.0604
1886.000       3.9394
1888.000       3.7573
1889.000       3.6514
1891.000       3.5697
1892.000       3.6197
1893.000       3.6514
1894.000       3.6351
1895.000       3.8012
1897.000       3.9124
1898.000       4.1232
1901.000       3.8932
1902.000       3.7386
1903.000       3.9382
1905.000       3.9189
1907.000       4.1512
1909.000       4.0767
1910.000       3.9918
1911.000       4.3192
1912.000       3.9967
1913.000       3.7895
1914.000       3.8751
1917.000       3.8203
1919.000       3.6887
1920.000       3.5515
1922.000       3.2736
1923.000       3.1487
1925.000       2.9510
1926.000       2.9427
1927.000       2.8352
1928.000       2.7141
1929.000       2.9583
1931.000       3.1560
1932.000       3.3083
1935.000       3.2640
1936.000       3.1468
1937.000       3.6876
1939.000       3.6487
1941.000       3.9244
1943.000       3.9053
1944.000       3.8725
1945.000       4.2011
1946.000       3.6743
1947.000       3.8019
1948.000       4.0364
1951.000       3.9662
1953.000       3.7577
1954.000       3.6389
1956.000       3.3652
1957.000       3.2382
1959.000       3.0260
1960.000       3.0146
1961.000       2.8862
1962.000       2.7372
1963.000       3.0119
1965.000       3.2226
1966.000       3.3678
1969.000       3.3395
1970.000       3.2284
1971.000       3.9119
1973.000       3.8162
1975.000       4.0581
1977.000       4.1819
1978.000       4.2255
1979.000       4.5681
1980.000       4.0733
1981.000       4.1202
1982.000       4.3072
1985.000       4.2052
1987.000       3.9547
1988.000       3.8360
1990.000       3.5681
1991.000       3.4957
1993.000       3.2834
1995.000       3.1403
1996.000       2.9656
1999.000       3.2237
2000.000       3.4372
2001.000       3.5558
2002.000       4.1854
2004.000       4.0516
2006.000       4.2710
2008.000       4.4658
2009.000       4.5378
2010.000       4.8834
2011.000       4.4178
2012.000       4.4057
2013.000       4.5768
2016.000       4.4533
2018.000       4.2031
2019.000       4.0566
2021.000       3.8022
2022.000       3.7531
2024.000       3.5324
2025.000       3.4280
2026.000       3.2380
2027.000       3.0826
2030.000       3.2549
2031.000       3.4482
2033.000       3.6282
2034.000       3.6031
2035.000       4.4157
2037.000       4.2532
2039.000       4.4435
2041.000       4.6815
2042.000       4.7167
2043.000       5.0545
2044.000       4.5930
2045.000       4.5531
2046.000       4.6794
2049.000       4.5214
2051.000       4.2592
2052.000       4.1035
2054.000       3.8693
2055.000       3.8558
2057.000       3.6511
2058.000       3.5163
2059.000       3.3187
2060.000       3.1947
2063.000       3.2927
2064.000       3.4557
2066.000       3.6415
2067.000       3.6587
2068.000       4.4815
2070.000       4.2958
2072.000       4.4601
2074.000       4.7259
