   2.000       3.5200
   3.000       3.5351
   6.000       3.4373
   8.000       3.4219
   9.000       3.2563
  11.000       3.0668
  12.000       3.0481
  14.000       2.8833
  15.000       2.7796
  16.000       2.6147
  17.000       2.5108
  18.000       2.6146
  20.000       2.7584
  21.000       2.7802
  24.000       2.9062
  25.000       2.9051
  26.000       3.2224
  28.000       3.1940
  30.000       3.3813
  32.000       3.2881
  33.000       3.1557
  34.000       3.3363
  35.000       3.0913
  36.000       2.9968
  37.000       3.0747
  40.000       2.9392
  42.000       2.8816
  43.000       2.6961
  45.000       2.5451
  46.000       2.5690
  48.000       2.4320
  49.000       2.3005
  50.000       2.1384
  51.000       2.0767
  52.000       2.0911
  54.000       2.1897
  55.000       2.1736
  58.000       2.3338
  59.000       2.3766
  60.000       2.7643
  62.000       2.6626
  64.000       2.7772
  66.000       2.8415
  67.000       2.7471
  68.000       2.9224
  69.000       2.7351
  70.000       2.5496
  71.000       2.5749
  74.000       2.4095
  76.000       2.3245
  77.000       2.1672
  79.000       2.0632
  80.000       2.1270
  82.000       2.0621
  84.000       1.9167
  85.000       1.8812
  88.000       1.8582
  89.000       1.9338
  90.000       1.9258
  91.000       2.2970
  93.000       2.1731
  95.000       2.2455
  97.000       2.3810
  98.000       2.3649
  99.000       2.5251
 100.000       2.3899
 101.000       2.2120
 102.000       2.2289
 105.000       2.0958
 107.000       2.0009
 108.000       1.8935
 110.000       1.8242
 111.000       1.8846
 113.000       1.8498
 115.000       1.7478
 116.000       1.7449
 117.000       1.6964
 119.000       1.7356
 120.000       1.7346
 121.000       2.0440
 123.000       1.9395
 125.000       1.9991
 127.000       2.1429
 128.000       2.1858
 129.000       2.3378
 130.000       2.2442
 131.000       2.0641
 132.000       2.0604
 135.000       1.9516
 137.000       1.8468
 138.000       1.7847
 140.000       1.7619
 141.000       1.8363
 143.000       1.8525
 145.000       1.7873
 146.000       1.8361
 147.000       1.7177
 149.000       1.7043
 150.000       1.6891
 151.000       1.9605
 153.000       1.8714
 155.000       1.9064
 157.000       2.0642
 158.000       2.1035
 159.000       2.3047
 160.000       2.1939
 161.000       1.9034
 162.000       1.8846
 165.000       1.7447
 167.000       1.6533
 168.000       1.5887
 170.000       1.5935
 171.000       1.6981
 173.000       1.7446
 174.000       1.6626
 175.000       1.7236
 176.000       1.8635
 179.000       1.7165
 180.000       1.6487
 182.000       1.5788
 183.000       1.5815
 184.000       1.7207
 186.000       1.6467
 188.000       1.7272
 190.000       1.8152
 191.000       1.8820
 192.000       2.0243
 193.000       1.9522
 194.000       1.7974
 195.000       1.8046
 198.000       1.7444
 200.000       1.7104
 201.000       1.6652
 203.000       1.6209
 204.000       1.7067
 206.000       1.7141
 208.000       1.6344
 209.000       1.6860
 210.000       1.5860
 212.000       1.5801
 213.000       1.6236
 214.000       1.7551
 216.000       1.7394
 218.000       1.8198
 220.000       1.8224
 221.000       1.8814
 222.000       2.0173
 223.000       1.9196
 224.000       1.8360
 225.000       1.8778
 228.000       1.8644
 230.000       1.8173
 231.000       1.8483
 233.000       1.8074
 234.000       1.9440
 236.000       1.9401
 238.000       1.7873
 239.000       1.8179
 242.000       1.7515
 243.000       1.7627
 244.000       1.8583
 245.000       1.9035
 247.000       1.9358
 249.000       2.0780
 251.000       1.9504
 252.000       2.0545
 253.000       2.1568
 254.000       2.1675
 255.000       2.0396
 256.000       2.0135
 259.000       2.0346
 261.000       1.9844
 262.000       2.0937
 264.000       2.1246
 265.000       2.2283
 267.000       2.3143
 268.000       2.2862
 269.000       2.4522
 270.000       2.6116
 273.000       2.5787
 274.000       2.5160
 276.000       2.3138
 277.000       2.1971
 278.000       2.2029
 280.000       2.2508
 282.000       2.3943
 284.000       2.3290
 285.000       2.4060
 286.000       2.4798
 287.000       2.5585
 288.000       2.3383
 289.000       2.0382
 292.000       2.0115
 294.000       1.9516
 295.000       1.9349
 297.000       1.8691
 298.000       1.8976
 300.000       1.9008
 301.000       1.8661
 302.000       1.9355
 303.000       2.0145
 306.000       2.0286
 307.000       2.0538
 309.000       1.9772
 310.000       1.8706
 311.000       2.0411
 313.000       2.0121
 315.000       2.1212
 317.000       2.1707
 318.000       2.2154
 319.000       2.4175
 320.000       2.2148
 321.000       2.0963
 322.000       2.1425
 325.000       2.0156
 327.000       1.9171
 328.000       1.7948
 330.000       1.7301
 331.000       1.7928
 333.000       1.7405
 334.000       1.6197
 335.000       1.5365
 336.000       1.5638
 337.000       1.4658
 339.000       1.4877
 340.000       1.4816
 343.000       1.5655
 344.000       1.6200
 345.000       1.9483
 347.000       1.8220
 349.000       1.8395
 351.000       2.0206
 352.000       1.9970
 353.000       2.1405
 354.000       1.9984
 355.000       1.8579
 356.000       1.8698
 359.000       1.7400
 361.000       1.6693
 362.000       1.5509
 364.000       1.5417
 365.000       1.6163
 367.000       1.6016
 368.000       1.5041
 369.000       1.4608
 370.000       1.5087
 373.000       1.3936
 374.000       1.3757
 376.000       1.4127
 377.000       1.4705
 378.000       1.6789
 380.000       1.5464
 382.000       1.5369
 384.000       1.7336
 385.000       1.8227
 386.000       2.1477
 387.000       1.8501
 388.000       1.7800
 389.000       1.9096
 392.000       1.9071
 394.000       1.8430
 395.000       1.8000
 397.000       1.6448
 398.000       1.6304
 400.000       1.4959
 401.000       1.4290
 402.000       1.3454
 403.000       1.3017
 404.000       1.3845
 406.000       1.4729
 407.000       1.5334
 410.000       1.5496
 411.000       1.5261
 412.000       1.8944
 414.000       1.8857
 416.000       2.0601
 418.000       2.0481
 419.000       2.1156
 420.000       2.2927
 421.000       2.1043
 422.000       2.1739
 423.000       2.3430
 426.000       2.4766
 428.000       2.9128
 429.000       3.0498
 431.000       3.4839
 432.000       3.9678
 434.000       4.4231
 435.000       4.3671
 436.000       5.0274
 437.000       5.5771
 440.000       5.4277
 441.000       5.1410
 443.000       4.3386
 444.000       3.9305
 445.000       2.2540
 447.000       2.7236
 449.000       3.1376
 451.000       2.2410
 452.000       2.1263
 453.000       2.5828
 454.000       2.3281
 455.000       1.8986
 456.000       1.9683
 459.000       1.8551
 461.000       1.8081
 462.000       1.7200
 464.000       1.6102
 465.000       1.5935
 467.000       1.5120
 468.000       1.4723
 469.000       1.4171
 470.000       1.3811
 471.000       1.4462
 473.000       1.5186
 474.000       1.5750
 477.000       1.5703
 478.000       1.5394
 479.000       1.7308
 481.000       1.7038
 483.000       1.8462
 485.000       1.7966
 486.000       1.7699
 487.000       1.9138
 488.000       1.7569
 489.000       1.7023
 490.000       1.7370
 493.000       1.7049
 495.000       1.6709
 496.000       1.6196
 498.000       1.5265
 499.000       1.4949
 501.000       1.4305
 502.000       1.4161
 503.000       1.3822
 504.000       1.3552
 505.000       1.4223
 507.000       1.4875
 508.000       1.5434
 511.000       1.5214
 512.000       1.4808
 513.000       1.6505
 515.000       1.6427
 517.000       1.7532
 519.000       1.7258
 520.000       1.7228
 521.000       1.8769
 522.000       1.7149
 523.000       1.6562
 524.000       1.7297
 527.000       1.6974
 529.000       1.6332
 530.000       1.5951
 532.000       1.4964
 533.000       1.4567
 535.000       1.3990
 537.000       1.3780
 538.000       1.3704
 539.000       1.4252
 541.000       1.4859
 542.000       1.5706
 543.000       1.6564
 545.000       1.6448
 547.000       1.7780
 549.000       1.7575
 550.000       1.7794
 551.000       1.9449
 552.000       1.7944
 553.000       1.6926
 554.000       1.7298
 557.000       1.6674
 559.000       1.5740
 560.000       1.5213
 562.000       1.4557
 563.000       1.4818
 565.000       1.4454
 566.000       1.3877
 567.000       1.3645
 568.000       1.3946
 569.000       1.3537
 571.000       1.3654
 572.000       1.3923
 575.000       1.3912
 576.000       1.3975
 577.000       1.6779
 579.000       1.6179
 581.000       1.6950
 583.000       1.7913
 584.000       1.8298
 585.000       1.9961
 586.000       1.8316
 587.000       1.7925
 588.000       1.8350
 591.000       1.7649
 593.000       1.6463
 594.000       1.6385
 596.000       1.5931
 597.000       1.6681
 599.000       1.6331
 600.000       1.5184
 601.000       1.4629
 602.000       1.5029
 605.000       1.4229
 606.000       1.4330
 608.000       1.4693
 609.000       1.5055
 610.000       1.8245
 612.000       1.7657
 614.000       1.8269
 616.000       1.8467
 617.000       1.9449
 618.000       2.0925
 619.000       2.0129
 620.000       1.8801
 621.000       1.8706
 624.000       1.7892
 626.000       1.6797
 627.000       1.6568
 629.000       1.5986
 630.000       1.6399
 632.000       1.5881
 633.000       1.5106
 634.000       1.4658
 635.000       1.4716
 638.000       1.4538
 639.000       1.4698
 641.000       1.5001
 642.000       1.5234
 643.000       1.8544
 645.000       1.7863
 647.000       1.8422
 649.000       1.8962
 650.000       1.8579
 651.000       2.0361
 652.000       1.9845
 653.000       1.8739
 654.000       1.8148
 657.000       1.6922
 659.000       1.6654
 660.000       1.5438
 662.000       1.5199
 663.000       1.6170
 665.000       1.5986
 666.000       1.4707
 667.000       1.4222
 668.000       1.4841
 669.000       1.3360
 671.000       1.3076
 672.000       1.2722
 675.000       1.3533
 676.000       1.4300
 677.000       1.6240
 679.000       1.5264
 681.000       1.5466
 683.000       1.6700
 684.000       1.6347
 685.000       1.7411
 686.000       1.6905
 687.000       1.4953
 688.000       1.4684
 691.000       1.3566
 693.000       1.3431
 694.000       1.2603
 696.000       1.2647
 697.000       1.3440
 699.000       1.3575
 700.000       1.2769
 701.000       1.2819
 702.000       1.3567
 703.000       1.2314
 705.000       1.1872
 706.000       1.1815
 709.000       1.1841
 710.000       1.2253
 711.000       1.2967
 713.000       1.2423
 715.000       1.2850
 717.000       1.3314
 718.000       1.3445
 719.000       1.4504
 720.000       1.4127
 721.000       1.2614
 722.000       1.2656
 725.000       1.2212
 727.000       1.1853
 728.000       1.1754
 730.000       1.1668
 731.000       1.2204
 733.000       1.2473
 734.000       1.2039
 735.000       1.2472
 736.000       1.3369
 737.000       1.2288
 739.000       1.1816
 740.000       1.2111
 743.000       1.1477
 744.000       1.1552
 745.000       1.2425
 747.000       1.2266
 749.000       1.3200
 751.000       1.3463
 752.000       1.4669
 753.000       1.6773
 754.000       1.7150
 755.000       1.3517
 756.000       1.5309
 759.000       1.5709
 761.000       1.6147
 762.000       1.5906
 764.000       1.5225
 765.000       1.5022
 767.000       1.5231
 768.000       1.5424
 769.000       1.6137
 770.000       1.6910
 773.000       1.6765
 774.000       1.6784
 776.000       1.6252
 777.000       1.5476
 778.000       1.4987
 780.000       1.5705
 782.000       1.7507
 784.000       1.5981
 785.000       1.5817
 786.000       1.7702
 787.000       1.5433
 788.000       1.5168
 789.000       1.6025
 792.000       1.5843
 794.000       1.5405
 795.000       1.4913
 797.000       1.3857
 798.000       1.3381
 800.000       1.2867
 802.000       1.2809
 803.000       1.2802
 806.000       1.3244
 807.000       1.3763
 808.000       1.4569
 809.000       1.5624
 811.000       1.5500
 813.000       1.6816
 815.000       1.6717
 816.000       1.6759
 817.000       1.8784
 818.000       1.6279
 819.000       1.5892
 820.000       1.6930
 823.000       1.6366
 825.000       1.5635
 826.000       1.5040
 828.000       1.3799
 829.000       1.3227
 831.000       1.2741
 833.000       1.2840
 834.000       1.3170
 835.000       1.3479
 837.000       1.3962
 838.000       1.5210
 839.000       1.5759
 841.000       1.5485
 843.000       1.7027
 845.000       1.7001
 846.000       1.7099
 847.000       1.8843
 848.000       1.7054
 849.000       1.6198
 850.000       1.6665
 853.000       1.6049
 855.000       1.5370
 856.000       1.4652
 858.000       1.3792
 859.000       1.3828
 861.000       1.3183
 862.000       1.2663
 863.000       1.2131
 864.000       1.2020
 865.000       1.2155
 867.000       1.2632
 868.000       1.2947
 871.000       1.3116
 872.000       1.3086
 873.000       1.5673
 875.000       1.5122
 877.000       1.6062
 879.000       1.6635
 880.000       1.7022
 881.000       1.8505
 882.000       1.7430
 883.000       1.6075
 884.000       1.6629
 887.000       1.5676
 889.000       1.4906
 890.000       1.4302
 892.000       1.3643
 893.000       1.3656
 895.000       1.3156
 896.000       1.2736
 897.000       1.2344
 898.000       1.2271
 899.000       1.2380
 901.000       1.2768
 902.000       1.3018
 905.000       1.3145
 906.000       1.3094
 907.000       1.5759
 909.000       1.5048
 911.000       1.5728
 913.000       1.6865
 914.000       1.7473
 915.000       1.9290
 916.000       1.9035
 917.000       1.8022
 918.000       1.9649
 921.000       1.8219
 923.000       1.7718
 924.000       1.6415
 926.000       1.5949
 927.000       1.6811
 929.000       1.6772
 931.000       1.5798
 932.000       1.6119
 935.000       1.4975
 936.000       1.5060
 937.000       1.4744
 938.000       1.7201
 940.000       1.6190
 942.000       1.6721
 944.000       1.7691
 945.000       1.7781
 946.000       1.8764
 947.000       1.8215
 948.000       1.7168
 949.000       1.5536
 952.000       1.4548
 954.000       1.4189
 955.000       1.3340
 957.000       1.3208
 958.000       1.3989
 960.000       1.4134
 962.000       1.3485
 963.000       1.4020
 966.000       1.2768
 967.000       1.2584
 968.000       1.2277
 969.000       1.4283
 971.000       1.3460
 973.000       1.3588
 975.000       1.4981
 976.000       1.5458
 977.000       1.6698
 978.000       1.6193
 979.000       1.4398
 980.000       1.4198
 983.000       1.3383
 985.000       1.2876
 986.000       1.2344
 988.000       1.2381
 989.000       1.3073
 991.000       1.3547
 993.000       1.3368
 994.000       1.4168
 997.000       1.2800
 998.000       1.2266
 999.000       1.2170
1000.000       1.3415
1002.000       1.2772
1004.000       1.3049
1006.000       1.4247
1007.000       1.4977
1008.000       1.6326
1009.000       1.5751
1010.000       1.4302
1011.000       1.4272
1014.000       1.3979
1016.000       1.3583
1017.000       1.3865
1019.000       1.4218
1020.000       1.4598
1022.000       1.5368
1023.000       1.5463
1024.000       1.6647
1025.000       1.7814
1026.000       1.6964
1028.000       1.6273
1029.000       1.7215
1032.000       1.5249
1033.000       1.4803
1034.000       1.4533
1036.000       1.4509
1038.000       1.4869
1040.000       1.5277
1041.000       1.6557
1042.000       1.7538
1043.000       1.7347
1044.000       1.6581
1045.000       1.6244
1048.000       1.6842
1050.000       1.6952
1051.000       1.8112
1053.000       1.8548
1054.000       1.9713
1056.000       2.0168
1057.000       1.9225
1058.000       1.9516
1059.000       2.0720
1062.000       1.9125
1063.000       1.8376
1065.000       1.7905
1066.000       1.8328
1067.000       1.8187
1069.000       1.8732
1071.000       2.0285
1073.000       1.8924
1074.000       2.0071
1075.000       2.1367
1076.000       2.1122
1077.000       1.9374
1078.000       1.8745
1081.000       1.8318
1083.000       1.9667
1084.000       1.9705
1086.000       2.1644
1087.000       2.2816
1089.000       2.5084
1091.000       2.6284
1092.000       2.8965
1095.000       2.5757
1096.000       2.3427
1097.000       2.3864
1098.000       1.7289
1100.000       1.8439
1102.000       1.8475
1104.000       1.6779
1105.000       1.5965
1106.000       1.6426
1107.000       1.6821
1108.000       1.4888
1109.000       1.4468
1112.000       1.3780
1114.000       1.4527
1115.000       1.4178
1117.000       1.4885
1118.000       1.5503
1120.000       1.6358
1121.000       1.6293
1122.000       1.7364
1123.000       1.8594
1124.000       1.7317
1126.000       1.6410
1127.000       1.6753
1130.000       1.5479
1131.000       1.5428
1132.000       1.3219
1134.000       1.3822
1136.000       1.4512
1138.000       1.3436
1139.000       1.4467
1140.000       1.6310
1141.000       1.8019
1142.000       1.3710
1143.000       1.3533
1146.000       1.2559
1148.000       1.2722
1149.000       1.2372
1151.000       1.2369
1152.000       1.2551
1154.000       1.2852
1155.000       1.2932
1156.000       1.3632
1157.000       1.4409
1160.000       1.3965
1161.000       1.3613
1163.000       1.2991
1164.000       1.2644
1165.000       1.1531
1167.000       1.1748
1169.000       1.2370
1171.000       1.1583
1172.000       1.1367
1173.000       1.2648
1174.000       1.1528
1175.000       1.1282
1176.000       1.2132
1179.000       1.2595
1181.000       1.2799
1182.000       1.3304
1184.000       1.2935
1185.000       1.2203
1187.000       1.2458
1188.000       1.3401
1189.000       1.4533
1190.000       1.4841
1193.000       1.5842
1194.000       1.6070
1196.000       1.5152
1197.000       1.3773
1198.000       1.2620
1200.000       1.3554
1202.000       1.5065
1204.000       1.3420
1205.000       1.3882
1206.000       1.5463
1207.000       1.3872
1208.000       1.4055
1209.000       1.5070
1212.000       1.5361
1214.000       1.5064
1215.000       1.5004
1217.000       1.4052
1218.000       1.3472
1220.000       1.2958
1221.000       1.3251
1222.000       1.3475
1223.000       1.3337
1226.000       1.4450
1227.000       1.5154
1229.000       1.5027
1230.000       1.4012
1231.000       1.5270
1233.000       1.5548
1235.000       1.6959
1237.000       1.6315
1238.000       1.6554
1239.000       1.8227
1240.000       1.6287
1241.000       1.6394
1242.000       1.7325
1245.000       1.7098
1247.000       1.6599
1248.000       1.6195
1250.000       1.5227
1251.000       1.4989
1253.000       1.4322
1255.000       1.3924
1256.000       1.3667
1259.000       1.4309
1260.000       1.4917
1261.000       1.5627
1262.000       1.6816
1264.000       1.6677
1266.000       1.7848
1268.000       1.7775
1269.000       1.7864
1270.000       1.9432
1271.000       1.7516
1272.000       1.7479
1273.000       1.7693
1276.000       1.7381
1278.000       1.6847
1279.000       1.6287
1281.000       1.5255
1282.000       1.4961
1284.000       1.4197
1286.000       1.3781
1287.000       1.3384
1290.000       1.4197
1291.000       1.4910
1292.000       1.5587
1293.000       1.6893
1295.000       1.6699
1297.000       1.7876
1299.000       1.7754
1300.000       1.7683
1301.000       1.9111
1302.000       1.7462
1303.000       1.7010
1304.000       1.7651
1307.000       1.7137
1309.000       1.6419
1310.000       1.5859
1312.000       1.4884
1313.000       1.4608
1315.000       1.3751
1317.000       1.3268
1318.000       1.2804
1321.000       1.3681
1322.000       1.4450
1323.000       1.5019
1324.000       1.6793
1326.000       1.6405
1328.000       1.7374
1330.000       1.7695
1331.000       1.7862
1332.000       1.9277
1333.000       1.7894
1334.000       1.7189
1335.000       1.7624
1338.000       1.7064
1340.000       1.6231
1341.000       1.5591
1343.000       1.4736
1344.000       1.4791
1346.000       1.4073
1347.000       1.3445
1348.000       1.2736
1349.000       1.2502
1350.000       1.2740
1352.000       1.3386
1353.000       1.3726
1356.000       1.3997
1357.000       1.3942
1358.000       1.6847
1360.000       1.6245
1362.000       1.7101
1364.000       1.7896
1365.000       1.8130
1366.000       1.9722
1367.000       1.7998
1368.000       1.7395
1369.000       1.7917
1372.000       1.7195
1374.000       1.6162
1375.000       1.5312
1377.000       1.4435
1378.000       1.4546
1380.000       1.3786
1381.000       1.3012
1382.000       1.2135
1383.000       1.1903
1384.000       1.1979
1386.000       1.2571
1387.000       1.2704
1390.000       1.3346
1391.000       1.3482
1392.000       1.7037
1394.000       1.6099
1396.000       1.6802
1398.000       1.8261
1399.000       1.8781
1400.000       2.0443
1401.000       1.8967
1402.000       1.7765
1403.000       1.8033
1406.000       1.7118
1408.000       1.6167
1409.000       1.5374
1411.000       1.4599
1412.000       1.4939
1414.000       1.4462
1416.000       1.3546
1417.000       1.3329
1420.000       1.3285
1421.000       1.3819
1422.000       1.3961
1423.000       1.6866
1425.000       1.5970
1427.000       1.6695
1429.000       1.7942
1430.000       1.8410
1431.000       2.0000
1432.000       1.8594
1433.000       1.7590
1434.000       1.7968
1437.000       1.7247
1439.000       1.6205
1440.000       1.5762
1442.000       1.5300
1443.000       1.5580
1445.000       1.5551
1446.000       1.5158
1447.000       1.5421
1448.000       1.6144
1451.000       1.5543
1452.000       1.5409
1454.000       1.5234
1455.000       1.5034
1456.000       1.7323
1458.000       1.6531
1460.000       1.7180
1462.000       1.8650
1463.000       1.8834
1464.000       2.1435
1465.000       1.8864
1466.000       1.9215
1467.000       2.1748
1470.000       2.4011
1472.000       2.3667
1473.000       2.4578
1475.000       2.3836
1476.000       2.1986
1478.000       2.3546
1479.000       2.6216
1480.000       2.9767
1481.000       3.1040
1484.000       3.3370
1485.000       3.3883
1487.000       3.0964
1488.000       2.6811
1489.000       2.4866
1491.000       2.4276
1493.000       2.6383
1495.000       2.8776
1496.000       2.6225
1497.000       2.8077
1498.000       2.6714
1499.000       2.4176
1500.000       2.3804
1503.000       2.1942
1505.000       2.0581
1506.000       1.9613
1508.000       1.8824
1509.000       1.9497
1511.000       1.9332
1513.000       1.8443
1514.000       1.8786
1517.000       1.7738
1518.000       1.7897
1519.000       1.7686
1520.000       2.1852
1522.000       2.0663
1524.000       2.1353
1526.000       2.3108
1527.000       2.3950
1528.000       2.5539
1529.000       2.4559
1530.000       2.2806
1531.000       2.2838
1534.000       2.1975
1536.000       2.0548
1537.000       2.0107
1539.000       1.9987
1540.000       2.0910
1542.000       2.1284
1544.000       2.0793
1545.000       2.1625
1548.000       2.0012
1549.000       1.9543
1550.000       1.9281
1551.000       2.2748
1553.000       2.1770
1555.000       2.2410
1557.000       2.4500
1558.000       2.6687
1559.000       2.8528
1560.000       2.7695
1561.000       2.6299
1562.000       2.6640
1565.000       2.6868
1567.000       2.4894
1568.000       2.5854
1570.000       2.5316
1571.000       2.4949
1573.000       2.4892
1574.000       2.5307
1575.000       2.5977
1576.000       2.6150
1579.000       2.7040
1580.000       2.7432
1582.000       2.6843
1583.000       2.5701
1584.000       2.8990
1586.000       2.8715
1588.000       2.9930
1590.000       3.1593
1591.000       3.4128
1592.000       3.6711
1593.000       3.3866
1594.000       3.4566
1595.000       3.6030
1598.000       3.6656
1600.000       3.4249
1601.000       3.4962
1603.000       3.3052
1604.000       3.2100
1606.000       3.1336
1607.000       3.1737
1608.000       3.1789
1609.000       3.1484
1610.000       3.2726
1612.000       3.3560
1613.000       3.4637
1616.000       3.3646
1617.000       3.2697
1618.000       3.8398
1620.000       3.8121
1622.000       4.0292
1624.000       4.1589
1625.000       4.3497
1626.000       4.6889
1627.000       4.1927
1628.000       4.4000
1629.000       4.5233
1632.000       4.6742
1634.000       4.9325
1635.000       4.9512
1637.000       4.9107
1638.000       4.8461
1640.000       4.9018
1641.000       5.0072
1642.000       5.1495
1643.000       5.2060
1646.000       5.2889
1647.000       5.2861
1649.000       5.1615
1650.000       5.0186
1651.000       4.4758
1653.000       4.7308
1655.000       4.9121
1657.000       4.3566
1658.000       4.0325
1659.000       4.0257
1660.000       3.8542
1661.000       4.0454
1662.000       4.2107
1665.000       4.3208
1667.000       4.4798
1668.000       4.4517
1670.000       4.3174
1671.000       4.1482
1673.000       4.1153
1674.000       4.2726
1675.000       4.3721
1676.000       4.3306
1679.000       4.5638
1680.000       4.6562
1682.000       4.5894
1683.000       4.3930
1684.000       4.1001
1686.000       4.2887
1688.000       4.5186
1690.000       4.0446
1691.000       3.7917
1692.000       3.8366
1693.000       3.5347
1694.000       3.8806
1695.000       4.1033
1698.000       4.2223
1700.000       4.3166
1701.000       4.2889
1703.000       4.0876
1704.000       3.8592
1706.000       3.7401
1707.000       3.9113
1708.000       3.9527
1709.000       3.8078
1712.000       4.1859
1713.000       4.3654
1715.000       4.3535
1716.000       4.1231
1717.000       4.0359
1719.000       4.2008
1721.000       4.4661
1723.000       4.0653
1724.000       3.8673
1725.000       4.0757
1726.000       3.8270
1727.000       3.6544
1728.000       3.7338
1731.000       3.5892
1733.000       3.5937
1734.000       3.3780
1736.000       3.2178
1737.000       3.2393
1739.000       3.1162
1741.000       2.9491
1742.000       2.8633
1743.000       2.9382
1745.000       3.0735
1746.000       3.0966
1747.000       3.3137
1749.000       3.2364
1751.000       3.3687
1753.000       3.3296
1754.000       3.1197
1755.000       3.2704
1756.000       3.0378
1757.000       2.9292
1758.000       3.0034
1761.000       2.8544
1763.000       2.8467
1764.000       2.6517
1766.000       2.5130
1767.000       2.5512
1769.000       2.4362
1770.000       2.3038
1771.000       2.1792
1772.000       2.1745
1773.000       2.1084
1775.000       2.1600
1776.000       2.1193
1779.000       2.2928
1780.000       2.3526
1781.000       2.6169
1783.000       2.5407
1785.000       2.6673
1787.000       2.6365
1788.000       2.4935
1789.000       2.6391
1790.000       2.4459
1791.000       2.3275
1792.000       2.3878
1795.000       2.2191
1797.000       2.1883
1798.000       1.9752
1800.000       1.8668
1801.000       1.9592
1803.000       1.8913
1804.000       1.7586
1805.000       1.7134
1806.000       1.7645
1807.000       1.6664
1809.000       1.6362
1810.000       1.6392
1813.000       1.6628
1814.000       1.7341
1815.000       2.0261
1817.000       1.9043
1819.000       1.9808
1821.000       2.0997
1822.000       1.9376
1823.000       2.2299
1824.000       2.0750
1825.000       1.4767
1826.000       1.5218
1829.000       1.2071
1831.000       1.1865
1832.000       1.1342
1834.000       1.1738
1835.000       1.2386
1837.000       1.4681
1839.000       1.6203
1840.000       1.9080
1841.000       1.5898
1843.000       1.4090
1844.000       1.6169
1845.000       1.0575
1847.000       1.1696
1849.000       1.4648
1851.000       1.0905
1852.000       1.1190
1853.000       1.2793
1854.000       1.2063
1855.000       1.0344
1856.000       1.1342
1859.000       1.0896
1861.000       1.0881
1862.000       1.1114
1864.000       1.0982
1865.000       1.0997
1867.000       1.1163
1868.000       1.1260
1869.000       1.1779
1870.000       1.2223
1871.000       1.2243
1873.000       1.2275
1874.000       1.2994
1877.000       1.1875
1878.000       1.1261
1879.000       1.0862
1881.000       1.1298
1883.000       1.2234
1885.000       1.1311
1886.000       1.1436
1887.000       1.2414
1888.000       1.1510
1889.000       1.1550
1890.000       1.2324
1893.000       1.2370
1895.000       1.2126
1896.000       1.2007
1898.000       1.1360
1899.000       1.1117
1901.000       1.0883
1903.000       1.0906
1904.000       1.1138
1907.000       1.1224
1908.000       1.1478
1909.000       1.2214
1910.000       1.2203
1912.000       1.2368
1914.000       1.3399
1916.000       1.2884
1917.000       1.2892
1918.000       1.4183
1919.000       1.2727
1920.000       1.2595
1921.000       1.3236
1924.000       1.3036
1926.000       1.2815
1927.000       1.2559
1929.000       1.1855
1930.000       1.1571
1932.000       1.1245
1934.000       1.1294
1935.000       1.1419
1938.000       1.1702
1939.000       1.1970
1940.000       1.2749
1941.000       1.2785
1943.000       1.2855
1945.000       1.3988
1947.000       1.3584
1948.000       1.4123
1949.000       1.8774
1950.000       1.8726
1951.000       1.4436
1952.000       1.3575
1955.000       1.2654
1957.000       1.2833
1958.000       1.2722
1960.000       1.2255
1961.000       1.2460
1963.000       1.2225
1964.000       1.1870
1965.000       1.2008
1966.000       1.2218
1969.000       1.2620
1970.000       1.2984
1972.000       1.2746
1973.000       1.2101
1974.000       1.2921
1976.000       1.3132
1978.000       1.3883
1980.000       1.3459
1981.000       1.3804
1982.000       1.4911
1983.000       1.3641
1984.000       1.3873
1985.000       1.4645
1988.000       1.4633
1990.000       1.4261
1991.000       1.3897
1993.000       1.2987
1994.000       1.2889
1996.000       1.2324
1997.000       1.2013
1998.000       1.1760
1999.000       1.1598
2002.000       1.2086
2003.000       1.2654
2005.000       1.2906
2006.000       1.2514
2007.000       1.4471
2009.000       1.4394
2011.000       1.5495
2013.000       1.5328
2014.000       1.5322
2015.000       1.4668
2016.000       1.6994
2017.000       1.4941
2018.000       1.5786
2021.000       1.5432
2023.000       1.5734
2024.000       1.5072
2026.000       1.5402
2027.000       1.5470
2029.000       1.6273
2031.000       1.7429
2032.000       1.9031
2033.000       1.7737
2035.000       1.6707
2036.000       1.7897
2037.000       1.4408
2039.000       1.4122
2041.000       1.4220
2043.000       1.4751
2044.000       1.4770
2045.000       1.5760
2046.000       1.5158
2047.000       1.3967
2048.000       1.3906
2051.000       1.3100
2053.000       1.3592
2054.000       1.2878
2056.000       1.3098
2057.000       1.4097
2059.000       1.4566
2061.000       1.4161
2062.000       1.5043
2063.000       1.3695
2065.000       1.3179
2066.000       1.3870
2067.000       1.2397
2069.000       1.2451
2071.000       1.2578
2073.000       1.2263
2074.000       1.2260
2075.000       1.2823
2076.000       1.2893
2077.000       1.1978
2078.000       1.2382
2081.000       1.2410
2083.000       1.2543
2084.000       1.2412
2086.000       1.1909
2087.000       1.1651
2089.000       1.1481
2091.000       1.1550
2092.000       1.1710
2095.000       1.1917
2096.000       1.2108
2097.000       1.2869
2098.000       1.2047
2100.000       1.2430
2102.000       1.3402
2104.000       1.2444
2105.000       1.2302
2106.000       1.3189
2107.000       1.2123
2108.000       1.2234
2109.000       1.2835
2112.000       1.2739
2114.000       1.2721
2115.000       1.2425
2117.000       1.1903
2118.000       1.1680
2120.000       1.1533
2122.000       1.1503
2123.000       1.1666
2126.000       1.1742
2127.000       1.1951
2128.000       1.2513
2129.000       1.2401
2131.000       1.2521
2133.000       1.3493
2135.000       1.2912
2136.000       1.3027
2137.000       1.4206
2138.000       1.3450
2139.000       1.2584
2140.000       1.2985
2143.000       1.2820
2145.000       1.2653
2146.000       1.2569
2148.000       1.2302
2149.000       1.2403
2151.000       1.2587
2153.000       1.2635
2154.000       1.3268
2155.000       1.2589
2157.000       1.2455
2158.000       1.2943
2159.000       1.2890
2161.000       1.3259
2163.000       1.4655
2165.000       1.3466
2166.000       1.4036
2167.000       1.5386
2168.000       1.4554
2169.000       1.3580
2170.000       1.3895
2173.000       1.3890
2175.000       1.3621
2176.000       1.3816
2178.000       1.3295
2179.000       1.3371
2181.000       1.3051
2182.000       1.2740
2183.000       1.2728
2184.000       1.2950
2185.000       1.3030
2187.000       1.3224
2188.000       1.3859
2191.000       1.3228
2192.000       1.2951
2193.000       1.4349
2195.000       1.4498
2197.000       1.6152
2199.000       1.5353
2200.000       1.6173
2201.000       1.8107
2202.000       1.6356
2203.000       1.5894
2204.000       1.7076
2207.000       1.7229
2209.000       1.6894
2210.000       1.6683
2212.000       1.5508
2213.000       1.4790
2215.000       1.4263
2217.000       1.4579
2218.000       1.4827
2221.000       1.5648
2222.000       1.6022
2223.000       1.7463
2224.000       1.7037
2226.000       1.7446
2228.000       1.9359
2230.000       1.8533
2231.000       1.9324
2232.000       2.1456
2233.000       1.8770
2234.000       1.9606
2235.000       2.1025
2238.000       2.1394
2240.000       2.0302
2241.000       2.0759
2243.000       1.9597
2244.000       1.8401
2246.000       1.8092
2247.000       1.9161
2248.000       2.0044
2249.000       1.9866
2252.000       2.1718
2253.000       2.2480
2255.000       2.1846
2256.000       2.0142
2257.000       2.2154
2259.000       2.2481
2261.000       2.4285
2263.000       2.3980
2264.000       2.5243
2265.000       2.7732
2266.000       2.4858
2267.000       2.5084
2268.000       2.7472
2271.000       2.7324
2273.000       2.5446
2274.000       2.5742
2276.000       2.4204
2277.000       2.2728
2279.000       2.2052
2280.000       2.3120
2281.000       2.3629
2282.000       2.3214
2283.000       2.5414
2285.000       2.6601
2286.000       2.8576
2289.000       2.6280
2290.000       2.4466
2291.000       2.8251
2293.000       2.7977
2295.000       2.9881
2297.000       3.0663
2298.000       3.2228
2299.000       3.5008
2300.000       3.1380
2301.000       3.2221
2302.000       3.3950
2305.000       3.3915
2307.000       3.1664
2308.000       3.1465
2310.000       2.9180
2311.000       2.8012
2313.000       2.6338
2315.000       2.5893
2316.000       2.4790
2319.000       2.7081
2320.000       2.8728
2321.000       3.0236
2322.000       3.4691
2324.000       3.4012
2326.000       3.6219
2328.000       3.7560
2329.000       3.9002
2330.000       4.2180
2331.000       3.7769
2332.000       3.8909
2333.000       4.0958
2336.000       4.0969
2338.000       3.8731
2339.000       3.8210
2341.000       3.5570
2342.000       3.4280
2344.000       3.2394
2345.000       3.2495
2346.000       3.1487
2347.000       3.0180
2348.000       3.2694
2350.000       3.4531
2351.000       3.5713
2354.000       3.5542
2355.000       3.4448
2356.000       4.1316
2358.000       4.0620
2360.000       4.3083
2362.000       4.4286
2363.000       4.5291
2364.000       4.8691
2365.000       4.3997
2366.000       4.4367
2367.000       4.6126
2370.000       4.5208
2372.000       4.2574
2373.000       4.1481
2375.000       3.8823
2376.000       3.8200
2378.000       3.6280
2379.000       3.5602
2380.000       3.4233
2381.000       3.3280
2382.000       3.4666
2384.000       3.6057
2385.000       3.6562
2388.000       3.7347
2389.000       3.7082
2390.000       4.5251
2392.000       4.3803
2394.000       4.5851
2396.000       4.8266
2397.000       4.9434
2398.000       5.2964
2399.000       4.8572
2400.000       4.8215
2401.000       4.8672
2404.000       4.8389
2406.000       5.0562
2407.000       4.9892
2409.000       5.0079
2410.000       5.0611
2412.000       5.1528
2413.000       5.1552
2414.000       5.2850
2415.000       5.4294
2418.000       5.3352
2419.000       5.2561
2421.000       5.1273
2422.000       5.0747
2423.000       4.5702
2425.000       4.7248
2427.000       4.8293
2429.000       4.4080
2430.000       4.1025
2431.000       4.0502
2432.000       4.0420
2433.000       4.0608
2434.000       4.1348
2437.000       4.2029
2439.000       4.3920
2440.000       4.3821
2442.000       4.3587
2443.000       4.2704
2445.000       4.3548
2446.000       4.4937
2447.000       4.6743
2448.000       4.7600
2451.000       4.8240
2452.000       4.8012
2454.000       4.6506
2455.000       4.4934
2456.000       4.0079
2458.000       4.1921
2460.000       4.3511
2462.000       3.9044
2463.000       3.6762
2464.000       3.6631
2465.000       3.5104
2466.000       3.7736
2467.000       3.9314
2470.000       4.0679
2472.000       4.1950
2473.000       4.2290
2475.000       4.1336
2476.000       3.9435
2478.000       3.9501
2479.000       4.1616
2480.000       4.3251
2481.000       4.3159
2484.000       4.5562
2485.000       4.6275
2487.000       4.5053
2488.000       4.2674
2489.000       3.9444
2491.000       4.1425
2493.000       4.3605
2495.000       3.9488
2496.000       3.8060
2497.000       4.0358
2498.000       3.7862
2499.000       3.6882
2500.000       3.8292
2503.000       3.7752
2505.000       3.7658
2506.000       3.6406
2508.000       3.4434
2509.000       3.3649
2511.000       3.2067
2513.000       3.1285
2514.000       3.0150
2517.000       3.2270
2518.000       3.3829
2519.000       3.5148
2520.000       3.5632
2522.000       3.5867
2524.000       3.8132
2526.000       3.6230
2527.000       3.4650
2528.000       3.6477
2529.000       3.3102
2530.000       3.3865
2531.000       3.5709
2534.000       3.5320
2536.000       3.4559
2537.000       3.3380
2539.000       3.1086
2540.000       3.0066
2542.000       2.8315
2543.000       2.8137
2544.000       2.6955
2545.000       2.5662
2546.000       2.8004
2548.000       2.9907
2549.000       3.1174
2552.000       3.0906
2553.000       2.9940
2554.000       3.3862
2556.000       3.3692
2558.000       3.6103
2560.000       3.5342
2561.000       3.4300
2562.000       3.6926
2563.000       3.3201
2564.000       3.2518
2565.000       3.3928
2568.000       3.2451
2570.000       3.1040
2571.000       2.9237
2573.000       2.7093
2574.000       2.7212
2576.000       2.6067
2578.000       2.4563
2579.000       2.4256
2580.000       2.4449
2582.000       2.5765
2583.000       2.6476
2584.000       3.0954
2586.000       2.9652
2588.000       3.1605
2590.000       3.2648
2591.000       3.2289
2592.000       3.4790
2593.000       3.1230
2594.000       3.1125
2595.000       3.2596
2598.000       3.1659
2600.000       3.0387
2601.000       2.8917
2603.000       2.6709
2604.000       2.6291
2606.000       2.4568
2608.000       2.3053
2609.000       2.1862
2610.000       2.3650
2612.000       2.5464
2613.000       2.6332
2614.000       3.0327
2616.000       2.9382
2618.000       3.1309
2620.000       3.2012
2621.000       3.1548
2622.000       3.4020
2623.000       3.0428
2624.000       3.0230
2625.000       3.1090
2628.000       2.9726
2630.000       2.8374
2631.000       2.6504
2633.000       2.4429
2634.000       2.4443
2636.000       2.2558
2637.000       2.1135
2638.000       1.9113
2639.000       1.8103
2640.000       1.8776
2642.000       2.0184
2643.000       2.0102
2646.000       2.1991
2647.000       2.2360
2648.000       2.8399
2650.000       2.6943
2652.000       2.8371
2654.000       2.9923
2655.000       2.9310
2656.000       3.1888
2657.000       2.8614
2658.000       2.7353
2659.000       2.7992
2662.000       2.5960
2664.000       2.4801
2665.000       2.2912
2667.000       2.1632
2668.000       2.2012
2670.000       2.1188
2671.000       2.0154
2672.000       1.9783
2673.000       2.0247
2676.000       1.9894
2677.000       2.0184
2679.000       2.0517
2680.000       2.0466
2681.000       2.4184
2683.000       2.2794
2685.000       2.4083
2687.000       2.5283
2688.000       2.4882
2689.000       2.6900
2690.000       2.5806
2691.000       2.2283
2692.000       2.2037
2695.000       2.0351
2697.000       1.9635
2698.000       1.8562
2700.000       1.8353
2701.000       1.9306
2703.000       1.9587
2704.000       1.8710
2705.000       1.9288
2706.000       2.0652
2709.000       1.9336
2710.000       1.8839
2712.000       1.8203
2713.000       1.8068
2714.000       1.9561
2716.000       1.8598
2718.000       1.9318
2720.000       2.0293
2721.000       2.0376
2722.000       2.1806
2723.000       2.1298
2724.000       1.8806
2725.000       1.8488
2728.000       1.7426
2730.000       1.6930
2731.000       1.6401
2733.000       1.6337
2734.000       1.7076
2736.000       1.7044
2737.000       1.6229
2738.000       1.6193
2739.000       1.6864
2742.000       1.5997
2743.000       1.5753
2745.000       1.5658
2746.000       1.5871
2747.000       1.7100
2749.000       1.6533
2751.000       1.6909
2753.000       1.7672
2754.000       1.7950
2755.000       1.9151
2756.000       1.8517
2757.000       1.7178
2758.000       1.7213
2761.000       1.6667
2763.000       1.6554
2764.000       1.6223
2766.000       1.5939
2767.000       1.6325
2769.000       1.6296
2770.000       1.5870
2771.000       1.5973
2772.000       1.6426
2773.000       1.5884
2775.000       1.5706
2776.000       1.5951
2779.000       1.5642
2780.000       1.5680
2781.000       1.6137
2783.000       1.6055
2785.000       1.6740
2787.000       1.6534
2788.000       1.6250
2789.000       1.7323
2790.000       1.6628
2791.000       1.5341
2792.000       1.5356
2795.000       1.4596
2797.000       1.4770
2798.000       1.4219
2800.000       1.4438
2801.000       1.4982
2803.000       1.5306
2804.000       1.4983
2805.000       1.5426
2806.000       1.6190
2809.000       1.5482
2810.000       1.5019
2812.000       1.4502
2813.000       1.4489
2814.000       1.3920
2816.000       1.3731
2818.000       1.3823
2820.000       1.3856
2821.000       1.3992
2822.000       1.4634
2823.000       1.5118
2824.000       1.3372
2825.000       1.2937
2828.000       1.3009
2830.000       1.3263
2831.000       1.3912
2833.000       1.4633
2834.000       1.4755
2836.000       1.5819
2838.000       1.6821
2839.000       1.8165
2840.000       1.6731
2842.000       1.5749
2843.000       1.6366
2844.000       1.3431
2846.000       1.3967
2848.000       1.4349
2850.000       1.3623
2851.000       1.4380
2852.000       1.5031
2853.000       1.4788
2854.000       1.4875
2855.000       1.5259
2858.000       1.5568
2860.000       1.6121
2861.000       1.6078
2863.000       1.5732
2864.000       1.5764
2866.000       1.5767
2867.000       1.5647
2868.000       1.5862
2869.000       1.6146
2870.000       1.6111
2872.000       1.6286
2873.000       1.6911
2876.000       1.6144
2877.000       1.5732
2878.000       1.5211
2880.000       1.5801
2882.000       1.6842
2884.000       1.5441
2885.000       1.5255
2886.000       1.6081
2887.000       1.5283
2888.000       1.5121
2889.000       1.5740
2892.000       1.5733
2894.000       1.5663
2895.000       1.5380
2897.000       1.4808
2898.000       1.4661
2900.000       1.4682
2901.000       1.4742
2902.000       1.5138
2903.000       1.5609
2906.000       1.5507
2907.000       1.5541
2909.000       1.5327
2910.000       1.4836
2911.000       1.5462
2913.000       1.5561
2915.000       1.6724
2917.000       1.6475
2918.000       1.6863
2919.000       1.8628
2920.000       1.6861
2921.000       1.6527
2922.000       1.7290
2925.000       1.7074
2927.000       1.6410
2928.000       1.6238
2930.000       1.5560
2931.000       1.5391
2933.000       1.5352
2934.000       1.5438
2935.000       1.5948
2936.000       1.6430
2937.000       1.6459
2939.000       1.6486
2940.000       1.7349
2943.000       1.6147
2944.000       1.5581
2945.000       1.7210
2947.000       1.7086
2949.000       1.8334
2951.000       1.8581
2952.000       1.9538
2953.000       2.1499
2954.000       1.9555
2955.000       1.9390
2956.000       2.0223
2959.000       2.0167
2961.000       1.9057
2962.000       1.9244
2964.000       1.8553
2965.000       1.8073
2967.000       1.7956
2969.000       1.8357
2970.000       1.8780
2973.000       1.8862
2974.000       1.8955
2975.000       1.9852
2976.000       2.0940
2978.000       2.0777
2980.000       2.2089
2982.000       2.2733
2983.000       2.4310
2984.000       2.6403
2985.000       2.4254
2986.000       2.4510
2987.000       2.5494
2990.000       2.5758
2992.000       2.4222
2993.000       2.4679
2995.000       2.3695
2996.000       2.2795
2998.000       2.2281
3000.000       2.2766
3001.000       2.2754
3004.000       2.3713
3005.000       2.4155
3006.000       2.5384
3007.000       2.6945
3009.000       2.6770
3011.000       2.8228
3013.000       2.9184
3014.000       3.0994
3015.000       3.3506
3016.000       3.0597
3017.000       3.1201
3018.000       3.2551
3021.000       3.2842
3023.000       3.0869
3024.000       3.1267
3026.000       2.9867
3027.000       2.8876
3029.000       2.8325
3030.000       2.9005
3031.000       2.9447
3032.000       2.9325
3033.000       3.0778
3035.000       3.1627
3036.000       3.3339
3039.000       3.1350
3040.000       2.9972
3041.000       3.4154
3043.000       3.3854
3045.000       3.5635
3047.000       3.6770
3048.000       3.8813
3049.000       4.1851
3050.000       3.8051
3051.000       3.9344
3052.000       4.1202
3055.000       4.1941
3057.000       3.9634
3058.000       4.0524
3060.000       3.8617
3061.000       3.7264
3063.000       3.6671
3064.000       3.7657
3065.000       3.8624
3066.000       3.8696
3069.000       4.0580
3070.000       4.1536
3072.000       4.0896
3073.000       3.8869
3074.000       4.3742
3076.000       4.3611
3078.000       4.6641
3080.000       4.6928
