   2.000      10.2795
   3.000      10.4990
   6.000       9.9823
   8.000       9.9216
   9.000       9.3413
  11.000       9.0122
  12.000       9.0345
  14.000       8.9713
  16.000       8.8675
  17.000       8.9980
  20.000       8.8933
  21.000       8.9662
  22.000       9.2151
  23.000       9.2683
  25.000       8.9654
  27.000       9.3628
  29.000       9.6035
  30.000       9.4775
  31.000      10.3003
  32.000       9.3839
  33.000       8.8750
  34.000       8.6885
  37.000       8.4655
  39.000       8.8162
  40.000       8.8613
  42.000       9.3102
  43.000       9.5214
  45.000      10.1382
  47.000      10.5989
  48.000      11.3044
  49.000      10.3942
  51.000       9.7825
  52.000       9.8798
  53.000       8.2391
  55.000       8.5443
  57.000       8.9938
  59.000       8.3672
  60.000       8.0975
  61.000       8.7496
  62.000       8.3035
  63.000       7.1943
  64.000       7.2442
  67.000       6.6190
  69.000       6.4426
  70.000       6.0316
  72.000       6.0133
  73.000       6.1676
  75.000       6.5222
  77.000       6.7627
  78.000       7.3484
  79.000       6.6189
  81.000       6.2684
  82.000       6.5189
  83.000       6.1337
  85.000       5.8135
  87.000       6.1215
  89.000       6.3681
  90.000       6.1424
  91.000       6.8436
  92.000       5.9554
  93.000       5.6452
  94.000       6.0211
  97.000       5.6962
  99.000       5.4651
 100.000       5.0633
 102.000       4.6839
 103.000       4.4910
 105.000       4.4946
 106.000       4.6915
 107.000       5.1035
 108.000       5.3380
 109.000       5.5547
 111.000       5.6430
 112.000       6.3179
 115.000       5.3196
 116.000       4.8195
 117.000       5.2919
 119.000       5.0274
 121.000       5.5206
 123.000       5.7491
 124.000       5.6062
 125.000       6.4051
 126.000       5.2671
 127.000       5.2057
 128.000       5.6835
 131.000       5.4307
 133.000       5.1222
 134.000       4.8210
 136.000       4.2799
 137.000       3.9010
 139.000       3.6462
 141.000       3.8276
 142.000       3.9021
 145.000       4.2425
 146.000       4.4495
 147.000       5.0184
 148.000       5.0602
 150.000       4.8791
 152.000       5.4817
 154.000       5.5629
 155.000       5.5172
 156.000       6.2195
 157.000       5.2124
 158.000       5.2651
 159.000       5.6962
 162.000       5.5774
 164.000       5.2757
 165.000       5.0640
 167.000       4.5915
 168.000       4.2416
 170.000       3.9616
 172.000       4.0431
 173.000       3.9953
 174.000       4.4330
 176.000       4.7099
 177.000       5.2002
 178.000       5.4130
 180.000       5.2124
 182.000       5.7029
 184.000       5.9731
 185.000       6.1037
 186.000       6.7863
 187.000       5.6799
 188.000       6.1131
 189.000       6.6449
 192.000       6.6335
 194.000       6.2355
 195.000       5.9766
 197.000       5.4037
 198.000       5.1203
 200.000       4.6972
 201.000       4.6964
 202.000       4.4455
 203.000       4.1467
 204.000       4.7174
 206.000       5.1697
 207.000       5.4920
 210.000       5.4088
 211.000       5.1492
 212.000       6.5960
 214.000       6.3422
 216.000       6.8101
 218.000       7.1970
 219.000       7.4155
 220.000       8.0345
 221.000       6.9765
 222.000       7.5733
 223.000       7.8162
 226.000       8.1406
 228.000       8.5870
 229.000       8.7083
 231.000       8.9249
 232.000       9.0587
 234.000       9.3261
 235.000       9.4263
 236.000       9.8550
 237.000      10.1542
 240.000      10.1467
 241.000       9.9655
 243.000       9.4805
 244.000       9.2283
 245.000       7.9228
 247.000       8.2351
 249.000       8.5313
 251.000       8.1311
 252.000       7.7967
 253.000       8.2151
 254.000       7.5941
 255.000       7.3082
 256.000       7.5100
 259.000       7.0173
 261.000       6.6384
 262.000       6.0358
 264.000       5.6892
 265.000       5.9258
 267.000       5.6118
 268.000       5.0851
 269.000       4.6269
 270.000       4.6275
 271.000       4.2536
 273.000       4.3387
 274.000       4.0729
 277.000       4.7903
 278.000       5.1322
 279.000       6.6305
 281.000       6.0859
 283.000       6.2489
 285.000       6.9576
 286.000       6.9594
 287.000       7.3854
 288.000       7.1511
 289.000       6.3022
 290.000       6.1191
 293.000       5.5191
 295.000       5.1605
 296.000       4.7751
 298.000       4.8607
 299.000       5.2958
 301.000       5.3473
 302.000       4.9201
 303.000       4.8746
 304.000       5.1932
 305.000       4.5313
 307.000       4.2394
 308.000       4.0648
 311.000       4.2611
 312.000       4.6149
 313.000       5.4346
 315.000       4.8854
 317.000       4.6866
 319.000       5.6508
 320.000       5.8353
 321.000       6.1701
 322.000       6.1360
 323.000       5.3667
 324.000       5.1688
 327.000       4.8278
 329.000       4.5523
 330.000       4.4746
 332.000       4.5811
 333.000       4.8545
 335.000       5.0935
 337.000       5.0877
 338.000       5.4028
 339.000       4.8229
 341.000       4.5677
 342.000       4.4771
 343.000       4.9713
 345.000       4.7056
 347.000       4.6563
 349.000       5.2074
 350.000       5.3831
 351.000       5.8240
 352.000       5.4593
 353.000       5.0640
 354.000       5.1514
 357.000       4.9436
 359.000       4.6325
 360.000       4.5593
 362.000       4.4536
 363.000       4.5912
 365.000       4.6319
 366.000       4.5025
 367.000       4.6494
 368.000       4.8994
 369.000       4.6771
 371.000       4.5867
 372.000       4.8158
 375.000       4.4561
 376.000       4.4037
 377.000       4.9732
 379.000       4.7710
 381.000       4.9398
 383.000       5.2856
 384.000       5.3894
 385.000       5.8479
 386.000       5.3637
 387.000       5.1183
 388.000       5.2943
 391.000       5.0872
 393.000       4.8120
 394.000       4.6318
 396.000       4.4311
 397.000       4.4497
 399.000       4.4037
 401.000       4.3446
 402.000       4.4424
 405.000       4.3716
 406.000       4.4067
 407.000       4.5738
 408.000       4.9949
 410.000       4.6794
 412.000       4.8349
 414.000       5.3529
 415.000       5.4718
 416.000       6.0651
 417.000       5.5539
 418.000       5.0038
 419.000       4.9932
 422.000       4.6823
 424.000       4.6635
 425.000       4.5471
 427.000       4.6286
 428.000       5.1913
 430.000       5.3041
 431.000       4.7710
 432.000       4.7981
 433.000       5.1580
 436.000       4.7781
 437.000       4.7154
 439.000       4.4846
 440.000       4.4778
 441.000       4.4349
 443.000       4.3290
 445.000       4.4595
 447.000       4.5534
 448.000       4.5300
 449.000       4.9578
 450.000       4.5227
 451.000       4.2946
 452.000       4.4991
 455.000       4.4743
 457.000       4.3994
 458.000       4.3824
 460.000       4.1903
 461.000       3.9928
 463.000       4.0569
 465.000       4.3454
 466.000       4.6300
 469.000       4.5677
 470.000       4.4836
 471.000       4.8681
 472.000       4.3971
 474.000       4.3648
 476.000       4.8160
 478.000       4.5810
 479.000       4.6475
 480.000       5.1275
 481.000       4.7143
 482.000       4.3610
 483.000       4.5354
 486.000       4.4383
 488.000       4.2582
 489.000       4.1342
 491.000       3.8479
 492.000       3.7345
 494.000       3.7763
 495.000       3.9085
 496.000       4.2623
 497.000       4.4908
 500.000       4.6475
 501.000       4.6975
 503.000       4.4102
 504.000       3.9849
 505.000       4.3718
 507.000       4.2006
 509.000       4.6172
 511.000       4.6843
 512.000       4.7976
 513.000       5.3799
 514.000       4.6735
 515.000       4.6327
 516.000       4.9810
 519.000       4.9147
 521.000       4.6596
 522.000       4.5814
 524.000       4.2707
 525.000       4.0003
 527.000       3.9496
 529.000       4.1889
 530.000       4.3736
 533.000       4.4659
 534.000       4.5029
 535.000       4.9297
 536.000       4.7888
 538.000       4.6319
 540.000       5.1016
 542.000       5.3166
 543.000       5.3841
 544.000       6.1287
 545.000       5.2163
 546.000       4.9861
 547.000       5.3119
 550.000       4.9856
 552.000       4.6382
 553.000       4.2565
 555.000       3.8420
 556.000       3.8246
 558.000       3.6010
 559.000       3.4554
 560.000       3.4522
 561.000       3.5021
 564.000       3.6892
 565.000       3.8780
 567.000       3.8666
 568.000       3.6390
 569.000       4.7436
 571.000       4.3903
 573.000       4.7039
 575.000       5.1631
 576.000       5.2000
 577.000       5.8101
 578.000       5.1287
 579.000       4.8247
 580.000       5.0637
 583.000       4.8286
 585.000       4.5555
 586.000       4.3698
 588.000       4.0817
 589.000       4.1192
 591.000       3.9739
 592.000       3.8221
 593.000       3.8283
 594.000       3.8833
 595.000       4.0376
 597.000       4.2231
 598.000       4.6739
 601.000       4.1654
 602.000       3.9456
 603.000       4.7631
 605.000       4.5721
 607.000       4.8591
 609.000       5.1361
 610.000       5.3336
 611.000       5.8311
 612.000       5.3798
 613.000       5.1628
 614.000       5.3760
 617.000       5.4050
 619.000       5.1979
 620.000       5.3298
 622.000       5.0568
 623.000       4.9281
 625.000       4.7891
 627.000       4.7849
 628.000       4.7771
 631.000       5.0085
 632.000       5.1425
 633.000       5.5120
 634.000       5.5641
 636.000       5.6378
 638.000       6.0591
 640.000       5.9685
 641.000       6.3666
 642.000       6.7846
 643.000       6.3406
 644.000       6.5519
 645.000       6.8725
 648.000       7.2041
 650.000       7.0080
 651.000       7.2675
 653.000       6.8850
 654.000       6.7752
 656.000       6.5333
 657.000       6.4683
 658.000       6.3667
 659.000       6.2089
 662.000       6.6072
 663.000       6.9287
 665.000       6.9994
 666.000       6.7373
 667.000       7.5653
 669.000       7.7552
 671.000       8.2869
 673.000       8.0635
 674.000       8.6045
 675.000       8.9941
 676.000       8.4865
 677.000       9.0196
 678.000       9.4674
 681.000       9.9411
 683.000       9.6571
 684.000       9.9454
 686.000       9.4323
 687.000       9.2392
 689.000       8.8644
 690.000       8.7894
 691.000       8.5425
 692.000       8.2419
 695.000       8.7396
 696.000       9.1681
 698.000       9.3995
 699.000       9.1741
 700.000      10.3774
 702.000      10.5670
 704.000      11.2027
 706.000      11.0011
 707.000      11.5857
 708.000      12.0768
 709.000      11.2980
 710.000      12.0788
 711.000      12.6601
 714.000      13.1417
 716.000      12.7371
 717.000      12.9069
 719.000      12.2421
 720.000      12.0061
 722.000      11.4916
 723.000      11.3574
 724.000      10.9243
 725.000      10.5293
 726.000      11.0905
 728.000      11.6263
 729.000      11.8617
 732.000      12.0134
 733.000      11.8432
 734.000      13.5568
 736.000      13.5482
 738.000      14.2491
 740.000      14.3414
