   2.000       3.9062
   3.000       4.0471
   6.000       4.0278
   8.000       3.9954
   9.000       3.8789
  11.000       3.6120
  12.000       3.4641
  14.000       3.2660
  15.000       3.2892
  16.000       3.1813
  17.000       3.0311
  18.000       3.3241
  20.000       3.5391
  21.000       3.6904
  24.000       3.6408
  25.000       3.5074
  26.000       3.8361
  28.000       3.8733
  30.000       4.1648
  32.000       3.9632
  33.000       3.7991
  34.000       3.5879
  35.000       4.0454
  36.000       3.6951
  37.000       3.9013
  40.000       3.8252
  42.000       3.7365
  43.000       3.5655
  45.000       3.2939
  46.000       3.1855
  48.000       2.9592
  49.000       2.9160
  50.000       2.7401
  51.000       2.5672
  52.000       2.8292
  54.000       3.0498
  55.000       3.1479
  58.000       3.2057
  59.000       3.1295
  60.000       3.6156
  62.000       3.5642
  64.000       3.8098
  66.000       3.7516
  67.000       3.6100
  68.000       3.8501
  69.000       3.4734
  70.000       3.4257
  71.000       3.5628
  74.000       3.4131
  76.000       3.3130
  77.000       3.1005
  79.000       2.8675
  80.000       2.8482
  82.000       2.6465
  83.000       2.5163
  84.000       2.3160
  85.000       2.1766
  88.000       2.3089
  89.000       2.4890
  91.000       2.6664
  92.000       2.6662
  93.000       3.2107
  95.000       3.0894
  97.000       3.2542
  99.000       3.3199
 100.000       3.1934
 101.000       3.4190
 102.000       3.1323
 103.000       2.9571
 104.000       3.0126
 107.000       2.8217
 109.000       2.7223
 110.000       2.4983
 112.000       2.3011
 113.000       2.3554
 115.000       2.2053
 117.000       1.9648
 118.000       1.8339
 121.000       1.9219
 122.000       2.0989
 123.000       2.1241
 124.000       2.6179
 126.000       2.4744
 128.000       2.6030
 130.000       2.6999
 131.000       2.5857
 132.000       2.7792
 133.000       2.5747
 134.000       2.3493
 135.000       2.3915
 138.000       2.1904
 140.000       2.1106
 141.000       1.8882
 143.000       1.7479
 144.000       1.8413
 146.000       1.7218
 147.000       1.5107
 148.000       1.3349
 149.000       1.3394
 152.000       1.2273
 153.000       1.3026
 155.000       1.4548
 156.000       1.5410
 157.000       1.9882
 159.000       1.8443
 161.000       1.9450
 163.000       2.0361
 164.000       1.9274
 165.000       2.0690
 166.000       1.9897
 167.000       1.6862
 168.000       1.6731
 171.000       1.4778
 173.000       1.4302
 174.000       1.2456
 176.000       1.1812
 177.000       1.3230
 179.000       1.3289
 181.000       1.1730
 182.000       1.2282
 183.000       1.0346
 185.000       1.0465
 186.000       1.0370
 187.000       1.3164
 189.000       1.1995
 191.000       1.2864
 193.000       1.3528
 194.000       1.3106
 195.000       1.4401
 196.000       1.4170
 197.000       1.1696
 198.000       1.1878
 201.000       1.1191
 203.000       1.0541
 204.000       1.0141
 206.000       0.9694
 207.000       1.0052
 209.000       1.0257
 210.000       0.9879
 211.000       1.0387
 212.000       1.1325
 215.000       1.0576
 216.000       1.0375
 218.000       0.9993
 219.000       0.9614
 220.000       1.1158
 222.000       1.1131
 224.000       1.2587
 226.000       1.2112
 227.000       1.2680
 228.000       1.3878
 229.000       1.3201
 230.000       1.2271
 231.000       1.2429
 234.000       1.2050
 236.000       1.2099
 237.000       1.2023
 239.000       1.2359
 240.000       1.2539
 242.000       1.3245
 244.000       1.3933
 245.000       1.5111
 246.000       1.3907
 248.000       1.3178
 249.000       1.3884
 250.000       1.1838
 252.000       1.1537
 254.000       1.2435
 256.000       1.2296
 257.000       1.3365
 258.000       1.4285
 259.000       1.3918
 260.000       1.3748
 261.000       1.2961
 264.000       1.2855
 266.000       1.3081
 267.000       1.3532
 269.000       1.3110
 270.000       1.3816
 272.000       1.3424
 273.000       1.2467
 274.000       1.2234
 275.000       1.2579
 278.000       1.2239
 279.000       1.2231
 281.000       1.2233
 282.000       1.2369
 283.000       1.2707
 285.000       1.3710
 287.000       1.5410
 289.000       1.3084
 290.000       1.2850
 291.000       1.3601
 292.000       1.2750
 293.000       1.3080
 294.000       1.3065
 297.000       1.2832
 299.000       1.3143
 300.000       1.3155
 302.000       1.3342
 303.000       1.3794
 305.000       1.4267
 306.000       1.4107
 307.000       1.4777
 308.000       1.5595
 311.000       1.5086
 312.000       1.4740
 314.000       1.4069
 315.000       1.3678
 316.000       1.2716
 318.000       1.3137
 320.000       1.3952
 322.000       1.3319
 323.000       1.3178
 324.000       1.2915
 325.000       1.4585
 326.000       1.3621
 327.000       1.3461
 330.000       1.3868
 332.000       1.4401
 333.000       1.4168
 335.000       1.3673
 336.000       1.3900
 338.000       1.4064
 340.000       1.3652
 341.000       1.3959
 342.000       1.3754
 344.000       1.3881
 345.000       1.4762
 346.000       1.3572
 348.000       1.4161
 350.000       1.5441
 352.000       1.4255
 353.000       1.4282
 354.000       1.6076
 355.000       1.4664
 356.000       1.3677
 357.000       1.4546
 360.000       1.4470
 362.000       1.4426
 363.000       1.4614
 365.000       1.4230
 366.000       1.3837
 368.000       1.4475
 370.000       1.5428
 371.000       1.6762
 374.000       1.6022
 375.000       1.5479
 376.000       1.7068
 377.000       1.3950
 379.000       1.4782
 381.000       1.6683
 383.000       1.4808
 384.000       1.4849
 385.000       1.6609
 386.000       1.5038
 387.000       1.4071
 388.000       1.4804
 391.000       1.4329
 393.000       1.3798
 394.000       1.3158
 396.000       1.2170
 397.000       1.2097
 399.000       1.1506
 400.000       1.1107
 401.000       1.0901
 402.000       1.1168
 403.000       1.1042
 405.000       1.1416
 406.000       1.1933
 409.000       1.1802
 410.000       1.1538
 411.000       1.3916
 413.000       1.3685
 415.000       1.5028
 417.000       1.5125
 418.000       1.5426
 419.000       1.7471
 420.000       1.5304
 421.000       1.4817
 422.000       1.5410
 425.000       1.4969
 427.000       1.4117
 428.000       1.3681
 430.000       1.2744
 431.000       1.2602
 433.000       1.2094
 435.000       1.1780
 436.000       1.1834
 439.000       1.2047
 440.000       1.2509
 441.000       1.3196
 442.000       1.5005
 444.000       1.4777
 446.000       1.6020
 448.000       1.6381
 449.000       1.7145
 450.000       1.9217
 451.000       1.7240
 452.000       1.6434
 453.000       1.7089
 456.000       1.6554
 458.000       1.5534
 459.000       1.5139
 461.000       1.4224
 462.000       1.4047
 464.000       1.3361
 465.000       1.3112
 466.000       1.2872
 467.000       1.2741
 468.000       1.3395
 470.000       1.3953
 471.000       1.4692
 474.000       1.4165
 475.000       1.3724
 476.000       1.6726
 478.000       1.6263
 480.000       1.7408
 482.000       1.8099
 483.000       1.8851
 484.000       2.0773
 485.000       1.9023
 486.000       1.8095
 487.000       1.8736
 490.000       1.8217
 492.000       1.7121
 493.000       1.6791
 495.000       1.5782
 496.000       1.5563
 498.000       1.4873
 500.000       1.4347
 501.000       1.4030
 502.000       1.4796
 504.000       1.5494
 505.000       1.6263
 506.000       1.8397
 508.000       1.7917
 510.000       1.9095
 512.000       1.9890
 513.000       2.0476
 514.000       2.2421
 515.000       2.0142
 516.000       1.9981
 517.000       2.0860
 520.000       2.0387
 522.000       1.9269
 523.000       1.8642
 525.000       1.7370
 526.000       1.6993
 528.000       1.5998
 529.000       1.5667
 530.000       1.4921
 531.000       1.4323
 532.000       1.5353
 534.000       1.6343
 535.000       1.6988
 538.000       1.7004
 539.000       1.6596
 540.000       2.0201
 542.000       1.9574
 544.000       2.0779
 546.000       2.1661
 547.000       2.2006
 548.000       2.4068
 549.000       2.1793
 550.000       2.0942
 551.000       2.1670
 554.000       2.0753
 556.000       1.9611
 557.000       1.8571
 559.000       1.7269
 560.000       1.7237
 562.000       1.6296
 563.000       1.5534
 564.000       1.4613
 565.000       1.4320
 566.000       1.4547
 568.000       1.5368
 569.000       1.5611
 572.000       1.6238
 573.000       1.6211
 574.000       2.0301
 576.000       1.9391
 578.000       2.0465
 580.000       2.1656
 581.000       2.1634
 582.000       2.3858
 583.000       2.1318
 584.000       2.0219
 585.000       2.0865
 588.000       1.9593
 590.000       1.8586
 591.000       1.7166
 593.000       1.5972
 594.000       1.6208
 596.000       1.5253
 597.000       1.4135
 598.000       1.3109
 599.000       1.3092
 602.000       1.2724
 603.000       1.3334
 605.000       1.4347
 606.000       1.4632
 607.000       1.8695
 609.000       1.7535
 611.000       1.8331
 613.000       1.9688
 614.000       1.9621
 615.000       2.1308
 616.000       2.0025
 617.000       1.7873
 618.000       1.7796
 621.000       1.6231
 623.000       1.5079
 624.000       1.3987
 626.000       1.3669
 627.000       1.4677
 629.000       1.4680
 631.000       1.3718
 632.000       1.4197
 633.000       1.2810
 635.000       1.2652
 636.000       1.2167
 637.000       1.6054
 639.000       1.4847
 641.000       1.4561
 643.000       1.6170
 644.000       1.7797
 645.000       1.9497
 646.000       1.8285
 647.000       1.7899
 648.000       1.8857
 651.000       1.8955
 653.000       1.7619
 654.000       1.7854
 656.000       1.5456
 657.000       1.4853
 659.000       1.3534
 660.000       1.3342
 661.000       1.3143
 662.000       1.2886
 665.000       1.4116
 666.000       1.5041
 668.000       1.5393
 669.000       1.4524
 670.000       1.9843
 672.000       2.0844
 674.000       2.4697
 676.000       2.0557
 677.000       2.1965
 678.000       2.3201
 679.000       2.4367
 680.000       2.2061
 681.000       2.2576
 684.000       2.3119
 686.000       2.4876
 687.000       2.4876
 689.000       2.6424
 690.000       2.6425
 692.000       2.8373
 694.000       3.0600
 695.000       3.2963
 696.000       3.0818
 698.000       2.8890
 699.000       3.0211
 700.000       2.1825
 702.000       2.2794
 704.000       2.3268
 706.000       2.2350
 707.000       2.1660
 708.000       2.3302
 709.000       2.1925
 710.000       1.9735
 711.000       1.9771
 714.000       1.8099
 716.000       1.6948
 717.000       1.5549
 719.000       1.5053
 720.000       1.6055
 722.000       1.5550
 723.000       1.4043
 724.000       1.3222
 725.000       1.3667
 726.000       1.2320
 728.000       1.2127
 729.000       1.1704
 732.000       1.2886
 733.000       1.3780
 734.000       1.7410
 736.000       1.5842
 738.000       1.6204
 740.000       1.8519
 741.000       1.8798
 742.000       2.0460
 743.000       1.9519
 744.000       1.6931
 745.000       1.6589
 748.000       1.5028
 750.000       1.4022
 751.000       1.3119
 753.000       1.3059
 754.000       1.4224
 756.000       1.4238
 757.000       1.2893
 758.000       1.2688
 759.000       1.3660
 760.000       1.1853
 762.000       1.1236
 763.000       1.1080
 766.000       1.1409
 767.000       1.2183
 768.000       1.4885
 770.000       1.3560
 772.000       1.3795
 774.000       1.5787
 775.000       1.5924
 776.000       1.7026
 777.000       1.5767
 778.000       1.6687
 779.000       1.7812
 782.000       1.7706
 784.000       1.7288
 785.000       1.6881
 787.000       1.5619
 788.000       1.4980
 790.000       1.4239
 792.000       1.4086
 793.000       1.3772
 796.000       1.4783
 797.000       1.5572
 798.000       1.6640
 799.000       1.7156
 801.000       1.7255
 803.000       1.8912
 805.000       1.8347
 806.000       1.8274
 807.000       2.0360
 808.000       1.7411
 809.000       1.7849
 810.000       1.9101
 813.000       1.8709
 815.000       1.8003
 816.000       1.7395
 818.000       1.6072
 819.000       1.5526
 821.000       1.4534
 822.000       1.4489
 823.000       1.4121
 824.000       1.3609
 827.000       1.4794
 828.000       1.5654
 830.000       1.6062
 831.000       1.5454
 832.000       1.8073
 834.000       1.7826
 836.000       1.9338
 838.000       1.9244
 839.000       1.9154
 840.000       2.0895
 841.000       1.8858
 842.000       1.8375
 843.000       1.9122
 846.000       1.8382
 848.000       1.7655
 849.000       1.6770
 851.000       1.5623
 852.000       1.5593
 854.000       1.4701
 856.000       1.3838
 857.000       1.3262
 860.000       1.4087
 861.000       1.4961
 862.000       1.5557
 863.000       1.7618
 865.000       1.7059
 867.000       1.8225
 869.000       1.8584
 870.000       1.8537
 871.000       2.0262
 872.000       1.8643
 873.000       1.7327
 874.000       1.7725
 877.000       1.6741
 879.000       1.6277
 880.000       1.5224
 882.000       1.4371
 883.000       1.4577
 885.000       1.3819
 886.000       1.3100
 887.000       1.2485
 888.000       1.2363
 889.000       1.2512
 891.000       1.3012
 892.000       1.3405
 895.000       1.3529
 896.000       1.3523
 897.000       1.5883
 899.000       1.5223
 901.000       1.6039
 903.000       1.6565
 904.000       1.6557
 905.000       1.8038
 906.000       1.7050
 907.000       1.5363
 908.000       1.5574
 911.000       1.4846
 913.000       1.4321
 914.000       1.3623
 916.000       1.2970
 917.000       1.3314
 919.000       1.3065
 921.000       1.2315
 922.000       1.2364
 925.000       1.2120
 926.000       1.2470
 927.000       1.2824
 928.000       1.4670
 930.000       1.4329
 932.000       1.5354
 934.000       1.5648
 935.000       1.6066
 936.000       1.8259
 937.000       1.7895
 938.000       1.3985
 939.000       1.4039
 942.000       1.3737
 944.000       1.3663
 945.000       1.4846
 947.000       1.5439
 948.000       1.5516
 950.000       1.7620
 951.000       1.8773
 952.000       2.1820
 953.000       2.4082
 956.000       2.3432
 957.000       2.2387
 959.000       1.9751
 960.000       1.7708
 961.000       1.3840
 963.000       1.5335
 965.000       1.7349
 967.000       1.4553
 968.000       1.4882
 969.000       1.6665
 970.000       1.5073
 971.000       1.4416
 972.000       1.5046
 975.000       1.4556
 977.000       1.4330
 978.000       1.3914
 980.000       1.3345
 981.000       1.3326
 983.000       1.3177
 984.000       1.3112
 985.000       1.3492
 986.000       1.3716
 989.000       1.4202
 990.000       1.4508
 992.000       1.4102
 993.000       1.3352
 994.000       1.4000
 996.000       1.4035
 998.000       1.5158
1000.000       1.4814
1001.000       1.5091
1002.000       1.6726
1003.000       1.5700
1004.000       1.4005
1005.000       1.3913
1008.000       1.3139
1010.000       1.2842
1011.000       1.2681
1013.000       1.2467
1014.000       1.2994
1016.000       1.2935
1017.000       1.2255
1018.000       1.2115
1019.000       1.2629
1020.000       1.1741
1022.000       1.1513
1023.000       1.1440
1026.000       1.1652
1027.000       1.1989
1028.000       1.3457
1030.000       1.3277
1032.000       1.4073
1034.000       1.4782
1035.000       1.4045
1036.000       1.6501
1037.000       1.4286
1038.000       1.4210
1039.000       1.4641
1042.000       1.4797
1044.000       1.4803
1045.000       1.4429
1047.000       1.3289
1048.000       1.2902
1050.000       1.2460
1052.000       1.2419
1053.000       1.2700
1056.000       1.2811
1057.000       1.3271
1058.000       1.4317
1059.000       1.5167
1061.000       1.5249
1063.000       1.7097
1065.000       1.6679
1066.000       1.8024
1067.000       1.9783
1068.000       2.1062
1069.000       1.8180
1070.000       2.0305
1073.000       2.2385
1075.000       2.8726
1076.000       3.1548
1078.000       3.8736
1079.000       3.8976
1081.000       4.6742
1083.000       5.4962
1084.000       6.2720
1085.000       5.4631
1087.000       4.7069
1088.000       4.9044
1089.000       2.0207
1091.000       2.6867
1093.000       3.0324
1095.000       2.0676
1096.000       1.8002
1097.000       2.2002
1098.000       2.2594
1099.000       1.6112
1100.000       1.6600
1103.000       1.5608
1105.000       1.3815
1106.000       1.2899
1108.000       1.1346
1109.000       1.1383
1111.000       1.0931
1113.000       1.0128
1114.000       1.0352
1115.000       1.0403
1117.000       1.1037
1118.000       1.2187
1119.000       1.6072
1121.000       1.4459
1123.000       1.5485
1125.000       1.7053
1126.000       1.9396
1127.000       2.1845
1128.000       1.9643
1129.000       1.9980
1130.000       2.0353
1133.000       2.0268
1135.000       1.9326
1136.000       1.8849
1138.000       1.6824
1139.000       1.5821
1141.000       1.4499
1143.000       1.4447
1144.000       1.4540
1147.000       1.5620
1148.000       1.6703
1149.000       1.8356
1150.000       1.9835
1152.000       2.0187
1154.000       2.2809
1156.000       2.1519
1157.000       2.2195
1158.000       2.3851
1159.000       2.3740
1160.000       2.0630
1161.000       2.0460
1164.000       1.8996
1166.000       1.8026
1167.000       1.7027
1169.000       1.6857
1170.000       1.7913
1172.000       1.8349
1174.000       1.7917
1175.000       1.9093
1176.000       1.6996
1178.000       1.6379
1179.000       1.6239
1180.000       1.8664
1182.000       1.7412
1184.000       1.7509
1186.000       1.9561
1187.000       1.9826
1188.000       2.1588
1189.000       2.0149
1190.000       1.8394
1191.000       1.8485
1194.000       1.7242
1196.000       1.6504
1197.000       1.5869
1199.000       1.5487
1200.000       1.6256
1202.000       1.6079
1203.000       1.5152
1204.000       1.5147
1205.000       1.5873
1208.000       1.5077
1209.000       1.4780
1211.000       1.4588
1212.000       1.4831
1213.000       1.6719
1215.000       1.6101
1217.000       1.6717
1219.000       1.7201
1220.000       1.7018
1221.000       1.8240
1222.000       1.7840
1223.000       1.5346
1224.000       1.5000
1227.000       1.4076
1229.000       1.3820
1230.000       1.3272
1232.000       1.3183
1233.000       1.4843
1235.000       1.4903
1237.000       1.3355
1238.000       1.3723
1241.000       1.2236
1242.000       1.2052
1243.000       1.1663
1244.000       1.3933
1246.000       1.3586
1248.000       1.4416
1250.000       1.4885
1251.000       1.4302
1252.000       1.5103
1253.000       1.8074
1254.000       1.3471
1255.000       1.3101
1258.000       1.2869
1260.000       1.3166
1261.000       1.2967
1263.000       1.2743
1264.000       1.2758
1266.000       1.2726
1268.000       1.2621
1269.000       1.2789
1272.000       1.2722
1273.000       1.2804
1274.000       1.3257
1275.000       1.2692
1277.000       1.2975
1279.000       1.3761
1281.000       1.2997
1282.000       1.3154
1283.000       1.4094
1284.000       1.3700
1285.000       1.2727
1286.000       1.2916
1289.000       1.2758
1291.000       1.2845
1292.000       1.2824
1294.000       1.2643
1295.000       1.2674
1297.000       1.2622
1298.000       1.2613
1299.000       1.2856
1300.000       1.3139
1301.000       1.3116
1303.000       1.3134
1304.000       1.3621
1307.000       1.2947
1308.000       1.2670
1309.000       1.2633
1311.000       1.2894
1313.000       1.3596
1315.000       1.2991
1316.000       1.3217
1317.000       1.4195
1318.000       1.3503
1319.000       1.3037
1320.000       1.3503
1323.000       1.3368
1325.000       1.3225
1326.000       1.3279
1328.000       1.3006
1329.000       1.2883
1331.000       1.2789
1332.000       1.2914
1333.000       1.3201
1334.000       1.3379
1335.000       1.3675
1337.000       1.3826
1338.000       1.4498
1341.000       1.3599
1342.000       1.3111
1343.000       1.3343
1345.000       1.3543
1347.000       1.4366
1349.000       1.3934
1350.000       1.4310
1351.000       1.5484
1352.000       1.4573
1353.000       1.4042
1354.000       1.4490
1357.000       1.4500
1359.000       1.4327
1360.000       1.4395
1362.000       1.3767
1363.000       1.3285
1365.000       1.3042
1366.000       1.3462
1367.000       1.3821
1368.000       1.3820
1369.000       1.4595
1371.000       1.4926
1372.000       1.5835
1375.000       1.4672
1376.000       1.3910
1377.000       1.4523
1379.000       1.4818
1381.000       1.5897
1383.000       1.5231
1384.000       1.5391
1385.000       1.6782
1386.000       1.5031
1387.000       1.5344
1388.000       1.6266
1391.000       1.6209
1393.000       1.5683
1394.000       1.5422
1396.000       1.4329
1397.000       1.3712
1399.000       1.2923
1401.000       1.2829
1402.000       1.2421
1405.000       1.3560
1406.000       1.4281
1407.000       1.5228
1408.000       1.5954
1410.000       1.5965
1412.000       1.7289
1414.000       1.6982
1415.000       1.7144
1416.000       1.8780
1417.000       1.6878
1418.000       1.6673
1419.000       1.7529
1422.000       1.7283
1424.000       1.6592
1425.000       1.6115
1427.000       1.5063
1428.000       1.4569
1430.000       1.4035
1431.000       1.4115
1432.000       1.4173
1433.000       1.4144
1436.000       1.4780
1437.000       1.5342
1439.000       1.5441
1440.000       1.4756
1441.000       1.7057
1443.000       1.6784
1445.000       1.8149
1447.000       1.8408
1448.000       1.8558
1449.000       2.0522
1450.000       1.8878
1451.000       1.7025
1452.000       1.7235
1455.000       1.5947
1457.000       1.5071
1458.000       1.3821
1460.000       1.3182
1461.000       1.4005
1463.000       1.3903
1465.000       1.2993
1466.000       1.3393
1469.000       1.2246
1470.000       1.2314
1471.000       1.2211
1472.000       1.5386
1474.000       1.4333
1476.000       1.5002
1478.000       1.6251
1479.000       1.6438
1480.000       1.7971
1481.000       1.6830
1482.000       1.5153
1483.000       1.5219
1486.000       1.3918
1488.000       1.2944
1489.000       1.2101
1491.000       1.1720
1492.000       1.2383
1494.000       1.2533
1496.000       1.2056
1497.000       1.2701
1500.000       1.1535
1501.000       1.1322
1502.000       1.1420
1503.000       1.3809
1505.000       1.2723
1507.000       1.3156
1509.000       1.5006
1510.000       1.5801
1511.000       1.7215
1512.000       1.7247
1513.000       1.5197
1514.000       1.7055
1517.000       1.5675
1519.000       1.6502
1520.000       1.6741
1522.000       1.8070
1523.000       1.9741
1525.000       2.1521
1526.000       2.1077
1527.000       2.3246
1528.000       2.5664
1529.000       2.3331
1531.000       2.1715
1532.000       2.3056
1535.000       1.9537
1536.000       1.9157
1537.000       1.6438
1539.000       1.7567
1541.000       1.9844
1543.000       1.7098
1544.000       1.8208
1545.000       1.9682
1546.000       2.1051
1547.000       1.7761
1548.000       1.8142
1551.000       1.8574
1553.000       1.7677
1554.000       1.8824
1556.000       1.8380
1557.000       1.6939
1559.000       1.7734
1561.000       2.0046
1562.000       2.1844
1563.000       2.1339
1565.000       2.0758
1566.000       2.3165
1567.000       1.9940
1569.000       1.9539
1571.000       2.1168
1573.000       2.1753
1574.000       2.1946
1575.000       2.5502
1576.000       2.2937
1577.000       1.8585
1578.000       1.7677
1581.000       1.7002
1583.000       1.6314
1584.000       1.5301
1586.000       1.4117
1587.000       1.4369
1589.000       1.3805
1590.000       1.2873
1591.000       1.2442
1592.000       1.2767
1595.000       1.2566
1596.000       1.3277
1598.000       1.3664
1599.000       1.3251
1600.000       1.6693
1602.000       1.6235
1604.000       1.7807
1606.000       1.8423
1607.000       1.9147
1608.000       2.1542
1609.000       1.8767
1610.000       1.8422
1611.000       1.9363
1614.000       1.8654
1616.000       1.7162
1617.000       1.6202
1619.000       1.4731
1620.000       1.4346
1622.000       1.3297
1623.000       1.2802
1624.000       1.2130
1625.000       1.1617
1628.000       1.2650
1629.000       1.3711
1631.000       1.4364
1632.000       1.3810
1633.000       1.8706
1635.000       1.7234
1637.000       1.7211
1639.000       1.9108
1640.000       2.0401
1641.000       2.1664
1642.000       2.1422
1643.000       2.0610
1644.000       1.9493
1647.000       1.7887
1649.000       1.6732
1650.000       1.5435
1652.000       1.4167
1653.000       1.4471
1655.000       1.3570
1656.000       1.2436
1657.000       1.1723
1658.000       1.1781
1661.000       1.1795
1662.000       1.2452
1664.000       1.3022
1665.000       1.2937
1666.000       1.7225
1668.000       1.6030
1670.000       1.7036
1672.000       1.8411
1673.000       1.8364
1674.000       2.0827
1675.000       1.8062
1676.000       1.7165
1677.000       1.8156
1680.000       1.7556
1682.000       1.6523
1683.000       1.5986
1685.000       1.4758
1686.000       1.4234
1688.000       1.3647
1690.000       1.3725
1691.000       1.4092
1692.000       1.4771
1694.000       1.5209
1695.000       1.6871
1696.000       1.6977
1698.000       1.6864
1700.000       1.8956
1702.000       1.8455
1703.000       1.8662
1704.000       2.0445
1705.000       1.8165
1706.000       1.8549
1707.000       1.9588
1710.000       1.9318
1712.000       1.8560
1713.000       1.7993
1715.000       1.6662
1716.000       1.6236
1718.000       1.5206
1719.000       1.4931
1720.000       1.4208
1721.000       1.3639
1722.000       1.4644
1724.000       1.5641
1725.000       1.6231
1728.000       1.6320
1729.000       1.5911
1730.000       1.8912
1732.000       1.8636
1734.000       1.9951
1736.000       1.9995
1737.000       1.9906
1738.000       2.1588
1739.000       1.9634
1740.000       1.9024
1741.000       1.9711
1744.000       1.8798
1746.000       1.7837
1747.000       1.6969
1749.000       1.6085
1750.000       1.6311
1752.000       1.5731
1754.000       1.4861
1755.000       1.4702
1756.000       1.4747
1758.000       1.5347
1759.000       1.5563
1760.000       1.8249
1762.000       1.7408
1764.000       1.8231
1766.000       1.9276
1767.000       1.9519
1768.000       2.0972
1769.000       1.9610
1770.000       1.8713
1771.000       1.9060
1774.000       1.8207
1776.000       1.7640
1777.000       1.6878
1779.000       1.6216
1780.000       1.6553
1782.000       1.6075
1784.000       1.5199
1785.000       1.4893
1788.000       1.4963
1789.000       1.5453
1790.000       1.5465
1791.000       1.7719
1793.000       1.7145
1795.000       1.7726
1797.000       1.8291
1798.000       1.8245
1799.000       1.9402
1800.000       1.8771
1801.000       1.7096
1802.000       1.7071
1805.000       1.6234
1807.000       1.5850
1808.000       1.5241
1810.000       1.4860
1811.000       1.5338
1813.000       1.5142
1815.000       1.4388
1816.000       1.4389
1819.000       1.4011
1820.000       1.4261
1821.000       1.4250
1822.000       1.5950
1824.000       1.5594
1826.000       1.6131
1828.000       1.6380
1829.000       1.6573
1830.000       1.7754
1831.000       1.7038
1832.000       1.5853
1833.000       1.6007
1836.000       1.5350
1838.000       1.4784
1839.000       1.4435
1841.000       1.4025
1842.000       1.4356
1844.000       1.4011
1845.000       1.3447
1846.000       1.3131
1847.000       1.3243
1848.000       1.2984
1850.000       1.3107
1851.000       1.3226
1854.000       1.3347
1855.000       1.3491
1856.000       1.5400
1858.000       1.4991
1860.000       1.5568
1862.000       1.6190
1863.000       1.6427
1864.000       1.8063
1865.000       1.6437
1866.000       1.5991
1867.000       1.7839
1870.000       1.6679
1872.000       1.6302
1873.000       1.5955
1875.000       1.5455
1876.000       1.5392
1878.000       1.5322
1879.000       1.5339
1880.000       1.5792
1881.000       1.6180
1884.000       1.6442
1885.000       1.6620
1887.000       1.6218
1888.000       1.5518
1889.000       1.6251
1891.000       1.6208
1893.000       1.7369
1895.000       1.7059
1896.000       1.7384
1897.000       1.9118
1898.000       1.7348
1899.000       1.7022
1900.000       1.7549
1903.000       1.7351
1905.000       1.6788
1906.000       1.6318
1908.000       1.4978
1909.000       1.4303
1911.000       1.3652
1913.000       1.3750
1914.000       1.3912
1917.000       1.4539
1918.000       1.5138
1919.000       1.6543
1920.000       1.6568
1922.000       1.6737
1924.000       1.8660
1926.000       1.7681
1927.000       1.7322
1928.000       1.9065
1929.000       1.7123
1930.000       1.6303
1931.000       1.6985
1934.000       1.6138
1936.000       1.5512
1937.000       1.4402
1939.000       1.3201
1940.000       1.3356
1942.000       1.2640
1944.000       1.1675
1945.000       1.1544
1946.000       1.1634
1948.000       1.2381
1949.000       1.2851
1950.000       1.5167
1952.000       1.4564
1954.000       1.5693
1956.000       1.6027
1957.000       1.5247
1958.000       1.7073
1959.000       1.5022
1960.000       1.3656
1961.000       1.4388
1964.000       1.3138
1966.000       1.2645
1967.000       1.1164
1969.000       1.0038
1970.000       1.0554
1972.000       1.0158
1973.000       0.9105
1974.000       0.8982
1975.000       0.9996
1978.000       0.8785
1979.000       0.8804
1981.000       0.9070
1982.000       0.9088
1983.000       1.1585
1985.000       1.1001
1987.000       1.2834
1989.000       1.2534
1990.000       1.2015
1991.000       1.3916
1992.000       1.2209
1993.000       1.1032
1994.000       1.2071
1997.000       1.1690
1999.000       1.0715
2000.000       1.0372
2002.000       0.9309
2003.000       0.9064
2005.000       0.9124
2007.000       0.9624
2008.000       1.0723
2009.000       0.9861
2011.000       0.9715
2012.000       1.0874
2013.000       1.1541
2015.000       1.1699
2017.000       1.3958
2019.000       1.3436
2020.000       1.4256
2021.000       1.6884
2022.000       1.3697
2023.000       1.4308
2024.000       1.6177
2027.000       1.6477
2029.000       1.4801
2030.000       1.5096
2032.000       1.3590
2033.000       1.2402
2035.000       1.1951
2036.000       1.3007
2037.000       1.4067
2038.000       1.4380
2039.000       1.5642
2041.000       1.6227
2042.000       1.8159
2045.000       1.5590
2046.000       1.3932
2047.000       1.7302
2049.000       1.7374
2051.000       1.9555
2053.000       1.9878
2054.000       2.1472
2055.000       2.4462
2056.000       2.0375
2057.000       2.1929
2058.000       2.3983
2061.000       2.4371
2063.000       2.2087
2064.000       2.2557
2066.000       2.0730
2067.000       1.9319
2069.000       1.8184
2071.000       1.8674
2072.000       1.8507
2073.000       2.0182
2075.000       2.1188
2076.000       2.2981
2077.000       2.5649
2079.000       2.5463
2081.000       2.7814
2083.000       2.8666
2084.000       3.0726
2085.000       3.3809
2086.000       2.9731
2087.000       3.1040
2088.000       3.2904
2091.000       3.2918
2093.000       3.0325
2094.000       3.0464
2096.000       2.8275
2097.000       2.7089
2099.000       2.5381
2101.000       2.5069
2102.000       2.4008
2105.000       2.6475
2106.000       2.8009
2107.000       2.9690
2108.000       3.4185
2110.000       3.3503
2112.000       3.5743
2114.000       3.7399
2115.000       3.9373
2116.000       4.2808
2117.000       3.8227
2118.000       3.9190
2119.000       4.1190
2122.000       4.1032
2124.000       3.8214
2125.000       3.8057
2127.000       3.5312
2128.000       3.4054
2130.000       3.1906
2132.000       3.1120
2133.000       2.9568
2136.000       3.2493
2137.000       3.4537
2138.000       3.6117
2139.000       4.2056
2141.000       4.1046
2143.000       4.3710
2145.000       4.5221
