   2.000       3.3981
   3.000       3.5173
   6.000       3.3959
   8.000       3.3715
   9.000       3.2077
  11.000       3.0193
  12.000       3.0057
  14.000       2.8521
  15.000       2.7577
  16.000       2.6232
  17.000       2.5472
  18.000       2.6304
  20.000       2.7466
  21.000       2.7756
  24.000       2.8698
  25.000       2.8690
  26.000       3.1704
  28.000       3.1467
  30.000       3.3438
  32.000       3.2540
  33.000       3.1164
  34.000       3.3198
  35.000       3.0283
  36.000       2.9428
  37.000       3.0422
  40.000       2.9066
  42.000       2.8318
  43.000       2.6666
  45.000       2.5073
  46.000       2.5206
  48.000       2.4036
  50.000       2.2641
  51.000       2.1821
  54.000       2.2666
  55.000       2.3864
  56.000       2.4272
  57.000       2.7507
  59.000       2.6563
  61.000       2.7838
  63.000       2.8409
  64.000       2.7676
  65.000       2.9485
  66.000       2.7314
  67.000       2.6056
  68.000       2.6551
  71.000       2.5357
  73.000       2.4528
  74.000       2.3274
  76.000       2.1938
  77.000       2.1981
  79.000       2.1057
  81.000       1.9956
  82.000       1.9421
  83.000       2.0098
  85.000       2.1047
  86.000       2.1512
  87.000       2.4359
  89.000       2.3542
  91.000       2.4711
  93.000       2.5342
  94.000       2.5015
  95.000       2.6798
  96.000       2.5048
  97.000       2.3473
  98.000       2.3977
 101.000       2.2916
 103.000       2.1958
 104.000       2.1047
 106.000       2.0026
 107.000       2.0246
 109.000       1.9862
 111.000       1.9111
 112.000       1.9252
 113.000       1.8973
 115.000       1.9462
 116.000       1.9973
 117.000       2.2206
 119.000       2.1552
 121.000       2.2766
 123.000       2.3205
 124.000       2.3206
 125.000       2.4889
 126.000       2.3175
 127.000       2.2107
 128.000       2.2654
 131.000       2.1715
 133.000       2.0792
 134.000       1.9847
 136.000       1.8907
 137.000       1.9227
 139.000       1.8643
 140.000       1.7751
 141.000       1.7172
 142.000       1.7372
 145.000       1.6939
 146.000       1.7273
 148.000       1.7837
 149.000       1.7972
 150.000       2.1241
 152.000       2.0439
 154.000       2.1454
 156.000       2.2303
 157.000       2.2315
 158.000       2.4280
 159.000       2.2434
 160.000       2.0788
 161.000       2.1205
 164.000       1.9734
 166.000       1.8955
 167.000       1.7521
 169.000       1.6535
 170.000       1.7225
 172.000       1.6860
 174.000       1.5751
 175.000       1.5932
 176.000       1.5242
 178.000       1.5577
 179.000       1.5819
 180.000       1.8932
 182.000       1.7741
 184.000       1.8283
 186.000       1.9893
 187.000       1.9680
 188.000       2.2173
 189.000       2.0512
 190.000       1.7069
 191.000       1.7150
 194.000       1.5578
 196.000       1.5134
 197.000       1.4377
 199.000       1.3994
 200.000       1.4412
 202.000       1.4489
 204.000       1.4194
 205.000       1.4942
 208.000       1.4390
 209.000       1.4242
 210.000       1.5379
 211.000       1.4881
 213.000       1.4459
 215.000       1.5484
 217.000       1.5419
 218.000       1.5962
 219.000       1.7368
 220.000       1.7234
 221.000       1.5555
 222.000       1.5096
 225.000       1.5414
 227.000       1.6218
 228.000       1.7912
 230.000       1.7673
 231.000       1.7683
 233.000       1.8080
 234.000       1.8588
 235.000       2.0159
 236.000       2.0981
 239.000       2.1741
 240.000       2.1579
 242.000       1.9952
 243.000       1.8511
 244.000       1.7103
 246.000       1.9143
 248.000       2.2636
 250.000       1.7674
 251.000       1.8397
 252.000       1.9741
 253.000       2.0541
 254.000       1.7099
 255.000       1.6642
 258.000       1.6172
 260.000       1.6195
 261.000       1.6689
 263.000       1.7983
 264.000       1.9216
 266.000       2.1265
 267.000       2.1348
 268.000       2.3861
 269.000       2.6430
 272.000       2.4705
 273.000       2.3274
 275.000       2.0741
 276.000       1.9614
 277.000       1.6515
 279.000       1.6716
 281.000       1.7206
 283.000       1.7051
 284.000       1.7823
 285.000       1.9532
 286.000       1.8923
 287.000       1.6360
 288.000       1.6147
 291.000       1.4944
 293.000       1.4061
 294.000       1.3761
 296.000       1.4459
 297.000       1.5903
 299.000       1.6828
 300.000       1.5999
 301.000       1.7070
 302.000       1.8752
 303.000       1.6816
 305.000       1.5663
 306.000       1.6487
 309.000       1.4500
 310.000       1.4654
 311.000       1.5149
 313.000       1.4123
 315.000       1.3864
 317.000       1.6057
 318.000       1.6965
 319.000       1.8585
 320.000       1.7858
 321.000       1.5779
 322.000       1.5583
 325.000       1.4485
 327.000       1.3507
 328.000       1.3276
 330.000       1.3397
 331.000       1.4444
 333.000       1.4554
 334.000       1.3551
 335.000       1.3531
 336.000       1.4436
 339.000       1.3097
 340.000       1.2556
 342.000       1.2411
 343.000       1.2903
 344.000       1.4954
 346.000       1.4086
 348.000       1.3833
 350.000       1.5915
 351.000       1.7424
 352.000       2.1536
 353.000       2.1191
 354.000       1.4524
 355.000       1.4376
 358.000       1.3610
 360.000       1.3125
 361.000       1.2573
 363.000       1.2111
 364.000       1.2048
 366.000       1.1724
 367.000       1.1627
 368.000       1.1665
 369.000       1.1701
 370.000       1.2045
 372.000       1.2348
 373.000       1.2942
 376.000       1.2329
 377.000       1.1933
 378.000       1.3566
 380.000       1.2933
 382.000       1.3490
 384.000       1.4163
 385.000       1.5564
 386.000       1.7077
 387.000       1.6314
 388.000       1.6231
 389.000       1.6927
 392.000       1.7817
 394.000       1.9522
 395.000       2.0340
 397.000       2.2055
 398.000       2.6501
 400.000       2.9802
 401.000       2.8218
 402.000       3.3650
 403.000       3.7670
 406.000       3.8808
 407.000       3.8852
 409.000       3.2341
 410.000       2.5912
 411.000       1.7352
 413.000       1.9366
 415.000       2.1514
 417.000       1.7138
 418.000       1.6976
 419.000       1.8157
 420.000       1.7760
 421.000       1.5905
 422.000       1.5956
 425.000       1.5446
 427.000       1.5112
 428.000       1.4698
 430.000       1.4023
 431.000       1.3849
 433.000       1.3406
 434.000       1.3246
 435.000       1.3044
 436.000       1.2940
 437.000       1.3376
 439.000       1.3838
 440.000       1.4443
 443.000       1.4063
 444.000       1.3703
 445.000       1.5205
 447.000       1.5032
 449.000       1.6018
 451.000       1.5982
 452.000       1.6406
 453.000       1.7715
 454.000       1.6542
 455.000       1.6060
 456.000       1.6645
 459.000       1.6413
 461.000       1.5889
 462.000       1.5627
 464.000       1.4827
 465.000       1.4480
 467.000       1.3969
 468.000       1.3922
 469.000       1.3619
 470.000       1.3317
 471.000       1.4030
 473.000       1.4638
 474.000       1.5207
 477.000       1.4919
 478.000       1.4527
 479.000       1.6384
 481.000       1.6223
 483.000       1.7192
 485.000       1.7292
 486.000       1.7684
 487.000       1.8972
 488.000       1.7587
 489.000       1.7474
 490.000       1.8282
 493.000       1.7990
 495.000       1.7201
 496.000       1.6762
 498.000       1.5823
 499.000       1.5515
 501.000       1.4858
 502.000       1.4673
 503.000       1.4268
 504.000       1.3970
 505.000       1.4570
 507.000       1.5227
 508.000       1.5764
 511.000       1.5656
 512.000       1.5298
 513.000       1.8009
 515.000       1.7589
 517.000       1.8525
 519.000       1.9148
 520.000       1.9799
 521.000       2.1335
 522.000       2.0076
 523.000       1.9119
 524.000       1.9413
 527.000       1.8737
 529.000       1.7644
 530.000       1.7183
 532.000       1.6742
 533.000       1.7202
 535.000       1.6809
 536.000       1.6047
 537.000       1.5629
 538.000       1.5906
 539.000       1.5215
 541.000       1.5226
 542.000       1.5184
 545.000       1.5661
 546.000       1.6026
 547.000       1.9090
 549.000       1.8251
 551.000       1.8587
 553.000       2.0290
 554.000       2.1427
 555.000       2.3178
 556.000       2.1797
 557.000       2.1208
 558.000       2.1381
 561.000       2.0998
 563.000       1.9788
 564.000       2.0221
 566.000       1.9737
 567.000       2.0481
 569.000       2.0132
 570.000       1.9017
 571.000       1.8410
 572.000       1.8730
 573.000       1.7704
 575.000       1.7600
 576.000       1.7092
 579.000       1.8150
 580.000       1.8812
 581.000       2.2232
 583.000       2.1930
 585.000       2.2927
 587.000       2.2609
 588.000       2.3552
 589.000       2.4793
 590.000       2.4650
 591.000       2.3037
 592.000       2.2686
 595.000       2.1923
 597.000       2.0825
 598.000       2.1033
 600.000       2.0568
 601.000       2.0818
 603.000       2.0450
 604.000       1.9930
 605.000       1.9610
 606.000       1.9665
 609.000       1.9461
 610.000       1.9584
 612.000       1.9862
 613.000       2.0023
 614.000       2.2942
 616.000       2.2560
 618.000       2.3376
 620.000       2.3115
 621.000       2.3829
 622.000       2.5008
 623.000       2.4985
 624.000       2.2432
 625.000       2.1641
 628.000       1.9997
 630.000       2.0178
 631.000       1.9281
 633.000       2.0097
 634.000       2.1582
 636.000       2.2175
 637.000       2.1021
 638.000       2.1150
 639.000       2.2319
 640.000       2.0075
 642.000       1.8943
 643.000       1.8347
 646.000       1.8735
 647.000       1.9781
 648.000       1.9260
 650.000       1.8440
 652.000       1.8052
 654.000       1.9059
 655.000       1.9233
 656.000       1.9704
 657.000       2.0847
 658.000       1.8079
 659.000       1.7089
 662.000       1.6679
 664.000       1.7234
 665.000       1.7548
 667.000       1.8627
 668.000       1.9489
 670.000       2.0752
 672.000       2.1243
 673.000       2.2623
 674.000       2.0452
 676.000       1.9224
 677.000       1.9043
 678.000       1.6910
 680.000       1.7195
 682.000       1.6950
 684.000       1.6588
 685.000       1.6953
 686.000       1.7287
 687.000       1.7774
 688.000       1.6752
 689.000       1.6447
 692.000       1.6492
 694.000       1.6705
 695.000       1.7176
 697.000       1.7656
 698.000       1.7936
 700.000       1.8439
 701.000       1.8465
 702.000       1.9055
 703.000       1.9680
 704.000       1.9121
 706.000       1.8712
 707.000       1.9057
 710.000       1.8174
 711.000       1.8035
 712.000       1.6977
 714.000       1.7291
 716.000       1.7447
 718.000       1.7133
 719.000       1.7874
 720.000       1.9858
 721.000       1.8351
 722.000       1.7327
 723.000       1.8366
 726.000       1.8849
 728.000       1.9391
 729.000       1.9401
 731.000       1.8989
 732.000       1.8862
 734.000       1.8942
 735.000       1.9107
 736.000       1.9666
 737.000       2.0105
 740.000       2.0263
 741.000       2.0377
 743.000       1.9936
 744.000       1.9231
 745.000       1.8511
 747.000       1.9275
 749.000       2.0530
 751.000       1.9044
 752.000       1.8781
 753.000       1.9936
 754.000       1.8569
 755.000       1.8374
 756.000       1.8910
 759.000       1.8742
 761.000       1.8438
 762.000       1.8183
 764.000       1.7563
 765.000       1.7260
 767.000       1.6928
 769.000       1.6936
 770.000       1.6939
 773.000       1.7300
 774.000       1.7610
 775.000       1.8258
 776.000       1.8565
 778.000       1.8438
 780.000       1.9364
 782.000       1.9420
 783.000       1.9770
 784.000       2.1131
 785.000       1.9860
 786.000       1.9110
 787.000       1.9357
 790.000       1.8927
 792.000       1.8536
 793.000       1.8315
 795.000       1.7830
 796.000       1.7643
 798.000       1.7368
 800.000       1.7347
 801.000       1.7473
 802.000       1.7641
 804.000       1.7862
 805.000       1.8409
 806.000       1.8880
 808.000       1.8648
 810.000       1.9317
 812.000       1.9642
 813.000       2.0139
 814.000       2.1277
 815.000       2.0351
 816.000       1.9777
 817.000       2.0128
 820.000       2.0016
 822.000       1.9509
 823.000       1.9418
 825.000       1.8742
 826.000       1.8422
 828.000       1.8012
 829.000       1.8072
 830.000       1.7966
 831.000       1.7696
 832.000       1.8485
 834.000       1.8947
 835.000       1.9520
 838.000       1.9072
 839.000       1.8589
 840.000       2.0220
 842.000       2.0163
 844.000       2.0966
 846.000       2.1286
 847.000       2.1965
 848.000       2.3440
 849.000       2.1816
 850.000       2.1862
 851.000       2.2468
 854.000       2.2457
 856.000       2.1683
 857.000       2.1658
 859.000       2.0892
 860.000       2.0585
 862.000       2.0173
 863.000       2.0164
 864.000       2.0035
 865.000       1.9929
 866.000       2.0341
 868.000       2.0793
 869.000       2.1308
 872.000       2.0959
 873.000       2.0602
 874.000       2.2842
 876.000       2.2688
 878.000       2.3644
 880.000       2.3964
 881.000       2.4463
 882.000       2.5767
 883.000       2.4305
 884.000       2.4121
 885.000       2.4825
 888.000       2.4344
 890.000       2.3170
 891.000       2.2441
 893.000       2.1603
 894.000       2.1840
 896.000       2.1407
 898.000       2.0727
 899.000       2.0550
 902.000       2.0477
 903.000       2.0877
 904.000       2.0841
 905.000       2.4360
 907.000       2.3386
 909.000       2.4090
 911.000       2.5952
 912.000       2.6811
 913.000       2.9387
 914.000       2.8170
 915.000       2.8547
 916.000       2.7518
 919.000       2.6143
 921.000       2.5558
 922.000       2.4103
 924.000       2.3583
 925.000       2.4440
 927.000       2.3904
 928.000       2.2516
 929.000       2.1600
 930.000       2.1879
 931.000       2.0588
 933.000       2.0483
 934.000       1.9727
 937.000       2.1356
 938.000       2.2335
 939.000       2.5385
 941.000       2.4066
 943.000       2.4147
 945.000       2.6023
 946.000       2.5931
 947.000       2.7009
 948.000       2.6770
 949.000       2.4150
 950.000       2.3422
 953.000       2.1930
 955.000       2.1415
 956.000       2.0531
 958.000       2.0972
 959.000       2.2189
 961.000       2.2780
 963.000       2.2101
 964.000       2.2842
 967.000       2.0961
 968.000       2.0355
 969.000       1.9544
 970.000       2.1672
 972.000       2.0488
 974.000       1.9923
 976.000       2.1929
 977.000       2.2612
 978.000       2.4022
 979.000       2.3149
 980.000       2.1611
 981.000       2.0670
 984.000       2.0031
 986.000       1.9872
 987.000       2.0075
 989.000       2.1033
 990.000       2.1858
 992.000       2.2846
 993.000       2.2659
 994.000       2.3703
 995.000       2.5015
 996.000       2.3459
 998.000       2.2364
 999.000       2.2548
1002.000       2.1374
1003.000       2.1549
1004.000       2.0773
1006.000       2.0427
1008.000       1.9793
1010.000       2.0988
1011.000       2.2492
1012.000       2.3439
1013.000       2.3643
1014.000       2.2136
1015.000       2.1729
1018.000       2.1956
1020.000       2.1985
1021.000       2.3288
1023.000       2.3752
1024.000       2.4603
1026.000       2.4995
1027.000       2.4433
1028.000       2.4911
1029.000       2.5878
1032.000       2.4881
1033.000       2.4223
1035.000       2.3621
1036.000       2.3756
1037.000       2.3499
1039.000       2.4233
1041.000       2.5759
1043.000       2.3904
1044.000       2.5189
1045.000       2.6974
1046.000       2.5945
1047.000       2.4195
1048.000       2.3116
1051.000       2.2580
1053.000       2.3959
1054.000       2.4508
1056.000       2.6672
1057.000       2.8518
1059.000       3.0649
1060.000       3.0770
1061.000       3.4028
1062.000       3.6614
1065.000       3.6127
1066.000       3.4755
1068.000       3.0871
1069.000       2.8908
1070.000       2.2024
1072.000       2.3479
1074.000       2.3825
1076.000       2.1406
1077.000       2.0391
1078.000       2.0894
1079.000       2.0907
1080.000       1.9436
1081.000       1.9363
1084.000       1.8584
1086.000       1.9049
1087.000       1.8410
1089.000       1.9307
1090.000       1.9913
1092.000       2.0834
1093.000       2.0836
1094.000       2.1880
1095.000       2.3083
1096.000       2.1835
1098.000       2.0950
1099.000       2.1305
1102.000       2.0004
1103.000       1.9930
1104.000       1.7600
1106.000       1.7651
1108.000       1.7344
1110.000       1.7408
1111.000       1.6764
1112.000       1.8289
1113.000       1.7192
1114.000       1.6184
1115.000       1.6554
1118.000       1.6190
1120.000       1.6886
1121.000       1.6570
1123.000       1.6512
1124.000       1.6597
1126.000       1.6823
1127.000       1.6897
1128.000       1.7426
1129.000       1.7957
1132.000       1.7748
1133.000       1.7558
1135.000       1.7095
1136.000       1.6750
1137.000       1.5242
1139.000       1.5723
1141.000       1.6287
1143.000       1.5022
1144.000       1.4536
1145.000       1.5322
1146.000       1.4453
1147.000       1.4514
1148.000       1.5100
1151.000       1.5488
1153.000       1.5990
1154.000       1.6133
1156.000       1.5673
1157.000       1.5093
1159.000       1.5181
1160.000       1.5820
1161.000       1.6538
1162.000       1.6706
1165.000       1.7571
1166.000       1.7844
1168.000       1.7225
1169.000       1.6179
1170.000       1.5083
1172.000       1.5937
1174.000       1.7188
1176.000       1.5408
1177.000       1.5233
1178.000       1.6301
1179.000       1.5131
1180.000       1.5103
1181.000       1.5882
1184.000       1.5939
1186.000       1.5914
1187.000       1.5656
1189.000       1.4845
1190.000       1.4402
1192.000       1.3976
1194.000       1.3917
1195.000       1.3786
1198.000       1.4389
1199.000       1.4873
1200.000       1.5698
1201.000       1.5522
1203.000       1.5791
1205.000       1.6992
1207.000       1.6185
1208.000       1.6167
1209.000       1.7590
1210.000       1.5936
1211.000       1.5829
1212.000       1.6654
1215.000       1.6397
1217.000       1.6002
1218.000       1.5566
1220.000       1.4647
1221.000       1.4271
1223.000       1.3669
1225.000       1.3421
1226.000       1.3190
1229.000       1.3892
1230.000       1.4496
1231.000       1.5247
1232.000       1.5985
1234.000       1.5909
1236.000       1.7102
1238.000       1.6764
1239.000       1.6808
1240.000       1.8235
1241.000       1.6675
1242.000       1.6296
1243.000       1.6969
1246.000       1.6416
1248.000       1.5891
1249.000       1.5311
1251.000       1.4510
1252.000       1.4386
1254.000       1.3770
1256.000       1.3322
1257.000       1.3039
1260.000       1.3571
1261.000       1.4145
1262.000       1.4616
1263.000       1.5998
1265.000       1.5616
1267.000       1.6470
1269.000       1.6756
1270.000       1.6535
1271.000       1.8038
1272.000       1.6517
1273.000       1.5751
1274.000       1.6193
1277.000       1.5475
1279.000       1.4990
1280.000       1.4391
1282.000       1.3735
1283.000       1.3742
1285.000       1.3155
1287.000       1.2598
1288.000       1.2281
1291.000       1.2708
1292.000       1.3261
1293.000       1.3627
1294.000       1.4949
1296.000       1.4557
1298.000       1.5268
1300.000       1.5525
1301.000       1.5504
1302.000       1.6710
1303.000       1.5730
1304.000       1.4724
1305.000       1.5013
1308.000       1.4327
1310.000       1.3892
1311.000       1.3204
1313.000       1.2698
1314.000       1.2937
1316.000       1.2436
1317.000       1.1795
1318.000       1.1270
1319.000       1.1295
1320.000       1.1114
1322.000       1.1462
1323.000       1.1589
1326.000       1.1932
1327.000       1.2041
1328.000       1.3819
1330.000       1.3295
1332.000       1.3834
1334.000       1.4340
1335.000       1.4373
1336.000       1.5487
1337.000       1.4518
1338.000       1.3737
1339.000       1.3972
1342.000       1.3447
1344.000       1.3038
1345.000       1.2497
1347.000       1.1897
1348.000       1.2045
1350.000       1.1593
1351.000       1.1069
1352.000       1.0646
1353.000       1.0657
1354.000       1.0674
1356.000       1.1022
1357.000       1.1295
1360.000       1.1389
1361.000       1.1348
1362.000       1.3089
1364.000       1.2777
1366.000       1.3579
1368.000       1.3727
1369.000       1.3847
1370.000       1.5057
1371.000       1.4109
1372.000       1.3225
1373.000       1.3564
1376.000       1.3063
1378.000       1.2632
1379.000       1.2143
1381.000       1.1529
1382.000       1.1652
1384.000       1.1362
1386.000       1.0892
1387.000       1.0829
1390.000       1.0847
1391.000       1.1187
1392.000       1.1534
1393.000       1.2752
1395.000       1.2410
1397.000       1.3242
1399.000       1.3585
1400.000       1.4087
1401.000       1.5616
1402.000       1.4511
1403.000       1.3424
1404.000       1.3792
1407.000       1.3508
1409.000       1.2785
1410.000       1.2444
1412.000       1.1491
1413.000       1.1479
1415.000       1.1018
1416.000       1.0602
1417.000       1.0451
1418.000       1.0670
1421.000       1.0679
1422.000       1.1094
1424.000       1.1316
1425.000       1.0975
1426.000       1.3874
1428.000       1.3544
1430.000       1.4809
1432.000       1.5345
1433.000       1.6617
1434.000       1.8473
1435.000       1.6894
1436.000       1.6509
1437.000       1.7142
1440.000       1.7245
1442.000       1.5782
1443.000       1.6047
1445.000       1.4890
1446.000       1.4928
1448.000       1.4546
1449.000       1.4016
1450.000       1.4050
1451.000       1.4761
1454.000       1.4240
1455.000       1.4488
1457.000       1.4631
1458.000       1.4281
1459.000       1.8671
1461.000       1.7841
1463.000       1.9460
1465.000       2.0053
1466.000       2.1253
1467.000       2.3264
1468.000       2.2434
1469.000       2.0566
1470.000       2.1744
1473.000       2.1202
1475.000       2.0908
1476.000       1.9362
1478.000       1.7450
1479.000       1.7777
1481.000       1.6607
1483.000       1.4899
1484.000       1.4230
1487.000       1.4698
1488.000       1.6028
1489.000       1.6472
1490.000       2.0041
1492.000       1.9613
1494.000       2.1551
1496.000       2.1397
1497.000       2.1181
1498.000       2.3458
1499.000       2.0932
1500.000       1.9839
1501.000       2.0722
1504.000       1.9759
1506.000       1.8428
1507.000       1.7514
1509.000       1.6320
1510.000       1.6480
1512.000       1.5834
1514.000       1.5076
1515.000       1.5034
1518.000       1.5097
1519.000       1.5675
1520.000       1.6174
1521.000       1.9625
1523.000       1.8790
1525.000       2.0173
1527.000       2.1440
1528.000       2.2577
1529.000       2.4927
1530.000       2.2452
1531.000       2.2011
1532.000       2.3145
1535.000       2.2955
1537.000       2.1322
1538.000       2.1158
1540.000       1.9720
1541.000       1.9167
1543.000       1.8413
1544.000       1.8430
1545.000       1.8440
1546.000       1.8360
1549.000       1.9206
1550.000       1.9944
1552.000       2.0107
1553.000       1.9257
1554.000       2.3639
1556.000       2.3196
1558.000       2.5023
1560.000       2.5989
1561.000       2.7495
1562.000       3.0245
1563.000       2.6972
1564.000       2.7290
1565.000       2.8790
1568.000       2.8710
1570.000       2.6461
1571.000       2.6346
1573.000       2.4378
1574.000       2.3811
1576.000       2.2844
1577.000       2.2699
1578.000       2.2524
1579.000       2.2506
1580.000       2.3136
1582.000       2.3812
1583.000       2.4679
1586.000       2.4109
1587.000       2.3531
1588.000       2.9513
1590.000       2.8855
1592.000       3.0910
1594.000       3.2380
1595.000       3.3726
1596.000       3.6968
1597.000       3.2684
1598.000       3.3342
1599.000       3.4180
1602.000       3.4882
1604.000       3.7051
1605.000       3.7006
1607.000       3.7035
1608.000       3.7122
1610.000       3.8001
1611.000       3.8520
1612.000       4.0139
1613.000       4.1406
1616.000       4.1182
1617.000       4.0656
1619.000       3.9159
1620.000       3.8051
1621.000       3.2958
1623.000       3.5006
1625.000       3.6526
1627.000       3.2002
1628.000       2.9643
1629.000       3.0045
1630.000       2.9782
1631.000       2.9686
1632.000       3.1214
1635.000       3.1798
1637.000       3.3207
1638.000       3.2779
1640.000       3.1735
1641.000       3.0602
1643.000       3.0571
1644.000       3.1681
1645.000       3.2748
1646.000       3.2942
1649.000       3.4219
1650.000       3.4667
1652.000       3.3924
1653.000       3.2365
1654.000       2.9688
1656.000       3.1290
1658.000       3.3473
1660.000       2.9315
1661.000       2.7297
1662.000       2.8049
1663.000       2.5181
1664.000       2.7980
1665.000       3.0003
1668.000       3.0968
1670.000       3.1678
1671.000       3.1459
1673.000       2.9727
1674.000       2.7847
1676.000       2.7019
1677.000       2.8524
1678.000       2.9270
1679.000       2.8477
1682.000       3.1383
1683.000       3.2641
1685.000       3.2218
1686.000       3.0148
1687.000       2.9408
1689.000       3.0787
1691.000       3.3254
1693.000       3.0026
1694.000       2.8504
1695.000       3.0817
1696.000       2.8913
1697.000       2.6491
1698.000       2.7080
1701.000       2.5672
1703.000       2.5541
1704.000       2.3756
1706.000       2.2433
1707.000       2.2686
1709.000       2.1792
1711.000       2.0473
1712.000       2.0012
1713.000       2.0383
1715.000       2.1385
1716.000       2.1855
1717.000       2.3515
1719.000       2.2798
1721.000       2.4035
1723.000       2.3882
1724.000       2.2487
1725.000       2.4102
1726.000       2.2104
1727.000       2.0835
1728.000       2.1141
1731.000       2.0098
1733.000       1.9976
1734.000       1.8605
1736.000       1.7410
1737.000       1.7454
1739.000       1.6548
1740.000       1.5767
1741.000       1.5060
1742.000       1.4908
1743.000       1.5169
1745.000       1.5852
1746.000       1.6394
1749.000       1.6512
1750.000       1.6399
1751.000       1.8490
1753.000       1.8054
1755.000       1.9346
1757.000       1.8949
1758.000       1.8054
1759.000       1.9726
1760.000       1.7786
1761.000       1.6754
1762.000       1.7601
1765.000       1.6529
1767.000       1.6394
1768.000       1.5195
1770.000       1.4144
1771.000       1.4203
1773.000       1.3452
1774.000       1.2922
1775.000       1.2683
1776.000       1.2729
1777.000       1.3178
1779.000       1.3702
1780.000       1.4682
1783.000       1.3865
1784.000       1.3442
1785.000       1.4883
1787.000       1.4628
1789.000       1.5959
1791.000       1.5170
1792.000       1.4363
1793.000       1.5562
1794.000       1.4872
1795.000       1.3021
1796.000       1.3251
1799.000       1.2411
1801.000       1.2279
1802.000       1.1593
1804.000       1.0977
1805.000       1.1220
1807.000       1.0964
1809.000       1.0356
1810.000       1.0529
1811.000       1.0386
1813.000       1.0727
1814.000       1.1412
1815.000       1.1710
1817.000       1.1582
1819.000       1.2591
1821.000       1.2267
1822.000       1.2556
1823.000       1.3831
1824.000       1.3085
1825.000       1.2015
1826.000       1.2331
1829.000       1.1906
1831.000       1.1655
1832.000       1.1378
1834.000       1.0941
1835.000       1.0941
1837.000       1.0648
1838.000       1.0434
1839.000       1.0380
1840.000       1.0535
1841.000       1.0598
1843.000       1.0834
1844.000       1.1312
1847.000       1.0945
1848.000       1.0688
1849.000       1.1754
1851.000       1.1661
1853.000       1.2381
1855.000       1.2170
1856.000       1.2321
1857.000       1.3135
1858.000       1.2604
1859.000       1.2047
1860.000       1.2399
1863.000       1.2130
1865.000       1.1986
1866.000       1.1569
1868.000       1.1020
1869.000       1.1145
1871.000       1.0910
1873.000       1.0491
1874.000       1.0597
1877.000       1.0519
1878.000       1.0813
1879.000       1.1314
1880.000       1.1723
1882.000       1.1665
1884.000       1.2455
1886.000       1.2194
1887.000       1.1998
1888.000       1.3211
1889.000       1.1906
1890.000       1.1556
1891.000       1.2182
1894.000       1.1979
1896.000       1.1536
1897.000       1.1360
1899.000       1.0765
1900.000       1.0650
1902.000       1.0467
1904.000       1.0408
1905.000       1.0667
1908.000       1.0631
1909.000       1.0797
1910.000       1.1452
1911.000       1.1927
1913.000       1.1894
1915.000       1.3172
1917.000       1.2888
1918.000       1.5092
1919.000       1.6510
1920.000       1.8550
1921.000       1.6705
1922.000       1.7283
1925.000       1.7011
1927.000       1.7143
1928.000       1.6994
1930.000       1.6776
1931.000       1.7072
1933.000       1.7954
1934.000       1.8240
1935.000       2.0300
1936.000       2.1997
1939.000       2.1854
1940.000       2.1441
1942.000       1.9528
1943.000       1.7778
1944.000       1.6462
1946.000       1.6942
1948.000       1.8454
1950.000       1.7181
1951.000       1.7352
1952.000       1.8703
1953.000       1.7405
1954.000       1.7166
1955.000       1.7408
1958.000       1.7061
1960.000       1.7246
1961.000       1.7034
1963.000       1.6702
1964.000       1.6696
1966.000       1.6533
1967.000       1.6422
1968.000       1.6548
1969.000       1.6585
1972.000       1.7081
1973.000       1.7437
1975.000       1.7220
1976.000       1.6643
1977.000       1.7105
1979.000       1.7174
1981.000       1.8195
1983.000       1.7749
1984.000       1.9241
1985.000       2.0412
1986.000       2.3223
1987.000       1.8628
1988.000       1.9637
1991.000       2.0003
1993.000       2.0948
1994.000       2.0376
1996.000       2.1229
1997.000       2.0898
1999.000       2.2246
2001.000       2.4249
2002.000       2.6176
2003.000       2.4743
2005.000       2.3285
2006.000       2.4556
2007.000       1.8713
2009.000       1.8381
2011.000       1.8311
2013.000       1.9992
2014.000       2.1218
2015.000       2.3481
2016.000       2.2318
2017.000       1.9598
2018.000       2.0803
2021.000       1.9026
2023.000       1.8180
2024.000       1.7574
2026.000       1.7787
2027.000       1.8369
2029.000       1.9201
2031.000       1.9672
2032.000       2.1131
2033.000       1.9218
2035.000       1.8242
2036.000       1.8527
2037.000       1.8044
2039.000       1.7448
2041.000       1.7812
2043.000       1.8538
2044.000       1.9396
2045.000       2.1142
2046.000       2.0789
2047.000       1.8266
2048.000       1.7753
2051.000       1.7672
2053.000       1.7881
2054.000       1.8628
2056.000       1.9462
2057.000       1.9965
2059.000       2.1827
2061.000       2.3125
2062.000       2.5604
2065.000       2.2913
2066.000       2.1125
2067.000       2.1951
2068.000       1.8005
2070.000       1.8877
2072.000       1.9856
2074.000       1.8299
2075.000       1.8607
2076.000       1.9418
2077.000       1.8067
2078.000       1.9302
2079.000       2.0481
2082.000       2.0664
2084.000       2.0213
2085.000       2.0016
2087.000       1.9231
2088.000       1.9038
2090.000       1.8423
2092.000       1.8053
2093.000       1.7831
2096.000       1.8423
2097.000       1.9008
2098.000       1.9634
2099.000       2.0459
2101.000       2.0485
2103.000       2.1645
2105.000       2.1407
2106.000       2.1408
2107.000       2.2787
2108.000       2.1306
2109.000       2.0632
2110.000       2.0966
2113.000       2.0158
2115.000       1.9757
2116.000       1.9211
2118.000       1.8808
2119.000       1.9124
2121.000       1.8799
2123.000       1.8105
2124.000       1.8006
2125.000       1.7941
2127.000       1.8254
2128.000       1.8341
2129.000       1.9916
2131.000       1.9550
2133.000       2.0305
2135.000       2.0176
2136.000       2.0657
2137.000       2.1433
2138.000       2.1521
2139.000       2.0116
2140.000       2.0103
2143.000       1.9862
2145.000       1.9511
2146.000       1.9365
2148.000       1.9006
2149.000       1.9339
2151.000       1.9014
2152.000       1.8434
2153.000       1.8129
2154.000       1.8264
2155.000       1.7980
2157.000       1.8057
2158.000       1.8192
2161.000       1.8288
2162.000       1.8452
2163.000       2.0110
2165.000       1.9873
2167.000       2.0694
2169.000       2.0651
2170.000       2.1431
2171.000       2.2675
2172.000       2.1424
2173.000       2.1531
2174.000       2.2714
2177.000       2.2952
2179.000       2.2855
2180.000       2.2275
2182.000       2.0850
2183.000       2.0588
2185.000       1.9899
2187.000       1.9555
2188.000       1.9640
2191.000       1.9966
2192.000       2.0588
2193.000       2.1498
2194.000       2.2382
2196.000       2.2708
2198.000       2.4503
2200.000       2.3567
2201.000       2.2574
2202.000       2.5456
2203.000       2.0978
2204.000       2.1302
2205.000       2.3461
2208.000       2.2724
2210.000       2.1846
2211.000       2.0358
2213.000       1.7763
2214.000       1.6869
2216.000       1.5688
2217.000       1.5718
2218.000       1.6060
2219.000       1.6523
2222.000       1.7383
2223.000       1.8346
2225.000       1.8435
2226.000       1.6982
2227.000       2.0918
2229.000       2.0792
2231.000       2.3746
2233.000       2.2677
2234.000       2.1895
2235.000       2.4901
2236.000       2.0896
2237.000       2.1457
2238.000       2.4215
2241.000       2.4967
2243.000       2.3256
2244.000       2.3902
2246.000       2.1566
2247.000       1.9442
2249.000       1.9610
2250.000       2.1781
2251.000       2.4363
2252.000       2.5462
2253.000       2.7114
2255.000       2.7691
2256.000       3.1195
2259.000       2.5953
2260.000       2.2866
2261.000       2.5443
2263.000       2.6715
2265.000       3.0728
2267.000       2.8513
2268.000       2.9730
2269.000       3.3327
2270.000       2.7852
2271.000       3.0560
2272.000       3.3722
2275.000       3.4711
2277.000       3.2077
2278.000       3.2677
2280.000       3.0104
2281.000       2.8310
2283.000       2.7150
2285.000       2.8044
2286.000       2.8115
2289.000       2.9720
2290.000       3.0678
2291.000       3.2844
2292.000       3.5960
2294.000       3.6359
2296.000       4.0208
2298.000       3.9718
2299.000       4.1873
2300.000       4.5515
2301.000       4.0117
2302.000       4.2934
2303.000       4.6049
2306.000       4.7285
2308.000       4.4684
2309.000       4.5456
2311.000       4.2580
2312.000       4.0006
2314.000       3.8347
2315.000       4.0096
2316.000       4.0322
2317.000       3.8884
2318.000       4.3145
2320.000       4.5316
2321.000       4.8057
2324.000       4.5300
2325.000       4.2665
2326.000       4.8685
2328.000       4.9062
2330.000       5.2460
2332.000       5.2443
2333.000       5.4039
2334.000       5.8158
2335.000       5.1568
2336.000       5.4415
2337.000       5.7644
2340.000       5.8078
2342.000       5.5047
2343.000       5.4868
2345.000       5.0944
2346.000       4.8476
2348.000       4.5851
2349.000       4.6739
2350.000       4.5663
2351.000       4.3522
2352.000       4.7938
2354.000       5.0768
2355.000       5.2951
2358.000       5.1837
2359.000       4.9767
2360.000       5.8621
2362.000       5.8208
2364.000       6.1989
2366.000       6.2515
2367.000       6.3496
2368.000       6.7987
2369.000       6.1025
2370.000       6.3043
2371.000       6.2738
2374.000       6.4231
2376.000       6.8450
2377.000       6.9573
2379.000       7.1111
2380.000       7.0984
2382.000       7.3674
2383.000       7.5804
2384.000       7.9788
2385.000       8.2324
2388.000       8.1969
2389.000       8.0163
2391.000       7.6387
2392.000       7.4308
2393.000       6.1979
2395.000       6.6046
2397.000       6.7112
2399.000       5.9046
2400.000       5.4908
2401.000       5.3188
2402.000       5.3170
2403.000       5.6378
2404.000       5.7919
2407.000       6.0861
2409.000       6.4136
2410.000       6.5320
2412.000       6.4652
2413.000       6.1822
2415.000       6.2787
2416.000       6.6379
2417.000       6.9498
2418.000       6.9655
2421.000       7.3051
2422.000       7.3652
2424.000       7.1196
2425.000       6.7511
2426.000       5.8791
2428.000       6.2948
2430.000       6.5989
2432.000       5.7273
2433.000       5.4153
2434.000       5.3476
2435.000       5.0842
2436.000       5.7017
2437.000       6.0156
2440.000       6.3386
2442.000       6.5598
2443.000       6.6659
2445.000       6.4466
2446.000       6.0494
2448.000       5.9890
2449.000       6.3755
2450.000       6.5742
2451.000       6.4200
2454.000       6.9865
2455.000       7.2017
2457.000       7.0730
2458.000       6.6500
2459.000       6.1543
2461.000       6.5416
2463.000       6.9443
2465.000       6.1356
2466.000       5.9137
2467.000       6.1062
2468.000       5.8881
2469.000       5.6671
2470.000       5.8747
2473.000       5.7493
2475.000       5.7274
2476.000       5.4492
2478.000       5.1024
2479.000       5.0172
2481.000       4.7106
2483.000       4.4850
2484.000       4.2048
2487.000       4.5870
2488.000       4.8998
2489.000       5.0352
2490.000       5.3685
2492.000       5.3257
2494.000       5.6200
2496.000       5.4363
2497.000       5.1017
2498.000       5.3274
2499.000       4.8562
2500.000       4.8836
2501.000       5.0924
2504.000       4.9226
2506.000       4.8446
2507.000       4.5331
2509.000       4.2057
2510.000       4.1609
2512.000       3.8685
2513.000       3.6932
2514.000       3.3870
2515.000       3.1882
2516.000       3.3772
2518.000       3.6351
2519.000       3.6675
2522.000       3.9061
2523.000       3.9171
2524.000       4.5877
2526.000       4.4582
2528.000       4.7127
2530.000       4.7194
2531.000       4.5227
2532.000       4.7777
2533.000       4.4664
2534.000       4.1863
2535.000       4.2468
2538.000       3.9555
2540.000       3.8029
2541.000       3.4901
2543.000       3.3083
2544.000       3.4574
2546.000       3.3791
2548.000       3.1259
2549.000       3.1232
2550.000       2.9714
2552.000       3.0607
2553.000       3.0059
2554.000       3.7224
2556.000       3.4664
2558.000       3.5482
2560.000       3.8693
2561.000       3.7532
2562.000       4.0834
2563.000       3.6587
2564.000       3.4565
2565.000       3.5896
2568.000       3.3377
2570.000       3.1024
2571.000       2.8270
2573.000       2.5493
2574.000       2.6106
2576.000       2.4384
2578.000       2.1526
2579.000       2.0558
2580.000       2.0952
2582.000       2.2986
2583.000       2.3357
2584.000       3.1708
2586.000       2.9428
2588.000       3.1391
2590.000       3.4090
2591.000       3.4021
2592.000       3.7500
2593.000       3.3270
2594.000       3.1612
2595.000       3.2889
2598.000       3.0867
2600.000       2.8336
2601.000       2.6186
2603.000       2.3547
2604.000       2.3698
2606.000       2.1743
2607.000       1.9898
2608.000       1.7967
2609.000       1.7481
2610.000       1.7807
2612.000       1.9469
2613.000       2.0353
2616.000       2.1226
2617.000       2.1199
2618.000       2.9816
2620.000       2.7857
2622.000       2.9964
2624.000       3.2391
2625.000       3.1987
2626.000       3.5601
2627.000       3.0774
2628.000       2.9737
2629.000       3.1898
2632.000       3.0089
2634.000       2.7780
2635.000       2.5671
2637.000       2.2711
2638.000       2.2372
2640.000       2.0636
2641.000       1.9503
2642.000       1.8772
2643.000       1.8945
2646.000       1.9602
2647.000       2.1060
2649.000       2.1916
2650.000       2.0916
2651.000       2.8576
2653.000       2.7062
2655.000       2.9996
2657.000       3.1114
2658.000       3.0707
2659.000       3.4316
2660.000       3.0356
2661.000       2.7718
2662.000       2.8878
2665.000       2.6387
2667.000       2.3895
2668.000       2.1525
2670.000       1.9549
2671.000       2.0264
2673.000       1.9620
2674.000       1.8196
2675.000       1.8450
2676.000       2.0119
2679.000       1.8665
2680.000       1.8547
2682.000       1.8445
2683.000       1.8142
2684.000       2.4884
2686.000       2.2547
2688.000       2.4677
2690.000       2.7412
2691.000       2.7848
2692.000       3.0834
2693.000       2.9633
2694.000       2.5077
2695.000       2.5680
2698.000       2.2256
2700.000       2.0958
2701.000       2.1123
2703.000       2.1081
2704.000       2.2662
2706.000       2.3644
2707.000       2.2739
2708.000       2.4375
2709.000       2.6981
2712.000       2.4592
2713.000       2.3044
2715.000       2.1286
2716.000       2.1169
2717.000       2.2383
2719.000       2.3604
2721.000       2.7977
2723.000       2.3133
2724.000       2.1485
2725.000       2.6365
2726.000       2.1960
2727.000       1.8810
2728.000       1.9326
2731.000       1.7624
2733.000       1.7489
2734.000       1.6245
2736.000       1.5622
2737.000       1.6565
2739.000       1.6409
2740.000       1.5242
2741.000       1.5227
2742.000       1.6171
2743.000       1.4836
2745.000       1.4582
2746.000       1.5052
2749.000       1.4604
2750.000       1.4869
2751.000       1.6012
2753.000       1.5626
2755.000       1.6779
2757.000       1.6394
2758.000       1.6010
2759.000       1.7358
2760.000       1.6418
2761.000       1.4862
2762.000       1.5030
2765.000       1.4250
2767.000       1.3967
2768.000       1.3503
2770.000       1.3356
2771.000       1.4032
2773.000       1.4176
2774.000       1.3522
2775.000       1.3777
2776.000       1.4614
2779.000       1.3771
2780.000       1.3577
2782.000       1.3264
2783.000       1.3157
2784.000       1.3878
2786.000       1.3634
2788.000       1.4144
2790.000       1.4479
2791.000       1.5064
2792.000       1.6388
2793.000       1.5386
2794.000       1.4854
2795.000       1.5400
2798.000       1.5618
2800.000       1.5054
2801.000       1.5363
2803.000       1.4780
2804.000       1.4564
2806.000       1.4735
2808.000       1.5113
2809.000       1.5816
2810.000       1.5357
2812.000       1.5231
2813.000       1.6076
2814.000       1.6184
2816.000       1.6364
2818.000       1.7540
2820.000       1.7332
2821.000       1.8173
2822.000       1.9649
2823.000       1.8037
2824.000       1.8533
2825.000       1.9593
2828.000       2.0183
2830.000       1.9684
2831.000       1.9785
2833.000       1.8551
2834.000       1.7619
2836.000       1.7187
2837.000       1.7826
2838.000       1.8255
2839.000       1.8186
2840.000       1.9420
2842.000       2.0210
2843.000       2.1796
2846.000       1.9998
2847.000       1.8709
2848.000       1.9978
2850.000       2.0578
2852.000       2.2688
2854.000       2.1404
2855.000       2.1921
2856.000       2.4017
2857.000       2.1159
2858.000       2.1907
2859.000       2.3297
2862.000       2.3202
2864.000       2.2015
2865.000       2.1565
2867.000       2.0106
2868.000       1.9492
2870.000       1.8678
2871.000       1.8716
2872.000       1.8578
2873.000       1.8338
2876.000       1.9222
2877.000       1.9993
2879.000       2.0315
2880.000       1.9606
2881.000       2.3196
2883.000       2.2812
2885.000       2.4490
2887.000       2.5055
2888.000       2.5757
2889.000       2.8226
2890.000       2.5053
2891.000       2.5286
2892.000       2.6624
2895.000       2.6060
2897.000       2.4543
2898.000       2.3950
2900.000       2.2570
2901.000       2.2136
2903.000       2.1287
2904.000       2.1200
2905.000       2.0933
2906.000       2.0713
2907.000       2.1584
2909.000       2.2288
2910.000       2.3202
2913.000       2.2566
2914.000       2.1992
2915.000       2.6168
2917.000       2.5416
2919.000       2.6864
2921.000       2.8130
2922.000       2.9240
2923.000       3.1693
2924.000       2.8983
2925.000       2.8632
2926.000       2.9747
2929.000       2.9041
2931.000       2.7219
2932.000       2.6963
2934.000       2.5832
2935.000       2.5543
2937.000       2.4918
2939.000       2.4639
2940.000       2.4535
2943.000       2.5035
2944.000       2.5600
2945.000       2.6391
2946.000       2.9864
2948.000       2.9007
2950.000       3.0213
2952.000       3.2131
2953.000       3.3916
2954.000       3.3991
2955.000       3.6551
2956.000       3.3555
2957.000       3.4682
2960.000       3.4857
2962.000       3.2863
2963.000       3.3623
2965.000       3.2427
2966.000       3.1421
2968.000       3.1206
2970.000       3.2030
2971.000       3.2731
2974.000       3.3111
2975.000       3.3282
2976.000       3.5024
2977.000       3.6352
2979.000       3.6157
2981.000       3.8245
2983.000       3.9064
2984.000       4.1906
2985.000       4.4303
2986.000       4.2980
2987.000       4.2791
2988.000       4.4253
2991.000       4.6556
2993.000       4.5177
2994.000       4.8214
2996.000       4.7622
2997.000       4.6465
2999.000       4.8050
3000.000       5.0127
3001.000       5.3580
3002.000       5.5420
3003.000       5.6365
3005.000       5.6316
3006.000       6.0519
3009.000       5.3401
3010.000       5.0077
3011.000       4.9483
3013.000       5.1252
3015.000       5.5332
3017.000       5.2694
