   2.000       2.4484
   3.000       2.3061
   6.000       2.0974
   8.000       2.0652
   9.000       1.9039
  11.000       1.8336
  12.000       1.9353
  14.000       1.8723
  15.000       1.7069
  16.000       1.6027
  17.000       1.6322
  18.000       1.5129
  20.000       1.5356
  21.000       1.5107
  24.000       1.6271
  25.000       1.6992
  26.000       1.9350
  28.000       1.8421
  30.000       1.9344
  32.000       1.9942
  33.000       1.9759
  34.000       2.1353
  35.000       2.0247
  36.000       1.8321
  37.000       1.8537
  40.000       1.7508
  42.000       1.6912
  43.000       1.5816
  45.000       1.4988
  46.000       1.5558
  48.000       1.5087
  49.000       1.3987
  50.000       1.3370
  51.000       1.3789
  52.000       1.2806
  54.000       1.3012
  55.000       1.3103
  58.000       1.3685
  59.000       1.3997
  60.000       1.6761
  62.000       1.5920
  64.000       1.6920
  66.000       1.7800
  67.000       1.7683
  68.000       1.9548
  69.000       1.7963
  70.000       1.6107
  71.000       1.6379
  74.000       1.4938
  76.000       1.4278
  77.000       1.3101
  79.000       1.2732
  80.000       1.3442
  82.000       1.3359
  83.000       1.2463
  84.000       1.2408
  85.000       1.3204
  88.000       1.2122
  89.000       1.1857
  91.000       1.1857
  92.000       1.2127
  93.000       1.4136
  95.000       1.3075
  97.000       1.3622
  99.000       1.5110
 100.000       1.5594
 101.000       1.7296
 102.000       1.6352
 103.000       1.4487
 104.000       1.4430
 107.000       1.4046
 109.000       1.3888
 110.000       1.3777
 112.000       1.3601
 113.000       1.3939
 115.000       1.4285
 117.000       1.4329
 118.000       1.5102
 119.000       1.4037
 121.000       1.3692
 122.000       1.4090
 123.000       1.4175
 125.000       1.4422
 127.000       1.5543
 129.000       1.4915
 130.000       1.5346
 131.000       1.6707
 132.000       1.6113
 133.000       1.4413
 134.000       1.4586
 137.000       1.4242
 139.000       1.3816
 140.000       1.3994
 142.000       1.3679
 143.000       1.3739
 145.000       1.3845
 147.000       1.3975
 148.000       1.4658
 151.000       1.4189
 152.000       1.3993
 153.000       1.4755
 154.000       1.4545
 156.000       1.4491
 158.000       1.5402
 160.000       1.5414
 161.000       1.5911
 162.000       1.7101
 163.000       1.6551
 164.000       1.6117
 165.000       1.7260
 168.000       1.7832
 170.000       1.8630
 171.000       1.7825
 173.000       1.6828
 174.000       1.7848
 176.000       1.8156
 177.000       1.6981
 178.000       1.7749
 179.000       1.9166
 182.000       1.8631
 183.000       1.8898
 185.000       1.7962
 186.000       1.6700
 187.000       1.7345
 189.000       1.7747
 191.000       2.0427
 193.000       1.9041
 194.000       1.9375
 195.000       2.1943
 196.000       2.0479
 197.000       1.8092
 198.000       1.9027
 201.000       1.8926
 203.000       1.7933
 204.000       1.7499
 206.000       1.6146
 207.000       1.5870
 209.000       1.6639
 211.000       1.7470
 212.000       1.9748
 215.000       1.7388
 216.000       1.6748
 217.000       1.8015
 218.000       1.9163
 220.000       1.8944
 222.000       2.1916
 224.000       2.2246
 225.000       2.3703
 226.000       2.9136
 227.000       2.3073
 228.000       2.1465
 229.000       2.4219
 232.000       2.1922
 234.000       1.9006
 235.000       1.5834
 237.000       1.3383
 238.000       1.4137
 240.000       1.4350
 241.000       1.4317
 242.000       1.8188
 243.000       2.1133
 244.000       2.1096
 246.000       2.0652
 247.000       2.5479
 250.000       1.7306
 251.000       1.3918
 252.000       2.0336
 254.000       1.6452
 256.000       1.8378
 258.000       2.4447
 259.000       2.5218
 260.000       3.1709
 261.000       2.5235
 262.000       2.0706
 263.000       2.2487
 266.000       1.9281
 268.000       1.7022
 269.000       1.4615
 271.000       1.3219
 272.000       1.5783
 274.000       1.6347
 275.000       1.3323
 276.000       1.4583
 277.000       1.6440
 280.000       1.7843
 281.000       1.9785
 283.000       1.7443
 284.000       1.3307
 285.000       1.7243
 287.000       1.4945
 289.000       1.7040
 291.000       1.9613
 292.000       2.1261
 293.000       2.5508
 294.000       2.4362
 295.000       1.9787
 296.000       2.0498
 299.000       1.7547
 301.000       1.6764
 302.000       1.5300
 304.000       1.4622
 305.000       1.4664
 307.000       1.4393
 308.000       1.4343
 309.000       1.4949
 310.000       1.5578
 311.000       1.5619
 313.000       1.5624
 314.000       1.6787
 317.000       1.5146
 318.000       1.4512
 319.000       1.8490
 321.000       1.7892
 323.000       1.9606
 325.000       1.8441
 326.000       2.3275
 327.000       2.8934
 328.000       2.2175
 329.000       2.7239
 330.000       2.5107
 333.000       2.2828
 335.000       2.1625
 336.000       2.0372
 338.000       1.9643
 339.000       1.9807
 341.000       1.9474
 342.000       1.9129
 343.000       1.9385
 344.000       1.9840
 345.000       1.9799
 347.000       1.9884
 348.000       2.0840
 351.000       1.9633
 352.000       1.9236
 353.000       2.2784
 355.000       2.1483
 357.000       2.2270
 359.000       2.4538
 360.000       2.6119
 361.000       2.8403
 362.000       2.6756
 363.000       2.5455
 364.000       2.6128
 367.000       2.6162
 369.000       2.4587
 370.000       2.4907
 372.000       2.3856
 373.000       2.3151
 375.000       2.2875
 376.000       2.3352
 377.000       2.3811
 378.000       2.3827
 379.000       2.4877
 381.000       2.5494
 382.000       2.6971
 385.000       2.5174
 386.000       2.4025
 387.000       2.7406
 389.000       2.7153
 391.000       2.8738
 393.000       2.9806
 394.000       3.1889
 395.000       3.4488
 396.000       3.1578
 397.000       3.2129
 398.000       3.3559
 401.000       3.4037
 403.000       3.2043
 404.000       3.2565
 406.000       3.0952
 407.000       2.9726
 409.000       2.8939
 410.000       2.9665
 411.000       2.9788
 412.000       2.9298
 413.000       3.1109
 415.000       3.2266
 416.000       3.3785
 419.000       3.2344
 420.000       3.0931
 421.000       3.5436
 423.000       3.5249
 425.000       3.7243
 427.000       3.8191
 428.000       4.0129
 429.000       4.3105
 430.000       3.9169
 431.000       4.0224
 432.000       4.2036
 435.000       4.2197
 437.000       3.9678
 438.000       3.9683
 440.000       3.7364
 441.000       3.6256
 443.000       3.4975
 444.000       3.5182
 445.000       3.4685
 446.000       3.4040
 447.000       3.5535
 449.000       3.6689
 450.000       3.7574
 453.000       3.7287
 454.000       3.6501
 455.000       4.3258
 457.000       4.2637
 459.000       4.4920
 461.000       4.6457
 462.000       4.8193
 463.000       5.1693
 464.000       4.6803
 465.000       4.8223
 466.000       4.9386
 469.000       4.9747
 471.000       5.2042
 472.000       5.1851
 474.000       5.1808
 475.000       5.1650
 477.000       5.2615
 478.000       5.3394
 479.000       5.5179
 480.000       5.6491
 483.000       5.6312
 484.000       5.5754
 486.000       5.4161
 487.000       5.2959
 488.000       4.7270
 490.000       4.9393
 492.000       5.0962
 494.000       4.5865
 495.000       4.2842
 496.000       4.2975
 497.000       4.1463
 498.000       4.2777
 499.000       4.4137
 502.000       4.4943
 504.000       4.6755
 505.000       4.6291
 507.000       4.5525
 508.000       4.4073
 510.000       4.4289
 511.000       4.5961
 512.000       4.7416
 513.000       4.7579
 514.000       4.9275
 516.000       4.9707
 517.000       5.1767
 520.000       4.8498
 521.000       4.6651
 522.000       4.2568
 524.000       4.4282
 526.000       4.6099
 528.000       4.1721
 529.000       3.9209
 530.000       3.9233
 531.000       3.7180
 532.000       4.0079
 533.000       4.1773
 536.000       4.3010
 538.000       4.4336
 539.000       4.4381
 541.000       4.3124
 542.000       4.1047
 544.000       4.0694
 545.000       4.2780
 546.000       4.4148
 547.000       4.3553
 550.000       4.6695
 551.000       4.7717
 553.000       4.6686
 554.000       4.4219
 555.000       4.1451
 557.000       4.3277
 559.000       4.5488
 561.000       4.1454
 562.000       3.9563
 563.000       4.1584
 564.000       3.9495
 565.000       3.7887
 566.000       3.9590
 569.000       3.8729
 571.000       3.8609
 572.000       3.7041
 574.000       3.5117
 575.000       3.4783
 577.000       3.3314
 579.000       3.2052
 580.000       3.0842
 583.000       3.2454
 584.000       3.4049
 585.000       3.4873
 586.000       3.6402
 588.000       3.6232
 590.000       3.8227
 592.000       3.6989
 593.000       3.5417
 594.000       3.7375
 595.000       3.4047
 596.000       3.4187
 597.000       3.5663
 600.000       3.4522
 602.000       3.3820
 603.000       3.1913
 605.000       2.9868
 606.000       2.9761
 608.000       2.8358
 610.000       2.6947
 611.000       2.5949
 614.000       2.7041
 615.000       2.8509
 616.000       2.9008
 617.000       3.2430
 619.000       3.1538
 621.000       3.3335
 623.000       3.3551
 624.000       3.2446
 625.000       3.4836
 626.000       3.1672
 627.000       3.0434
 628.000       3.1247
 631.000       2.9461
 633.000       2.8299
 634.000       2.6325
 636.000       2.4701
 637.000       2.5162
 639.000       2.4126
 641.000       2.2503
 642.000       2.1906
 645.000       2.2036
 646.000       2.3119
 647.000       2.3060
 648.000       2.8039
 650.000       2.6490
 652.000       2.7558
 654.000       2.9369
 655.000       2.9162
 656.000       3.1608
 657.000       2.9178
 658.000       2.6899
 659.000       2.7146
 662.000       2.5046
 664.000       2.3904
 665.000       2.2228
 667.000       2.1413
 668.000       2.2332
 670.000       2.2100
 672.000       2.0888
 673.000       2.1259
 676.000       2.0192
 677.000       2.0395
 678.000       2.0446
 679.000       2.4036
 681.000       2.2390
 683.000       2.2894
 685.000       2.5252
 686.000       2.5214
 687.000       2.7637
 688.000       2.5256
 689.000       2.3349
 690.000       2.0735
 693.000       1.9765
 695.000       1.8691
 696.000       1.7550
 698.000       1.6307
 699.000       1.6559
 701.000       1.5451
 702.000       1.4527
 703.000       1.3739
 704.000       1.3486
 705.000       1.3905
 707.000       1.4551
 708.000       1.5256
 711.000       1.5158
 712.000       1.5139
 713.000       1.9058
 715.000       1.8184
 717.000       1.9302
 719.000       2.0430
 720.000       2.0679
 721.000       2.2741
 722.000       2.1169
 723.000       1.9335
 724.000       1.9274
 727.000       1.8394
 729.000       1.7562
 730.000       1.6821
 732.000       1.6210
 733.000       1.6536
 735.000       1.5901
 736.000       1.5139
 737.000       1.4511
 738.000       1.4386
 739.000       1.4389
 741.000       1.4734
 742.000       1.5038
 745.000       1.5207
 746.000       1.5406
 747.000       1.7981
 749.000       1.7260
 751.000       1.7848
 753.000       1.8875
 754.000       1.8794
 755.000       2.0130
 756.000       1.8862
 757.000       1.8066
 758.000       1.8364
 761.000       1.7542
 763.000       1.6506
 764.000       1.6174
 766.000       1.5951
 767.000       1.6137
 769.000       1.6016
 771.000       1.5776
 772.000       1.5846
 775.000       1.5872
 776.000       1.5944
 777.000       1.6447
 778.000       1.7786
 780.000       1.7078
 782.000       1.7614
 784.000       1.8993
 785.000       2.0545
 786.000       2.1361
 787.000       2.2639
 788.000       2.0293
 789.000       1.9555
 792.000       2.0448
 794.000       2.1224
 795.000       2.2954
 797.000       2.3796
 798.000       2.3773
 800.000       2.5111
 801.000       2.6080
 802.000       2.8058
 803.000       2.9396
 806.000       2.9167
 807.000       2.8430
 809.000       2.6598
 810.000       2.5389
 811.000       2.1422
 813.000       2.3514
 815.000       2.4605
 817.000       2.1080
 818.000       2.0147
 819.000       2.1143
 820.000       2.0258
 821.000       1.8605
 822.000       1.8513
 825.000       1.7215
 827.000       1.7070
 828.000       1.5911
 830.000       1.6135
 831.000       1.7299
 833.000       1.7166
 834.000       1.5829
 835.000       1.5324
 836.000       1.5972
 839.000       1.4534
 840.000       1.4211
 842.000       1.4537
 843.000       1.5303
 844.000       1.6227
 846.000       1.5905
 848.000       1.5602
 850.000       1.6235
 851.000       1.5974
 852.000       1.7977
 853.000       1.9105
 854.000       1.5788
 855.000       1.4705
 858.000       1.4435
 860.000       1.4914
 861.000       1.4550
 863.000       1.4308
 864.000       1.5102
 866.000       1.4978
 868.000       1.4192
 869.000       1.4287
 872.000       1.3612
 873.000       1.3692
 874.000       1.3533
 875.000       1.4618
 877.000       1.4638
 879.000       1.5047
 881.000       1.5249
 882.000       1.5398
 883.000       1.6713
 884.000       1.5252
 885.000       1.4847
 886.000       1.5237
 889.000       1.4461
 891.000       1.4162
 892.000       1.3227
 894.000       1.2783
 895.000       1.3296
 897.000       1.3182
 899.000       1.2597
 900.000       1.2852
 903.000       1.2144
 904.000       1.2200
 905.000       1.2170
 906.000       1.3743
 908.000       1.3194
 910.000       1.3770
 912.000       1.4094
 913.000       1.3759
 914.000       1.4632
 915.000       1.3967
 916.000       1.2971
 917.000       1.3058
 920.000       1.2096
 922.000       1.1895
 923.000       1.1171
 925.000       1.1214
 926.000       1.1783
 928.000       1.2068
 930.000       1.1853
 931.000       1.2496
 932.000       1.1379
 934.000       1.1047
 935.000       1.1075
 936.000       1.1412
 938.000       1.0903
 940.000       1.1114
 942.000       1.1548
 943.000       1.1471
 944.000       1.2116
 945.000       1.2489
 946.000       1.0707
 947.000       1.0497
 950.000       1.0287
 952.000       1.0227
 953.000       1.0448
 955.000       1.0700
 956.000       1.0852
 958.000       1.1574
 959.000       1.1799
 960.000       1.2808
 961.000       1.3635
 962.000       1.3266
 964.000       1.2876
 965.000       1.3837
 968.000       1.1995
 969.000       1.1385
 970.000       1.0803
 972.000       1.1095
 974.000       1.1933
 976.000       1.1603
 977.000       1.2557
 978.000       1.4046
 979.000       1.2884
 980.000       1.2817
 981.000       1.3715
 984.000       1.4203
 986.000       1.3537
 987.000       1.4137
 989.000       1.3730
 990.000       1.2993
 992.000       1.3245
 993.000       1.4183
 994.000       1.5227
 995.000       1.5606
 996.000       1.6339
 998.000       1.6528
 999.000       1.7919
1002.000       1.5749
1003.000       1.4501
1004.000       1.4913
1006.000       1.5274
1008.000       1.6553
1010.000       1.6489
1011.000       1.7601
1012.000       1.9737
1013.000       1.8173
1014.000       1.7365
1015.000       1.8162
1018.000       1.8966
1020.000       1.8770
1021.000       2.0330
1023.000       1.8935
1024.000       1.7820
1026.000       1.7316
1027.000       1.8140
1028.000       1.8562
1029.000       1.8344
1030.000       1.9865
1032.000       2.0696
1033.000       2.2107
1036.000       2.0503
1037.000       1.9132
1038.000       2.0093
1040.000       2.2726
1042.000       2.7804
1044.000       2.2030
1045.000       2.1245
1046.000       2.1170
1047.000       2.2639
1048.000       2.2097
1049.000       2.2554
1052.000       2.3526
1054.000       2.5234
1055.000       2.6848
1057.000       2.9229
1058.000       3.0242
1060.000       3.4288
1061.000       3.6155
1062.000       4.1711
1063.000       4.5789
1066.000       4.4517
1067.000       4.2085
1069.000       3.6693
1070.000       3.3547
1071.000       2.3592
1073.000       2.4762
1075.000       2.7170
1077.000       2.6223
1078.000       2.7627
1079.000       3.2606
1080.000       2.7402
1081.000       2.5788
1082.000       2.6123
1085.000       2.4961
1087.000       2.5516
1088.000       2.4122
1090.000       2.3648
1091.000       2.4187
1093.000       2.4214
1095.000       2.3601
1096.000       2.4025
1099.000       2.3240
1100.000       2.3276
1101.000       2.3568
1102.000       2.2932
1104.000       2.2793
1106.000       2.3715
1108.000       2.2827
1109.000       2.1761
1110.000       2.2835
1111.000       2.1669
1112.000       2.1002
1113.000       2.0944
1116.000       2.0648
1118.000       2.0963
1119.000       2.0485
1121.000       2.0057
1122.000       2.0040
1124.000       1.9987
1125.000       1.9981
1126.000       2.0382
1127.000       2.0810
1128.000       2.0807
1130.000       2.0834
1131.000       2.1647
1134.000       2.0492
1135.000       2.0028
1136.000       1.9793
1138.000       2.0128
1140.000       2.1273
1142.000       2.0244
1143.000       1.9910
1144.000       2.1275
1145.000       1.9539
1146.000       1.9597
1147.000       2.0458
1150.000       2.0463
1152.000       2.0264
1153.000       2.0174
1155.000       1.9368
1156.000       1.8741
1158.000       1.8472
1159.000       1.8930
1160.000       1.9389
1161.000       1.9447
1162.000       2.0385
1164.000       2.0960
1165.000       2.2272
1168.000       2.0609
1169.000       1.9527
1170.000       2.0159
1172.000       2.0540
1174.000       2.2030
1176.000       2.1192
1177.000       2.1265
1178.000       2.3293
1179.000       2.0511
1180.000       2.1102
1181.000       2.2712
1184.000       2.2949
1186.000       2.2110
1187.000       2.2054
1189.000       2.0346
1190.000       1.9119
1192.000       1.8252
1193.000       1.8944
1194.000       1.9246
1195.000       1.8745
1198.000       2.0709
1199.000       2.1879
1201.000       2.1862
1202.000       2.0305
1203.000       2.2697
1205.000       2.3024
1207.000       2.5406
1209.000       2.4450
1210.000       2.4730
1211.000       2.7355
1212.000       2.3405
1213.000       2.4571
1214.000       2.6622
1217.000       2.6326
1219.000       2.4768
1220.000       2.3892
1222.000       2.1687
1223.000       2.0563
1225.000       1.8919
1227.000       1.8536
1228.000       1.7496
1231.000       1.9792
1232.000       2.1318
1233.000       2.2818
1234.000       2.5447
1236.000       2.4807
1238.000       2.7356
1240.000       2.7727
1241.000       2.7487
1242.000       3.0803
1243.000       2.5034
1244.000       2.7830
1245.000       3.0759
1248.000       3.1783
1250.000       3.3707
1251.000       3.2789
1253.000       3.3876
1254.000       3.5688
1256.000       3.8130
1257.000       3.7667
1258.000       4.0751
1259.000       4.3508
1262.000       4.3153
1263.000       4.2886
1265.000       3.9333
1266.000       3.6196
1267.000       2.9531
1269.000       2.9916
1271.000       3.1015
1273.000       3.1385
1274.000       3.0912
1275.000       3.3203
1276.000       3.0693
1277.000       2.9369
1278.000       3.0301
1281.000       2.9001
1283.000       2.7947
1284.000       2.6434
1286.000       2.4844
1287.000       2.5076
1289.000       2.3872
1291.000       2.2332
1292.000       2.1423
1295.000       2.2256
1296.000       2.3532
1297.000       2.3872
1298.000       2.7559
1300.000       2.6626
1302.000       2.7993
1304.000       2.8497
1305.000       2.7778
1306.000       2.9467
1307.000       2.7489
1308.000       2.6107
1309.000       2.6561
1312.000       2.5177
1314.000       2.4257
1315.000       2.2842
1317.000       2.1691
1318.000       2.2142
1320.000       2.1170
1322.000       1.9607
1323.000       1.8764
1326.000       1.9315
1327.000       2.0414
1328.000       2.0591
1329.000       2.4092
1331.000       2.3044
1333.000       2.3724
1335.000       2.4803
1336.000       2.4312
1337.000       2.5680
1338.000       2.4377
1339.000       2.2679
1340.000       2.2799
1343.000       2.1291
1345.000       2.0423
1346.000       1.8947
1348.000       1.8111
1349.000       1.9113
1351.000       1.8743
1353.000       1.7163
1354.000       1.7055
1357.000       1.6098
1358.000       1.6594
1359.000       1.6060
1360.000       2.0463
1362.000       1.9014
1364.000       1.9292
1366.000       2.1380
1367.000       2.1673
1368.000       2.2988
1369.000       2.2470
1370.000       1.9966
1371.000       1.9230
1374.000       1.7606
1376.000       1.7133
1377.000       1.6876
1379.000       1.7635
1380.000       1.9123
1382.000       1.9749
1383.000       1.8499
1384.000       1.8609
1385.000       1.9962
1388.000       1.7706
1389.000       1.6676
1391.000       1.6364
1392.000       1.7292
1393.000       1.7419
1395.000       1.7549
1397.000       1.7448
1399.000       1.6548
1400.000       1.7315
1401.000       1.8292
1402.000       1.8464
1403.000       1.6897
1404.000       1.7106
1407.000       1.6274
1409.000       1.5800
1410.000       1.4858
1412.000       1.4326
1413.000       1.4709
1415.000       1.4219
1416.000       1.3349
1417.000       1.2628
1418.000       1.2735
1421.000       1.2139
1422.000       1.2437
1424.000       1.3190
1425.000       1.3509
1426.000       1.5441
1428.000       1.4761
1430.000       1.5354
1432.000       1.5940
1433.000       1.5923
1434.000       1.7066
1435.000       1.6062
1436.000       1.5107
1437.000       1.5281
1440.000       1.4106
1442.000       1.3533
1443.000       1.2417
1445.000       1.2179
1446.000       1.2807
1448.000       1.2751
1449.000       1.2020
1450.000       1.1983
1451.000       1.2627
1452.000       1.1565
1454.000       1.1278
1455.000       1.1269
1458.000       1.1328
1459.000       1.1666
1460.000       1.3380
1462.000       1.2349
1464.000       1.2624
1466.000       1.3920
1467.000       1.4035
1468.000       1.5082
1469.000       1.5009
1470.000       1.2867
1471.000       1.2546
1474.000       1.1879
1476.000       1.1626
1477.000       1.1353
1479.000       1.1655
1480.000       1.2028
1482.000       1.2307
1483.000       1.2062
1484.000       1.2368
1485.000       1.2928
1486.000       1.2344
1488.000       1.2072
1489.000       1.2332
1492.000       1.1845
1493.000       1.1760
1494.000       1.2133
1496.000       1.1748
1498.000       1.1815
1500.000       1.2785
1501.000       1.3639
1502.000       1.4865
1503.000       1.4278
1504.000       1.3443
1505.000       1.6566
1508.000       1.5431
1510.000       1.5312
1511.000       1.4407
1513.000       1.4760
1514.000       1.5999
1516.000       1.6898
1518.000       1.6700
1519.000       1.8199
1520.000       1.5513
1522.000       1.4585
1523.000       1.4550
1524.000       1.4867
1526.000       1.4366
1528.000       1.4804
1530.000       1.5211
1531.000       1.5736
1532.000       1.6707
1533.000       1.6231
1534.000       1.5727
1535.000       1.6131
1538.000       1.6586
1540.000       1.6760
1541.000       1.7035
1543.000       1.6322
1544.000       1.5948
1546.000       1.5485
1547.000       1.5577
1548.000       1.5495
1549.000       1.5334
1550.000       1.6010
1552.000       1.6672
1553.000       1.7335
1556.000       1.6860
1557.000       1.6210
1558.000       1.6576
1560.000       1.7254
1562.000       1.8552
1564.000       1.7305
1565.000       1.7262
1566.000       1.8860
1567.000       1.6615
1568.000       1.7279
1569.000       1.8734
1572.000       1.8980
1574.000       1.8467
1575.000       1.7899
1577.000       1.5991
1578.000       1.5290
1580.000       1.4169
1582.000       1.3804
1583.000       1.3370
1586.000       1.4491
1587.000       1.5549
1588.000       1.6479
1589.000       1.8249
1591.000       1.8361
1593.000       2.0515
1595.000       1.9610
1596.000       1.9406
1597.000       2.1565
1598.000       1.8657
1599.000       1.8404
1600.000       1.9357
1603.000       1.7950
1605.000       1.7089
1606.000       1.5605
1608.000       1.4388
1609.000       1.4862
1611.000       1.4205
1613.000       1.3284
1614.000       1.3349
1615.000       1.3217
1617.000       1.3596
1618.000       1.3894
1619.000       1.7073
1621.000       1.5948
1623.000       1.6886
1625.000       1.8413
1626.000       1.9423
1627.000       1.9657
1628.000       2.3766
1629.000       1.7861
1630.000       1.7689
1633.000       1.7447
1635.000       1.8677
1636.000       1.8730
1638.000       2.0589
1639.000       2.1553
1641.000       2.4155
1643.000       2.5965
1644.000       2.9205
1647.000       2.5656
1648.000       2.2956
1649.000       2.3795
1650.000       1.6915
1652.000       1.7513
1654.000       1.7639
1656.000       1.7014
1657.000       1.7414
1658.000       1.9261
1659.000       1.8755
1660.000       1.6538
1661.000       1.6763
1664.000       1.6939
1666.000       1.7662
1667.000       1.8567
1669.000       1.9904
1670.000       2.0510
1672.000       2.3174
1673.000       2.4616
1674.000       2.8802
1675.000       3.1833
1678.000       3.1101
1679.000       2.9399
1681.000       2.5407
1682.000       2.2921
1683.000       1.7141
1685.000       1.8150
1687.000       1.9186
1689.000       1.8001
1690.000       1.8965
1691.000       2.2193
1692.000       1.9489
1693.000       2.1188
1694.000       2.1097
1697.000       2.0478
1699.000       1.9561
1700.000       1.9276
1702.000       1.8151
1703.000       1.7801
1705.000       1.7189
1707.000       1.6883
1708.000       1.6720
1711.000       1.7304
1712.000       1.7961
1713.000       1.8834
1714.000       2.1061
1716.000       2.0674
1718.000       2.1978
1720.000       2.2768
1721.000       2.4195
1722.000       2.6418
1723.000       2.4274
1724.000       2.3843
1725.000       2.5391
1728.000       2.5024
1730.000       2.3483
1731.000       2.3000
1733.000       2.1528
1734.000       2.1148
1736.000       2.0266
1737.000       1.9956
1738.000       1.9526
1739.000       1.9297
1742.000       1.9897
1743.000       2.0706
1745.000       2.1293
1746.000       2.0779
1747.000       2.5382
1749.000       2.4693
1751.000       2.6312
1753.000       2.7470
1754.000       2.8683
1755.000       3.1266
1756.000       2.8445
1757.000       2.7965
1758.000       2.8693
1761.000       2.7767
1763.000       2.5732
1764.000       2.5033
1766.000       2.3653
1767.000       2.3747
1769.000       2.2962
1771.000       2.2132
1772.000       2.1972
1775.000       2.2076
1776.000       2.2800
1777.000       2.3206
1778.000       2.8258
1780.000       2.6945
1782.000       2.8171
1784.000       3.0534
1785.000       3.2062
1786.000       3.4637
1787.000       3.2205
1788.000       3.1090
1789.000       3.1792
1792.000       3.0856
1794.000       2.8639
1795.000       2.8305
1797.000       2.7248
1798.000       2.7267
1800.000       2.6758
1802.000       2.6303
1803.000       2.6323
1806.000       2.6382
1807.000       2.6819
1808.000       2.7271
1809.000       3.1987
1811.000       3.0671
1813.000       3.1561
1815.000       3.4460
1816.000       3.6733
1817.000       3.9436
1818.000       3.6978
1819.000       3.6232
1820.000       3.7086
1823.000       3.7037
1825.000       3.4820
1826.000       3.5264
1828.000       3.4156
1829.000       3.3558
1831.000       3.3039
1832.000       3.3307
1833.000       3.3446
1834.000       3.3256
1835.000       3.4309
1837.000       3.4919
1838.000       3.5988
1841.000       3.4890
1842.000       3.4036
1843.000       3.8750
1845.000       3.8090
1847.000       3.9221
1849.000       4.1453
1850.000       4.3650
1851.000       4.6849
1852.000       4.2609
1853.000       4.3868
1854.000       4.5810
1857.000       4.6092
1859.000       4.3440
1860.000       4.3687
1862.000       4.1434
1863.000       4.0269
1865.000       3.8977
1866.000       3.9286
1867.000       3.8849
1868.000       3.8096
1869.000       3.9897
1871.000       4.1153
1872.000       4.2187
1875.000       4.1642
1876.000       4.0696
1877.000       4.7340
1879.000       4.6819
1881.000       4.9153
1883.000       5.0510
1884.000       5.1546
1885.000       5.5341
1886.000       4.9455
1887.000       5.1367
1888.000       5.2010
1891.000       5.3024
1893.000       5.6094
1894.000       5.6749
1896.000       5.7446
1897.000       5.7400
1899.000       5.9016
1900.000       6.0180
1901.000       6.2572
1902.000       6.4224
1905.000       6.3890
1906.000       6.2925
1908.000       6.0722
1909.000       5.9314
1910.000       5.0871
1912.000       5.3848
1914.000       5.5278
1916.000       4.8815
1917.000       4.6471
1918.000       4.5112
1919.000       4.5840
1920.000       4.8376
1921.000       4.9872
1924.000       5.1433
1926.000       5.3596
1927.000       5.3015
1929.000       5.1266
1930.000       4.9362
1932.000       4.8985
1933.000       5.0657
1934.000       5.1655
1935.000       5.1380
1936.000       5.3691
1938.000       5.4807
1939.000       5.7072
1942.000       5.4135
1943.000       5.1998
1944.000       4.8368
1946.000       5.0728
1948.000       5.3945
1950.000       4.7833
1951.000       4.4598
1952.000       4.5246
1953.000       4.1473
1954.000       4.5573
1955.000       4.8264
1958.000       4.9434
1960.000       5.0809
1961.000       5.0464
1963.000       4.8469
1964.000       4.6054
1966.000       4.5236
1967.000       4.7417
1968.000       4.8642
1969.000       4.7841
1972.000       5.1389
1973.000       5.2768
1975.000       5.1971
1976.000       4.9299
1977.000       4.6915
1979.000       4.8931
1981.000       5.1895
1983.000       4.6916
1984.000       4.4801
1985.000       4.6709
1986.000       4.5152
1987.000       4.2628
1988.000       4.3569
1991.000       4.2027
1993.000       4.2456
1994.000       4.0123
1996.000       3.8452
1997.000       3.8659
1999.000       3.7375
2001.000       3.5814
2002.000       3.4859
2005.000       3.5754
2006.000       3.7093
2007.000       3.7458
2008.000       3.8686
2010.000       3.8225
2012.000       3.9735
2014.000       3.8430
2015.000       3.5787
2016.000       3.6999
2017.000       3.4922
2018.000       3.3830
2019.000       3.4244
2022.000       3.2947
2024.000       3.3196
2025.000       3.1361
2027.000       3.0052
2028.000       3.0132
2030.000       2.9071
2031.000       2.8183
2032.000       2.7194
2033.000       2.6829
2034.000       2.7108
2036.000       2.7865
2037.000       2.8123
2040.000       2.8759
2041.000       2.8856
2042.000       3.0447
2044.000       3.0072
2046.000       3.1434
2048.000       3.0563
2049.000       2.8957
2050.000       3.0365
2051.000       2.8318
2052.000       2.7515
2053.000       2.8233
2056.000       2.7141
2058.000       2.6903
2059.000       2.5524
2061.000       2.4363
2062.000       2.4484
2064.000       2.3654
2065.000       2.2851
2066.000       2.2110
2067.000       2.1937
2068.000       2.2128
2070.000       2.2793
2071.000       2.3250
2074.000       2.3416
2075.000       2.3371
2076.000       2.5548
2078.000       2.5064
2080.000       2.6378
2082.000       2.6292
2083.000       2.5759
2084.000       2.7770
2085.000       2.5542
2086.000       2.4368
2087.000       2.5137
2090.000       2.4166
2092.000       2.3326
2093.000       2.2390
2095.000       2.1205
2096.000       2.1165
2098.000       2.0578
2100.000       1.9903
2101.000       1.9854
2102.000       2.0016
2104.000       2.0704
2105.000       2.1374
2106.000       2.3441
2108.000       2.2800
2110.000       2.4214
2112.000       2.4799
2113.000       2.4852
2114.000       2.7186
2115.000       2.4268
2116.000       2.3856
2117.000       2.4827
2120.000       2.4003
2122.000       2.2907
2123.000       2.2005
2125.000       2.0605
2126.000       2.0156
2128.000       1.9071
2129.000       1.8701
2130.000       1.7865
2131.000       1.7342
2132.000       1.8208
2134.000       1.9280
2135.000       1.9870
2138.000       2.0117
2139.000       1.9710
2140.000       2.3347
2142.000       2.2619
2144.000       2.4050
2146.000       2.4718
2147.000       2.4736
2148.000       2.6889
2149.000       2.4307
2150.000       2.3613
2151.000       2.4270
2154.000       2.3126
2156.000       2.1976
2157.000       2.0611
2159.000       1.9286
2160.000       1.9453
2162.000       1.8419
2163.000       1.7409
2164.000       1.6370
2165.000       1.6148
2166.000       1.6011
2168.000       1.6611
2169.000       1.6500
2172.000       1.7686
2173.000       1.7980
2174.000       2.2222
2176.000       2.1096
2178.000       2.2158
2180.000       2.3460
2181.000       2.3308
2182.000       2.5397
2183.000       2.3254
2184.000       2.1527
2185.000       2.1768
2188.000       1.9880
2190.000       1.9028
2191.000       1.7385
2193.000       1.6830
2194.000       1.7717
2196.000       1.7239
2197.000       1.5911
2198.000       1.5291
2199.000       1.5789
2202.000       1.4720
2203.000       1.4637
2205.000       1.5089
2206.000       1.5703
2207.000       1.8673
2209.000       1.7230
2211.000       1.7560
2213.000       1.9410
2214.000       1.9256
2215.000       2.1129
2216.000       2.0397
2217.000       1.6772
2218.000       1.6247
2221.000       1.4448
2223.000       1.3774
2224.000       1.2780
2226.000       1.2769
2227.000       1.3721
2229.000       1.3968
2231.000       1.3233
2232.000       1.3833
2233.000       1.2528
2235.000       1.2354
2236.000       1.2558
2237.000       1.4066
2239.000       1.2980
2241.000       1.3268
2243.000       1.4702
2244.000       1.5388
2245.000       1.6719
2246.000       1.6204
2247.000       1.5010
2248.000       1.4715
2251.000       1.3896
2253.000       1.3360
2254.000       1.2818
2256.000       1.2503
2257.000       1.3072
2259.000       1.3279
2261.000       1.2907
2262.000       1.3554
2265.000       1.2481
2266.000       1.2249
2267.000       1.2455
2268.000       1.3973
2270.000       1.3465
2272.000       1.4123
2274.000       1.4908
2275.000       1.5840
2276.000       1.7637
2277.000       1.6460
2278.000       1.4814
2279.000       1.5016
2282.000       1.4671
2284.000       1.3982
2285.000       1.4714
2287.000       1.3457
2288.000       1.3564
2290.000       1.3857
2292.000       1.3936
2293.000       1.5124
2296.000       1.3625
2297.000       1.3355
2298.000       1.3891
2299.000       1.5222
2301.000       1.7503
2303.000       2.3010
2305.000       1.5627
2306.000       1.6190
2307.000       1.6844
2308.000       1.8986
2309.000       1.7846
2310.000       1.4102
2313.000       1.3903
2315.000       1.4075
2316.000       1.3679
2318.000       1.2996
2319.000       1.3408
2321.000       1.2918
2322.000       1.2216
2323.000       1.1836
2324.000       1.2009
2325.000       1.1684
2327.000       1.1866
2328.000       1.2097
2331.000       1.2203
2332.000       1.2334
2333.000       1.3409
2335.000       1.3725
2337.000       1.4949
2339.000       1.3936
2340.000       1.3966
2341.000       1.5161
2342.000       1.4088
2343.000       1.3495
2344.000       1.3900
2347.000       1.3226
2349.000       1.2911
2350.000       1.2540
2352.000       1.2318
2353.000       1.2582
2355.000       1.2487
2356.000       1.2241
2357.000       1.2539
2358.000       1.2962
2359.000       1.2891
2361.000       1.2846
2362.000       1.3669
2365.000       1.2493
2366.000       1.2211
2367.000       1.3134
2369.000       1.2808
2371.000       1.3236
2373.000       1.3833
2374.000       1.4567
2375.000       1.5819
2376.000       1.5230
2377.000       1.4360
2378.000       1.4661
2381.000       1.4836
2383.000       1.4326
2384.000       1.4648
2386.000       1.4167
2387.000       1.3848
2389.000       1.3866
2391.000       1.4148
2392.000       1.4529
2395.000       1.4623
2396.000       1.4670
2397.000       1.5678
2398.000       1.5528
2400.000       1.5709
2402.000       1.6873
2404.000       1.6874
2405.000       1.8210
2406.000       1.9954
2407.000       1.8379
2408.000       1.8358
2409.000       1.9187
2412.000       1.9554
2414.000       1.8650
2415.000       1.9062
2417.000       1.8145
2418.000       1.7298
2420.000       1.6876
2422.000       1.7266
2423.000       1.7298
2426.000       1.8158
2427.000       1.8620
2428.000       1.9800
2429.000       2.0393
2431.000       2.0578
2433.000       2.2082
2435.000       2.2065
2436.000       2.3424
2437.000       2.5392
2438.000       2.3069
2439.000       2.3751
2440.000       2.4969
2443.000       2.5388
2445.000       2.4122
2446.000       2.4439
2448.000       2.3114
2449.000       2.2094
2451.000       2.1192
2453.000       2.1410
2454.000       2.0964
2457.000       2.2438
2458.000       2.3290
2459.000       2.4561
2460.000       2.6157
2462.000       2.6172
2464.000       2.7916
2466.000       2.8133
2467.000       2.9433
2468.000       3.1751
2469.000       2.8830
2470.000       2.9443
2471.000       3.0860
2474.000       3.0910
2476.000       2.9241
2477.000       2.9080
2479.000       2.7401
2480.000       2.6688
2482.000       2.5735
2483.000       2.5823
2484.000       2.5565
2485.000       2.5292
2486.000       2.6236
2488.000       2.7002
2489.000       2.7728
2492.000       2.7377
2493.000       2.6750
2494.000       3.1424
2496.000       3.1006
2498.000       3.2855
2500.000       3.3669
2501.000       3.4743
2502.000       3.7259
2503.000       3.4006
2504.000       3.4606
2505.000       3.5364
2508.000       3.5607
2510.000       3.7461
2511.000       3.7521
2513.000       3.7931
2514.000       3.8117
2516.000       3.9287
2517.000       3.9883
2518.000       4.1709
2519.000       4.3180
2522.000       4.2741
2523.000       4.2015
2525.000       4.0271
2526.000       3.9180
2527.000       3.4018
2529.000       3.5696
2531.000       3.6779
2533.000       3.2946
2534.000       3.0816
2535.000       3.0785
2536.000       3.0232
2537.000       3.1226
2538.000       3.2516
2541.000       3.3217
2543.000       3.4557
2544.000       3.4253
2546.000       3.3494
2547.000       3.2440
2549.000       3.2580
2550.000       3.3778
2551.000       3.4958
2552.000       3.5231
2553.000       3.6392
2555.000       3.6732
2556.000       3.8488
2559.000       3.5811
2560.000       3.4305
2561.000       3.1472
2563.000       3.2902
2565.000       3.4772
2567.000       3.1175
2568.000       2.9463
2569.000       2.9867
2570.000       2.7852
2571.000       3.0247
2572.000       3.1821
2575.000       3.2775
2577.000       3.3636
2578.000       3.3575
2580.000       3.2409
2581.000       3.0778
2583.000       3.0461
2584.000       3.2091
2585.000       3.3340
2586.000       3.3033
2589.000       3.5540
2590.000       3.6342
2592.000       3.5351
2593.000       3.3249
2594.000       3.1521
2596.000       3.2831
2598.000       3.4815
2600.000       3.1893
2601.000       3.0613
2602.000       3.2050
2603.000       3.1881
2604.000       2.9298
2605.000       2.9672
2608.000       2.9150
2610.000       2.9143
2611.000       2.7969
2613.000       2.6496
2614.000       2.6028
2616.000       2.4793
2617.000       2.4411
2618.000       2.3381
2619.000       2.2547
2620.000       2.3834
2622.000       2.5056
2623.000       2.5706
2626.000       2.5947
2627.000       2.5541
2628.000       2.7475
2630.000       2.7461
2632.000       2.9039
2634.000       2.7951
2635.000       2.6866
2636.000       2.8313
2637.000       2.5995
2638.000       2.6018
2639.000       2.6998
2642.000       2.6361
2644.000       2.5976
2645.000       2.4724
2647.000       2.3205
2648.000       2.2897
2650.000       2.1695
2651.000       2.1052
2652.000       1.9875
2653.000       1.9156
2654.000       1.9970
2656.000       2.1140
2657.000       2.1444
2660.000       2.2233
2661.000       2.2080
2662.000       2.4970
2664.000       2.4568
2666.000       2.6017
2668.000       2.5736
2669.000       2.4901
2670.000       2.6487
2671.000       2.4246
2672.000       2.3793
2673.000       2.4607
2676.000       2.3685
2678.000       2.3129
2679.000       2.1793
2681.000       2.0424
2682.000       2.0401
2684.000       1.9202
2685.000       1.8249
2686.000       1.6976
2687.000       1.6464
2688.000       1.6686
2690.000       1.7655
2691.000       1.7658
2694.000       1.8900
2695.000       1.9074
2696.000       2.2437
2698.000       2.1774
2700.000       2.2969
2702.000       2.3226
2703.000       2.2618
2704.000       2.4274
2705.000       2.2507
2706.000       2.1144
2707.000       2.1667
2710.000       2.0623
2712.000       1.9804
2713.000       1.8631
2715.000       1.7242
2716.000       1.7589
2718.000       1.6750
2720.000       1.5429
2721.000       1.5071
2724.000       1.5005
2725.000       1.5925
2726.000       1.6037
2727.000       1.9795
2729.000       1.8996
2731.000       2.0422
2733.000       2.0906
2734.000       2.0722
2735.000       2.2618
2736.000       2.0141
2737.000       2.0000
2738.000       2.1325
2741.000       2.0953
2743.000       2.0031
2744.000       1.8889
2746.000       1.6624
2747.000       1.6725
2749.000       1.4968
2750.000       1.3634
2751.000       1.2431
2752.000       1.2302
2755.000       1.2232
2756.000       1.2896
2758.000       1.4106
2759.000       1.4507
2760.000       2.0079
2762.000       1.9682
2764.000       2.2155
2766.000       2.1492
2767.000       2.1487
2768.000       2.3089
2769.000       2.1589
2770.000       2.0355
2771.000       2.0890
2774.000       2.0225
2776.000       1.9747
2777.000       1.7898
2779.000       1.6220
2780.000       1.7411
2782.000       1.5458
2783.000       1.3195
2784.000       1.1982
2785.000       1.2361
2788.000       1.1767
2789.000       1.1641
2791.000       1.2307
2792.000       1.3475
2793.000       1.9599
2795.000       1.8169
2797.000       1.9168
2799.000       2.1140
2800.000       2.0319
2801.000       2.1082
2802.000       2.2400
2803.000       1.9186
2804.000       1.9222
2807.000       1.8984
2809.000       1.7610
2810.000       1.8878
2812.000       1.7788
2813.000       1.6851
2815.000       1.6317
2817.000       1.6818
2818.000       1.6729
2821.000       1.7842
2822.000       1.8334
2823.000       1.9695
2824.000       2.1006
2826.000       2.1197
2828.000       2.2807
2830.000       2.3316
2831.000       2.4946
2832.000       2.6876
2833.000       2.4830
2834.000       2.5528
2835.000       2.8623
2838.000       2.9113
2840.000       3.1706
2841.000       3.2127
2843.000       3.4590
2844.000       4.0286
2846.000       4.1879
2847.000       3.7519
2848.000       3.8766
2849.000       4.2046
2850.000       3.8401
2852.000       3.6868
2853.000       4.0944
2856.000       3.3587
2857.000       3.3972
2858.000       2.7587
2860.000       2.9220
2862.000       3.0203
2864.000       2.8167
2865.000       2.6834
2866.000       2.7923
2867.000       2.6686
2868.000       2.5516
2869.000       2.5914
2872.000       2.4654
2874.000       2.3759
2875.000       2.2004
2877.000       2.1351
2878.000       2.2399
2880.000       2.1754
2881.000       2.0012
2882.000       1.8862
2883.000       1.9454
2886.000       1.7619
2887.000       1.7569
2889.000       1.8653
2890.000       1.9785
2891.000       2.3864
2893.000       2.2396
2895.000       2.2762
2897.000       2.4930
2898.000       2.5531
2899.000       2.7010
2900.000       2.6004
2901.000       2.4387
2902.000       2.4241
2905.000       2.3027
2907.000       2.1799
2908.000       2.1034
2910.000       2.0895
2911.000       2.1758
2913.000       2.1579
2914.000       2.0466
2915.000       1.9978
2916.000       2.0605
2919.000       1.9165
2920.000       1.8862
2922.000       1.9318
2923.000       2.0077
2924.000       2.3278
2926.000       2.1798
2928.000       2.1595
2930.000       2.4473
2931.000       2.5825
2932.000       2.7304
2933.000       2.6836
2934.000       2.4898
2935.000       2.4377
2938.000       2.3715
2940.000       2.2814
2941.000       2.3324
2943.000       2.3290
2944.000       2.3304
2946.000       2.3756
2947.000       2.3936
2948.000       2.4782
2949.000       2.5524
2950.000       2.5266
2952.000       2.5054
2953.000       2.6008
2956.000       2.4384
2957.000       2.3746
2958.000       2.4850
2960.000       2.4768
2962.000       2.5809
2964.000       2.4855
2965.000       2.7431
2966.000       3.0098
2967.000       2.7839
2968.000       2.7262
2969.000       2.9024
2972.000       2.8732
2974.000       2.7098
2975.000       2.6247
2977.000       2.4198
2978.000       2.3133
2980.000       2.1524
2981.000       2.1438
2982.000       2.0274
2983.000       1.8998
2984.000       2.1219
2986.000       2.3029
2987.000       2.4062
2990.000       2.4044
2991.000       2.3169
2992.000       2.8266
2994.000       2.7617
2996.000       2.9518
2998.000       3.0171
2999.000       3.0764
3000.000       3.3172
3001.000       2.9985
3002.000       2.9999
3003.000       3.1130
3006.000       3.0287
3008.000       2.8638
3009.000       2.7547
3011.000       2.5669
3012.000       2.5426
3014.000       2.3915
3016.000       2.2446
3017.000       2.1318
3018.000       2.2851
3020.000       2.4438
3021.000       2.5040
3022.000       2.9948
3024.000       2.8844
3026.000       3.0191
3028.000       3.1666
3029.000       3.1906
3030.000       3.4075
3031.000       3.1456
3032.000       3.0659
3033.000       3.1386
3036.000       3.0104
3038.000       2.8525
3039.000       2.7138
3041.000       2.5512
3042.000       2.5904
3044.000       2.4701
3046.000       2.2978
3047.000       2.2064
3050.000       2.2634
3051.000       2.3956
3052.000       2.4083
3053.000       2.9582
3055.000       2.8173
3057.000       2.9232
3059.000       3.1127
3060.000       3.1518
3061.000       3.3496
3062.000       3.1697
3063.000       2.9925
3064.000       3.0125
3067.000       2.8724
3069.000       2.7326
3070.000       2.6082
3072.000       2.4895
3073.000       2.5582
3075.000       2.4864
3077.000       2.3377
3078.000       2.3029
3081.000       2.2715
3082.000       2.3486
3083.000       2.3288
3084.000       2.8536
3086.000       2.7180
3088.000       2.7849
3090.000       2.9957
3091.000       3.0569
3092.000       3.2671
3093.000       3.0932
3094.000       2.8996
3095.000       2.9418
3098.000       2.8105
3100.000       2.6361
3101.000       2.5465
3103.000       2.4678
3104.000       2.5339
3106.000       2.4928
3107.000       2.3858
3108.000       2.3442
3109.000       2.3910
3110.000       2.2963
3112.000       2.2896
3113.000       2.2918
3116.000       2.3300
3117.000       2.3737
3118.000       2.8432
3120.000       2.6918
3122.000       2.7574
3124.000       3.0414
3125.000       3.1999
3126.000       3.4387
3127.000       3.2417
3128.000       3.1159
3129.000       3.1634
3132.000       3.1230
3134.000       2.9310
3135.000       2.9679
3137.000       2.9027
3138.000       2.9125
3140.000       2.9388
3141.000       2.9391
3142.000       3.0366
3143.000       3.1479
3146.000       3.1052
3147.000       3.0772
3149.000       2.9938
3150.000       2.9199
3151.000       3.2817
3153.000       3.2267
3155.000       3.3564
3157.000       3.4863
