   2.000       3.1781
   3.000       2.8960
   6.000       2.4562
   8.000       2.4367
   9.000       2.1930
  11.000       2.3378
  12.000       2.8690
  14.000       3.1193
  15.000       2.7272
  16.000       2.9480
  17.000       3.4502
  18.000       2.7615
  20.000       2.4581
  21.000       2.7256
  24.000       2.1696
  25.000       2.2795
  26.000       2.2467
  28.000       2.1463
  30.000       2.2749
  32.000       2.2878
  33.000       2.2809
  34.000       2.4663
  35.000       2.3947
  36.000       2.1324
  37.000       2.1387
  40.000       2.0535
  42.000       1.9671
  43.000       1.9220
  45.000       1.8712
  46.000       1.9379
  48.000       1.9996
  50.000       1.9966
  51.000       2.1342
  52.000       1.9183
  54.000       1.8591
  55.000       1.8835
  56.000       2.0637
  58.000       2.0172
  60.000       2.1388
  62.000       2.1838
  63.000       2.2653
  64.000       2.4451
  65.000       2.3044
  66.000       2.1879
  67.000       2.2457
  70.000       2.1973
  72.000       2.2599
  73.000       2.1462
  75.000       2.1269
  76.000       2.2349
  78.000       2.2600
  80.000       2.1784
  81.000       2.2310
  82.000       2.0913
  84.000       2.0643
  85.000       2.0316
  86.000       2.0574
  88.000       2.0487
  90.000       2.1127
  92.000       2.0564
  93.000       1.9607
  94.000       2.0346
  95.000       2.0477
  96.000       1.8004
  97.000       1.7489
 100.000       1.6856
 102.000       1.7004
 103.000       1.6874
 105.000       1.6937
 106.000       1.7280
 108.000       1.7453
 109.000       1.7257
 110.000       1.7646
 111.000       1.8129
 112.000       1.7854
 114.000       1.7697
 115.000       1.8316
 118.000       1.7274
 119.000       1.7040
 120.000       1.6769
 122.000       1.6880
 124.000       1.7269
 126.000       1.6928
 127.000       1.7304
 128.000       1.7693
 129.000       1.8035
 130.000       1.7284
 131.000       1.7398
 134.000       1.7874
 136.000       1.8005
 137.000       1.8254
 139.000       1.7739
 140.000       1.7397
 142.000       1.7252
 144.000       1.7412
 145.000       1.7552
 148.000       1.7877
 149.000       1.8067
 150.000       1.8938
 151.000       1.8323
 153.000       1.8942
 155.000       2.0038
 157.000       1.9048
 158.000       1.9411
 159.000       2.0729
 160.000       1.8923
 161.000       1.9527
 162.000       2.0557
 165.000       2.0651
 167.000       2.0233
 168.000       2.0007
 170.000       1.8895
 171.000       1.8247
 173.000       1.7574
 175.000       1.7512
 176.000       1.7155
 179.000       1.8230
 180.000       1.8958
 181.000       2.0037
 182.000       2.0347
 184.000       2.0447
 186.000       2.1905
 188.000       2.1263
 189.000       2.1039
 190.000       2.2429
 191.000       2.0709
 192.000       2.0354
 193.000       2.0932
 196.000       2.0251
 198.000       1.9707
 199.000       1.8850
 201.000       1.8033
 202.000       1.8170
 204.000       1.7683
 205.000       1.7122
 206.000       1.6827
 207.000       1.7086
 208.000       1.6737
 210.000       1.6886
 211.000       1.7108
 214.000       1.7255
 215.000       1.7329
 216.000       1.9649
 218.000       1.9047
 220.000       1.9740
 222.000       2.0496
 223.000       2.0625
 224.000       2.2115
 225.000       2.1160
 226.000       1.9404
 227.000       1.9540
 230.000       1.8624
 232.000       1.8771
 233.000       1.7682
 235.000       1.7689
 236.000       1.8700
 238.000       1.9000
 239.000       1.8050
 240.000       1.8169
 241.000       1.9263
 244.000       1.7635
 245.000       1.7003
 247.000       1.6845
 248.000       1.7316
 249.000       1.7554
 251.000       1.7088
 253.000       1.7410
 255.000       1.7636
 256.000       1.7274
 257.000       1.7750
 258.000       1.7627
 259.000       1.6692
 260.000       1.6631
 263.000       1.6302
 265.000       1.6382
 266.000       1.6377
 268.000       1.6764
 269.000       1.7130
 271.000       1.7816
 272.000       1.7888
 273.000       1.8838
 274.000       1.9956
 277.000       1.9033
 278.000       1.8291
 280.000       1.7441
 281.000       1.7253
 282.000       1.6270
 284.000       1.6463
 286.000       1.6889
 288.000       1.6548
 289.000       1.7202
 290.000       1.7680
 291.000       1.8163
 292.000       1.7441
 293.000       1.9217
 296.000       1.9084
 298.000       1.8403
 299.000       1.8728
 301.000       1.8215
 302.000       1.7775
 304.000       1.7662
 306.000       1.7864
 307.000       1.8052
 308.000       1.8360
 310.000       1.8613
 311.000       1.9537
 312.000       1.9809
 314.000       1.9876
 316.000       2.1059
 318.000       2.1017
 319.000       2.2037
 320.000       2.3441
 321.000       2.1868
 322.000       2.2536
 323.000       2.3613
 326.000       2.3885
 328.000       2.2679
 329.000       2.2825
 331.000       2.1727
 332.000       2.1162
 334.000       2.0563
 336.000       2.0449
 337.000       2.0185
 340.000       2.1004
 341.000       2.1716
 342.000       2.2678
 343.000       2.4597
 345.000       2.4296
 347.000       2.5757
 349.000       2.6531
 350.000       2.8072
 351.000       2.9971
 352.000       2.7702
 353.000       2.8688
 354.000       3.0381
 357.000       3.0621
 359.000       2.9228
 360.000       2.9548
 362.000       2.8402
 363.000       2.7465
 365.000       2.6951
 367.000       2.7387
 368.000       2.7411
 371.000       2.8259
 372.000       2.8774
 373.000       3.0009
 374.000       3.1413
 376.000       3.1189
 378.000       3.2760
 380.000       3.3546
 381.000       3.4813
 382.000       3.7537
 383.000       3.4140
 384.000       3.4372
 385.000       3.5701
 388.000       3.5258
 390.000       3.3667
 391.000       3.3238
 393.000       3.1706
 394.000       3.0866
 396.000       2.9932
 397.000       3.0212
 398.000       3.0113
 399.000       2.9633
 402.000       3.0988
 403.000       3.1886
 405.000       3.2167
 406.000       3.1282
 407.000       3.5454
 409.000       3.4588
 411.000       3.5991
 413.000       3.7608
 414.000       3.8755
 415.000       4.1599
 416.000       3.8939
 417.000       3.7621
 418.000       3.9761
 421.000       3.9379
 423.000       3.8588
 424.000       3.8734
 426.000       3.9912
 427.000       4.1577
 429.000       4.4880
 431.000       4.7387
 432.000       5.2852
 435.000       4.6810
 436.000       4.2690
 437.000       4.3975
 438.000       3.9188
 440.000       3.9101
 442.000       4.3583
 444.000       4.2821
 445.000       4.4616
 446.000       4.8290
 447.000       4.4956
 448.000       4.3372
 449.000       4.4594
 452.000       4.3638
 454.000       4.0856
 455.000       3.9665
 457.000       3.7219
 458.000       3.7317
 460.000       3.6025
 462.000       3.4366
 463.000       3.3857
 466.000       3.4151
 467.000       3.5644
 468.000       3.6301
 469.000       4.4275
 471.000       4.2559
 473.000       4.4744
 475.000       4.7685
 476.000       4.9760
 477.000       5.3779
 478.000       4.9989
 479.000       4.7980
 480.000       4.9153
 483.000       4.7110
 485.000       4.3695
 486.000       4.2548
 488.000       4.0912
 489.000       4.2092
 491.000       4.1914
 493.000       4.0700
 494.000       4.1790
 495.000       3.9510
 497.000       3.9521
 498.000       3.9520
 499.000       4.7913
 501.000       4.5560
 503.000       4.7073
 505.000       5.0840
 506.000       5.2408
 507.000       5.7078
 508.000       5.2059
 509.000       5.0006
 510.000       5.1940
 513.000       4.9725
 515.000       5.4045
 516.000       5.4394
 518.000       6.0172
 519.000       6.5120
 521.000       7.1291
 522.000       7.0431
 523.000       7.6279
 524.000       8.3223
 527.000       7.6870
 528.000       7.1847
 530.000       6.5152
 531.000       6.4379
 532.000       4.6579
 534.000       4.9463
 536.000       4.9393
 538.000       4.6490
 539.000       4.6810
 540.000       4.9217
 541.000       4.6187
 542.000       5.1197
 543.000       5.3154
 546.000       5.9528
 548.000       6.4145
 549.000       7.1195
 551.000       7.5560
 552.000       7.5694
 554.000       8.2292
 555.000       8.6821
 556.000       9.6084
 557.000      10.2054
 558.000       9.9766
 560.000       9.5614
 561.000      10.1480
 564.000       8.7375
 565.000       8.2915
 566.000       6.4466
 568.000       7.2087
 570.000       7.5050
 572.000       6.5082
 573.000       7.0178
 574.000       7.9264
 575.000       6.9301
 576.000       6.8617
 577.000       7.4356
 580.000       7.4172
 582.000       7.5581
 583.000       7.3831
 585.000       7.0855
 586.000       6.4112
 588.000       6.4676
 589.000       7.2673
 590.000       7.9225
 591.000       7.8862
 594.000       8.7895
 595.000       9.0023
 597.000       8.5015
 598.000       7.6316
 599.000       6.7342
 601.000       6.8494
 603.000       7.3312
 605.000       6.9353
 606.000       6.4038
 607.000       6.8745
 608.000       5.8778
 609.000       6.2295
 610.000       6.7325
 613.000       6.7235
 615.000       6.6722
 616.000       6.3877
 618.000       5.7640
 619.000       5.2946
 621.000       4.9096
 622.000       5.1852
 623.000       5.2302
 624.000       4.9674
 627.000       5.7337
 628.000       6.1402
 630.000       6.1735
 631.000       5.6901
 632.000       6.1452
 634.000       6.2607
 636.000       6.9704
 638.000       6.3594
 639.000       5.8506
 640.000       6.2484
 641.000       5.4272
 642.000       5.5408
 643.000       5.9154
 646.000       5.7173
 648.000       5.6843
 649.000       5.2613
 651.000       4.7817
 652.000       4.5743
 654.000       4.2176
 655.000       4.1827
 656.000       3.9822
 657.000       3.7222
 660.000       4.1725
 661.000       4.5269
 663.000       4.7279
 664.000       4.5392
 665.000       5.1179
 667.000       5.0413
 669.000       5.5033
 671.000       5.2271
 672.000       4.8117
 673.000       5.0366
 674.000       4.6549
 675.000       4.4541
 676.000       4.5687
 679.000       4.3083
 681.000       4.2557
 682.000       3.9213
 684.000       3.7049
 685.000       3.7220
 687.000       3.5856
 689.000       3.4086
 690.000       3.3393
 691.000       3.4016
 693.000       3.5471
 694.000       3.5931
 695.000       3.9258
 697.000       3.7596
 699.000       3.9849
 701.000       4.0112
 702.000       3.8534
 703.000       3.9881
 704.000       3.8033
 705.000       3.7078
 706.000       3.7915
 709.000       3.7102
 711.000       3.6830
 712.000       3.5271
 714.000       3.3628
 715.000       3.3428
 717.000       3.2051
 718.000       3.1210
 719.000       2.9837
 720.000       2.8958
 721.000       2.9947
 723.000       3.1238
 724.000       3.1666
 727.000       3.2427
 728.000       3.2303
 729.000       3.5491
 731.000       3.4954
 733.000       3.6593
 735.000       3.6594
 736.000       3.4299
 737.000       3.6801
 738.000       3.8739
 739.000       2.7829
 740.000       2.5725
 743.000       2.5180
 745.000       2.4713
 746.000       2.4164
 748.000       2.2998
 749.000       2.2507
 751.000       2.1723
 752.000       2.1562
 753.000       2.1017
 754.000       2.0561
 755.000       2.1441
 757.000       2.2357
 758.000       2.2995
 761.000       2.2913
 762.000       2.2410
 763.000       2.4670
 765.000       2.4448
 767.000       2.5814
 769.000       2.5706
 770.000       2.5408
 771.000       2.7165
 772.000       2.5112
 773.000       2.4193
 774.000       2.4862
 777.000       2.3744
 779.000       2.2931
 780.000       2.1660
 782.000       2.0584
 783.000       2.0827
 785.000       2.0162
 787.000       1.9194
 788.000       1.8958
 789.000       1.9000
 791.000       1.9638
 792.000       1.9714
 793.000       2.2685
 795.000       2.1609
 797.000       2.2269
 799.000       2.3618
 800.000       2.3099
 801.000       2.4953
 802.000       2.2152
 803.000       2.2285
 804.000       2.3380
 807.000       2.2654
 809.000       2.1821
 810.000       2.0776
 812.000       1.9402
 813.000       1.9221
 815.000       1.8183
 816.000       1.7623
 817.000       1.6952
 818.000       1.6547
 821.000       1.7237
 822.000       1.8044
 824.000       1.8681
 825.000       1.8417
 826.000       2.1732
 828.000       2.1120
 830.000       2.2435
 832.000       2.2828
 833.000       2.2674
 834.000       2.4007
 835.000       2.3089
 836.000       2.1243
 837.000       2.1092
 840.000       1.9931
 842.000       1.9362
 843.000       1.8384
 845.000       1.8070
 846.000       1.8870
 848.000       1.8779
 850.000       1.7858
 851.000       1.7977
 854.000       1.7228
 855.000       1.7314
 856.000       1.7086
 857.000       1.9467
 859.000       1.8571
 861.000       1.8721
 863.000       2.0091
 864.000       1.9880
 865.000       2.1195
 866.000       2.0226
 867.000       1.8584
 868.000       1.9735
 871.000       1.8453
 873.000       1.7927
 874.000       1.7123
 876.000       1.6783
 877.000       1.7353
 879.000       1.7159
 880.000       1.6373
 881.000       1.6169
 882.000       1.6571
 883.000       1.5899
 885.000       1.5868
 886.000       1.6058
 889.000       1.6038
 890.000       1.6231
 891.000       1.7680
 893.000       1.7104
 895.000       1.7655
 897.000       1.8195
 898.000       1.8110
 899.000       1.9301
 900.000       1.8285
 901.000       1.7322
 902.000       1.7711
 905.000       1.7177
 907.000       1.6829
 908.000       1.6270
 910.000       1.5690
 911.000       1.5797
 913.000       1.5574
 914.000       1.5258
 915.000       1.5287
 916.000       1.5666
 917.000       1.5352
 919.000       1.5461
 920.000       1.5939
 923.000       1.5550
 924.000       1.5364
 925.000       1.6665
 927.000       1.6423
 929.000       1.7404
 931.000       1.7440
 932.000       1.7395
 933.000       1.8895
 934.000       1.7363
 935.000       1.6653
 936.000       1.7218
 939.000       1.6677
 941.000       1.6708
 942.000       1.6079
 944.000       1.5496
 945.000       1.5491
 947.000       1.5406
 948.000       1.5293
 949.000       1.5616
 950.000       1.6149
 953.000       1.5924
 954.000       1.5970
 956.000       1.5792
 957.000       1.5384
 958.000       1.5723
 960.000       1.5720
 962.000       1.6814
 964.000       1.6052
 965.000       1.5285
 966.000       1.6522
 967.000       1.5125
 968.000       1.4651
 969.000       1.5611
 972.000       1.5562
 974.000       1.5483
 975.000       1.5279
 977.000       1.4641
 978.000       1.4352
 980.000       1.4336
 981.000       1.4671
 982.000       1.5438
 983.000       1.5931
 984.000       1.6327
 986.000       1.6481
 987.000       1.7825
 990.000       1.5850
 991.000       1.4893
 992.000       1.4994
 994.000       1.5322
 996.000       1.6738
 998.000       1.5721
 999.000       1.5903
1000.000       1.7301
1001.000       1.5920
1002.000       1.5828
1003.000       1.6637
1006.000       1.6734
1008.000       1.6266
1009.000       1.6341
1011.000       1.5528
1012.000       1.5202
1014.000       1.4966
1015.000       1.5253
1016.000       1.5935
1017.000       1.6323
1018.000       1.7008
1020.000       1.7355
1021.000       1.9017
1024.000       1.6752
1025.000       1.5653
1026.000       1.6893
1028.000       1.7179
1030.000       1.8541
1032.000       1.7946
1033.000       1.8446
1034.000       2.0077
1035.000       1.9938
1036.000       1.9199
1037.000       2.1366
1040.000       2.1390
1042.000       2.1189
1043.000       2.2857
1045.000       2.3309
1046.000       2.2802
1048.000       2.4806
1049.000       2.6627
1050.000       2.9968
1051.000       3.2059
1054.000       3.2135
1055.000       3.1199
1057.000       2.8301
1058.000       2.5870
1059.000       2.2731
1061.000       2.4349
1063.000       2.6213
1065.000       2.4021
1066.000       2.5026
1067.000       2.6810
1068.000       2.3963
1069.000       2.6893
1070.000       2.9279
1073.000       3.1337
1075.000       3.1142
1076.000       3.2208
1078.000       3.0447
1079.000       2.8137
1081.000       2.7666
1082.000       2.9881
1083.000       3.1376
1084.000       3.0892
1087.000       3.4138
1088.000       3.5428
1090.000       3.4442
1091.000       3.1598
1092.000       3.1855
1094.000       3.3598
1096.000       3.6595
1098.000       3.3685
1099.000       3.3521
1100.000       3.6148
1101.000       3.1378
1102.000       3.3683
1103.000       3.6133
1106.000       3.6331
1108.000       3.5310
1109.000       3.4704
1111.000       3.2098
1112.000       3.0335
1114.000       2.8356
1116.000       2.8298
1117.000       2.7023
1120.000       3.0139
1121.000       3.2007
1122.000       3.4104
1123.000       3.5217
1125.000       3.5457
1127.000       3.8442
1129.000       3.7029
1130.000       3.5947
1131.000       3.8364
1132.000       3.4908
1133.000       3.4083
1134.000       3.5229
1137.000       3.3675
1139.000       3.2708
1140.000       3.0712
1142.000       2.8791
1143.000       2.9177
1145.000       2.7844
1147.000       2.5884
1148.000       2.4925
1151.000       2.5453
1152.000       2.6968
1153.000       2.7098
1154.000       3.1802
1156.000       3.0569
1158.000       3.2216
1160.000       3.2844
1161.000       3.1980
1162.000       3.3783
1163.000       3.2061
1164.000       3.0096
1165.000       3.0698
1168.000       2.9505
1170.000       2.8927
1171.000       2.7703
1173.000       2.6857
1174.000       2.7517
1176.000       2.7629
1177.000       2.6931
1178.000       2.7711
1179.000       2.9137
1180.000       2.7836
1182.000       2.7317
1183.000       2.8423
1186.000       2.6690
1187.000       2.6447
1188.000       2.8131
1190.000       2.7480
1192.000       2.9115
1194.000       2.9192
1195.000       2.8748
1196.000       3.0985
1197.000       2.8935
1198.000       2.7316
1199.000       2.8435
1202.000       2.7884
1204.000       2.7530
1205.000       2.7597
1207.000       2.7411
1208.000       2.6864
1210.000       2.8285
1212.000       3.0366
1213.000       3.3048
1216.000       3.1062
1217.000       2.9549
1218.000       3.1405
1219.000       2.6961
1221.000       2.7382
1223.000       2.9489
1225.000       2.8239
1226.000       2.8111
1227.000       3.0266
1228.000       2.8590
1229.000       2.6590
1230.000       2.7197
1233.000       2.6152
1235.000       2.5488
1236.000       2.5696
1238.000       2.6842
1239.000       2.7855
1241.000       3.0304
1243.000       3.2008
1244.000       3.5161
1245.000       3.0980
1247.000       2.8513
1248.000       2.9103
1249.000       2.6258
1251.000       2.6123
1253.000       2.7127
1255.000       2.7641
1256.000       3.1025
1257.000       3.3837
1258.000       3.4123
1259.000       3.0408
1260.000       2.9006
1263.000       3.0489
1265.000       3.0656
1266.000       3.5296
1268.000       3.6032
1269.000       3.4812
1271.000       3.6323
1273.000       3.9383
1274.000       4.1605
1275.000       4.1306
1277.000       3.9874
1278.000       4.3225
1279.000       3.5371
1281.000       3.8492
1283.000       4.5287
1285.000       3.7622
1286.000       3.8637
1287.000       4.1707
1288.000       4.2375
1289.000       3.4110
1290.000       3.4059
1293.000       3.1247
1295.000       2.9112
1296.000       2.8126
1298.000       2.7669
1299.000       2.9547
1301.000       3.1657
1303.000       3.1693
1304.000       3.4968
1305.000       2.9731
1307.000       2.8038
1308.000       2.9104
1309.000       3.0439
1311.000       2.9268
1313.000       3.1637
1315.000       3.2735
1316.000       3.2547
1317.000       3.5183
1318.000       3.1950
1319.000       3.2041
1320.000       3.0741
1323.000       3.1423
1325.000       3.0470
1326.000       3.1732
1328.000       3.0850
1329.000       3.1277
1331.000       3.0738
1333.000       2.9763
1334.000       2.9691
1335.000       2.9421
1337.000       2.9901
1338.000       2.9915
1339.000       3.3596
1341.000       3.3355
1343.000       3.5606
1345.000       3.5173
1346.000       3.6299
1347.000       3.6379
1348.000       3.8810
1349.000       3.5198
1350.000       3.6048
1353.000       3.5186
1355.000       3.6319
1356.000       3.4684
1358.000       3.6031
1359.000       3.6451
1361.000       3.8450
1363.000       4.0549
1364.000       4.3252
1365.000       4.0316
1367.000       3.8084
1368.000       3.8990
1369.000       3.2263
1371.000       3.1930
1373.000       3.0476
1375.000       3.1889
1376.000       3.2120
1377.000       3.3640
1378.000       3.4026
1379.000       2.9499
1380.000       2.7984
1383.000       2.6740
1385.000       2.6932
1386.000       2.5586
1388.000       2.4763
1389.000       2.5083
1391.000       2.4394
1392.000       2.3628
1393.000       2.3015
1394.000       2.3025
1395.000       2.2724
1397.000       2.2943
1398.000       2.2873
1401.000       2.3515
1402.000       2.3843
1403.000       2.4964
1405.000       2.4545
1407.000       2.5233
1409.000       2.5113
1410.000       2.4287
1411.000       2.5615
1412.000       2.4851
1413.000       2.2448
1414.000       2.2432
1417.000       2.1473
1419.000       2.1513
1420.000       2.0846
1422.000       2.0763
1423.000       2.1255
1425.000       2.1231
1426.000       2.0722
1427.000       2.0800
1428.000       2.1178
1429.000       2.0797
1431.000       2.0642
1432.000       2.0975
1435.000       2.0457
1436.000       2.0514
1437.000       2.0731
1439.000       2.0465
1441.000       2.1171
1443.000       2.1046
1444.000       2.1039
1445.000       2.2057
1446.000       2.1505
1447.000       2.0275
1448.000       2.0403
1451.000       2.0138
1453.000       2.0019
1454.000       1.9889
1456.000       1.9601
1457.000       1.9518
1459.000       1.9417
1460.000       1.9463
1461.000       1.9666
1462.000       1.9777
1463.000       2.0156
1465.000       2.0422
1466.000       2.1266
1469.000       2.0174
1470.000       1.9663
1471.000       1.9883
1473.000       1.9980
1475.000       2.0776
1477.000       2.0378
1478.000       2.0557
1479.000       2.1671
1480.000       2.0604
1481.000       2.0263
1482.000       2.0905
1485.000       2.0942
1487.000       2.0770
1488.000       2.0707
1490.000       1.9962
1491.000       1.9447
1493.000       1.9051
1494.000       1.9317
1495.000       1.9338
1496.000       1.9091
1497.000       2.0036
1499.000       2.0688
1500.000       2.1614
1503.000       2.0664
1504.000       1.9930
1505.000       2.0645
1507.000       2.0939
1509.000       2.2085
1511.000       2.1240
1512.000       2.1209
1513.000       2.2172
1514.000       2.1390
1515.000       2.0770
1516.000       2.1056
1519.000       2.0900
1521.000       2.0847
1522.000       2.0613
1524.000       1.9920
1525.000       1.9638
1527.000       1.9391
1529.000       1.9375
1530.000       1.9531
1531.000       1.9701
1533.000       2.0000
1534.000       2.0739
1535.000       2.0676
1537.000       2.0889
1539.000       2.1817
1541.000       2.1070
1542.000       2.0603
1543.000       2.1882
1544.000       2.0265
1545.000       1.9726
1546.000       2.0244
1549.000       1.9465
1551.000       1.9075
1552.000       1.8180
1554.000       1.7310
1555.000       1.7390
1557.000       1.6713
1559.000       1.5915
1560.000       1.5538
1561.000       1.5980
1563.000       1.6624
1564.000       1.6918
1565.000       1.8724
1567.000       1.8178
1569.000       1.9100
1571.000       1.9521
1572.000       1.9321
1573.000       2.0890
1574.000       1.9535
1575.000       1.7782
1576.000       1.7227
1579.000       1.5999
1581.000       1.5882
1582.000       1.5372
1584.000       1.5938
1585.000       1.6887
1587.000       1.7512
1588.000       1.6972
1589.000       1.7484
1590.000       1.8613
1593.000       1.7177
1594.000       1.6366
1596.000       1.5769
1597.000       1.6060
1598.000       1.5495
1600.000       1.5056
1602.000       1.4829
1604.000       1.5417
1605.000       1.5743
1606.000       1.6064
1607.000       1.6697
1608.000       1.5422
1609.000       1.4898
1612.000       1.4982
1614.000       1.4893
1615.000       1.5316
1617.000       1.5888
1618.000       1.6203
1620.000       1.6904
1621.000       1.7046
1622.000       1.7896
1623.000       1.8829
1626.000       1.8107
1627.000       1.7510
1629.000       1.6717
1630.000       1.6473
1631.000       1.5782
1633.000       1.5683
1635.000       1.5713
1637.000       1.6558
1638.000       1.7215
1639.000       1.7197
1640.000       1.9095
1641.000       1.6862
1642.000       1.6931
1645.000       1.6277
1647.000       1.5851
1648.000       1.5479
1650.000       1.4936
1651.000       1.4890
1653.000       1.4858
1655.000       1.4802
1656.000       1.5214
1657.000       1.4957
1659.000       1.5049
1660.000       1.5745
1661.000       1.5977
1663.000       1.5828
1665.000       1.6955
1667.000       1.6865
1668.000       1.7526
1669.000       1.8980
1670.000       1.7758
1671.000       1.7288
1672.000       1.8002
1675.000       1.8028
1677.000       1.7273
1678.000       1.7359
1680.000       1.6609
1681.000       1.6158
1683.000       1.5974
1685.000       1.6195
1686.000       1.6517
1689.000       1.6660
1690.000       1.6907
1691.000       1.7866
1692.000       1.8302
1694.000       1.8291
1696.000       1.9671
1698.000       1.9614
1699.000       2.0580
1700.000       2.2114
1701.000       2.0568
1702.000       2.0866
1703.000       2.1996
1706.000       2.2266
1708.000       2.1408
1709.000       2.1873
1711.000       2.1241
1712.000       2.0599
1714.000       2.0503
1716.000       2.1093
1717.000       2.1534
1718.000       2.1686
1720.000       2.1814
1721.000       2.2851
1722.000       2.2879
1724.000       2.3110
1726.000       2.4469
1728.000       2.4306
1729.000       2.5347
1730.000       2.7197
1731.000       2.4964
1732.000       2.5618
1733.000       2.6690
1736.000       2.6969
1738.000       2.5935
1739.000       2.6234
1741.000       2.5207
1742.000       2.4320
1744.000       2.3915
1745.000       2.4620
1746.000       2.5076
1747.000       2.4937
1748.000       2.6252
1750.000       2.6923
1751.000       2.8312
1754.000       2.6589
1755.000       2.5416
1756.000       2.7518
1758.000       2.7631
1760.000       2.9107
1762.000       2.9145
1763.000       3.0046
1764.000       3.2029
1765.000       2.9337
1766.000       3.0282
1767.000       3.1622
1770.000       3.1830
1772.000       3.0486
1773.000       3.0699
1775.000       2.9412
1776.000       2.8410
1778.000       2.7508
1780.000       2.7717
1781.000       2.7289
1784.000       2.8755
1785.000       2.9580
1786.000       3.0837
1787.000       3.2446
1789.000       3.2363
1791.000       3.3955
1793.000       3.4306
1794.000       3.5408
1795.000       3.7527
1796.000       3.4698
1797.000       3.5614
1798.000       3.7054
1801.000       3.7350
1803.000       3.6039
1804.000       3.6083
1806.000       3.4408
1807.000       3.3270
1809.000       3.2119
1810.000       3.2572
1811.000       3.2288
1812.000       3.1253
1815.000       3.3425
1816.000       3.4762
1818.000       3.5182
1819.000       3.4010
1820.000       3.7824
1822.000       3.7790
1824.000       3.9657
1826.000       3.9794
1827.000       4.0796
1828.000       4.3226
1829.000       3.9744
1830.000       4.0868
1831.000       4.2653
1834.000       4.2702
1836.000       4.1073
1837.000       4.0760
1839.000       3.8659
1840.000       3.7591
1842.000       3.6130
1843.000       3.6253
1844.000       3.5467
1845.000       3.4437
1846.000       3.6458
1848.000       3.7992
1849.000       3.9125
1852.000       3.8790
1853.000       3.7822
1854.000       4.2852
1856.000       4.2472
1858.000       4.4636
1860.000       4.5091
1861.000       4.5924
1862.000       4.5243
1863.000       4.8169
1864.000       4.6430
1865.000       4.4031
1868.000       4.4350
1870.000       4.8095
1871.000       5.1256
1873.000       5.8144
1874.000       6.0477
1876.000       6.8749
1878.000       7.5000
1879.000       8.3332
1880.000       7.2589
1882.000       6.4814
1883.000       6.5867
1884.000       4.6324
1886.000       5.0132
1888.000       5.0915
1890.000       4.5609
1891.000       4.6976
1892.000       4.7923
1893.000       5.1526
1894.000       4.5695
1895.000       4.5622
1898.000       4.5926
1900.000       4.8578
1901.000       4.8890
1903.000       5.0212
1904.000       5.0488
1906.000       5.2660
1907.000       5.3920
1908.000       5.7046
1909.000       5.9282
1910.000       5.8156
1912.000       5.6578
1913.000       5.8556
1916.000       5.3781
1917.000       5.2477
1918.000       4.4300
1920.000       4.6409
1922.000       4.7122
1924.000       4.2982
1925.000       4.1582
1926.000       4.1844
1927.000       4.0889
1928.000       4.2476
1929.000       4.3436
1932.000       4.5086
1934.000       4.6578
1935.000       4.7361
1937.000       4.6553
1938.000       4.5140
1940.000       4.5550
1941.000       4.7246
1942.000       4.8977
1943.000       4.9326
1946.000       5.0977
1947.000       5.1355
1949.000       5.0027
1950.000       4.7905
1951.000       4.4138
1953.000       4.6441
1955.000       4.8836
1957.000       4.4243
1958.000       4.2652
1959.000       4.4275
1960.000       4.0646
1961.000       4.3111
1962.000       4.5465
1965.000       4.6290
1967.000       4.6786
1968.000       4.6530
1970.000       4.4602
1971.000       4.2847
1973.000       4.2063
1974.000       4.3466
1975.000       4.4299
1976.000       4.3772
1979.000       4.6364
1980.000       4.7536
1982.000       4.7079
1983.000       4.4979
1984.000       4.4514
1986.000       4.5882
1988.000       4.8835
1990.000       4.5285
1991.000       4.3553
1992.000       4.5828
1993.000       4.1926
1994.000       4.2660
1995.000       4.4548
1998.000       4.4276
2000.000       4.4224
2001.000       4.3278
2003.000       4.1396
2004.000       4.0284
2006.000       3.9373
2007.000       3.9908
2008.000       4.0115
2009.000       3.9809
2010.000       4.1592
2012.000       4.2758
2013.000       4.4633
2016.000       4.2637
2017.000       4.1181
2018.000       4.2421
2020.000       4.2842
2022.000       4.5221
2024.000       4.3244
2025.000       4.1780
2026.000       4.3691
2027.000       4.0265
2028.000       4.0986
2029.000       4.2609
2032.000       4.2229
2034.000       4.1768
2035.000       4.0556
2037.000       3.8417
2038.000       3.7578
2040.000       3.6036
2042.000       3.5312
2043.000       3.4242
2046.000       3.6220
2047.000       3.7754
2048.000       3.8995
2049.000       4.0589
2051.000       4.0493
2053.000       4.2624
2055.000       4.1667
2056.000       4.0477
2057.000       4.2579
2058.000       3.8801
2059.000       3.9703
2060.000       4.1270
2063.000       4.0762
2065.000       3.9949
2066.000       3.8782
2068.000       3.6510
2069.000       3.5427
2071.000       3.3637
2073.000       3.2824
2074.000       3.1589
2075.000       3.4073
2077.000       3.5892
2078.000       3.7242
2079.000       3.9218
2081.000       3.8978
2083.000       4.1166
2085.000       4.0481
2086.000       3.9267
2087.000       4.1560
2088.000       3.7491
2089.000       3.8304
2090.000       3.9900
2093.000       3.9077
2095.000       3.8198
2096.000       3.6634
2098.000       3.4443
2099.000       3.3754
2101.000       3.1928
2102.000       3.1370
2103.000       2.9863
2104.000       2.8573
2105.000       3.0348
2107.000       3.2011
2108.000       3.2581
2111.000       3.3371
2112.000       3.2977
2113.000       3.7306
2115.000       3.6698
2117.000       3.8630
2119.000       3.8461
2120.000       3.7337
2121.000       3.9465
2122.000       3.6182
2123.000       3.5854
2124.000       3.7025
2127.000       3.5738
2129.000       3.4750
2130.000       3.3067
2132.000       3.1199
2133.000       3.1165
2135.000       2.9695
2137.000       2.8135
2138.000       2.6885
2141.000       2.8241
2142.000       2.9779
2143.000       3.0208
2144.000       3.4090
2146.000       3.3105
2148.000       3.4571
2150.000       3.5146
2151.000       3.3998
2152.000       3.5880
2153.000       3.3141
2154.000       3.2372
2155.000       3.3301
2158.000       3.1876
2160.000       3.1042
2161.000       2.9259
2163.000       2.7676
2164.000       2.7783
2166.000       2.6501
2167.000       2.5352
2168.000       2.3965
2169.000       2.3385
2172.000       2.3570
2173.000       2.4529
2175.000       2.5833
2176.000       2.6124
2177.000       3.0211
2179.000       2.9122
2181.000       3.0421
2183.000       3.1261
2184.000       3.0724
2185.000       3.2624
2186.000       3.3822
2187.000       2.7042
2188.000       2.5291
2191.000       2.4476
2193.000       2.3652
2194.000       2.2455
2196.000       2.1004
2197.000       2.1098
2199.000       2.0064
2200.000       1.9144
2201.000       1.8155
2202.000       1.7917
2203.000       1.7990
2205.000       1.8791
2206.000       1.8997
2209.000       1.9767
2210.000       1.9817
2211.000       2.3210
2213.000       2.2550
2215.000       2.4031
2217.000       2.4248
2218.000       2.3574
2219.000       2.5396
2220.000       2.3476
2221.000       2.1735
2222.000       2.2024
2225.000       2.0429
2227.000       1.9502
2228.000       1.8072
2230.000       1.7395
2231.000       1.8058
2233.000       1.7848
2235.000       1.6972
2236.000       1.7223
2237.000       1.6338
2239.000       1.6488
2240.000       1.6289
2241.000       1.9399
2243.000       1.7853
2245.000       1.8159
2247.000       2.0422
2248.000       2.0122
2249.000       2.2454
2250.000       1.9949
2251.000       1.8410
2252.000       1.9125
2255.000       1.7885
2257.000       1.7125
2258.000       1.6115
2260.000       1.5189
2261.000       1.5328
2263.000       1.4974
2264.000       1.4490
2265.000       1.4675
2266.000       1.5353
2269.000       1.5051
2270.000       1.5163
2272.000       1.5078
2273.000       1.4682
2274.000       1.6724
2276.000       1.6297
2278.000       1.7621
2280.000       1.7558
2281.000       1.7452
2282.000       1.8746
2283.000       1.7727
2284.000       1.6491
2285.000       1.6536
2288.000       1.5634
2290.000       1.5064
2291.000       1.4492
2293.000       1.4295
2294.000       1.4693
2296.000       1.4542
2297.000       1.4039
2298.000       1.3968
2299.000       1.4226
2300.000       1.3927
2302.000       1.3933
2303.000       1.4265
2306.000       1.3963
2307.000       1.3980
2308.000       1.5361
2310.000       1.4738
2312.000       1.5132
2314.000       1.6083
2315.000       1.6458
2316.000       1.7716
2317.000       1.6829
2318.000       1.5712
2319.000       1.5866
2322.000       1.5493
2324.000       1.4991
2325.000       1.4821
2327.000       1.4396
2328.000       1.4308
2330.000       1.4170
2331.000       1.4116
2332.000       1.4201
2333.000       1.4342
2334.000       1.4509
2336.000       1.4763
2337.000       1.5355
2340.000       1.4712
2341.000       1.4318
2342.000       1.5496
2344.000       1.5305
2346.000       1.5971
2348.000       1.6251
2349.000       1.6471
2350.000       1.7766
2351.000       1.6353
2352.000       1.6140
2353.000       1.6663
2356.000       1.6474
2358.000       1.6124
2359.000       1.5916
2361.000       1.5410
2362.000       1.5170
2364.000       1.4872
2365.000       1.4874
2366.000       1.4862
2367.000       1.4897
2368.000       1.5227
2370.000       1.5623
2371.000       1.6243
2374.000       1.5661
2375.000       1.5251
2376.000       1.6249
2378.000       1.6271
2380.000       1.7112
2382.000       1.6814
2383.000       1.6818
2384.000       1.7756
2385.000       1.6791
2386.000       1.6555
2387.000       1.7010
2390.000       1.6901
2392.000       1.6737
2393.000       1.6414
2395.000       1.5821
2396.000       1.5684
2398.000       1.5450
2399.000       1.5385
2400.000       1.5426
2401.000       1.5533
2404.000       1.5805
2405.000       1.6162
2407.000       1.6146
2408.000       1.5682
2409.000       1.6613
2411.000       1.6589
2413.000       1.7653
2415.000       1.7489
2416.000       1.7691
2417.000       1.9083
2418.000       1.7993
2419.000       1.6942
2420.000       1.7071
2423.000       1.6776
2425.000       1.6641
2426.000       1.7036
2428.000       1.6182
2429.000       1.5934
2431.000       1.5734
2433.000       1.5761
2434.000       1.6197
2435.000       1.6016
2437.000       1.6265
2438.000       1.7216
2439.000       1.7043
2441.000       1.8392
2443.000       2.2170
2445.000       1.7098
2446.000       1.8027
2447.000       1.9373
2448.000       1.9498
2449.000       1.8359
2450.000       1.8912
2453.000       1.9960
2455.000       1.9816
2456.000       1.9912
2458.000       1.9237
2459.000       1.9051
2461.000       1.9276
2462.000       1.9487
2463.000       2.0412
2464.000       2.1153
2467.000       2.1379
2468.000       2.1512
2470.000       2.0723
2471.000       1.9590
2472.000       2.0939
2474.000       2.0576
2476.000       2.2739
2478.000       2.2956
2479.000       2.3268
2480.000       2.2266
2481.000       2.5825
2482.000       2.3723
2483.000       2.5953
2486.000       2.7059
2488.000       2.8202
2489.000       2.8278
2491.000       2.7159
2492.000       2.6152
2494.000       2.5682
2496.000       2.6251
2497.000       2.6212
2500.000       2.7370
2501.000       2.7836
2502.000       2.9254
2503.000       2.5836
2505.000       2.7620
2507.000       2.9901
2509.000       2.6085
2510.000       2.4852
2511.000       2.6162
2512.000       2.3347
2513.000       2.5208
2514.000       2.7031
2517.000       2.7549
2519.000       2.7843
2520.000       2.7490
2522.000       2.6028
2523.000       2.4836
2525.000       2.3941
2527.000       2.4289
2528.000       2.3799
2531.000       2.5499
2532.000       2.6341
2533.000       2.7687
2534.000       2.6220
2536.000       2.7084
2538.000       2.9937
2540.000       2.7326
2541.000       2.6500
2542.000       2.8247
2543.000       2.5154
2544.000       2.6413
2545.000       2.8177
2548.000       2.8275
2550.000       2.8166
2551.000       2.7598
2553.000       2.6045
2554.000       2.4972
2556.000       2.3852
2558.000       2.3737
2559.000       2.3028
2560.000       2.4892
2562.000       2.6044
2563.000       2.7256
2564.000       2.6950
2566.000       2.7388
2568.000       2.9476
2570.000       2.7704
2571.000       2.6679
2572.000       2.8349
2573.000       2.5369
2574.000       2.6197
2575.000       2.7743
2578.000       2.7441
2580.000       2.7164
2581.000       2.6184
2583.000       2.4510
2584.000       2.3663
2586.000       2.2415
2588.000       2.1867
2589.000       2.1056
2590.000       2.2860
2592.000       2.4144
2593.000       2.5262
2594.000       2.5949
2596.000       2.5929
2598.000       2.7734
2600.000       2.6719
2601.000       2.5745
2602.000       2.7318
2603.000       2.4785
2604.000       2.4986
2605.000       2.5913
2608.000       2.5231
2610.000       2.4770
2611.000       2.3535
2613.000       2.2015
2614.000       2.1712
2616.000       2.0577
2618.000       1.9661
2619.000       1.8859
2622.000       1.9963
2623.000       2.1156
2624.000       2.1745
2625.000       2.3893
2627.000       2.3417
2629.000       2.4846
2631.000       2.4768
2632.000       2.4072
2633.000       2.5875
2634.000       2.3675
2635.000       2.2559
2636.000       2.3202
2639.000       2.1831
2641.000       2.0999
2642.000       1.9500
2644.000       1.8451
2645.000       1.8865
2647.000       1.8230
2649.000       1.7113
2650.000       1.6988
2651.000       1.6770
2653.000       1.7354
2654.000       1.7323
2655.000       2.0689
2657.000       1.9511
2659.000       2.0341
2661.000       2.1740
2662.000       2.1570
2663.000       2.3597
2664.000       2.1501
2665.000       2.0140
2666.000       2.0540
2669.000       1.9214
2671.000       1.8346
2672.000       1.7275
2674.000       1.6592
2675.000       1.6928
2677.000       1.6397
2678.000       1.5663
2679.000       1.5351
2680.000       1.5624
2681.000       1.5306
2683.000       1.5494
2684.000       1.5878
2687.000       1.5769
2688.000       1.5838
2689.000       1.8554
2691.000       1.7551
2693.000       1.8228
2695.000       1.9471
2696.000       1.9782
2697.000       2.1259
2698.000       2.0290
2699.000       1.8614
2700.000       1.8547
2703.000       1.7691
2705.000       1.6886
2706.000       1.6416
2708.000       1.5991
2709.000       1.6398
2711.000       1.6234
2713.000       1.5639
2714.000       1.5806
2715.000       1.5455
2717.000       1.5609
2718.000       1.5919
2719.000       1.7694
2721.000       1.7071
2723.000       1.7710
2725.000       1.8716
2726.000       1.9275
2727.000       2.0695
2728.000       1.9731
2729.000       1.8433
2730.000       1.8646
2733.000       1.8097
2735.000       1.7307
2736.000       1.6997
2738.000       1.6203
2739.000       1.6105
2741.000       1.5705
2743.000       1.5335
2744.000       1.5239
2747.000       1.5669
2748.000       1.6118
2749.000       1.6867
2750.000       1.8181
2752.000       1.7752
2754.000       1.8734
2756.000       1.9315
2757.000       1.9734
2758.000       2.1459
2759.000       1.9759
2760.000       1.8984
2761.000       1.9678
2764.000       1.8997
2766.000       1.8214
2767.000       1.7527
2769.000       1.6510
2770.000       1.6513
2772.000       1.5926
2774.000       1.5310
2775.000       1.5087
2778.000       1.5358
2779.000       1.5958
2780.000       1.6389
2781.000       1.8567
2783.000       1.7993
2785.000       1.9028
2787.000       1.9555
2788.000       1.9536
2789.000       2.1192
2790.000       1.9445
2791.000       1.8495
2792.000       1.8839
2795.000       1.7874
2797.000       1.7249
2798.000       1.6380
2800.000       1.5676
2801.000       1.5922
2803.000       1.5531
2805.000       1.4868
2806.000       1.4811
2809.000       1.4662
2810.000       1.5045
2811.000       1.5168
2812.000       1.7222
2814.000       1.6490
2816.000       1.7018
2818.000       1.7876
2819.000       1.7962
2820.000       1.9070
2821.000       1.8375
2822.000       1.6988
2823.000       1.6722
2826.000       1.5837
2828.000       1.5369
2829.000       1.4855
2831.000       1.4859
2832.000       1.5471
2834.000       1.5536
2835.000       1.4980
2836.000       1.5092
2837.000       1.5725
2838.000       1.4839
2840.000       1.4482
2841.000       1.4668
2844.000       1.4341
2845.000       1.4584
2846.000       1.5728
2848.000       1.5076
2850.000       1.5027
2852.000       1.6124
2853.000       1.7123
2854.000       1.7900
2855.000       1.7476
2856.000       1.7632
2857.000       1.7910
2860.000       1.8675
2862.000       1.8549
2863.000       1.9277
2865.000       1.8793
2866.000       1.7798
2868.000       1.7656
2870.000       1.8604
2871.000       1.8785
2874.000       1.9657
2875.000       1.9742
2876.000       2.0990
2877.000       1.9148
2879.000       2.0003
2881.000       2.1318
2883.000       2.0017
2884.000       2.0076
2885.000       2.2014
2886.000       1.9123
2887.000       2.0244
2888.000       2.1150
2891.000       2.1432
2893.000       2.0465
2894.000       2.0412
2896.000       1.9005
2897.000       1.8174
2899.000       1.7388
2900.000       1.7637
2901.000       1.7518
2902.000       1.6971
2905.000       1.8462
2906.000       1.9526
2908.000       1.9777
2909.000       1.8723
2910.000       2.1488
2912.000       2.1576
2914.000       2.3416
2916.000       2.2998
2917.000       2.3515
2918.000       2.5169
2919.000       2.3195
2920.000       2.3334
2921.000       2.4300
2924.000       2.4129
2926.000       2.3167
2927.000       2.2911
2929.000       2.1669
2930.000       2.1205
2932.000       2.0393
2934.000       1.9951
2935.000       1.9441
2938.000       2.0423
2939.000       2.1299
2940.000       2.2116
2941.000       2.4238
2943.000       2.3960
2945.000       2.5363
2947.000       2.5683
2948.000       2.6187
2949.000       2.8091
2950.000       2.5678
2951.000       2.5736
2952.000       2.6745
2955.000       2.6274
2957.000       2.5088
2958.000       2.4381
2960.000       2.2985
2961.000       2.2865
2963.000       2.1944
2965.000       2.1139
2966.000       2.0640
2969.000       2.1244
2970.000       2.2146
2971.000       2.2530
2972.000       2.6178
2974.000       2.5475
2976.000       2.6772
2978.000       2.7669
2979.000       2.8059
2980.000       3.0104
2981.000       2.7851
2982.000       2.6987
2983.000       2.8284
2986.000       2.6881
2988.000       2.5330
2989.000       2.4269
2991.000       2.3273
2992.000       2.3610
2994.000       2.2844
2996.000       2.1833
2997.000       2.1519
3000.000       2.1571
3001.000       2.2213
3002.000       2.2215
3003.000       2.6780
3005.000       2.5335
3007.000       2.5908
3009.000       2.8157
3010.000       2.9515
3011.000       3.0994
3012.000       3.0688
3013.000       2.8304
3014.000       2.7552
3017.000       2.6635
3019.000       2.5614
3020.000       2.6221
3022.000       2.5927
3023.000       2.6997
3025.000       2.6670
3026.000       2.5290
3027.000       2.4694
3028.000       2.5162
3029.000       2.3930
3031.000       2.3718
3032.000       2.3473
3035.000       2.4157
3036.000       2.4907
3037.000       2.8103
3039.000       2.8189
3041.000       2.9392
3043.000       2.8103
3044.000       2.8981
3045.000       2.9894
3046.000       3.0823
3047.000       2.7813
3048.000       2.7039
3051.000       2.6364
3053.000       2.5596
3054.000       2.6151
3056.000       2.6216
3057.000       2.6277
3059.000       2.6592
3060.000       2.6758
3061.000       2.7422
3062.000       2.7934
3065.000       2.7924
3066.000       2.7715
3068.000       2.7052
3069.000       2.6583
3070.000       2.7380
3072.000       2.7459
3074.000       2.8521
3076.000       2.7466
3077.000       2.8032
3078.000       2.9725
3079.000       2.8810
3080.000       2.6331
3081.000       2.4865
3084.000       2.3663
3086.000       2.3783
3087.000       2.2639
3089.000       2.2433
3090.000       2.2962
3092.000       2.3074
3094.000       2.2663
3095.000       2.2972
3098.000       2.2324
3099.000       2.2190
3100.000       2.2142
3101.000       2.2284
3103.000       2.1682
3105.000       2.1764
3107.000       2.2212
3108.000       2.1352
3109.000       2.2352
3110.000       2.1223
3111.000       2.0565
3112.000       2.1711
3115.000       2.1164
3117.000       2.1721
3118.000       2.1612
3120.000       2.1522
3121.000       2.2496
3123.000       2.2414
3124.000       2.1360
3125.000       2.1206
3126.000       2.1769
3129.000       2.0933
3130.000       2.0695
3132.000       2.0592
3133.000       2.0933
3134.000       1.9409
3136.000       2.1302
3138.000       2.4604
3140.000       2.1357
3141.000       2.2692
3142.000       2.9406
3143.000       2.5738
3144.000       1.9256
3145.000       2.0226
3148.000       1.9908
3150.000       2.1003
3151.000       2.0221
3153.000       1.9196
3154.000       1.8836
3156.000       1.8864
3157.000       1.9357
3158.000       2.0558
3159.000       2.1350
3160.000       2.1783
3162.000       2.1926
3163.000       2.3819
3166.000       2.0895
3167.000       1.9585
3168.000       1.8175
3170.000       1.9237
3172.000       2.1737
3174.000       1.8837
3175.000       1.8232
3176.000       2.0654
3177.000       1.6703
3178.000       1.9232
3179.000       2.2404
3182.000       2.4511
3184.000       2.4821
3185.000       2.6015
3187.000       2.4480
3188.000       2.1347
3190.000       2.1475
3192.000       2.4941
3193.000       2.6583
3196.000       2.7647
3197.000       2.7459
3198.000       3.0868
3199.000       2.3689
3201.000       2.5898
3203.000       2.9831
3205.000       2.5528
3206.000       2.3933
3207.000       2.7234
3208.000       2.1792
3209.000       2.2574
3210.000       2.5242
3213.000       2.4237
3215.000       2.3521
3216.000       2.1887
3218.000       1.9203
3219.000       1.7362
3221.000       1.5882
3223.000       1.6578
3224.000       1.7024
3225.000       1.8646
3227.000       1.9940
3228.000       2.2855
3229.000       2.1726
3231.000       2.1353
3233.000       2.4345
3235.000       2.3609
3236.000       2.2901
3237.000       2.5365
3238.000       2.1029
3239.000       2.3138
3240.000       2.5305
3243.000       2.5837
3245.000       2.5245
3246.000       2.5629
3248.000       2.4649
3249.000       2.3373
3251.000       2.3601
3252.000       2.4975
3253.000       2.6413
3254.000       2.6825
3257.000       2.8116
3258.000       2.8511
3260.000       2.7471
3261.000       2.5612
3262.000       2.5355
3264.000       2.6160
3266.000       2.8326
3268.000       2.6740
3269.000       2.6528
3270.000       2.8904
3271.000       2.5124
3272.000       2.6081
3273.000       2.7768
3276.000       2.7513
3278.000       2.6445
3279.000       2.5722
3281.000       2.3739
3282.000       2.2574
3284.000       2.1072
3285.000       2.1294
3286.000       2.0655
3287.000       1.9455
3290.000       2.1776
3291.000       2.3323
3293.000       2.4042
3294.000       2.2972
3295.000       2.6816
3297.000       2.6604
3299.000       2.8612
3301.000       2.8375
3302.000       2.8220
3303.000       3.0336
3304.000       2.7931
3305.000       2.6676
3306.000       2.7284
3309.000       2.5847
3311.000       2.4539
3312.000       2.2994
3314.000       2.1647
3315.000       2.2246
3317.000       2.1259
3319.000       1.9518
3320.000       1.8734
3323.000       1.8983
3324.000       2.0089
3325.000       2.0047
3326.000       2.5020
3328.000       2.3584
3330.000       2.4396
3332.000       2.6255
3333.000       2.6075
3334.000       2.8069
3335.000       2.6091
3336.000       2.4230
3337.000       2.4588
3340.000       2.3090
3342.000       2.1887
3343.000       2.0597
3345.000       1.9525
3346.000       2.0265
3348.000       1.9693
3350.000       1.8217
3351.000       1.8003
3352.000       1.7630
3354.000       1.8274
3355.000       1.8266
3356.000       2.2313
3358.000       2.1073
3360.000       2.1896
3362.000       2.3316
3363.000       2.3330
3364.000       2.5023
3365.000       2.3510
3366.000       2.1855
3367.000       2.2005
3370.000       2.0767
3372.000       1.9772
3373.000       1.8706
3375.000       1.7848
3376.000       1.8479
3378.000       1.8056
3380.000       1.6891
3381.000       1.6813
3384.000       1.6378
3385.000       1.6879
3386.000       1.6947
3387.000       2.0146
3389.000       1.9098
3391.000       1.9872
3393.000       2.1144
3394.000       2.1315
3395.000       2.2846
3396.000       2.1644
3397.000       2.0185
3398.000       2.0222
3401.000       1.9339
3403.000       1.8660
3404.000       1.8006
3406.000       1.7424
3407.000       1.7871
3409.000       1.7805
3411.000       1.7257
3412.000       1.7649
3415.000       1.6871
3416.000       1.6955
3417.000       1.7084
3418.000       1.8911
3420.000       1.8382
3422.000       1.9202
3424.000       1.9677
3425.000       1.9765
3426.000       2.1227
3427.000       1.9925
3428.000       1.8819
3429.000       1.8836
3432.000       1.8161
3434.000       1.7758
3435.000       1.7092
3437.000       1.6639
3438.000       1.6917
3440.000       1.6722
3441.000       1.6287
3442.000       1.6321
3443.000       1.6754
3444.000       1.6260
3446.000       1.6158
3447.000       1.6396
3450.000       1.6213
3451.000       1.6251
3452.000       1.7692
3454.000       1.7243
3456.000       1.7913
3458.000       1.8500
3459.000       1.8749
3460.000       2.0071
3461.000       1.9165
3462.000       1.7771
3463.000       1.7503
3466.000       1.6753
3468.000       1.6344
3469.000       1.6176
3471.000       1.6397
3472.000       1.6802
3474.000       1.7099
3475.000       1.6920
3476.000       1.7430
3477.000       1.8075
3478.000       1.7585
3480.000       1.7290
3481.000       1.7853
3484.000       1.6749
3485.000       1.6568
3486.000       1.6930
3488.000       1.6488
3490.000       1.6407
3492.000       1.7379
3493.000       1.8500
3494.000       1.9294
3495.000       1.9096
3496.000       1.8783
3497.000       1.8963
3500.000       1.9534
3502.000       1.9205
3503.000       1.9754
3505.000       1.9104
3506.000       1.8213
3508.000       1.8079
3509.000       1.8941
3510.000       1.9613
3511.000       1.9447
3514.000       2.0877
3515.000       2.1438
3517.000       2.0907
3518.000       1.9626
3519.000       2.0109
3521.000       2.0703
3523.000       2.1947
3525.000       2.1145
3526.000       2.1444
3527.000       2.3008
3528.000       2.0955
3529.000       2.1480
3530.000       2.2664
3533.000       2.2537
3535.000       2.1584
3536.000       2.1261
3538.000       2.0012
3539.000       1.9400
3541.000       1.8589
3542.000       1.8564
3543.000       1.8091
3544.000       1.7591
3545.000       1.8664
3547.000       1.9694
3548.000       2.0514
3551.000       2.0185
3552.000       1.9523
3553.000       2.2497
3555.000       2.2230
3557.000       2.3663
3559.000       2.3892
3560.000       2.4120
3561.000       2.6073
3562.000       2.3334
3563.000       2.3838
3564.000       2.5316
3567.000       2.4642
3569.000       2.3444
3570.000       2.2628
3572.000       2.1243
3573.000       2.0855
3575.000       1.9851
3576.000       1.9445
3577.000       1.8647
3578.000       1.8185
3579.000       1.8807
3581.000       1.9714
3582.000       2.0073
3585.000       2.0573
3586.000       2.0327
3587.000       2.4158
3589.000       2.3542
3591.000       2.5018
3593.000       2.5562
3594.000       2.5927
3595.000       2.7851
3596.000       2.5655
3597.000       2.5128
3598.000       2.5884
3601.000       2.4933
3603.000       2.3448
3604.000       2.2528
3606.000       2.1258
3607.000       2.1522
3609.000       2.0784
3611.000       1.9800
3612.000       1.9516
3615.000       1.9518
3616.000       2.0223
3617.000       2.0315
3618.000       2.4841
3620.000       2.3712
3622.000       2.4715
3624.000       2.6528
3625.000       2.7360
3626.000       2.9601
3627.000       2.7475
3628.000       2.6140
3629.000       2.6768
3632.000       2.5576
3634.000       2.3961
3635.000       2.3263
3637.000       2.2401
3638.000       2.3046
3640.000       2.2473
3641.000       2.1463
3642.000       2.1092
3643.000       2.1631
3646.000       2.0682
3647.000       2.0470
3649.000       2.0805
3650.000       2.1343
3651.000       2.6015
3653.000       2.4738
3655.000       2.5278
3657.000       2.7694
3658.000       2.8758
3659.000       3.1666
3660.000       2.8757
3661.000       2.7655
3662.000       2.8590
3665.000       2.8426
3667.000       2.6795
3668.000       2.7839
3670.000       2.5556
3671.000       2.5043
3673.000       2.4241
3674.000       2.4308
3675.000       2.5244
3676.000       2.5891
3679.000       2.7023
3680.000       2.7641
3682.000       2.6889
3683.000       2.5175
3684.000       2.9879
3686.000       3.1267
3688.000       3.4506
3690.000       2.8854
3691.000       2.8979
3692.000       3.1214
3693.000       3.2996
3694.000       2.5116
3695.000       2.3944
3698.000       2.2939
3700.000       2.3638
3701.000       2.5954
3703.000       2.9368
3704.000       3.0674
3706.000       3.5770
3708.000       3.9822
3709.000       4.5328
3710.000       3.8606
3712.000       3.3860
3713.000       3.5466
3714.000       2.4693
3716.000       2.5758
3718.000       2.8834
3720.000       2.6882
3721.000       2.9381
3722.000       3.1075
3723.000       3.4170
3724.000       2.6885
3725.000       2.3602
3728.000       2.1780
3730.000       2.0722
3731.000       2.0449
3733.000       2.1719
3734.000       2.3680
3736.000       2.6089
3737.000       2.5675
3738.000       2.8647
3739.000       3.2245
3742.000       2.9276
3743.000       2.7169
3745.000       2.4171
3746.000       2.3264
3747.000       2.2090
3749.000       2.0890
3751.000       2.1258
3753.000       2.4111
3754.000       2.6761
3755.000       3.1317
3756.000       2.8431
3757.000       2.4545
3758.000       1.8969
3761.000       1.8550
3763.000       1.8998
3764.000       1.7985
3766.000       1.8135
3767.000       1.9330
3769.000       1.9660
3770.000       1.8518
3771.000       1.8623
3772.000       1.9946
3775.000       1.7948
3776.000       1.7175
3778.000       1.6981
3779.000       1.7617
3780.000       1.8865
3782.000       1.8818
3784.000       1.9521
3786.000       1.8491
3787.000       1.9041
3788.000       2.0192
3789.000       1.9266
3790.000       1.9029
3791.000       1.9240
3794.000       1.9143
3796.000       1.9789
3797.000       1.9562
3799.000       2.0219
3800.000       2.0240
3802.000       2.1448
3803.000       2.2267
3804.000       2.4170
3805.000       2.5545
3808.000       2.5257
3809.000       2.4515
3811.000       2.2767
3812.000       2.1604
3813.000       1.8988
3815.000       1.8836
3817.000       2.0762
3819.000       2.0740
3820.000       2.4899
3821.000       3.1331
3822.000       2.7835
3823.000       2.2213
3824.000       1.8088
3827.000       1.7511
3829.000       1.6998
3830.000       1.6526
3832.000       1.5816
3833.000       1.5672
3835.000       1.5393
3836.000       1.5300
3837.000       1.5438
3838.000       1.5606
3839.000       1.5903
3841.000       1.6194
3842.000       1.7052
3845.000       1.6062
3846.000       1.5588
3847.000       1.7297
3849.000       1.7009
3851.000       1.8012
3853.000       1.8300
3854.000       1.8963
3855.000       2.0340
3856.000       1.9262
3857.000       1.8643
3858.000       1.9152
3861.000       1.9214
3863.000       1.8431
3864.000       1.8613
3866.000       1.7920
3867.000       1.7390
3869.000       1.7133
3870.000       1.7480
3871.000       1.7732
3872.000       1.7624
3873.000       1.8579
3875.000       1.9108
3876.000       2.0235
3879.000       1.8895
3880.000       1.8036
3881.000       1.9859
3883.000       1.9852
3885.000       2.0849
3887.000       2.1189
3888.000       2.2398
3889.000       2.3977
3890.000       2.2298
3891.000       2.2711
3892.000       2.3662
3895.000       2.4049
3897.000       2.2969
3898.000       2.3280
3900.000       2.2158
3901.000       2.1290
3903.000       2.0662
3904.000       2.1118
3905.000       2.1118
3906.000       2.0546
3909.000       2.2083
3910.000       2.3011
3912.000       2.3124
3913.000       2.2088
3914.000       2.4858
3916.000       2.4913
3918.000       2.6382
3920.000       2.6525
3921.000       2.7715
3922.000       2.9635
3923.000       2.7167
3924.000       2.8009
3925.000       2.9318
3928.000       2.9522
3930.000       2.8136
3931.000       2.8085
3933.000       2.6525
3934.000       2.5668
3936.000       2.4611
3937.000       2.4795
3938.000       2.4312
3939.000       2.3458
3942.000       2.5085
3943.000       2.6286
3945.000       2.6857
3946.000       2.6015
3947.000       3.0042
3949.000       2.9793
3951.000       3.1425
3953.000       3.1986
3954.000       3.2934
3955.000       3.5241
3956.000       3.2077
3957.000       3.2806
3958.000       3.4399
3961.000       3.3959
3963.000       3.2066
3964.000       3.1425
3966.000       2.9632
3967.000       2.8990
3969.000       2.7668
3970.000       2.7407
3971.000       2.6404
3972.000       2.5509
3973.000       2.6881
3975.000       2.8140
3976.000       2.8692
3979.000       2.9108
3980.000       2.8639
3981.000       3.4225
3983.000       3.3238
3985.000       3.4675
3987.000       3.6429
3988.000       3.7450
3989.000       4.0053
3990.000       3.6714
3991.000       3.6802
3992.000       3.7708
3995.000       3.6855
3997.000       3.4696
3998.000       3.3829
4000.000       3.2223
4001.000       3.1898
4003.000       3.0621
4004.000       2.9999
4005.000       2.8885
4006.000       2.8224
4007.000       2.8957
4009.000       3.0005
4010.000       3.0297
4013.000       3.1091
4014.000       3.1004
4015.000       3.7219
4017.000       3.5798
4019.000       3.7005
4021.000       3.9627
4022.000       4.0916
4023.000       4.3763
4024.000       4.0707
4025.000       3.9790
4026.000       4.0576
4029.000       3.9617
4031.000       3.7223
4032.000       3.6884
4034.000       3.5979
4035.000       3.6214
4037.000       3.5825
4038.000       3.5273
4039.000       3.5277
4040.000       3.5795
4043.000       3.5445
4044.000       3.5535
4046.000       3.5576
4047.000       3.5388
4048.000       4.0742
4050.000       3.9296
4052.000       4.0267
4054.000       4.3452
4055.000       4.5736
4056.000       4.8715
4057.000       4.6084
4058.000       4.5663
4059.000       4.6925
4062.000       4.7722
4064.000       4.5680
4065.000       4.7169
4067.000       4.6156
4068.000       4.5718
4070.000       4.6275
4071.000       4.6963
4072.000       4.8883
4073.000       5.0200
4074.000       5.0663
4076.000       5.0875
4077.000       5.4053
4080.000       4.9194
4081.000       4.7070
4082.000       4.9866
4084.000       5.0144
4086.000       5.2937
4088.000       5.2787
