   2.000       3.5798
   3.000       3.5395
   6.000       3.4066
   8.000       3.4061
   9.000       3.2233
  11.000       3.0335
  12.000       3.0272
  14.000       2.8806
  15.000       2.7836
  16.000       2.6634
  17.000       2.6080
  18.000       2.6738
  20.000       2.7854
  21.000       2.8324
  24.000       2.8946
  25.000       2.8868
  26.000       3.1514
  28.000       3.1304
  30.000       3.3355
  32.000       3.2217
  33.000       3.0891
  34.000       3.2979
  35.000       3.0135
  36.000       2.9214
  37.000       3.0222
  40.000       2.8961
  42.000       2.8242
  43.000       2.6640
  45.000       2.4827
  46.000       2.4848
  48.000       2.3618
  50.000       2.2207
  51.000       2.1335
  54.000       2.2320
  55.000       2.3661
  56.000       2.4322
  57.000       2.7375
  59.000       2.6614
  61.000       2.8276
  63.000       2.8524
  64.000       2.7928
  65.000       3.0301
  66.000       2.7227
  67.000       2.6466
  68.000       2.7642
  71.000       2.6445
  73.000       2.5329
  74.000       2.3814
  76.000       2.1894
  77.000       2.1794
  79.000       2.0153
  80.000       1.9025
  81.000       1.7496
  82.000       1.6718
  83.000       1.7540
  85.000       1.8922
  86.000       1.9400
  89.000       2.0268
  90.000       2.0215
  91.000       2.5244
  93.000       2.4225
  95.000       2.5784
  97.000       2.6748
  98.000       2.6126
  99.000       2.8978
 100.000       2.5480
 101.000       2.4066
 102.000       2.5395
 105.000       2.3599
 107.000       2.2211
 108.000       2.0376
 110.000       1.8311
 111.000       1.8184
 113.000       1.7079
 114.000       1.6349
 115.000       1.6184
 116.000       1.6503
 119.000       1.7014
 120.000       1.7842
 122.000       1.8062
 123.000       1.7209
 124.000       2.1854
 126.000       2.0707
 128.000       2.2784
 130.000       2.3313
 131.000       2.2841
 132.000       2.5025
 133.000       2.2922
 134.000       2.0694
 135.000       2.0999
 138.000       1.9314
 140.000       1.8155
 141.000       1.6555
 143.000       1.5285
 144.000       1.5970
 146.000       1.5129
 148.000       1.3378
 149.000       1.2921
 152.000       1.2818
 153.000       1.3811
 154.000       1.3965
 155.000       1.8340
 157.000       1.6959
 159.000       1.7787
 161.000       1.9343
 162.000       1.9325
 163.000       2.1021
 164.000       1.9767
 165.000       1.7659
 166.000       1.7611
 169.000       1.5912
 171.000       1.5008
 172.000       1.3594
 174.000       1.3017
 175.000       1.4112
 177.000       1.3857
 179.000       1.2408
 180.000       1.2482
 181.000       1.1545
 183.000       1.1812
 184.000       1.1610
 185.000       1.5116
 187.000       1.3758
 189.000       1.4090
 191.000       1.5817
 192.000       1.5830
 193.000       1.7195
 194.000       1.6616
 195.000       1.4287
 196.000       1.3824
 199.000       1.2370
 201.000       1.1735
 202.000       1.0734
 204.000       1.0463
 205.000       1.1496
 207.000       1.1416
 209.000       1.0173
 210.000       1.0290
 213.000       0.9343
 214.000       0.9526
 215.000       0.9408
 216.000       1.1829
 218.000       1.0829
 220.000       1.1196
 222.000       1.2407
 223.000       1.2712
 224.000       1.3883
 225.000       1.3699
 226.000       1.1461
 227.000       1.1119
 230.000       1.0171
 232.000       0.9598
 233.000       0.9007
 235.000       0.8952
 236.000       0.9628
 238.000       0.9487
 239.000       0.8657
 240.000       0.8386
 241.000       0.8826
 242.000       0.7983
 244.000       0.7878
 245.000       0.7940
 248.000       0.8112
 249.000       0.8430
 250.000       1.0192
 252.000       0.9425
 254.000       0.9649
 256.000       1.0922
 257.000       1.1584
 258.000       1.2882
 259.000       1.2397
 260.000       1.0597
 261.000       1.0386
 264.000       0.9735
 266.000       0.9260
 267.000       0.8902
 269.000       0.8753
 270.000       0.9147
 272.000       0.9168
 273.000       0.8701
 274.000       0.8733
 275.000       0.9201
 276.000       0.8548
 278.000       0.8377
 279.000       0.8467
 282.000       0.8410
 283.000       0.8515
 284.000       0.9808
 286.000       0.9264
 288.000       0.9731
 290.000       1.0783
 291.000       1.1578
 292.000       1.3402
 293.000       1.2630
 294.000       1.0299
 295.000       1.0019
 298.000       0.9189
 300.000       0.9113
 301.000       0.8766
 303.000       0.8776
 304.000       0.9138
 306.000       0.9285
 307.000       0.8924
 308.000       0.9144
 309.000       0.9749
 310.000       0.9007
 312.000       0.8755
 313.000       0.8949
 316.000       0.8638
 317.000       0.8668
 318.000       0.9104
 320.000       0.9007
 322.000       0.9452
 324.000       0.9493
 325.000       0.9908
 326.000       1.1184
 327.000       1.1115
 328.000       0.9077
 329.000       0.8894
 332.000       0.8726
 334.000       0.8876
 335.000       0.8826
 337.000       0.9090
 338.000       0.9958
 340.000       1.0255
 341.000       0.9520
 342.000       0.9852
 343.000       1.0834
 344.000       0.9557
 346.000       0.9002
 347.000       0.9427
 350.000       0.8682
 351.000       0.8879
 352.000       0.9170
 354.000       0.9496
 356.000       1.0240
 358.000       0.9671
 359.000       1.0592
 360.000       1.1808
 361.000       1.1650
 362.000       1.0063
 363.000       0.9793
 366.000       0.9779
 368.000       0.9767
 369.000       1.0410
 371.000       1.0546
 372.000       1.1131
 374.000       1.1440
 376.000       1.1283
 377.000       1.1975
 378.000       1.0935
 380.000       1.0514
 381.000       1.0669
 382.000       1.0727
 384.000       1.1263
 386.000       1.2327
 388.000       1.1294
 389.000       1.1809
 390.000       1.2412
 391.000       1.3192
 392.000       1.1011
 393.000       1.0756
 396.000       0.9999
 398.000       0.9902
 399.000       0.9358
 401.000       0.9120
 402.000       0.9507
 404.000       0.9400
 405.000       0.8883
 406.000       0.8774
 407.000       0.9170
 408.000       0.8554
 410.000       0.8434
 411.000       0.8526
 414.000       0.8591
 415.000       0.8759
 416.000       0.9325
 418.000       0.9154
 420.000       0.9856
 422.000       0.9665
 423.000       0.9783
 424.000       1.0830
 425.000       1.0214
 426.000       0.9147
 427.000       0.9169
 430.000       0.8621
 432.000       0.8314
 433.000       0.8055
 435.000       0.8016
 436.000       0.8230
 438.000       0.8427
 440.000       0.8392
 441.000       0.8914
 444.000       0.8268
 445.000       0.8076
 446.000       0.8358
 447.000       0.8640
 449.000       0.8325
 451.000       0.8651
 453.000       0.9214
 454.000       0.9678
 455.000       1.0594
 456.000       1.0280
 457.000       0.9379
 458.000       0.9469
 461.000       0.9558
 463.000       0.9469
 464.000       0.9554
 466.000       0.9269
 467.000       0.9273
 469.000       0.9542
 471.000       0.9783
 472.000       1.0485
 475.000       0.9807
 476.000       0.9550
 477.000       1.0057
 478.000       0.9909
 480.000       1.0102
 482.000       1.1209
 484.000       1.0903
 485.000       1.1809
 486.000       1.3696
 487.000       1.2292
 488.000       1.1571
 489.000       1.2606
 492.000       1.2840
 494.000       1.2213
 495.000       1.2535
 497.000       1.1896
 498.000       1.1430
 500.000       1.2005
 502.000       1.3142
 503.000       1.4640
 506.000       1.3690
 507.000       1.3023
 508.000       1.4321
 509.000       1.3148
 511.000       1.3449
 513.000       1.5302
 515.000       1.5137
 516.000       1.6235
 517.000       1.8366
 518.000       1.7479
 519.000       2.0105
 520.000       2.4563
 523.000       3.0156
 525.000       2.9361
 526.000       3.3488
 528.000       3.1780
 529.000       2.8431
 531.000       2.9865
 533.000       3.3823
 534.000       3.6641
 535.000       3.6365
 537.000       3.6095
 538.000       4.1004
 539.000       3.3533
 541.000       3.6884
 543.000       4.2708
 545.000       3.8229
 548.000       6.4733
 549.000       6.4026
 552.000       5.9590
 554.000       6.0352
 555.000       5.7379
 557.000       5.8499
 558.000       6.0795
 560.000       6.4473
 562.000       6.6133
 563.000       7.1774
 566.000       6.4402
 567.000       6.0384
 568.000       6.0862
 569.000       5.4702
 571.000       5.3988
 573.000       5.5575
 575.000       5.4475
 576.000       5.2041
 577.000       5.3820
 578.000       5.3399
 579.000       4.8098
 580.000       4.7475
 583.000       4.4983
 585.000       4.5865
 586.000       4.3860
 588.000       4.4503
 589.000       4.6503
 591.000       4.7986
 592.000       4.6898
 593.000       4.8841
 594.000       5.1727
 595.000       4.8428
 597.000       4.6526
 598.000       4.7790
 601.000       4.4647
 602.000       4.4821
 603.000       4.2142
 605.000       4.1478
 607.000       4.1850
 609.000       4.1700
 610.000       3.9247
 611.000       4.1776
 612.000       4.0969
 613.000       3.3640
 614.000       3.2379
 617.000       2.7921
 619.000       2.7733
 620.000       2.4695
 622.000       2.5980
 623.000       2.9143
 625.000       3.1924
 627.000       3.1893
 628.000       3.5494
 629.000       2.9559
 631.000       2.6721
 632.000       2.7383
 633.000       2.5121
 635.000       2.2896
 637.000       2.2238
 639.000       2.4989
 640.000       2.4992
 641.000       2.6750
 642.000       2.7424
 643.000       2.2193
 644.000       2.0419
 647.000       1.8647
 649.000       1.9549
 650.000       2.2350
 652.000       2.4442
 653.000       2.8766
 655.000       3.0685
 656.000       2.7614
 657.000       2.9137
 658.000       3.2396
 659.000       2.8447
 661.000       2.6935
 662.000       2.9823
 665.000       2.4331
 666.000       2.4493
 667.000       2.0057
 669.000       2.3904
 671.000       2.9610
 673.000       2.0185
 674.000       2.1417
 675.000       2.4399
 676.000       2.2643
 677.000       2.1131
 678.000       2.2179
 681.000       2.2490
 683.000       2.2986
 684.000       2.2770
 686.000       2.0958
 687.000       2.0104
 689.000       2.0303
 690.000       2.1284
 691.000       2.3357
 692.000       2.4684
 695.000       2.5516
 696.000       2.5732
 698.000       2.4178
 699.000       2.1794
 700.000       2.1455
 702.000       2.3215
 704.000       2.6897
 706.000       2.3055
 707.000       2.3220
 708.000       2.7589
 709.000       2.3809
 710.000       2.1166
 711.000       2.0247
 714.000       1.9050
 716.000       1.8762
 717.000       1.7360
 719.000       1.6069
 720.000       1.6091
 722.000       1.5080
 723.000       1.4381
 724.000       1.3816
 725.000       1.3554
 728.000       1.4274
 729.000       1.5083
 731.000       1.5540
 732.000       1.5133
 733.000       1.7357
 735.000       1.6859
 737.000       1.8218
 739.000       1.7876
 740.000       1.7116
 741.000       1.8381
 742.000       1.7630
 743.000       1.5455
 744.000       1.5479
 747.000       1.4357
 749.000       1.3963
 750.000       1.3060
 752.000       1.2568
 753.000       1.3031
 755.000       1.2628
 756.000       1.1687
 757.000       1.1057
 758.000       1.1209
 759.000       1.0605
 761.000       1.0831
 762.000       1.0812
 765.000       1.1420
 766.000       1.1755
 767.000       1.3467
 769.000       1.2893
 771.000       1.3596
 773.000       1.3900
 774.000       1.3694
 775.000       1.4886
 776.000       1.4233
 777.000       1.2501
 778.000       1.2498
 781.000       1.1606
 783.000       1.1281
 784.000       1.0553
 786.000       1.0184
 787.000       1.0652
 789.000       1.0310
 790.000       0.9545
 791.000       0.9144
 792.000       0.9400
 793.000       0.8838
 795.000       0.8910
 796.000       0.8951
 799.000       0.9274
 800.000       0.9542
 801.000       1.1053
 803.000       1.0523
 805.000       1.1060
 807.000       1.1553
 808.000       1.1633
 809.000       1.2866
 810.000       1.2412
 811.000       1.0474
 812.000       1.0256
 815.000       0.9454
 817.000       0.9194
 818.000       0.8803
 820.000       0.8707
 821.000       0.9095
 823.000       0.9223
 825.000       0.8931
 826.000       0.9411
 829.000       0.8673
 830.000       0.8552
 831.000       0.8763
 832.000       0.9247
 834.000       0.8966
 836.000       0.9390
 838.000       0.9656
 839.000       1.0060
 840.000       1.1044
 841.000       1.0880
 842.000       0.9550
 843.000       0.9474
 846.000       0.9285
 848.000       0.9257
 849.000       0.9119
 851.000       0.9013
 852.000       0.9316
 854.000       0.9493
 856.000       0.9319
 857.000       0.9798
 858.000       0.9202
 860.000       0.9043
 861.000       0.9516
 862.000       0.9406
 864.000       0.9517
 866.000       1.0128
 868.000       0.9902
 869.000       1.0388
 870.000       1.1743
 871.000       1.1138
 872.000       0.9765
 873.000       0.9861
 876.000       0.9405
 878.000       0.8863
 879.000       0.8683
 881.000       0.8815
 882.000       0.9677
 884.000       1.0273
 885.000       0.9711
 886.000       1.0546
 887.000       1.1994
 888.000       1.0243
 890.000       0.9285
 891.000       0.9636
 894.000       0.8582
 895.000       0.8784
 896.000       0.9738
 898.000       0.9316
 900.000       0.9862
 902.000       1.0791
 903.000       1.1601
 904.000       1.3348
 905.000       1.2479
 906.000       1.0890
 907.000       1.1406
 910.000       1.0925
 912.000       1.0736
 913.000       1.0053
 915.000       0.9405
 916.000       0.9641
 918.000       0.9369
 919.000       0.8838
 920.000       0.8703
 921.000       0.8917
 924.000       0.8835
 925.000       0.9102
 927.000       0.9214
 928.000       0.8980
 929.000       1.0399
 931.000       1.0059
 933.000       1.0915
 935.000       1.1188
 936.000       1.1426
 937.000       1.2881
 938.000       1.1630
 939.000       1.0672
 940.000       1.0996
 943.000       1.0302
 945.000       0.9848
 946.000       0.9123
 948.000       0.8641
 949.000       0.8918
 951.000       0.8759
 952.000       0.8214
 953.000       0.8224
 954.000       0.8968
 955.000       0.8079
 957.000       0.8057
 958.000       0.8352
 961.000       0.8186
 962.000       0.8171
 963.000       0.9888
 965.000       0.9374
 967.000       1.0077
 969.000       1.0612
 970.000       1.0708
 971.000       1.1960
 972.000       1.0907
 973.000       1.0088
 974.000       1.0347
 977.000       0.9937
 979.000       0.9335
 980.000       0.9674
 982.000       0.9213
 983.000       0.9204
 985.000       0.8930
 986.000       0.8746
 987.000       0.8776
 988.000       0.8884
 991.000       0.9142
 992.000       0.9456
 994.000       0.9436
 995.000       0.9022
 996.000       1.0758
 998.000       1.0954
1000.000       1.3035
1002.000       1.1489
1003.000       1.2604
1004.000       1.5553
1005.000       1.5086
1006.000       1.1987
1007.000       1.3008
1010.000       1.3361
1012.000       1.4857
1013.000       1.5546
1015.000       1.7855
1016.000       2.2468
1018.000       2.5633
1019.000       2.3726
1020.000       2.7530
1021.000       3.2863
1024.000       2.7557
1025.000       2.3546
1027.000       1.8819
1028.000       1.9055
1029.000       1.3812
1031.000       1.4195
1033.000       1.7859
1035.000       1.7462
1036.000       1.6175
1037.000       1.7928
1038.000       1.8004
1039.000       1.5364
1040.000       1.4652
1043.000       1.4378
1045.000       1.4151
1046.000       1.4642
1048.000       1.3901
1049.000       1.4844
1051.000       1.4276
1052.000       1.2883
1053.000       1.2320
1054.000       1.2863
1057.000       1.1868
1058.000       1.1731
1060.000       1.2080
1061.000       1.2683
1062.000       1.5543
1064.000       1.6560
1066.000       1.9451
1068.000       1.8054
1069.000       2.3680
1070.000       3.0419
1071.000       2.8026
1072.000       2.2746
1073.000       2.4358
1076.000       2.6020
1078.000       3.1091
1079.000       3.2878
1081.000       3.7635
1082.000       3.7305
1084.000       4.4459
1086.000       5.2116
1087.000       5.9729
1088.000       5.2085
1090.000       4.5602
1091.000       4.8779
1092.000       2.2883
1094.000       2.8205
1096.000       3.1896
1098.000       2.1377
1099.000       2.1394
1100.000       2.5636
1101.000       2.3410
1102.000       2.2119
1103.000       2.2706
1106.000       1.8354
1108.000       1.7350
1109.000       1.4293
1111.000       1.3644
1112.000       1.6186
1114.000       1.8013
1115.000       1.6755
1116.000       1.9962
1117.000       2.3829
1120.000       2.1238
1121.000       1.9493
1123.000       1.6149
1124.000       1.4393
1125.000       1.4877
1127.000       1.3723
1129.000       1.6807
1131.000       1.5650
1132.000       1.4480
1133.000       1.5956
1134.000       1.5503
1135.000       1.2438
1136.000       1.2054
1139.000       1.0965
1141.000       1.0807
1142.000       1.0080
1144.000       0.9879
1145.000       1.0530
1147.000       1.0592
1149.000       0.9960
1150.000       1.0283
1153.000       0.9514
1154.000       0.9505
1155.000       0.9738
1156.000       1.0337
1158.000       0.9867
1160.000       1.0307
1162.000       1.0695
1163.000       1.0788
1164.000       1.1728
1165.000       1.1465
1166.000       0.9982
1167.000       0.9873
1170.000       0.9352
1172.000       0.9249
1173.000       0.8858
1175.000       0.8786
1176.000       0.9209
1178.000       0.9426
1180.000       0.9190
1181.000       0.9626
1184.000       0.8874
1185.000       0.8652
1186.000       0.8773
1187.000       0.9102
1189.000       0.8823
1191.000       0.9169
1193.000       0.9443
1194.000       0.9504
1195.000       1.0422
1196.000       1.0014
1197.000       0.8886
1198.000       0.8812
1201.000       0.8317
1203.000       0.8107
1204.000       0.7915
1206.000       0.7914
1207.000       0.8280
1209.000       0.8588
1211.000       0.8493
1212.000       0.9115
1215.000       0.8193
1216.000       0.7937
1217.000       0.8143
1218.000       0.8294
1220.000       0.8009
1222.000       0.8232
1224.000       0.8755
1225.000       0.9097
1226.000       1.0084
1227.000       0.9741
1228.000       0.8627
1229.000       0.8608
1232.000       0.8359
1234.000       0.8484
1235.000       0.8246
1237.000       0.8032
1238.000       0.8319
1240.000       0.8256
1241.000       0.7930
1242.000       0.8133
1243.000       0.8667
1244.000       0.8181
1246.000       0.8037
1247.000       0.8434
1250.000       0.7952
1251.000       0.7860
1252.000       0.8250
1254.000       0.8379
1256.000       0.9266
1258.000       0.8802
1259.000       0.9685
1260.000       1.1802
1261.000       1.2387
1262.000       1.0223
1263.000       1.1307
1266.000       1.2917
1268.000       1.2642
1269.000       1.4977
1271.000       1.6241
1272.000       1.6039
1274.000       1.9589
1276.000       2.2975
1277.000       2.6986
1278.000       2.3106
1280.000       2.0385
1281.000       2.3166
1282.000       1.4895
1284.000       1.5277
1286.000       1.8508
1288.000       1.8024
1289.000       2.0155
1290.000       2.3966
1291.000       2.1736
1292.000       1.7510
1293.000       1.7322
1296.000       1.4701
1298.000       1.2612
1299.000       1.1062
1301.000       1.0196
1302.000       0.9967
1304.000       0.9732
1305.000       0.9650
1306.000       0.9914
1307.000       1.0241
1310.000       1.0452
1311.000       1.0903
1313.000       1.0842
1314.000       1.0040
1315.000       1.4599
1317.000       1.2726
1319.000       1.7078
1321.000       1.7831
1322.000       2.3920
1323.000       3.0997
1324.000       2.6003
1325.000       2.4645
1326.000       2.7338
1329.000       2.7231
1331.000       3.0831
1332.000       2.9996
1334.000       3.3598
1335.000       3.3065
1337.000       3.8297
1339.000       4.5220
1340.000       5.1572
1341.000       4.6033
1343.000       4.0470
1344.000       4.3384
1345.000       2.4671
1347.000       2.4909
1349.000       2.5998
1351.000       2.6696
1352.000       2.6303
1353.000       2.6988
1354.000       2.9103
1355.000       2.4030
1356.000       2.2537
1359.000       2.1335
1361.000       2.5048
1362.000       2.6637
1364.000       2.9201
1365.000       2.8842
1367.000       3.1567
1369.000       3.4708
1370.000       3.7741
1373.000       3.5595
1374.000       3.2970
1375.000       3.4735
1376.000       1.8820
1378.000       2.5010
1380.000       2.9960
1382.000       1.5654
1383.000       1.0852
1384.000       1.4807
1385.000       1.5616
1386.000       1.0189
1387.000       1.0740
1390.000       0.9185
1392.000       0.8829
1393.000       0.8374
1395.000       0.8401
1396.000       0.8800
1398.000       0.8928
1399.000       0.8547
1400.000       0.8702
1401.000       0.9205
1404.000       0.8745
1405.000       0.8567
1407.000       0.8386
1408.000       0.8317
1409.000       0.8793
1411.000       0.8398
1413.000       0.8654
1415.000       0.9083
1416.000       0.9369
1417.000       1.0044
1418.000       0.9999
1419.000       0.9218
1420.000       0.9100
1423.000       0.8949
1425.000       0.9185
1426.000       0.8988
1428.000       0.9008
1429.000       0.9449
1431.000       0.9728
1433.000       0.9489
1434.000       1.0055
1437.000       0.9206
1438.000       0.9016
1439.000       0.9322
1440.000       0.8830
1442.000       0.9191
1444.000       1.0035
1446.000       0.9359
1447.000       0.9588
1448.000       1.0920
1449.000       0.9969
1450.000       0.9323
1451.000       0.9916
1454.000       0.9878
1456.000       0.9607
1457.000       0.9649
1459.000       0.8984
1460.000       0.8773
1462.000       0.8893
1464.000       0.8973
1465.000       0.9544
1468.000       0.9205
1469.000       0.9275
1470.000       1.0141
1471.000       1.0063
1473.000       1.0562
1475.000       1.2260
1477.000       1.1151
1478.000       1.1629
1479.000       1.4258
1480.000       1.2723
1481.000       1.0303
1482.000       1.1394
1485.000       1.1963
1487.000       1.2304
1488.000       1.3365
1490.000       1.3236
1491.000       1.2191
1493.000       1.3441
1495.000       1.5571
1496.000       1.7486
1497.000       1.6524
1499.000       1.5621
1500.000       1.7778
1501.000       1.1665
1503.000       1.3696
1505.000       1.6488
1507.000       1.2546
1508.000       1.2159
1509.000       1.4035
1510.000       1.1144
1511.000       1.2881
1512.000       1.4570
1515.000       1.5154
1517.000       1.4853
1518.000       1.4806
1520.000       1.3173
1521.000       1.1568
1523.000       1.0778
1524.000       1.2048
1525.000       1.2914
1526.000       1.2518
1527.000       1.5481
1529.000       1.6989
1530.000       2.0030
1533.000       1.6232
1534.000       1.3702
1535.000       1.4865
1537.000       1.5426
1539.000       1.7760
1541.000       1.6693
1542.000       1.5442
1543.000       1.8146
1544.000       1.8455
1545.000       1.3971
1546.000       1.4525
1549.000       1.3684
1551.000       1.3065
1552.000       1.1689
1554.000       1.1376
1555.000       1.2266
1557.000       1.2192
1558.000       1.1016
1559.000       1.0712
1560.000       1.1615
1563.000       0.9955
1564.000       0.9640
1566.000       0.9985
1567.000       1.0547
1568.000       1.2870
1570.000       1.1402
1572.000       1.0841
1574.000       1.3630
1575.000       1.5482
1576.000       1.6222
1577.000       1.6944
1578.000       1.6426
1579.000       1.7048
1582.000       1.8787
1584.000       2.0795
1585.000       2.2581
1587.000       2.3951
1588.000       2.3355
1590.000       2.5643
1592.000       2.8666
1593.000       3.1431
1594.000       2.9365
1596.000       2.7277
1597.000       2.9318
1598.000       1.8833
1600.000       2.2134
1602.000       2.5568
1604.000       1.9969
1605.000       2.1423
1606.000       2.3633
1607.000       2.4990
1608.000       1.8494
1609.000       1.7461
1612.000       1.5756
1614.000       1.4843
1615.000       1.3752
1617.000       1.2727
1618.000       1.2857
1620.000       1.2103
1622.000       1.1158
1623.000       1.0737
1626.000       1.1135
1627.000       1.1936
1628.000       1.2317
1629.000       1.4845
1631.000       1.4056
1633.000       1.5089
1635.000       1.5723
1636.000       1.5883
1637.000       1.7568
1638.000       1.6479
1639.000       1.4601
1640.000       1.4796
1643.000       1.3810
1645.000       1.3163
1646.000       1.2445
1648.000       1.1842
1649.000       1.2223
1651.000       1.1964
1653.000       1.1229
1654.000       1.1361
1655.000       1.1062
1657.000       1.1369
1658.000       1.1766
1659.000       1.3400
1661.000       1.2804
1663.000       1.3681
1665.000       1.4324
1666.000       1.4877
1667.000       1.6422
1668.000       1.5300
1669.000       1.4036
1670.000       1.4258
1673.000       1.3543
1675.000       1.2740
1676.000       1.2242
1678.000       1.1528
1679.000       1.1629
1681.000       1.1084
1682.000       1.0508
1683.000       0.9980
1684.000       0.9906
1685.000       1.0011
1687.000       1.0541
1688.000       1.0986
1691.000       1.1007
1692.000       1.0892
1693.000       1.3497
1695.000       1.2932
1697.000       1.3810
1699.000       1.4617
1700.000       1.5221
1701.000       1.6879
1702.000       1.5464
1703.000       1.4479
1704.000       1.4930
1707.000       1.4248
1709.000       1.3603
1710.000       1.2909
1712.000       1.2068
1713.000       1.2161
1715.000       1.1567
1716.000       1.0934
1717.000       1.0339
1718.000       1.0283
1719.000       1.0214
1721.000       1.0673
1722.000       1.0831
1725.000       1.1293
1726.000       1.1329
1727.000       1.3942
1729.000       1.3402
1731.000       1.4252
1733.000       1.4795
1734.000       1.5006
1735.000       1.6695
1736.000       1.5426
1737.000       1.3837
1738.000       1.4068
1741.000       1.3045
1743.000       1.2453
1744.000       1.1743
1746.000       1.1456
1747.000       1.2031
1749.000       1.2072
1750.000       1.1464
1751.000       1.1729
1752.000       1.2665
1755.000       1.1723
1756.000       1.1421
1758.000       1.1165
1759.000       1.1133
1760.000       1.2533
1762.000       1.2016
1764.000       1.2744
1766.000       1.3101
1767.000       1.3208
1768.000       1.4290
1769.000       1.4054
1770.000       1.2210
1771.000       1.2050
1774.000       1.1336
1776.000       1.0885
1777.000       1.0488
1779.000       1.0371
1780.000       1.1142
1782.000       1.1461
1784.000       1.1083
1785.000       1.1856
1786.000       1.0376
1788.000       0.9967
1789.000       0.9855
1790.000       1.1522
1792.000       1.1115
1794.000       1.1639
1796.000       1.2149
1797.000       1.2855
1798.000       1.4049
1799.000       1.3696
1800.000       1.2207
1801.000       1.2886
1804.000       1.2286
1806.000       1.2126
1807.000       1.1363
1809.000       1.0608
1810.000       1.1007
1812.000       1.0675
1813.000       0.9938
1814.000       0.9762
1815.000       1.0204
1818.000       0.9780
1819.000       0.9988
1821.000       1.0166
1822.000       1.0009
1823.000       1.1550
1825.000       1.1317
1827.000       1.2352
1829.000       1.2120
1830.000       1.1792
1831.000       1.2913
1832.000       1.2034
1833.000       1.0849
1834.000       1.0979
1837.000       1.0179
1839.000       0.9866
1840.000       0.9177
1842.000       0.8981
1843.000       0.9369
1845.000       0.9337
1846.000       0.8801
1847.000       0.8699
1848.000       0.9124
1851.000       0.8560
1852.000       0.8483
1854.000       0.8547
1855.000       0.8631
1856.000       0.9658
1858.000       0.9139
1860.000       0.9358
1862.000       1.0057
1863.000       1.0009
1864.000       1.0701
1865.000       1.0244
1866.000       0.9534
1867.000       0.9539
1870.000       0.9163
1872.000       0.8960
1873.000       0.8667
1875.000       0.8589
1876.000       0.8878
1878.000       0.9019
1880.000       0.8982
1881.000       0.9513
1882.000       0.8861
1884.000       0.8633
1885.000       0.8980
1886.000       0.9207
1888.000       0.8849
1890.000       0.9265
1892.000       0.9909
1893.000       1.0120
1894.000       1.1213
1895.000       1.0212
1896.000       1.0055
1897.000       1.1171
1900.000       1.0782
1902.000       1.3844
1903.000       1.3850
1905.000       1.8499
1906.000       2.2877
1908.000       2.7413
1909.000       2.6558
1910.000       3.1270
1911.000       3.6732
1912.000       3.0017
1914.000       2.4720
1915.000       2.5223
1918.000       1.9726
1919.000       2.1021
1920.000       0.9272
1922.000       1.1257
1924.000       1.3377
1926.000       0.9858
1927.000       0.9692
1928.000       1.0081
1929.000       1.1158
1930.000       0.9525
1931.000       0.9811
1934.000       0.9666
1936.000       0.9603
1937.000       0.9600
1939.000       0.9095
1940.000       0.8887
1942.000       0.8889
1944.000       0.9094
1945.000       0.9605
1948.000       0.9507
1949.000       0.9502
1950.000       1.0392
1951.000       0.9672
1953.000       0.9960
1955.000       1.1165
1957.000       1.0627
1958.000       1.1155
1959.000       1.2746
1960.000       1.1352
1961.000       1.0989
1962.000       1.1712
1965.000       1.1708
1967.000       1.1551
1968.000       1.1219
1970.000       1.0379
1971.000       1.0167
1973.000       0.9771
1975.000       0.9557
1976.000       0.9609
1979.000       0.9826
1980.000       1.0228
1981.000       1.0857
1982.000       1.1447
1984.000       1.1646
1986.000       1.3009
1988.000       1.2361
1989.000       1.2641
1990.000       1.4372
1991.000       1.2766
1992.000       1.2073
1993.000       1.2758
1996.000       1.2351
1998.000       1.1875
1999.000       1.1409
2001.000       1.0667
2002.000       1.0539
2004.000       1.0170
2005.000       1.0032
2006.000       1.0114
2007.000       1.0412
2010.000       1.0484
2011.000       1.0744
2013.000       1.0791
2014.000       1.0360
2015.000       1.2028
2017.000       1.1907
2019.000       1.3216
2021.000       1.2995
2022.000       1.3289
2023.000       1.4984
2024.000       1.3895
2025.000       1.2298
2026.000       1.2679
2029.000       1.2162
2031.000       1.1654
2032.000       1.1173
2034.000       1.0355
2035.000       1.0360
2037.000       0.9860
2038.000       0.9549
2039.000       0.9521
2040.000       0.9688
2041.000       0.9944
2043.000       1.0236
2044.000       1.0980
2047.000       1.0267
2048.000       0.9906
2049.000       1.2099
2051.000       1.1931
2053.000       1.3145
2055.000       1.3090
2056.000       1.3250
2057.000       1.5085
2058.000       1.3406
2059.000       1.2536
2060.000       1.3157
2063.000       1.2588
2065.000       1.1892
2066.000       1.1372
2068.000       1.0505
2069.000       1.0323
2071.000       0.9764
2073.000       0.9419
2074.000       0.9386
2077.000       1.0004
2078.000       1.0580
2079.000       1.1911
2080.000       1.2414
2082.000       1.1883
2084.000       1.3107
2086.000       1.3871
2087.000       1.4282
2088.000       1.6780
2089.000       1.7453
2090.000       1.4366
2091.000       1.6434
2094.000       1.7533
2096.000       1.6202
2097.000       1.5895
2099.000       1.3717
2100.000       1.2326
2102.000       1.2112
2103.000       1.3305
2104.000       1.5263
2105.000       1.6386
2106.000       1.7504
2108.000       1.8132
2109.000       2.1218
2112.000       1.6925
2113.000       1.4323
2114.000       1.8798
2116.000       1.6930
2118.000       1.9907
2120.000       2.3098
2121.000       2.2006
2122.000       2.3388
2123.000       2.3869
2124.000       2.2886
2125.000       2.6747
2128.000       2.8261
2130.000       3.1332
2131.000       3.0999
2133.000       3.3386
2134.000       3.4843
2136.000       3.7915
2138.000       4.0058
2139.000       4.3698
2140.000       3.9370
2142.000       3.6169
2143.000       3.7474
2144.000       2.5393
2146.000       2.6971
2148.000       2.7209
2150.000       2.5895
2151.000       2.8464
2152.000       3.4710
2153.000       3.6247
2154.000       1.9928
2155.000       1.7402
2158.000       1.5661
2160.000       1.4733
2161.000       1.3543
2163.000       1.2059
2164.000       1.1650
2166.000       1.1430
2167.000       1.1629
2168.000       1.2758
2169.000       1.3604
2172.000       1.4183
2173.000       1.4463
2175.000       1.3637
2176.000       1.2113
2177.000       1.4084
2179.000       1.3700
2181.000       1.6020
2183.000       1.5454
2184.000       1.5412
2185.000       1.7215
2186.000       1.5848
2187.000       1.4067
2188.000       1.4110
2191.000       1.3239
2193.000       1.2789
2194.000       1.1999
2196.000       1.1390
2197.000       1.1686
2199.000       1.1175
2200.000       1.0423
2201.000       0.9877
2202.000       0.9945
2203.000       0.9772
2205.000       1.0148
2206.000       1.0491
2209.000       1.0582
2210.000       1.0656
2211.000       1.2820
2213.000       1.2287
2215.000       1.3067
2217.000       1.3615
2218.000       1.3811
2219.000       1.5253
2220.000       1.4243
2221.000       1.2689
2222.000       1.3103
2225.000       1.2087
2227.000       1.1505
2228.000       1.0795
2230.000       1.0384
2231.000       1.0704
2233.000       1.0465
2234.000       0.9812
2235.000       0.9539
2236.000       0.9860
2237.000       0.9291
2239.000       0.9480
2240.000       0.9791
2243.000       0.9822
2244.000       0.9862
2245.000       1.1677
2247.000       1.1094
2249.000       1.1741
2251.000       1.2383
2252.000       1.2853
2253.000       1.4220
2254.000       1.3530
2255.000       1.2086
2256.000       1.2034
2259.000       1.1280
2261.000       1.0736
2262.000       1.0500
2264.000       1.0297
2265.000       1.0768
2267.000       1.0716
2268.000       1.0170
2269.000       1.0261
2270.000       1.0896
2271.000       1.0072
2273.000       0.9825
2274.000       1.0062
2277.000       0.9801
2278.000       0.9933
2279.000       1.1554
2281.000       1.1131
2283.000       1.1609
2285.000       1.2775
2286.000       1.3010
2287.000       1.7338
2288.000       1.4318
2289.000       1.1763
2290.000       1.1300
2293.000       0.9732
2295.000       0.9459
2296.000       0.8666
2298.000       0.8497
2299.000       0.9017
2301.000       0.8848
2302.000       0.8133
2303.000       0.7967
2304.000       0.8405
2307.000       0.7857
2308.000       0.7830
2310.000       0.7926
2311.000       0.8042
2312.000       0.9202
2314.000       0.8560
2316.000       0.9006
2318.000       0.9823
2319.000       1.0560
2320.000       1.2194
2321.000       1.1755
2322.000       1.1188
2323.000       1.2371
2326.000       1.0681
2328.000       1.0002
2329.000       0.9931
2331.000       0.9350
2332.000       0.9860
2334.000       0.9738
2335.000       0.9077
2336.000       0.9304
2337.000       1.0090
2340.000       0.9521
2341.000       0.9444
2343.000       0.9160
2344.000       0.8915
2345.000       1.1501
2347.000       1.1256
2349.000       1.3755
2351.000       1.3824
2352.000       1.3371
2353.000       1.7243
2354.000       1.5091
2355.000       1.4653
2356.000       1.3803
2359.000       1.2946
2361.000       1.2378
2362.000       1.1739
2364.000       1.0556
2365.000       1.0374
2367.000       0.9964
2368.000       0.9742
2369.000       0.9958
2370.000       1.0359
2371.000       1.0575
2373.000       1.0976
2374.000       1.2146
2377.000       1.0909
2378.000       1.0200
2379.000       1.3411
2381.000       1.3075
2383.000       1.4677
2385.000       1.5346
2386.000       1.6686
2387.000       1.9528
2388.000       1.7200
2389.000       1.5604
2390.000       1.6611
2393.000       1.6216
2395.000       1.4595
2396.000       1.4822
2398.000       1.3810
2399.000       1.3297
2401.000       1.3607
2403.000       1.4478
2404.000       1.5869
2405.000       1.4927
2407.000       1.4703
2408.000       1.6246
2409.000       1.6799
2411.000       1.6645
2413.000       1.8769
2415.000       1.9070
2416.000       2.0501
2417.000       2.3086
2418.000       2.0265
2419.000       2.0169
2420.000       2.1441
2423.000       2.1064
2425.000       1.9243
2426.000       1.8987
2428.000       1.7400
2429.000       1.6888
2431.000       1.5962
2433.000       1.5566
2434.000       1.5367
2437.000       1.6181
2438.000       1.7068
2439.000       1.8168
2440.000       2.1624
2442.000       2.0943
2444.000       2.2635
2446.000       2.3893
2447.000       2.5297
2448.000       2.7998
2449.000       2.5009
2450.000       2.4801
2451.000       2.6018
2454.000       2.5645
2456.000       2.3678
2457.000       2.3436
2459.000       2.1908
2460.000       2.1319
2462.000       2.0350
2463.000       2.0360
2464.000       2.0175
2465.000       1.9913
2466.000       2.1049
2468.000       2.1916
2469.000       2.3134
2472.000       2.2165
2473.000       2.1357
2474.000       2.6439
2476.000       2.5635
2478.000       2.7282
2480.000       2.8953
2481.000       3.0821
2482.000       3.3647
2483.000       3.0588
2484.000       3.0436
2485.000       3.1615
2488.000       3.1238
2490.000       2.8881
2491.000       2.8772
2493.000       2.7105
2494.000       2.6662
2496.000       2.5671
2498.000       2.5246
2499.000       2.4913
2502.000       2.5799
2503.000       2.6657
2504.000       2.7613
2505.000       3.2469
2507.000       3.1351
2509.000       3.3154
2511.000       3.5400
