   2.000       9.9847
   3.000       9.8164
   6.000       9.0257
   8.000       9.1736
   9.000       8.5080
  11.000       8.6498
  12.000       9.1835
  14.000       9.5939
  16.000       9.5352
  17.000      10.1180
  18.000       8.9960
  20.000       8.5386
  21.000       8.3075
  22.000       8.1970
  24.000       7.9758
  26.000       8.0819
  28.000       8.0985
  29.000       7.4937
  30.000       8.1153
  31.000       7.6800
  32.000       6.2582
  33.000       6.0356
  36.000       5.0920
  38.000       5.0852
  39.000       4.5381
  41.000       4.9719
  42.000       5.4780
  44.000       6.2009
  46.000       6.4673
  47.000       7.3805
  50.000       6.1186
  51.000       5.3385
  52.000       5.3199
  53.000       4.4472
  55.000       4.0371
  57.000       4.1248
  59.000       4.7085
  60.000       4.7943
  61.000       5.6488
  62.000       5.1791
  63.000       3.9004
  64.000       4.0598
  67.000       3.7237
  69.000       3.3717
  70.000       3.4079
  72.000       3.3479
  73.000       3.2667
  75.000       3.9697
  77.000       4.6142
  78.000       5.5605
  81.000       4.6999
  82.000       4.1292
  83.000       4.7305
  84.000       3.5962
  86.000       3.5115
  88.000       4.3936
  90.000       4.4195
  91.000       4.6972
  92.000       5.7985
  93.000       4.6154
  94.000       4.2103
  95.000       4.8590
  98.000       4.6065
 100.000       4.1443
 101.000       3.8397
 103.000       3.2575
 104.000       2.8974
 106.000       3.0701
 108.000       3.6027
 109.000       4.3034
 112.000       3.9184
 113.000       3.7398
 114.000       4.4607
 115.000       4.2011
 117.000       3.8719
 119.000       4.6856
 121.000       4.9937
 122.000       4.9910
 123.000       6.0836
 124.000       4.7489
 125.000       4.3436
 126.000       4.8505
 129.000       4.3450
 131.000       4.0050
 132.000       3.4187
 134.000       2.9481
 135.000       2.9347
 137.000       2.9789
 138.000       3.0380
 139.000       3.6313
 140.000       4.0576
 143.000       4.2195
 144.000       4.2429
 146.000       3.7432
 147.000       3.0884
 148.000       3.8176
 150.000       3.3018
 152.000       3.7538
 154.000       4.3869
 155.000       4.3608
 156.000       5.2636
 157.000       4.3424
 158.000       3.8453
 159.000       3.9846
 162.000       3.8036
 164.000       4.1978
 165.000       4.1418
 167.000       4.5562
 168.000       5.3634
 170.000       5.7581
 171.000       5.2004
 172.000       5.4625
 173.000       6.1866
 174.000       4.9730
 176.000       4.2871
 177.000       4.1676
 180.000       3.9648
 181.000       4.4548
 182.000       3.2027
 184.000       3.5142
 186.000       3.6204
 188.000       2.9843
 189.000       2.6762
 190.000       2.7595
 191.000       2.6835
 192.000       2.7444
 193.000       2.9789
 196.000       3.2983
 198.000       3.5793
 199.000       3.8326
 201.000       4.0197
 202.000       3.7362
 204.000       4.1840
 206.000       4.9146
 207.000       5.4675
 208.000       5.1141
 210.000       4.7306
 211.000       5.1560
 212.000       3.1608
 214.000       3.5187
 216.000       3.8192
 218.000       3.2202
 219.000       3.4773
 220.000       4.2590
 221.000       3.4243
 222.000       3.2676
 223.000       3.6738
 226.000       3.5580
 228.000       3.5469
 229.000       3.3802
 231.000       3.0794
 232.000       2.6846
 234.000       2.5828
 236.000       3.0024
 237.000       3.1749
 240.000       3.4542
 241.000       3.4523
 242.000       3.9640
 243.000       3.1526
 245.000       3.2113
 247.000       3.6367
 249.000       3.3641
 250.000       3.1208
 251.000       3.6722
 252.000       3.2637
 253.000       2.6378
 254.000       2.9226
 257.000       2.9889
 259.000       3.0104
 260.000       3.2779
 262.000       3.0890
 263.000       2.5875
 265.000       2.6866
 267.000       3.2808
 268.000       3.5644
 271.000       3.7895
 272.000       3.7130
 273.000       4.3690
 274.000       2.9413
 276.000       3.4034
 278.000       4.0203
 280.000       3.1883
 281.000       3.2522
 282.000       3.6799
 283.000       3.0318
 284.000       3.4454
 285.000       3.9764
 288.000       4.3556
 290.000       4.1893
 291.000       4.3972
 293.000       3.8631
 294.000       3.3901
 296.000       3.1191
 297.000       3.4286
 298.000       3.5338
 299.000       3.2980
 302.000       4.0706
 303.000       4.4935
 305.000       4.4674
 306.000       3.9071
 307.000       4.5248
 309.000       4.8153
 311.000       5.5120
 313.000       5.0322
 314.000       5.3022
 315.000       6.0983
 316.000       5.0318
 317.000       5.2291
 318.000       5.8137
 321.000       5.7949
 323.000       5.3964
 324.000       5.2668
 326.000       4.6848
 327.000       4.3084
 329.000       4.0579
 331.000       4.2325
 332.000       4.3395
 335.000       4.5865
 336.000       4.7921
 337.000       5.2890
 338.000       5.6485
 340.000       5.5287
 342.000       6.2010
 344.000       6.2727
 345.000       6.3242
 346.000       7.1242
 347.000       6.0637
 348.000       5.9941
 349.000       6.4384
 352.000       6.2267
 354.000       5.7598
 355.000       5.5627
 357.000       5.0215
 358.000       4.7458
 360.000       4.4399
 362.000       4.4524
 363.000       4.4253
 366.000       4.7923
 367.000       5.0559
 368.000       5.5436
 369.000       6.1228
 371.000       5.8927
 373.000       6.4182
 375.000       6.7200
 376.000       6.9766
 377.000       7.6390
 378.000       6.8293
 379.000       6.9112
 380.000       7.2797
 383.000       7.3858
 385.000       6.9549
 386.000       7.1062
 388.000       6.6500
 389.000       6.8304
 391.000       6.4811
 392.000       6.0263
 393.000       5.7163
 394.000       5.6781
 395.000       5.7264
 397.000       5.9725
 398.000       6.2618
 401.000       6.1617
 402.000       6.1799
 403.000       7.6615
 405.000       7.5288
 407.000       8.2808
 409.000       8.3050
