   2.000       3.2228
   3.000       3.0377
   6.000       2.7839
   8.000       2.8670
   9.000       2.7554
  11.000       2.8902
  12.000       3.0388
  14.000       3.2180
  15.000       3.2006
  16.000       3.4436
  17.000       3.6943
  18.000       3.4774
  20.000       3.2913
  21.000       3.4494
  24.000       3.0470
  25.000       3.0094
  26.000       2.6432
  28.000       2.5862
  30.000       2.5631
  32.000       2.5900
  33.000       2.5253
  34.000       2.6689
  35.000       2.6157
  36.000       2.3618
  37.000       2.3663
  40.000       2.2942
  42.000       2.3568
  43.000       2.3703
  45.000       2.4880
  46.000       2.4693
  48.000       2.6840
  50.000       2.9459
  51.000       3.2236
  52.000       2.9575
  54.000       2.7369
  55.000       2.8521
  56.000       2.2056
  58.000       2.2630
  60.000       2.3105
  62.000       2.2160
  63.000       2.1838
  64.000       2.4009
  65.000       2.2155
  66.000       2.0639
  67.000       2.0552
  70.000       2.0643
  72.000       2.1915
  73.000       2.0709
  75.000       1.9666
  76.000       2.1182
  78.000       2.0858
  80.000       1.8966
  81.000       1.8963
  82.000       1.7982
  84.000       1.8286
  85.000       1.8120
  86.000       2.0463
  88.000       2.0817
  90.000       2.1620
  92.000       2.1050
  93.000       2.0363
  94.000       2.2715
  95.000       2.1751
  96.000       1.6971
  97.000       1.6538
 100.000       1.4636
 102.000       1.4050
 103.000       1.3174
 105.000       1.3161
 106.000       1.4252
 108.000       1.4039
 109.000       1.2885
 110.000       1.2776
 111.000       1.3338
 112.000       1.2708
 114.000       1.2618
 115.000       1.3465
 118.000       1.2429
 119.000       1.2569
 120.000       1.3991
 122.000       1.3305
 124.000       1.3715
 126.000       1.4486
 127.000       1.4980
 128.000       1.5882
 129.000       1.6036
 130.000       1.4148
 131.000       1.3924
 134.000       1.3900
 136.000       1.3728
 137.000       1.3946
 139.000       1.3466
 140.000       1.3459
 142.000       1.3416
 144.000       1.3225
 145.000       1.3491
 148.000       1.3518
 149.000       1.3704
 150.000       1.4674
 151.000       1.4546
 153.000       1.4964
 155.000       1.6117
 157.000       1.5446
 158.000       1.6379
 159.000       1.7789
 160.000       1.6466
 161.000       1.6499
 162.000       1.7375
 165.000       1.7629
 167.000       1.7344
 168.000       1.7395
 170.000       1.6495
 171.000       1.5929
 173.000       1.5355
 175.000       1.5351
 176.000       1.5077
 179.000       1.6034
 180.000       1.6660
 181.000       1.7695
 182.000       1.7642
 184.000       1.8068
 186.000       1.9590
 188.000       1.8458
 189.000       1.8512
 190.000       1.9712
 191.000       1.8283
 192.000       1.8212
 193.000       1.8756
 196.000       1.8536
 198.000       1.8373
 199.000       1.7964
 201.000       1.7241
 202.000       1.7136
 204.000       1.6338
 205.000       1.5894
 206.000       1.5306
 207.000       1.5129
 208.000       1.5421
 210.000       1.5973
 211.000       1.6088
 214.000       1.6586
 215.000       1.6493
 216.000       1.8138
 218.000       1.8035
 220.000       1.8822
 222.000       1.8684
 223.000       1.8992
 224.000       1.9945
 225.000       1.9941
 226.000       1.7920
 227.000       1.8012
 230.000       1.7068
 232.000       1.7028
 233.000       1.6128
 235.000       1.6069
 236.000       1.6910
 238.000       1.6967
 239.000       1.5977
 240.000       1.5837
 241.000       1.6606
 244.000       1.5419
 245.000       1.5209
 247.000       1.5281
 248.000       1.5567
 249.000       1.6359
 251.000       1.5815
 253.000       1.6044
 255.000       1.6723
 256.000       1.7145
 257.000       1.8532
 258.000       1.7992
 259.000       1.6972
 260.000       1.6908
 263.000       1.6685
 265.000       1.7095
 266.000       1.6813
 268.000       1.7017
 269.000       1.7199
 271.000       1.7675
 272.000       1.7758
 273.000       1.8397
 274.000       1.9149
 277.000       1.8590
 278.000       1.8174
 280.000       1.7614
 281.000       1.7392
 282.000       1.6253
 284.000       1.6769
 286.000       1.7676
 288.000       1.5920
 289.000       2.0721
 290.000       2.3345
 291.000       2.3972
 292.000       2.1979
 293.000       2.2419
 296.000       2.2459
 298.000       2.1115
 299.000       2.0953
 301.000       1.8915
 302.000       1.7714
 304.000       1.6148
 306.000       1.5697
 307.000       1.4726
 308.000       1.7199
 310.000       1.8790
 311.000       2.0441
 312.000       2.2700
 314.000       2.2653
 316.000       2.4956
 318.000       2.4733
 319.000       2.5715
 320.000       2.8378
 321.000       2.4621
 322.000       2.5668
 323.000       2.7477
 326.000       2.7258
 328.000       2.5474
 329.000       2.4860
 331.000       2.2602
 332.000       2.1739
 334.000       1.9984
 336.000       1.8990
 337.000       1.7672
 340.000       1.9946
 341.000       2.1768
 342.000       2.3117
 343.000       2.7140
 345.000       2.6501
 347.000       2.8729
 349.000       2.9371
 350.000       2.9987
 351.000       3.2572
 352.000       2.9080
 353.000       2.9262
 354.000       3.0844
 357.000       3.0020
 359.000       2.8105
 360.000       2.6995
 362.000       2.4799
 363.000       2.4435
 365.000       2.2875
 367.000       2.1571
 368.000       2.0450
 371.000       2.1898
 372.000       2.3522
 373.000       2.4234
 374.000       2.9682
 376.000       2.8478
 378.000       3.0214
 380.000       3.1894
 381.000       3.2463
 382.000       3.5201
 383.000       3.1810
 384.000       3.1295
 385.000       3.2165
 388.000       3.0735
 390.000       2.8686
 391.000       2.7250
 393.000       2.5671
 394.000       2.5860
 396.000       2.4726
 397.000       2.3640
 398.000       2.2718
 399.000       2.2706
 402.000       2.2461
 403.000       2.3066
 405.000       2.4028
 406.000       2.4215
 407.000       3.0512
 409.000       2.8752
 411.000       2.9938
 413.000       3.2718
 414.000       3.3701
 415.000       3.6237
 416.000       3.4538
 417.000       3.1839
 418.000       3.2197
 421.000       3.0619
 423.000       2.8477
 424.000       2.7965
 426.000       2.7574
 427.000       2.8264
 429.000       2.8489
 431.000       2.8107
 432.000       2.8854
 433.000       2.7470
 435.000       2.7159
 436.000       2.7165
 437.000       3.1880
 439.000       3.0413
 441.000       3.0839
 443.000       3.4150
 444.000       3.6826
 445.000       3.9598
 446.000       3.7978
 447.000       3.5888
 448.000       3.5991
 451.000       3.5474
 453.000       3.3093
 454.000       3.4089
 456.000       3.3212
 457.000       3.3877
 459.000       3.3968
 460.000       3.3308
 461.000       3.4049
 462.000       3.5473
 463.000       3.4078
 465.000       3.3532
 466.000       3.4577
 469.000       3.2932
 470.000       3.2782
 471.000       3.8239
 473.000       3.6933
 475.000       3.9287
 477.000       3.9744
 478.000       4.3404
 479.000       4.5607
 480.000       4.5855
 481.000       4.2258
 482.000       4.1016
 485.000       4.0707
 487.000       3.9030
 488.000       4.1043
 490.000       4.0902
 491.000       4.1867
 493.000       4.2014
 494.000       4.1065
 495.000       4.1307
 496.000       4.2373
 499.000       4.1176
 500.000       4.0727
 502.000       4.0359
 503.000       4.0483
 504.000       4.3683
 506.000       4.4048
 508.000       4.6631
 510.000       4.4698
 511.000       4.5716
 512.000       4.6057
 513.000       4.8736
 514.000       4.3571
 515.000       4.1779
 518.000       3.9761
 520.000       3.8934
 521.000       3.9618
 523.000       4.0824
 524.000       4.2924
 526.000       4.4910
 528.000       4.4947
 529.000       4.7326
 530.000       4.2853
 532.000       4.0793
 533.000       3.9913
 534.000       4.1060
 536.000       4.1568
 538.000       4.2280
 540.000       4.0097
 541.000       4.0962
 542.000       4.4561
 543.000       4.1366
 544.000       3.8249
 545.000       3.6714
 548.000       3.4881
 550.000       3.4788
 551.000       3.2576
 553.000       3.1113
 554.000       3.1213
 556.000       3.0179
 558.000       2.8998
 559.000       2.8445
 560.000       2.9289
 562.000       3.0277
 563.000       3.1077
 564.000       3.2007
 566.000       3.1088
 568.000       3.2243
 570.000       3.2147
 571.000       3.0247
 572.000       3.1658
 573.000       3.0103
 574.000       2.7883
 575.000       2.7824
 578.000       2.6234
 580.000       2.6147
 581.000       2.4599
 583.000       2.3825
 584.000       2.4196
 586.000       2.3853
 588.000       2.2991
 589.000       2.3080
 590.000       2.2785
 592.000       2.3246
 593.000       2.3720
 594.000       2.4270
 596.000       2.3609
 598.000       2.4631
 600.000       2.4524
 601.000       2.3368
 602.000       2.4719
 603.000       2.2758
 604.000       2.2682
 605.000       2.2537
 608.000       2.2463
 610.000       2.2279
 611.000       2.1821
 613.000       2.0538
 614.000       1.9791
 616.000       1.9080
 617.000       1.9352
 618.000       1.9349
 619.000       1.9031
 620.000       2.0422
 622.000       2.1398
 623.000       2.2821
 626.000       2.1418
 627.000       2.0319
 628.000       2.1588
 630.000       2.1965
 632.000       2.3842
 634.000       2.2445
 635.000       2.2682
 636.000       2.4025
 637.000       2.2731
 638.000       2.2739
 639.000       2.3764
 642.000       2.3905
 644.000       2.3247
 645.000       2.2681
 647.000       2.0550
 648.000       1.9147
 650.000       1.7791
 651.000       1.8320
 652.000       1.7907
 653.000       1.6916
 654.000       1.9432
 656.000       2.1095
 657.000       2.2794
 660.000       2.1532
 661.000       2.0067
 662.000       2.2840
 664.000       2.3204
 666.000       2.5702
 668.000       2.4269
 669.000       2.3473
 670.000       2.5825
 671.000       2.2281
 672.000       2.2261
 673.000       2.3743
 676.000       2.2715
 678.000       2.1548
 679.000       2.0047
 681.000       1.7998
 682.000       1.7569
 684.000       1.6012
 686.000       1.4736
 687.000       1.3819
 688.000       1.5348
 690.000       1.6961
 691.000       1.7870
 692.000       2.1253
 694.000       2.0158
 696.000       2.2040
 698.000       2.2901
 699.000       2.1969
 700.000       2.4951
 701.000       1.9699
 702.000       2.1500
 703.000       2.4226
 706.000       2.4092
 708.000       2.3301
 709.000       2.2241
 711.000       1.9456
 712.000       1.7839
 714.000       1.5910
 715.000       1.6403
 716.000       1.6172
 717.000       1.5067
 720.000       1.8228
 721.000       2.0184
 723.000       2.0604
 724.000       1.8690
 725.000       2.2320
 727.000       2.2675
 729.000       2.5755
 731.000       2.3916
 732.000       2.1868
 733.000       2.2843
 734.000       2.2214
 735.000       2.0393
 736.000       2.0409
 739.000       1.9257
 741.000       1.9107
 742.000       1.7880
 744.000       1.7364
 745.000       1.8153
 747.000       1.7903
 749.000       1.6641
 750.000       1.6510
 753.000       1.5977
 754.000       1.6423
 755.000       1.6388
 756.000       1.8234
 758.000       1.7508
 760.000       1.7817
 762.000       1.8412
 763.000       1.7709
 764.000       1.8749
 765.000       1.8297
 766.000       1.6079
 767.000       1.5946
 770.000       1.4861
 772.000       1.4425
 773.000       1.3617
 775.000       1.3328
 776.000       1.3924
 778.000       1.3770
 779.000       1.2972
 780.000       1.2773
 781.000       1.3269
 782.000       1.2423
 784.000       1.2334
 785.000       1.2470
 788.000       1.2545
 789.000       1.2785
 790.000       1.4178
 792.000       1.3544
 794.000       1.4073
 796.000       1.4705
 797.000       1.4597
 798.000       1.5888
 799.000       1.4874
 800.000       1.3734
 801.000       1.4116
 804.000       1.3649
 806.000       1.3440
 807.000       1.2925
 809.000       1.2406
 810.000       1.2483
 812.000       1.2398
 813.000       1.2140
 814.000       1.2319
 815.000       1.2768
 816.000       1.2462
 818.000       1.2472
 819.000       1.3024
 822.000       1.2413
 823.000       1.2185
 824.000       1.3121
 826.000       1.3054
 828.000       1.4110
 830.000       1.3814
 831.000       1.3714
 832.000       1.5261
 833.000       1.3573
 834.000       1.3197
 835.000       1.3981
 838.000       1.3644
 840.000       1.3402
 841.000       1.3087
 843.000       1.2530
 844.000       1.2301
 846.000       1.2272
 847.000       1.2437
 848.000       1.2911
 849.000       1.3306
 852.000       1.3466
 853.000       1.3596
 855.000       1.3285
 856.000       1.2630
 857.000       1.3089
 859.000       1.3224
 861.000       1.4569
 863.000       1.3942
 864.000       1.4251
 865.000       1.5993
 866.000       1.4397
 867.000       1.4245
 868.000       1.5070
 871.000       1.5021
 873.000       1.4687
 874.000       1.4577
 876.000       1.3768
 877.000       1.3331
 879.000       1.3160
 880.000       1.3490
 881.000       1.3975
 882.000       1.4186
 883.000       1.4823
 885.000       1.5196
 886.000       1.6435
 889.000       1.4810
 890.000       1.3901
 891.000       1.4768
 893.000       1.4985
 895.000       1.6409
 897.000       1.5774
 898.000       1.5926
 899.000       1.7599
 900.000       1.5673
 901.000       1.5535
 902.000       1.6045
 905.000       1.5934
 907.000       1.5388
 908.000       1.5429
 910.000       1.4425
 911.000       1.4142
 913.000       1.3583
 914.000       1.3624
 915.000       1.3809
 916.000       1.3859
 917.000       1.4643
 919.000       1.5115
 920.000       1.6264
 923.000       1.4938
 924.000       1.4179
 925.000       1.6184
 927.000       1.6358
 929.000       1.7964
 931.000       1.7803
 932.000       1.8343
 933.000       2.2738
 934.000       1.8055
 935.000       2.0690
 936.000       2.5293
 939.000       2.4107
 941.000       2.3263
 942.000       2.3621
 944.000       2.3528
 945.000       2.3834
 947.000       2.5099
 948.000       2.5423
 949.000       2.7540
 950.000       2.9431
 953.000       2.8895
 954.000       2.8370
 956.000       2.6425
 957.000       2.4756
 958.000       2.4586
 960.000       2.4534
 962.000       2.6671
 964.000       2.6986
 965.000       2.8262
 966.000       3.2138
 967.000       2.8295
 968.000       2.6866
 969.000       2.8782
 972.000       2.8227
 974.000       2.6981
 975.000       2.6759
 977.000       2.5346
 978.000       2.4511
 980.000       2.4975
 981.000       2.5988
 982.000       2.8229
 983.000       2.9852
 986.000       3.0178
 987.000       3.0119
 989.000       2.8454
 990.000       2.6226
 991.000       2.7513
 993.000       2.7508
 995.000       3.0169
 997.000       2.9451
 998.000       2.9656
 999.000       3.2390
1000.000       2.9632
1001.000       2.7993
1002.000       2.8930
1005.000       2.7836
1007.000       2.6940
1008.000       2.6283
1010.000       2.5162
1011.000       2.4679
1013.000       2.4615
1015.000       2.5243
1016.000       2.6212
1019.000       2.5900
1020.000       2.5777
1021.000       2.7170
1022.000       2.7099
1024.000       2.6698
1026.000       2.8376
1028.000       2.8550
1029.000       2.9491
1030.000       3.1911
1031.000       3.1241
1032.000       2.7733
1033.000       2.8200
1036.000       2.6955
1038.000       2.5463
1039.000       2.4287
1041.000       2.2912
1042.000       2.3397
1044.000       2.2761
1046.000       2.1314
1047.000       2.1106
1050.000       2.0817
1051.000       2.1692
1052.000       2.2010
1053.000       2.6811
1055.000       2.5555
1057.000       2.6752
1059.000       2.8673
1060.000       2.9545
1061.000       3.2238
1062.000       3.0049
1063.000       2.7812
1064.000       2.8330
1067.000       2.7083
1069.000       2.5292
1070.000       2.4596
1072.000       2.3829
1073.000       2.4648
1075.000       2.4762
1076.000       2.3976
1077.000       2.4732
1078.000       2.6179
1079.000       2.4715
1081.000       2.4048
1082.000       2.5010
1085.000       2.3400
1086.000       2.3361
1087.000       2.7281
1089.000       2.6126
1091.000       2.7278
1093.000       2.9316
1094.000       3.0303
1095.000       3.3375
1096.000       3.0757
1097.000       2.8294
1098.000       2.8901
1101.000       2.7463
1103.000       2.5664
1104.000       2.5093
1106.000       2.4465
1107.000       2.5204
1109.000       2.5920
1111.000       2.6034
1112.000       2.7909
1115.000       2.5672
1116.000       2.4757
1117.000       2.5542
1118.000       2.7709
1120.000       2.6546
1122.000       2.7646
1124.000       2.9656
1125.000       3.1205
1126.000       3.3652
1127.000       3.3030
1128.000       2.9487
1129.000       2.9442
1132.000       2.9248
1134.000       2.8560
1135.000       3.0318
1137.000       3.1168
1138.000       3.1340
1140.000       3.3463
1142.000       3.5806
1143.000       3.8819
1144.000       3.5872
1146.000       3.3699
1147.000       3.5391
1148.000       3.0606
1150.000       3.1472
1152.000       3.2836
1154.000       3.1974
1155.000       3.3998
1156.000       3.5990
1157.000       3.5468
1158.000       3.3126
1159.000       3.2711
1162.000       3.2683
1164.000       3.1737
1165.000       3.3919
1167.000       3.3405
1168.000       3.4541
1170.000       3.4750
1172.000       3.3993
1173.000       3.4831
1174.000       3.3413
1176.000       3.3091
1177.000       3.3728
1178.000       3.5201
1180.000       3.7692
1182.000       4.1711
1184.000       3.5473
1185.000       3.5454
1186.000       3.7193
1187.000       3.7756
1188.000       3.2792
1189.000       3.2017
1192.000       3.1097
1194.000       2.9416
1195.000       2.9175
1197.000       2.9832
1198.000       3.3968
1200.000       3.7588
1202.000       3.6510
1203.000       4.0756
1204.000       3.1735
1206.000       2.8855
1207.000       2.7933
1208.000       3.3053
1210.000       3.2812
1212.000       3.5850
1214.000       3.6803
1215.000       3.8094
1216.000       4.2886
1217.000       3.7521
1218.000       3.6590
1219.000       3.4142
1222.000       3.4508
1224.000       3.2669
1225.000       3.4891
1227.000       3.3964
1228.000       3.4742
1230.000       3.4557
1232.000       3.3557
1233.000       3.4106
1234.000       3.2964
1236.000       3.3129
1237.000       3.3479
1238.000       3.7958
1240.000       3.7878
1242.000       4.1216
1244.000       3.9725
1245.000       4.1152
1246.000       4.1989
1247.000       4.4482
1248.000       3.8815
1249.000       3.9273
1252.000       3.7632
1254.000       3.9464
1255.000       3.7536
1257.000       4.0041
1258.000       4.1531
1260.000       4.4761
1262.000       4.7085
1263.000       5.1027
1264.000       4.5803
1266.000       4.2330
1267.000       4.2583
1268.000       3.3834
1270.000       3.3977
1272.000       3.2225
1274.000       3.3202
1275.000       3.3282
1276.000       3.5941
1277.000       3.5504
1278.000       2.9905
1279.000       2.7607
1282.000       2.7283
1284.000       2.7686
1285.000       2.6462
1287.000       2.5210
1288.000       2.5028
1290.000       2.4021
1291.000       2.3484
1292.000       2.2655
1293.000       2.2296
1294.000       2.2646
1296.000       2.3375
1297.000       2.3477
1300.000       2.4246
1301.000       2.4220
1302.000       2.5217
1304.000       2.5400
1306.000       2.7105
1308.000       2.5285
1309.000       2.3857
1310.000       2.4943
1311.000       2.3541
1312.000       2.2380
1313.000       2.2671
1316.000       2.1620
1318.000       2.1853
1319.000       2.0543
1321.000       2.0019
1322.000       2.0505
1324.000       1.9994
1325.000       1.9141
1326.000       1.8570
1327.000       1.8592
1328.000       1.8286
1330.000       1.8345
1331.000       1.8191
1334.000       1.8772
1335.000       1.9191
1336.000       1.9877
1338.000       1.9392
1340.000       1.9989
1342.000       1.9686
1343.000       1.8720
1344.000       1.9279
1345.000       1.9374
1346.000       1.7188
1347.000       1.6807
1350.000       1.5828
1352.000       1.6325
1353.000       1.5569
1355.000       1.5438
1356.000       1.5854
1358.000       1.5737
1359.000       1.5230
1360.000       1.5158
1361.000       1.5400
1362.000       1.5133
1364.000       1.5187
1365.000       1.5568
1368.000       1.5182
1369.000       1.5162
1370.000       1.4825
1372.000       1.4683
1374.000       1.4928
1376.000       1.4577
1377.000       1.4251
1378.000       1.4928
1379.000       1.4940
1380.000       1.3580
1381.000       1.3745
1384.000       1.3767
1386.000       1.4136
1387.000       1.3978
1389.000       1.3510
1390.000       1.3328
1392.000       1.3202
1393.000       1.3219
1394.000       1.3328
1395.000       1.3387
1396.000       1.3806
1398.000       1.4254
1399.000       1.5129
1402.000       1.4151
1403.000       1.3554
1404.000       1.3373
1406.000       1.3865
1408.000       1.4976
1410.000       1.3748
1411.000       1.3750
1412.000       1.5021
1413.000       1.3877
1414.000       1.3523
1415.000       1.4214
1418.000       1.4340
1420.000       1.4420
1421.000       1.4444
1423.000       1.3837
1424.000       1.3275
1426.000       1.3096
1428.000       1.3434
1429.000       1.3743
1430.000       1.4056
1432.000       1.4351
1433.000       1.5505
1434.000       1.4039
1436.000       1.4613
1438.000       1.6053
1440.000       1.4699
1441.000       1.4758
1442.000       1.6125
1443.000       1.4836
1444.000       1.4196
1445.000       1.4651
1448.000       1.4210
1450.000       1.3989
1451.000       1.3652
1453.000       1.3346
1454.000       1.3408
1456.000       1.3431
1458.000       1.3503
1459.000       1.4104
1460.000       1.3468
1462.000       1.3348
1463.000       1.3731
1464.000       1.3876
1466.000       1.3763
1468.000       1.4493
1470.000       1.4480
1471.000       1.4586
1472.000       1.5757
1473.000       1.5046
1474.000       1.3685
1475.000       1.3691
1478.000       1.2933
1480.000       1.2769
1481.000       1.2190
1483.000       1.2359
1484.000       1.3039
1486.000       1.3413
1487.000       1.2908
1488.000       1.3267
1489.000       1.4208
1492.000       1.3079
1493.000       1.2526
1495.000       1.2135
1496.000       1.2308
1497.000       1.2396
1499.000       1.2026
1501.000       1.2173
1503.000       1.2592
1504.000       1.2862
1505.000       1.3497
1506.000       1.3245
1507.000       1.2793
1508.000       1.2997
1511.000       1.2635
1513.000       1.2058
1514.000       1.1901
1516.000       1.2084
1517.000       1.2440
1519.000       1.2854
1520.000       1.2726
1521.000       1.3322
1522.000       1.4214
1525.000       1.3420
1526.000       1.2978
1528.000       1.2435
1529.000       1.2293
1530.000       1.3082
1532.000       1.2385
1534.000       1.2483
1536.000       1.4163
1537.000       1.5888
1538.000       1.6587
1539.000       1.7383
1540.000       1.6140
1541.000       1.7710
1544.000       1.6751
1546.000       1.6245
1547.000       1.5499
1549.000       1.4536
1550.000       1.4461
1552.000       1.4053
1554.000       1.3624
1555.000       1.3737
1556.000       1.3862
1558.000       1.4347
1559.000       1.5169
1560.000       1.5983
1562.000       1.5848
1564.000       1.7253
1566.000       1.6838
1567.000       1.7210
1568.000       1.8563
1569.000       1.7310
1570.000       1.7039
1571.000       1.7767
1574.000       1.7737
1576.000       1.6996
1577.000       1.6924
1579.000       1.6114
1580.000       1.5738
1582.000       1.5367
1584.000       1.5301
1585.000       1.5258
1588.000       1.5699
1589.000       1.6166
1590.000       1.7057
1591.000       1.7949
1593.000       1.7865
1595.000       1.9017
1597.000       1.9123
1598.000       1.9802
1599.000       2.1415
1600.000       1.9629
1601.000       1.9643
1602.000       2.0711
1605.000       2.0582
1607.000       1.9706
1608.000       1.9636
1610.000       1.8684
1611.000       1.8219
1613.000       1.7715
1615.000       1.7679
1616.000       1.7645
1617.000       1.8194
1619.000       1.8723
1620.000       1.9534
1621.000       2.0769
1623.000       2.0651
1625.000       2.1964
1627.000       2.2086
1628.000       2.2713
1629.000       2.4406
1630.000       2.2327
1631.000       2.2697
1632.000       2.3362
1635.000       2.3325
1637.000       2.2247
1638.000       2.2083
1640.000       2.0939
1641.000       2.0398
1643.000       1.9717
1644.000       1.9822
1645.000       1.9706
1646.000       1.9489
1647.000       2.0359
1649.000       2.1040
1650.000       2.1901
1653.000       2.1262
1654.000       2.0595
1655.000       2.3641
1657.000       2.3391
1659.000       2.4827
1661.000       2.5245
1662.000       2.6139
1663.000       2.8122
1664.000       2.5684
1665.000       2.6046
1666.000       2.7152
1669.000       2.6972
1671.000       2.5478
1672.000       2.5254
1674.000       2.3958
1675.000       2.3512
1677.000       2.2671
1679.000       2.2376
1680.000       2.2067
1683.000       2.2884
1684.000       2.3649
1685.000       2.4453
1686.000       2.7395
1688.000       2.6893
1690.000       2.8325
1692.000       2.9308
1693.000       3.0357
1694.000       3.2580
1695.000       2.9798
1696.000       3.0099
1697.000       3.1311
1700.000       3.1151
1702.000       2.9909
1703.000       2.9620
1705.000       2.8139
1706.000       2.7528
1708.000       2.6494
1709.000       2.6482
1710.000       2.6124
1711.000       2.5609
1714.000       2.6798
1715.000       2.7725
1717.000       2.8170
1718.000       2.7495
1719.000       3.1277
1721.000       3.1105
1723.000       3.2901
1725.000       3.3092
1726.000       3.3866
1727.000       3.6344
1728.000       3.3116
1729.000       3.3732
1730.000       3.5563
1733.000       3.5509
1735.000       3.3441
1736.000       3.3130
1738.000       3.1061
1739.000       3.0095
1741.000       2.8862
1742.000       2.8976
1743.000       2.8504
1744.000       2.7875
1745.000       2.9534
1747.000       3.0872
1748.000       3.2183
1751.000       3.1404
1752.000       3.0359
1753.000       3.6160
1755.000       3.5511
1757.000       3.7730
1759.000       3.9055
1760.000       4.0423
1761.000       4.3546
1762.000       4.2264
1763.000       4.1318
1764.000       4.4176
1767.000       4.2474
1769.000       3.8697
1770.000       3.7254
1772.000       3.4320
1773.000       3.5230
1775.000       3.3867
1777.000       3.1510
1778.000       3.1581
1779.000       3.0565
1781.000       3.1876
1782.000       3.2076
1783.000       4.3428
1785.000       4.0708
1787.000       4.2797
1789.000       4.7813
1790.000       5.0804
1791.000       5.6449
1792.000       5.2587
1793.000       4.7027
1794.000       4.4421
1797.000       4.3419
1799.000       4.5951
1800.000       4.5798
1802.000       4.7343
1803.000       4.8680
1805.000       5.0926
1806.000       5.1153
1807.000       5.4089
1808.000       5.6918
1809.000       5.4485
1811.000       5.2447
1812.000       5.4109
1815.000       4.9668
1816.000       4.9063
1817.000       4.0982
1819.000       4.2705
1821.000       4.3239
1823.000       3.8740
1824.000       3.6574
1825.000       3.5517
1826.000       3.6858
1827.000       3.7243
1828.000       3.7666
1831.000       3.9498
1833.000       4.1757
1834.000       4.3088
1836.000       4.3307
1837.000       4.2279
1839.000       4.3867
1840.000       4.5949
1841.000       4.8891
1842.000       5.0341
1845.000       5.1076
1846.000       5.0553
1848.000       4.8069
1849.000       4.5685
1850.000       3.8827
1852.000       4.1849
1854.000       4.3946
1856.000       3.8380
1857.000       3.6484
1858.000       3.8006
1859.000       3.4145
1860.000       3.7441
1861.000       4.0266
1864.000       4.1556
1866.000       4.2106
1867.000       4.2363
1869.000       4.0390
1870.000       3.7962
1872.000       3.7575
1873.000       3.9894
1874.000       4.1645
1875.000       4.1450
1878.000       4.4447
1879.000       4.5549
1881.000       4.4413
1882.000       4.1520
1883.000       4.0049
1885.000       4.1992
1887.000       4.5460
1889.000       4.1193
1890.000       3.9281
1891.000       4.2104
1892.000       3.6894
1893.000       3.8463
1894.000       4.1158
1897.000       4.1048
1899.000       4.0812
1900.000       3.9696
1902.000       3.7078
1903.000       3.5291
1905.000       3.4046
1906.000       3.5205
1907.000       3.5902
1908.000       3.5608
1909.000       3.8240
1911.000       3.9752
1912.000       4.2580
1915.000       3.9308
1916.000       3.7009
1917.000       3.8753
1919.000       3.9384
1921.000       4.2633
1923.000       3.9991
1924.000       3.8202
1925.000       4.0338
1926.000       3.7486
1927.000       3.6230
1928.000       3.7369
1931.000       3.6558
1933.000       3.6147
1934.000       3.4653
1936.000       3.2610
1937.000       3.2143
1939.000       3.0634
1941.000       2.9548
1942.000       2.8497
1945.000       3.0171
1946.000       3.1691
1947.000       3.2745
1948.000       3.4544
1950.000       3.4267
1952.000       3.6318
1954.000       3.5364
1955.000       3.3947
1956.000       3.5768
1957.000       3.2944
1958.000       3.2661
1959.000       3.4026
1962.000       3.3151
1964.000       3.2647
1965.000       3.1299
1967.000       2.9518
1968.000       2.9012
1970.000       2.7768
1972.000       2.6858
1973.000       2.6125
1974.000       2.7538
1976.000       2.8848
1977.000       2.9829
1978.000       3.1327
1980.000       3.0994
1982.000       3.2835
1984.000       3.2121
1985.000       3.0802
1986.000       3.2525
1987.000       2.9857
1988.000       2.9516
1989.000       3.0515
1992.000       2.9537
1994.000       2.9282
1995.000       2.7862
1997.000       2.6412
1998.000       2.6185
2000.000       2.4973
2001.000       2.4336
2002.000       2.3336
2003.000       2.2726
2004.000       2.3582
2006.000       2.4620
2007.000       2.5164
2010.000       2.5507
2011.000       2.5295
2012.000       2.7789
2014.000       2.7404
2016.000       2.8763
2018.000       2.8244
2019.000       2.7033
2020.000       2.8425
2021.000       2.6680
2022.000       2.5638
2023.000       2.6257
2026.000       2.5351
2028.000       2.5105
2029.000       2.3951
2031.000       2.2772
2032.000       2.2773
2034.000       2.1957
2036.000       2.1019
2037.000       2.0447
2040.000       2.1136
2041.000       2.2053
2042.000       2.2606
2043.000       2.3947
2045.000       2.3666
2047.000       2.4962
2049.000       2.4327
2050.000       2.3315
2051.000       2.4526
2052.000       2.2998
2053.000       2.2299
2054.000       2.3031
2057.000       2.2444
2059.000       2.2191
2060.000       2.1330
2062.000       2.0205
2063.000       1.9924
2065.000       1.9070
2066.000       1.8762
2067.000       1.8221
2068.000       1.7814
2071.000       1.8494
2072.000       1.9303
2074.000       1.9870
2075.000       1.9516
2076.000       2.1319
2078.000       2.1151
2080.000       2.2367
2082.000       2.1788
2083.000       2.1006
2084.000       2.2215
2085.000       2.0486
2086.000       2.0272
2087.000       2.1123
2090.000       2.0584
2092.000       2.0340
2093.000       1.9382
2095.000       1.8169
2096.000       1.7849
2098.000       1.6961
2099.000       1.6626
2100.000       1.5975
2101.000       1.5567
2102.000       1.6184
2104.000       1.7030
2105.000       1.7540
2108.000       1.7708
2109.000       1.7410
2110.000       1.9387
2112.000       1.9195
2114.000       2.0547
2116.000       1.9901
2117.000       1.9109
2118.000       2.0367
2119.000       1.8935
2120.000       1.7982
2121.000       1.8467
2124.000       1.7479
2126.000       1.7116
2127.000       1.5944
2129.000       1.5174
2130.000       1.5543
2132.000       1.5213
2134.000       1.4449
2135.000       1.4552
2136.000       1.4130
2138.000       1.4490
2139.000       1.4645
2140.000       1.6327
2142.000       1.5590
2144.000       1.6229
2146.000       1.6809
2147.000       1.6058
2148.000       1.7370
2149.000       1.5561
2150.000       1.5409
2151.000       1.6266
2154.000       1.5779
2156.000       1.5432
2157.000       1.4754
2159.000       1.3779
2160.000       1.3670
2162.000       1.3059
2163.000       1.2722
2164.000       1.2527
2165.000       1.2550
2168.000       1.2928
2169.000       1.3455
2171.000       1.3662
2172.000       1.3238
2173.000       1.4930
2175.000       1.4834
2177.000       1.6073
2179.000       1.5639
2180.000       1.5376
2181.000       1.6592
2182.000       1.5803
2183.000       1.4215
2184.000       1.4219
2187.000       1.3245
2189.000       1.2879
2190.000       1.2124
2192.000       1.1981
2193.000       1.2547
2195.000       1.2465
2196.000       1.1753
2197.000       1.1615
2198.000       1.2029
2199.000       1.1384
2201.000       1.1318
2202.000       1.1566
2205.000       1.1393
2206.000       1.1555
2207.000       1.2667
2209.000       1.2089
2211.000       1.2428
2213.000       1.3108
2214.000       1.3148
2215.000       1.4180
2216.000       1.3659
2217.000       1.2327
2218.000       1.2312
2221.000       1.1849
2223.000       1.1555
2224.000       1.1432
2226.000       1.1292
2227.000       1.1431
2229.000       1.1477
2230.000       1.1376
2231.000       1.1600
2232.000       1.1990
2233.000       1.1804
2235.000       1.1802
2236.000       1.2284
2239.000       1.1592
2240.000       1.1321
2241.000       1.1763
2243.000       1.1653
2245.000       1.2247
2247.000       1.2339
2248.000       1.2616
2249.000       1.3720
2250.000       1.2918
2251.000       1.2299
2252.000       1.2659
2255.000       1.2656
2257.000       1.2408
2258.000       1.2459
2260.000       1.1967
2261.000       1.1716
2263.000       1.1630
2264.000       1.1733
2265.000       1.1906
2266.000       1.2115
2267.000       1.2287
2269.000       1.2567
2270.000       1.3182
2273.000       1.2501
2274.000       1.1998
2275.000       1.2618
2277.000       1.2929
2279.000       1.4125
2281.000       1.3411
2282.000       1.3873
2283.000       1.5040
2284.000       1.4044
2285.000       1.3842
2286.000       1.4420
2289.000       1.4227
2291.000       1.4044
2292.000       1.3643
2294.000       1.3031
2295.000       1.3009
2297.000       1.2711
2298.000       1.2509
2299.000       1.2559
2300.000       1.2777
2303.000       1.2846
2304.000       1.3065
2306.000       1.3062
2307.000       1.2723
2308.000       1.3923
2310.000       1.3883
2312.000       1.4778
2314.000       1.4348
2315.000       1.4626
2316.000       1.5480
2317.000       1.5706
2318.000       1.3814
2319.000       1.3658
2322.000       1.3295
2324.000       1.3034
2325.000       1.3112
2327.000       1.2528
2328.000       1.2787
2330.000       1.2776
2332.000       1.2608
2333.000       1.3330
2334.000       1.2543
2336.000       1.2501
2337.000       1.3263
2338.000       1.3844
2340.000       1.3893
2342.000       1.6381
2344.000       1.5176
2345.000       1.6809
2346.000       1.8801
2347.000       1.8209
2348.000       1.6922
2349.000       1.7310
2352.000       1.7457
2354.000       1.6694
2355.000       1.6340
2357.000       1.5480
2358.000       1.4867
2360.000       1.5082
2361.000       1.5675
2362.000       1.6697
2363.000       1.7298
2366.000       1.7950
2367.000       1.8371
2369.000       1.7629
2370.000       1.6077
2371.000       1.8146
2373.000       1.7268
2375.000       1.8901
2377.000       1.9773
2378.000       2.0842
2379.000       2.1012
2380.000       2.3337
2381.000       2.0829
2382.000       2.1929
2385.000       2.2788
2387.000       2.3938
2388.000       2.4197
2390.000       2.3694
2391.000       2.3007
2393.000       2.3035
2395.000       2.3786
2396.000       2.4176
2399.000       2.4650
2400.000       2.4639
2401.000       2.5877
2402.000       2.2005
2404.000       2.3613
2406.000       2.5338
2408.000       2.2063
2409.000       2.1380
2410.000       2.2405
2411.000       2.0430
2412.000       2.2017
2413.000       2.3557
2416.000       2.4371
2418.000       2.4536
2419.000       2.4719
2421.000       2.3474
2422.000       2.2184
2424.000       2.1469
2426.000       2.2087
2427.000       2.1755
2430.000       2.3415
2431.000       2.4128
2432.000       2.5700
2433.000       2.3851
2435.000       2.4894
2437.000       2.6964
2439.000       2.4652
2440.000       2.4378
2441.000       2.5880
2442.000       2.3137
2443.000       2.4807
2444.000       2.6550
2447.000       2.6979
2449.000       2.6505
2450.000       2.6225
2452.000       2.4449
2453.000       2.3133
2455.000       2.1778
2457.000       2.1679
2458.000       2.0847
2459.000       2.3075
2461.000       2.4473
2462.000       2.5948
2463.000       2.6374
2465.000       2.6693
2467.000       2.8853
2469.000       2.7649
2470.000       2.7224
2471.000       2.9189
2472.000       2.5807
2473.000       2.7022
2474.000       2.8732
2477.000       2.8430
2479.000       2.7581
2480.000       2.6563
2482.000       2.4516
2483.000       2.3608
2485.000       2.1898
2487.000       2.1066
2488.000       1.9923
2489.000       2.2187
2491.000       2.3864
2492.000       2.5043
2493.000       2.7313
2495.000       2.6948
2497.000       2.8844
2499.000       2.8637
2500.000       2.7891
2501.000       3.0133
2502.000       2.6663
2503.000       2.6671
2504.000       2.8069
2507.000       2.6796
2509.000       2.5850
2510.000       2.4087
2512.000       2.2227
2513.000       2.2132
2515.000       2.0613
2517.000       1.9169
2518.000       1.8009
2521.000       1.9349
2522.000       2.0851
2523.000       2.1279
2524.000       2.5186
2526.000       2.4085
2528.000       2.5359
2530.000       2.6155
2531.000       2.5327
2532.000       2.7062
2533.000       2.5264
2534.000       2.3337
2535.000       2.3223
2538.000       2.1499
2540.000       2.0725
2541.000       1.9064
2543.000       1.8265
2544.000       1.9158
2546.000       1.8599
2548.000       1.7044
2549.000       1.6819
2550.000       1.6340
2552.000       1.6894
2553.000       1.6545
2554.000       2.0281
2556.000       1.8967
2558.000       1.9420
2560.000       2.0935
2561.000       2.0729
2562.000       2.2332
2563.000       2.1178
2564.000       1.9029
2565.000       1.8978
2568.000       1.7560
2570.000       1.6776
2571.000       1.5707
2573.000       1.5230
2574.000       1.5903
2576.000       1.5329
2577.000       1.4170
2578.000       1.3520
2579.000       1.3787
2580.000       1.3072
2582.000       1.3235
2583.000       1.3300
2586.000       1.3816
2587.000       1.4218
2588.000       1.7005
2590.000       1.5955
2592.000       1.6317
2594.000       1.7735
2595.000       1.8053
2596.000       1.9364
2597.000       1.8651
2598.000       1.7064
2599.000       1.7086
2602.000       1.6235
2604.000       1.5389
2605.000       1.4859
2607.000       1.4352
2608.000       1.4925
2610.000       1.4708
2612.000       1.3850
2613.000       1.3888
2614.000       1.3488
2616.000       1.3777
2617.000       1.3971
2618.000       1.6206
2620.000       1.5505
2622.000       1.6072
2624.000       1.7146
2625.000       1.7545
2626.000       1.8974
2627.000       1.8150
2628.000       1.6443
2629.000       1.6553
2632.000       1.5751
2634.000       1.4945
2635.000       1.4369
2637.000       1.3685
2638.000       1.4092
2640.000       1.3800
2642.000       1.2971
2643.000       1.2908
2646.000       1.2810
2647.000       1.3189
2648.000       1.3586
2649.000       1.5726
2651.000       1.5110
2653.000       1.5880
2655.000       1.6726
2656.000       1.7072
2657.000       1.8712
2658.000       1.7427
2659.000       1.6052
2660.000       1.6606
2663.000       1.5664
2665.000       1.4998
2666.000       1.4271
2668.000       1.3597
2669.000       1.3851
2671.000       1.3516
2673.000       1.2810
2674.000       1.2793
2677.000       1.2636
2678.000       1.3037
2679.000       1.3248
2680.000       1.5208
2682.000       1.4678
2684.000       1.5498
2686.000       1.5963
2687.000       1.5939
2688.000       1.7242
2689.000       1.6221
2690.000       1.4867
2691.000       1.4916
2694.000       1.3951
2696.000       1.3613
2697.000       1.2854
2699.000       1.2560
2700.000       1.2951
2702.000       1.2883
2704.000       1.2377
2705.000       1.2596
2708.000       1.2104
2709.000       1.2188
2710.000       1.2306
2711.000       1.3382
2713.000       1.2803
2715.000       1.3179
2717.000       1.3713
2718.000       1.3791
2719.000       1.4600
2720.000       1.4567
2721.000       1.2927
2722.000       1.2594
2725.000       1.1969
2727.000       1.1697
2728.000       1.1601
2730.000       1.1893
2731.000       1.2408
2733.000       1.2753
2734.000       1.2479
2735.000       1.3005
2736.000       1.3821
2737.000       1.2977
2739.000       1.2504
2740.000       1.2854
2743.000       1.2040
2744.000       1.2003
2745.000       1.2142
2747.000       1.1880
2749.000       1.1909
2751.000       1.2529
2752.000       1.3196
2753.000       1.4081
2754.000       1.3829
2755.000       1.3442
2756.000       1.2959
2759.000       1.3465
2761.000       1.3725
2762.000       1.4257
2764.000       1.3792
2765.000       1.3070
2767.000       1.3044
2769.000       1.3774
2770.000       1.4147
2773.000       1.4560
2774.000       1.4572
2775.000       1.5714
2776.000       1.3700
2778.000       1.4747
2780.000       1.6229
2782.000       1.4384
2783.000       1.4393
2784.000       1.5802
2785.000       1.4322
2786.000       1.4401
2787.000       1.5468
2790.000       1.5685
2792.000       1.5199
2793.000       1.5061
2795.000       1.4030
2796.000       1.3517
2798.000       1.3108
2799.000       1.3287
2800.000       1.3470
2801.000       1.3438
2804.000       1.4278
2805.000       1.4903
2807.000       1.4843
2808.000       1.3951
2809.000       1.5673
2811.000       1.5785
2813.000       1.7272
2815.000       1.6918
2816.000       1.7384
2817.000       1.9222
2818.000       1.7014
2819.000       1.7253
2820.000       1.8062
2823.000       1.7925
2825.000       1.6937
2826.000       1.6589
2828.000       1.5340
2829.000       1.4967
2831.000       1.4313
2833.000       1.3901
2834.000       1.3652
2837.000       1.4233
2838.000       1.4990
2839.000       1.5764
2840.000       1.7997
2842.000       1.7763
2844.000       1.9293
2846.000       1.9573
2847.000       2.0330
2848.000       2.2406
2849.000       2.0094
2850.000       1.9753
2851.000       2.0610
2854.000       1.9967
2856.000       1.8634
2857.000       1.8003
2859.000       1.6954
2860.000       1.7005
2862.000       1.6406
2864.000       1.5767
2865.000       1.5637
2868.000       1.5726
2869.000       1.6289
2870.000       1.6584
2871.000       2.0165
2873.000       1.9336
2875.000       2.0385
2877.000       2.1766
2878.000       2.2785
2879.000       2.4700
2880.000       2.3013
2881.000       2.1909
2882.000       2.2248
2885.000       2.1480
2887.000       2.0119
2888.000       1.9695
2890.000       1.9044
2891.000       1.9267
2893.000       1.8819
2895.000       1.8294
2896.000       1.8282
2899.000       1.8179
2900.000       1.8466
2901.000       1.8568
2902.000       2.2123
2904.000       2.1110
2906.000       2.1633
2908.000       2.3673
2909.000       2.5365
2910.000       2.7067
2911.000       2.5857
2912.000       2.5021
2913.000       2.5009
2916.000       2.4807
2918.000       2.3496
2919.000       2.4100
2921.000       2.3292
2922.000       2.3618
2924.000       2.3062
2925.000       2.2243
2926.000       2.1737
2927.000       2.1861
2928.000       2.1575
2930.000       2.1858
2931.000       2.2105
2934.000       2.2285
2935.000       2.2443
2936.000       2.6415
2938.000       2.5942
2940.000       2.7259
2942.000       2.7118
2943.000       2.8438
2944.000       2.8627
2945.000       3.0370
2946.000       2.8295
2947.000       2.7684
2950.000       2.8264
2952.000       2.8008
2953.000       2.9316
2955.000       2.9491
2956.000       2.8853
2958.000       3.0020
2959.000       3.1842
2960.000       3.4853
2961.000       3.6367
2964.000       3.7242
2965.000       3.6491
2967.000       3.3757
2968.000       3.1527
2969.000       2.9943
2971.000       3.0276
2973.000       3.2192
2975.000       3.0480
2976.000       3.1420
2977.000       3.3537
2978.000       3.2661
2979.000       2.8982
2980.000       2.6815
2983.000       2.4589
2985.000       2.4149
2986.000       2.2082
2988.000       2.1444
2989.000       2.1346
2991.000       2.1190
2993.000       2.1182
2994.000       2.1355
2997.000       2.1400
2998.000       2.1476
2999.000       2.1872
3000.000       2.2415
3002.000       2.0917
3004.000       2.0749
3006.000       2.2314
3007.000       2.0939
3008.000       2.1989
3009.000       2.0583
3010.000       1.9593
3011.000       2.0382
3014.000       1.9435
3016.000       1.9600
3017.000       1.8539
3019.000       1.8423
3020.000       1.9652
3022.000       1.9521
3023.000       1.8166
3024.000       1.7839
3025.000       1.8474
3028.000       1.7505
3029.000       1.7296
3031.000       1.7234
3032.000       1.7660
3033.000       1.7676
3035.000       1.7452
3037.000       1.9426
3039.000       1.9640
3040.000       1.9797
3041.000       2.6384
3042.000       2.0877
3043.000       1.6387
3044.000       1.8701
3047.000       1.5655
3049.000       1.6292
3050.000       1.6190
3052.000       1.5717
3053.000       1.6055
3055.000       1.6445
3056.000       1.6266
3057.000       1.7139
3058.000       1.8054
3059.000       1.7621
3061.000       1.7493
3062.000       1.8839
3065.000       1.6724
3066.000       1.5982
3067.000       1.4869
3069.000       1.7367
3071.000       2.4222
3073.000       1.5126
3074.000       1.5396
3075.000       1.7600
3076.000       1.5515
3077.000       1.5991
3078.000       1.7017
3081.000       1.7275
3083.000       1.7186
3084.000       1.7630
3086.000       1.6892
3087.000       1.5784
3089.000       1.6192
3091.000       1.7770
3092.000       1.9116
3095.000       1.8896
3096.000       1.8514
3097.000       2.0473
3098.000       1.6849
3100.000       1.7836
3102.000       2.0065
3104.000       1.7986
3105.000       1.7697
3106.000       1.9917
3107.000       1.6923
3108.000       1.7195
3109.000       1.8910
3112.000       1.8701
3114.000       1.8048
3115.000       1.7643
3117.000       1.6273
3118.000       1.4865
3120.000       1.4658
3122.000       1.6057
3123.000       1.7157
3124.000       1.7624
3126.000       1.7814
3127.000       2.0341
3128.000       1.7793
3130.000       1.7818
3132.000       1.9805
3134.000       1.9318
3135.000       1.8860
3136.000       2.0855
3137.000       1.7347
3138.000       1.9151
3139.000       2.1112
3142.000       2.1755
3144.000       2.1429
3145.000       2.1635
3147.000       2.0345
3148.000       1.8954
3150.000       1.8690
3151.000       1.9892
3152.000       2.0863
3153.000       2.0807
3156.000       2.2522
3157.000       2.3278
3159.000       2.2680
3160.000       2.0915
3161.000       2.1343
3163.000       2.2186
3165.000       2.4289
3167.000       2.2503
3168.000       2.2318
3169.000       2.4142
3170.000       2.1392
3171.000       2.2045
3172.000       2.3317
3175.000       2.3197
3177.000       2.2479
3178.000       2.1990
3180.000       2.0562
3181.000       1.9670
3183.000       1.8701
3184.000       1.9089
3185.000       1.9067
3186.000       1.8502
3189.000       2.0230
3190.000       2.1250
3192.000       2.1373
3193.000       2.0259
3194.000       2.2683
3196.000       2.2604
3198.000       2.4202
3200.000       2.3927
3201.000       2.3838
3202.000       2.5779
3203.000       2.3591
3204.000       2.2697
3205.000       2.3378
3208.000       2.2335
3210.000       2.1236
3211.000       2.0101
3213.000       1.8836
3214.000       1.9003
3216.000       1.8062
3218.000       1.6813
3219.000       1.6120
3222.000       1.6747
3223.000       1.7774
3224.000       1.8110
3225.000       2.1582
3227.000       2.0635
3229.000       2.1695
3231.000       2.2691
3232.000       2.2555
3233.000       2.4376
3234.000       2.2447
3235.000       2.1147
3236.000       2.1686
3239.000       2.0402
3241.000       1.9484
3242.000       1.8226
3244.000       1.7121
3245.000       1.7538
3247.000       1.6816
3249.000       1.5533
3250.000       1.5159
3251.000       1.5287
3253.000       1.6060
3254.000       1.6283
3255.000       1.9535
3257.000       1.8462
3259.000       1.9297
3261.000       2.0462
3262.000       2.0219
3263.000       2.1872
3264.000       2.0450
3265.000       1.8591
3266.000       1.8786
3269.000       1.7500
3271.000       1.6795
3272.000       1.5671
3274.000       1.4943
3275.000       1.5525
3277.000       1.5153
3279.000       1.4100
3280.000       1.4047
3283.000       1.3641
3284.000       1.4086
3285.000       1.4195
3286.000       1.6705
3288.000       1.5792
3290.000       1.6467
3292.000       1.7365
3293.000       1.7273
3294.000       1.8585
3295.000       1.7708
3296.000       1.6019
3297.000       1.6070
3300.000       1.5092
3302.000       1.4650
3303.000       1.3906
3305.000       1.3474
3306.000       1.4034
3308.000       1.4070
3310.000       1.3487
3311.000       1.3899
3314.000       1.2977
3315.000       1.2999
3316.000       1.3017
3317.000       1.4606
3319.000       1.4146
3321.000       1.4888
3323.000       1.5095
3324.000       1.5227
3325.000       1.6362
3326.000       1.5909
3327.000       1.4255
3328.000       1.4316
3331.000       1.3871
3333.000       1.3540
3334.000       1.3420
3336.000       1.3170
3337.000       1.3367
3339.000       1.3490
3340.000       1.3367
3341.000       1.3821
3342.000       1.4426
3343.000       1.4048
3345.000       1.3855
3346.000       1.4478
3349.000       1.3481
3350.000       1.3202
3351.000       1.3881
3353.000       1.3877
3355.000       1.4635
3357.000       1.4561
3358.000       1.5030
3359.000       1.6143
3360.000       1.5320
3361.000       1.4793
3362.000       1.4965
3365.000       1.4878
3367.000       1.4289
3368.000       1.4299
3370.000       1.4229
3371.000       1.4500
3373.000       1.4681
3374.000       1.4560
3375.000       1.5049
3376.000       1.5690
3377.000       1.5266
3379.000       1.5020
3380.000       1.5647
3383.000       1.4545
3384.000       1.4318
3385.000       1.5557
3387.000       1.5238
3389.000       1.5617
3391.000       1.6643
3392.000       1.7145
3393.000       1.7418
3394.000       1.8861
3395.000       1.6554
3396.000       1.6860
3399.000       1.6623
3401.000       1.6810
3402.000       1.7231
3404.000       1.6923
3405.000       1.6386
3407.000       1.6481
3408.000       1.7082
3409.000       1.7723
3410.000       1.7757
3413.000       1.8691
3414.000       1.8984
3416.000       1.8441
3417.000       1.7434
3418.000       1.7270
3420.000       1.7747
3422.000       1.8335
3424.000       1.7801
3425.000       1.7948
3426.000       1.9439
3427.000       1.7489
3428.000       1.8018
3429.000       1.9091
3432.000       1.9083
3434.000       1.8704
3435.000       1.8334
3437.000       1.7271
3438.000       1.6758
3440.000       1.6089
3441.000       1.6098
3442.000       1.5755
3443.000       1.5391
3444.000       1.6280
3446.000       1.7096
3447.000       1.7826
3450.000       1.7470
3451.000       1.6891
3452.000       1.8572
3454.000       1.8646
3456.000       1.9978
3458.000       1.9400
3459.000       1.9087
3460.000       2.0658
3461.000       1.8567
3462.000       1.8526
3463.000       1.9543
3466.000       1.9182
3468.000       1.8613
3469.000       1.7853
3471.000       1.6509
3472.000       1.6156
3474.000       1.5264
3475.000       1.4903
3476.000       1.4222
3477.000       1.3859
3478.000       1.4455
3480.000       1.5336
3481.000       1.5834
3484.000       1.6051
3485.000       1.5708
3486.000       1.8463
3488.000       1.8327
3490.000       1.9940
3492.000       1.9492
3493.000       1.9277
3494.000       2.0989
3495.000       1.8877
3496.000       1.8538
3497.000       1.9417
3500.000       1.8863
3502.000       1.7921
3503.000       1.7051
3505.000       1.5653
3506.000       1.5725
3508.000       1.4980
3510.000       1.4074
3511.000       1.3933
3514.000       1.3963
3515.000       1.4760
3516.000       1.5184
3517.000       1.8570
3519.000       1.8146
3521.000       1.9688
3523.000       2.0034
3524.000       2.0656
3525.000       2.2926
3526.000       2.0456
3527.000       1.9987
3528.000       2.1048
3531.000       2.0722
3533.000       1.9076
3534.000       1.8882
3536.000       1.7474
3537.000       1.7820
3539.000       1.6960
3540.000       1.6168
3541.000       1.6056
3542.000       1.6525
3545.000       1.6261
3546.000       1.6221
3548.000       1.6289
3549.000       1.6349
3550.000       2.1452
3552.000       2.1012
3554.000       2.2721
3556.000       2.3570
3557.000       2.4577
3558.000       2.8162
3559.000       2.4986
3560.000       2.2720
3561.000       2.3706
3564.000       2.3609
3566.000       2.2436
3567.000       2.3225
3569.000       2.2082
3570.000       2.5361
3572.000       2.5940
3573.000       2.2567
3574.000       2.3924
3575.000       2.6630
3578.000       2.6180
3579.000       2.7032
3581.000       2.4462
3582.000       2.1549
3583.000       2.4578
3585.000       2.4884
3587.000       2.8344
3589.000       2.5248
3590.000       2.4911
3591.000       2.6528
3592.000       2.6420
3593.000       2.5053
3594.000       2.3068
3597.000       2.5342
3599.000       2.5857
3600.000       2.8770
3602.000       3.0085
3603.000       2.8872
3605.000       3.1896
3607.000       3.6106
3608.000       3.9872
3609.000       3.7099
3611.000       3.4535
3612.000       3.7462
3613.000       2.8111
3615.000       2.8913
3617.000       3.2772
3619.000       3.1484
3620.000       3.3334
3621.000       3.4099
3622.000       3.8530
3623.000       2.9969
3624.000       2.3321
3627.000       2.1429
3629.000       2.0802
3630.000       2.0228
3632.000       2.1022
3633.000       2.2187
3635.000       2.3373
3636.000       2.2874
3637.000       2.4097
3638.000       2.5942
3641.000       2.4068
3642.000       2.2946
3644.000       2.1672
3645.000       2.1567
3646.000       2.1215
3648.000       2.0316
3650.000       2.0159
3652.000       2.1950
3653.000       2.2434
3654.000       2.6100
3655.000       2.4010
3656.000       1.9427
3657.000       1.6790
3660.000       1.4928
3662.000       1.4978
3663.000       1.5009
3665.000       1.5154
3666.000       1.6318
3668.000       1.6792
3669.000       1.5814
3670.000       1.6235
3671.000       1.7625
3674.000       1.5931
3675.000       1.5186
3677.000       1.4639
3678.000       1.4899
3679.000       1.5716
3681.000       1.6809
3683.000       1.9802
3685.000       1.5034
3686.000       1.5248
3687.000       1.6801
3688.000       1.5808
3689.000       1.4899
3690.000       1.4695
3693.000       1.4950
3695.000       1.5224
3696.000       1.4897
3698.000       1.5664
3699.000       1.5941
3701.000       1.6941
3702.000       1.7406
3703.000       1.8958
3704.000       2.0118
3707.000       1.9931
3708.000       1.9350
3710.000       1.7824
3711.000       1.6795
3712.000       1.5536
3714.000       1.4437
3716.000       1.5454
3718.000       1.8131
3719.000       2.2583
3720.000       2.9623
3721.000       2.6384
3722.000       1.9818
3723.000       1.6041
3726.000       1.5623
3728.000       1.5280
3729.000       1.4781
3731.000       1.3969
3732.000       1.3702
3734.000       1.3502
3735.000       1.3616
3736.000       1.4080
3737.000       1.4403
3738.000       1.4757
3740.000       1.4900
3741.000       1.5912
3744.000       1.4583
3745.000       1.3911
3746.000       1.5118
3748.000       1.5131
3750.000       1.6621
3752.000       1.6306
3753.000       1.6872
3754.000       1.8734
3755.000       1.6806
3756.000       1.6563
3757.000       1.7348
3760.000       1.7349
3762.000       1.6569
3763.000       1.6728
3765.000       1.5979
3766.000       1.5248
3768.000       1.5005
3769.000       1.5636
3770.000       1.6149
3771.000       1.6070
3772.000       1.7301
3774.000       1.7827
3775.000       1.9168
3778.000       1.7364
3779.000       1.6270
3780.000       1.7765
3782.000       1.7830
3784.000       1.9051
3786.000       1.9175
3787.000       2.0283
3788.000       2.2022
3789.000       2.0165
3790.000       2.0508
3791.000       2.1548
3794.000       2.2056
3796.000       2.1099
3797.000       2.1592
3799.000       2.0492
3800.000       1.9452
3802.000       1.8852
3803.000       1.9561
3804.000       1.9768
3805.000       1.9103
3808.000       2.0983
3809.000       2.1982
3811.000       2.1920
3812.000       2.0634
3813.000       2.2878
3815.000       2.3186
3817.000       2.4753
3819.000       2.4540
3820.000       2.5722
3821.000       2.7658
3822.000       2.5110
3823.000       2.6105
3824.000       2.7600
3827.000       2.7953
3829.000       2.6510
3830.000       2.6557
3832.000       2.4854
3833.000       2.3752
3835.000       2.2612
3836.000       2.2919
3837.000       2.2425
3838.000       2.1351
3841.000       2.3400
3842.000       2.4866
3844.000       2.5480
3845.000       2.4393
3846.000       2.8514
3848.000       2.8348
3850.000       3.0189
3852.000       3.0589
3853.000       3.1607
3854.000       3.3992
3855.000       3.0655
3856.000       3.1546
3857.000       3.3199
3860.000       3.2918
3862.000       3.1052
3863.000       3.0439
3865.000       2.8496
3866.000       2.7761
3868.000       2.6311
3869.000       2.5992
3870.000       2.4823
3871.000       2.3833
3872.000       2.5228
3874.000       2.6683
3875.000       2.7273
3878.000       2.7840
3879.000       2.7358
3880.000       3.3126
3882.000       3.2270
3884.000       3.3981
3886.000       3.5354
3887.000       3.6240
3888.000       3.8913
3889.000       3.5448
3890.000       3.5390
3891.000       3.6575
3894.000       3.5549
3896.000       3.3304
3897.000       3.2232
3899.000       3.0571
3900.000       3.0463
3902.000       2.9167
3903.000       2.8266
3904.000       2.6984
3905.000       2.6422
3906.000       2.6720
3908.000       2.7620
3909.000       2.7523
3912.000       2.8929
3913.000       2.9151
3914.000       3.5703
3916.000       3.4114
3918.000       3.5300
3920.000       3.8067
3921.000       3.9262
3922.000       4.1969
3923.000       3.9190
3924.000       3.7965
3925.000       3.8529
3928.000       3.7348
3930.000       3.4967
3931.000       3.4375
3933.000       3.3433
3934.000       3.3831
3936.000       3.3342
3937.000       3.2549
3938.000       3.2345
3939.000       3.2818
3942.000       3.2292
3943.000       3.2352
3945.000       3.2546
3946.000       3.2612
3947.000       3.8281
3949.000       3.6656
3951.000       3.7488
3953.000       4.0786
3954.000       4.3081
3955.000       4.5683
3956.000       4.3770
3957.000       4.2691
3958.000       4.3471
3961.000       4.3901
3963.000       4.1794
3964.000       4.3113
3966.000       4.2250
3967.000       4.2053
3969.000       4.2475
3970.000       4.2832
3971.000       4.4319
3972.000       4.5515
3973.000       4.5605
3975.000       4.5704
3976.000       4.8171
3979.000       4.4423
3980.000       4.2847
3981.000       4.6276
3983.000       4.6359
3985.000       4.8749
3987.000       4.9184
