   2.000       3.5385
   3.000       3.5326
   6.000       3.5036
   8.000       3.6283
   9.000       3.5644
  11.000       3.4621
  12.000       3.4267
  14.000       3.3567
  15.000       3.3572
  16.000       3.3396
  17.000       3.2959
  18.000       3.4292
  20.000       3.5200
  21.000       3.6488
  24.000       3.5236
  25.000       3.4376
  26.000       3.2989
  28.000       3.4133
  30.000       3.5802
  32.000       3.2470
  33.000       3.0681
  34.000       3.1371
  35.000       2.9808
  36.000       3.0421
  37.000       3.1823
  40.000       3.2253
  42.000       3.2897
  43.000       3.2364
  45.000       3.0712
  46.000       2.9621
  48.000       2.8699
  49.000       2.9048
  50.000       2.8676
  51.000       2.7910
  52.000       2.9821
  54.000       3.1306
  55.000       3.2846
  58.000       3.1675
  59.000       3.0410
  60.000       3.0726
  62.000       3.1796
  64.000       3.4118
  66.000       3.1152
  67.000       2.9892
  68.000       3.1674
  69.000       2.8805
  70.000       2.9347
  71.000       3.1029
  74.000       3.0703
  76.000       3.0241
  77.000       2.8814
  79.000       2.6747
  80.000       2.6429
  82.000       2.5385
  83.000       2.4759
  84.000       2.4247
  85.000       2.4443
  88.000       2.4497
  89.000       2.5405
  91.000       2.6171
  92.000       2.5636
  93.000       2.8906
  95.000       2.8730
  97.000       3.1232
  99.000       3.0310
 100.000       2.9367
 101.000       3.2062
 102.000       2.6889
 103.000       2.9285
 104.000       3.2111
 107.000       3.1726
 109.000       3.0340
 110.000       2.8889
 112.000       2.6058
 113.000       2.4876
 115.000       2.2621
 117.000       2.1548
 118.000       1.9773
 121.000       2.2601
 122.000       2.4860
 123.000       2.6066
 124.000       3.0135
 126.000       2.9421
 128.000       3.1983
 130.000       3.2275
 131.000       3.1536
 132.000       3.4874
 133.000       2.9518
 134.000       3.0069
 135.000       3.1403
 138.000       2.9281
 140.000       2.7395
 141.000       2.4853
 143.000       2.2804
 144.000       2.3031
 146.000       2.1308
 148.000       1.9320
 149.000       1.7980
 152.000       1.9082
 153.000       2.0785
 154.000       2.0784
 155.000       2.7583
 157.000       2.5160
 159.000       2.6151
 161.000       2.9674
 162.000       3.0097
 163.000       3.2988
 164.000       3.1834
 165.000       2.6019
 166.000       2.4795
 169.000       2.1941
 171.000       1.9896
 172.000       1.9390
 174.000       2.0027
 175.000       2.1727
 177.000       2.3038
 179.000       2.2488
 180.000       2.4397
 183.000       2.0936
 184.000       1.9751
 185.000       1.9451
 186.000       2.2578
 188.000       2.2465
 190.000       2.3210
 192.000       2.3072
 193.000       2.3740
 194.000       2.6009
 195.000       2.4233
 196.000       2.2082
 197.000       2.2136
 200.000       2.0626
 202.000       1.9274
 203.000       1.8014
 205.000       1.7161
 206.000       1.7781
 208.000       1.6878
 209.000       1.5595
 210.000       1.4615
 211.000       1.4560
 212.000       1.4260
 214.000       1.4685
 215.000       1.4875
 218.000       1.5464
 219.000       1.5881
 220.000       2.0629
 222.000       1.9166
 224.000       1.9478
 226.000       2.2096
 227.000       2.2788
 228.000       2.4861
 229.000       2.2646
 230.000       2.1809
 231.000       2.2851
 234.000       2.1979
 236.000       2.1952
 237.000       2.0246
 239.000       2.0140
 240.000       2.0535
 242.000       2.0846
 243.000       2.0750
 244.000       2.1716
 245.000       2.2627
 248.000       2.2611
 249.000       2.2483
 251.000       2.1411
 252.000       2.0494
 253.000       2.0331
 255.000       1.8768
 257.000       1.7763
 259.000       2.1071
 260.000       2.1546
 261.000       2.3277
 262.000       2.2941
 263.000       1.9405
 264.000       1.8685
 267.000       1.7224
 269.000       1.6691
 270.000       1.6029
 272.000       1.6259
 273.000       1.7550
 275.000       1.8428
 277.000       1.8053
 278.000       1.9612
 281.000       1.6927
 282.000       1.5950
 283.000       1.5614
 284.000       1.6954
 286.000       1.6943
 288.000       1.8329
 290.000       1.7307
 291.000       1.6307
 292.000       1.8122
 293.000       1.7437
 294.000       1.4203
 295.000       1.3696
 298.000       1.2624
 300.000       1.3221
 301.000       1.2791
 303.000       1.3041
 304.000       1.3386
 306.000       1.4033
 307.000       1.4217
 308.000       1.5420
 309.000       1.6578
 310.000       1.5679
 312.000       1.4983
 313.000       1.5694
 316.000       1.3993
 317.000       1.3620
 318.000       1.1552
 320.000       1.1876
 322.000       1.2724
 324.000       1.1624
 325.000       1.1578
 326.000       1.3119
 327.000       1.2008
 328.000       1.1275
 329.000       1.1852
 332.000       1.2048
 334.000       1.2315
 335.000       1.2796
 337.000       1.2798
 338.000       1.2218
 340.000       1.2993
 341.000       1.4154
 342.000       1.5857
 343.000       1.6784
 344.000       1.6980
 346.000       1.6620
 347.000       1.8060
 350.000       1.5234
 351.000       1.3994
 352.000       1.2343
 354.000       1.3195
 356.000       1.4530
 358.000       1.3488
 359.000       1.4734
 360.000       1.6809
 361.000       1.4526
 362.000       1.5280
 363.000       1.6605
 366.000       1.7585
 368.000       1.6904
 369.000       1.8093
 371.000       1.7364
 372.000       1.5809
 374.000       1.5595
 376.000       1.7149
 377.000       1.7551
 380.000       1.8723
 381.000       1.8832
 382.000       2.0663
 383.000       1.8747
 385.000       1.9614
 387.000       2.1625
 389.000       2.0876
 390.000       2.3059
 391.000       2.6002
 392.000       2.2877
 393.000       2.4059
 394.000       2.5942
 397.000       2.6257
 399.000       2.4949
 400.000       2.6161
 402.000       2.5006
 403.000       2.4267
 405.000       2.4217
 406.000       2.4984
 407.000       2.5903
 408.000       2.6238
 409.000       2.7207
 411.000       2.7694
 412.000       2.9421
 415.000       2.7010
 416.000       2.5524
 417.000       2.8466
 419.000       2.8928
 421.000       3.1028
 423.000       3.1161
 424.000       3.3508
 425.000       3.7826
 426.000       3.3830
 427.000       3.2630
 428.000       3.4291
 431.000       3.3799
 433.000       3.0841
 434.000       3.0704
 436.000       2.8693
 437.000       2.7984
 439.000       2.7698
 440.000       2.8222
 441.000       2.9758
 442.000       3.1059
 445.000       3.1429
 446.000       3.1464
 448.000       3.0414
 449.000       2.8753
 450.000       3.5448
 452.000       3.3285
 454.000       3.5127
 456.000       3.8041
 457.000       3.9039
 458.000       4.1969
 459.000       4.2307
 460.000       3.8286
 461.000       3.9314
 464.000       3.9435
 466.000       4.0744
 467.000       4.0498
 469.000       3.8928
 470.000       3.6540
 472.000       3.6693
 473.000       3.9526
 474.000       4.2181
 475.000       4.2251
 476.000       4.6103
 478.000       4.7323
 479.000       5.1932
 482.000       4.4968
 483.000       4.1009
 484.000       3.6370
 486.000       3.8623
 488.000       4.2263
 490.000       3.6392
 491.000       3.4030
 492.000       3.4951
 493.000       3.1412
 494.000       3.5370
 495.000       3.7990
 498.000       4.0106
 500.000       4.1552
 501.000       4.1861
 503.000       3.9267
 504.000       3.5856
 506.000       3.4557
 507.000       3.7454
 508.000       3.8751
 509.000       3.6905
 512.000       4.2800
 513.000       4.5373
 515.000       4.4458
 516.000       4.0428
 517.000       3.8651
 519.000       4.1266
 521.000       4.5303
 523.000       3.9500
 524.000       3.9177
 525.000       4.0176
 526.000       4.2922
 527.000       3.6877
 528.000       3.8774
 531.000       3.6319
 533.000       3.4639
 534.000       3.1901
 536.000       2.9857
 537.000       2.9735
 539.000       2.7663
 540.000       2.6167
 541.000       2.3701
 542.000       2.2266
 543.000       2.3182
 545.000       2.4805
 546.000       2.4399
 549.000       2.7042
 550.000       2.7584
 551.000       3.3778
 553.000       3.1694
 555.000       3.2963
 557.000       3.4887
 558.000       3.4301
 559.000       3.6286
 560.000       3.4299
 561.000       3.1973
 562.000       3.1890
 565.000       2.9649
 567.000       2.8260
 568.000       2.6087
 570.000       2.4922
 571.000       2.6080
 573.000       2.5039
 575.000       2.2593
 576.000       2.1592
 579.000       2.1505
 580.000       2.2675
 581.000       2.1974
 582.000       2.8488
 584.000       2.6329
 586.000       2.6590
 588.000       2.9587
 589.000       2.9646
 590.000       3.1378
 591.000       3.0491
 592.000       2.7254
 593.000       2.6617
 596.000       2.4286
 598.000       2.2881
 599.000       2.1125
 601.000       2.0887
 602.000       2.2531
 604.000       2.2356
 606.000       2.0363
 607.000       2.0305
 610.000       1.8850
 611.000       1.9111
 612.000       1.8084
 613.000       2.3943
 615.000       2.1666
 617.000       2.1207
 619.000       2.5074
 620.000       2.6028
 621.000       2.7672
 622.000       2.7456
 623.000       2.3929
 624.000       2.3062
 627.000       2.1334
 629.000       1.9814
 630.000       1.9095
 632.000       1.9406
 633.000       2.1070
 635.000       2.1423
 636.000       1.9760
 637.000       1.9480
 638.000       2.0965
 641.000       1.8238
 642.000       1.7285
 644.000       1.7395
 645.000       1.8576
 646.000       2.2045
 648.000       2.0570
 650.000       2.0398
 652.000       2.3156
 653.000       2.4631
 654.000       2.6325
 655.000       2.6231
 656.000       2.3065
 657.000       2.2173
 660.000       2.1176
 662.000       2.0234
 663.000       2.0665
 665.000       2.0422
 666.000       2.1994
 668.000       2.1799
 669.000       1.9896
 670.000       1.9244
 671.000       2.0099
 672.000       1.8083
 674.000       1.7604
 675.000       1.7356
 678.000       1.8087
 679.000       1.9154
 680.000       2.2237
 682.000       2.2304
 684.000       2.3565
 686.000       2.2497
 687.000       2.2984
 688.000       2.3949
 689.000       2.4478
 690.000       2.1344
 691.000       2.0227
 694.000       1.9225
 696.000       1.8277
 697.000       1.8987
 699.000       1.8783
 700.000       2.0957
 702.000       2.0711
 703.000       1.9442
 704.000       2.2269
 705.000       2.1921
 706.000       2.9280
 708.000       3.2483
 709.000       4.1810
 712.000       2.7814
 713.000       2.0884
 714.000       2.0609
 716.000       2.0731
 718.000       2.1987
 720.000       2.0513
 721.000       2.0807
 722.000       2.1613
 723.000       2.2558
 724.000       1.8869
 725.000       1.9629
 728.000       1.9542
 730.000       1.9777
 731.000       1.7824
 733.000       1.7203
 734.000       1.9280
 736.000       1.9316
 737.000       1.6634
 738.000       1.5790
 739.000       1.7374
 742.000       1.4497
 743.000       1.4396
 745.000       1.4864
 746.000       1.5651
 747.000       1.7837
 749.000       1.7262
 751.000       1.8735
 753.000       1.9029
 754.000       1.8485
 755.000       2.0376
 756.000       1.8640
 757.000       1.6808
 758.000       1.5966
 761.000       1.4948
 763.000       1.4074
 764.000       1.3736
 766.000       1.3679
 767.000       1.5299
 769.000       1.5752
 770.000       1.4131
 771.000       1.4272
 772.000       1.6194
 775.000       1.3196
 776.000       1.2037
 778.000       1.1895
 779.000       1.2854
 780.000       1.5587
 782.000       1.5710
 784.000       1.7425
 786.000       1.6222
 787.000       1.6996
 788.000       1.8259
 789.000       1.8169
 790.000       1.5755
 791.000       1.5253
 794.000       1.4168
 796.000       1.3614
 797.000       1.2874
 799.000       1.3585
 800.000       1.5900
 802.000       1.7631
 804.000       1.7148
 805.000       1.9688
 808.000       1.5076
 809.000       1.3114
 810.000       1.2244
 811.000       1.4359
 813.000       1.4033
 815.000       1.4461
 817.000       1.4828
 818.000       1.5515
 819.000       1.6507
 820.000       1.6535
 821.000       1.5104
 822.000       1.5190
 825.000       1.5090
 827.000       1.4441
 828.000       1.4617
 830.000       1.4197
 831.000       1.4094
 833.000       1.4155
 834.000       1.4373
 835.000       1.5177
 836.000       1.5662
 837.000       1.6215
 839.000       1.6489
 840.000       1.8168
 843.000       1.5643
 844.000       1.4556
 845.000       1.5954
 847.000       1.6075
 849.000       1.7733
 851.000       1.6390
 852.000       1.6682
 853.000       1.8755
 854.000       1.6766
 855.000       1.6330
 856.000       1.5796
 859.000       1.5785
 861.000       1.7108
 862.000       1.6684
 864.000       1.5739
 865.000       1.5909
 867.000       1.5805
 868.000       1.5289
 869.000       1.5449
 870.000       1.6003
 873.000       1.5850
 874.000       1.6254
 876.000       1.6136
 877.000       1.5461
 878.000       1.5088
 880.000       1.6586
 882.000       1.8442
 884.000       1.5430
 885.000       1.7154
 886.000       2.1510
 887.000       2.1721
 888.000       1.5233
 889.000       1.1782
 892.000       1.1240
 894.000       1.1681
 895.000       1.1858
 897.000       1.2566
 898.000       1.3563
 900.000       1.4891
 901.000       1.4755
 902.000       1.6446
 903.000       1.8346
 906.000       1.6988
 907.000       1.5993
 909.000       1.4310
 910.000       1.3563
 911.000       1.1200
 913.000       1.1525
 915.000       1.2322
 917.000       1.2075
 918.000       1.3274
 919.000       1.4062
 920.000       1.5156
 921.000       1.3005
 922.000       1.3388
 925.000       1.3705
 927.000       1.3374
 928.000       1.4333
 930.000       1.3883
 931.000       1.2965
 933.000       1.2926
 934.000       1.3987
 935.000       1.4933
 936.000       1.4819
 937.000       1.6630
 939.000       1.7306
 940.000       1.9317
 943.000       1.6423
 944.000       1.4713
 945.000       1.4818
 947.000       1.5507
 949.000       1.6788
 951.000       1.6221
 952.000       1.8122
 953.000       1.9951
 954.000       1.8234
 955.000       1.8873
 956.000       2.0048
 959.000       2.1061
 961.000       2.0108
 962.000       2.1167
 964.000       1.9918
 965.000       1.8712
 967.000       1.8164
 968.000       1.9058
 969.000       1.9375
 970.000       1.8839
 971.000       2.0898
 973.000       2.1990
 974.000       2.3678
 977.000       2.1755
 978.000       2.0211
 979.000       2.2471
 981.000       2.3134
 983.000       2.5095
 985.000       2.4477
 986.000       2.6001
 987.000       2.8598
 988.000       2.5272
 989.000       2.6513
 990.000       2.8728
 993.000       2.9199
 995.000       2.7367
 996.000       2.7452
 998.000       2.5256
 999.000       2.3949
1001.000       2.3025
1002.000       2.3696
1003.000       2.4142
1004.000       2.3976
1007.000       2.5710
1008.000       2.6881
1010.000       2.6821
1011.000       2.5081
1012.000       2.9835
1014.000       2.9731
1016.000       3.2394
1018.000       3.2570
1019.000       3.4108
1020.000       3.6874
1021.000       3.3243
1022.000       3.4338
1023.000       3.6188
1026.000       3.6237
1028.000       3.4073
1029.000       3.4103
1031.000       3.2065
1032.000       3.0988
1034.000       2.9706
1036.000       2.9434
1037.000       2.8845
1040.000       3.0427
1041.000       3.1775
1042.000       3.3217
1043.000       3.7312
1045.000       3.6787
1047.000       3.9075
1049.000       4.0166
1050.000       4.2056
1051.000       4.5107
1052.000       4.1265
1053.000       4.1916
1054.000       4.3594
1057.000       4.3364
1059.000       4.0575
1060.000       4.0131
1062.000       3.7748
1063.000       3.7096
1065.000       3.5287
1067.000       3.4267
1068.000       3.3117
1071.000       3.4902
1072.000       3.6581
1073.000       3.7427
1074.000       4.4581
1076.000       4.3025
1078.000       4.5390
1080.000       4.8114
