   2.000       6.4290
   3.000       6.3001
   6.000       5.5057
   8.000       5.1701
   9.000       4.6559
  11.000       4.6242
  12.000       5.0175
  14.000       5.3658
  16.000       5.3777
  17.000       6.0253
  20.000       5.0841
  21.000       4.6589
  22.000       4.7008
  23.000       5.0335
  25.000       4.5681
  27.000       4.7054
  29.000       5.2965
  30.000       5.2702
  31.000       5.8115
  32.000       5.6164
  33.000       4.5307
  34.000       4.4027
  37.000       4.0140
  39.000       3.8986
  40.000       3.9111
  42.000       4.0334
  43.000       4.1969
  45.000       4.6036
  47.000       4.8713
  48.000       5.4134
  49.000       4.7607
  51.000       4.3859
  52.000       4.6560
  53.000       4.0078
  55.000       3.9867
  57.000       4.3307
  59.000       4.2896
  60.000       4.3281
  61.000       4.8466
  62.000       4.4879
  63.000       4.1154
  64.000       4.4479
  67.000       4.6374
  69.000       4.6017
  70.000       4.8836
  72.000       4.8142
  73.000       4.5285
  75.000       4.8270
  77.000       5.3906
  78.000       5.8889
  79.000       5.6246
  81.000       5.4078
  82.000       5.9693
  83.000       4.7144
  85.000       4.9946
  87.000       5.6090
  89.000       5.2102
  90.000       5.3223
  91.000       5.8290
  92.000       5.1470
  93.000       5.3995
  94.000       5.8381
  97.000       6.0266
  99.000       5.9801
 100.000       5.9980
 102.000       5.5950
 103.000       5.2677
 105.000       5.0795
 106.000       5.3264
 107.000       5.4610
 108.000       5.3508
 109.000       5.9235
 111.000       6.2104
 112.000       6.7369
 115.000       6.0986
 116.000       5.6528
 117.000       5.9099
 119.000       6.0995
 121.000       6.6873
 123.000       6.2737
 124.000       6.1195
 125.000       6.7138
 126.000       5.6133
 127.000       6.0365
 128.000       6.5933
 131.000       6.5558
 133.000       6.3064
 134.000       6.0897
 136.000       5.4734
 137.000       5.0793
 139.000       4.6109
 141.000       4.5730
 142.000       4.2695
 145.000       4.9893
 146.000       5.4280
 147.000       5.8892
 148.000       6.2178
 150.000       6.1748
 152.000       6.7918
 154.000       6.6307
 155.000       6.3791
 156.000       7.0149
 157.000       6.0447
 158.000       5.8982
 159.000       6.2279
 162.000       5.7898
 164.000       5.4481
 165.000       4.8758
 167.000       4.3022
 168.000       4.2422
 170.000       3.8244
 172.000       3.3804
 173.000       3.0981
 174.000       3.4925
 176.000       3.9577
 177.000       4.1830
 178.000       5.3012
 180.000       4.8340
 182.000       5.1352
 184.000       5.6603
 185.000       5.4088
 186.000       5.9962
 187.000       4.9948
 188.000       5.1176
 189.000       5.5460
 192.000       5.3142
 194.000       5.0326
 195.000       4.5524
 197.000       4.0286
 198.000       3.8480
 200.000       3.4886
 201.000       3.3740
 202.000       3.0997
 203.000       2.8895
 204.000       3.2759
 206.000       3.6939
 207.000       3.9852
 210.000       3.9431
 211.000       3.7454
 212.000       4.9719
 214.000       4.6377
 216.000       5.0261
 218.000       5.3733
 219.000       5.3023
 220.000       5.8905
 221.000       4.9606
 222.000       5.2193
 223.000       5.1751
 226.000       5.4100
 228.000       5.7957
 229.000       6.0975
 231.000       6.3293
 232.000       6.3740
 234.000       6.7839
 235.000       7.0869
 236.000       7.8034
 237.000       8.2578
 240.000       8.2592
 241.000       7.9909
 243.000       7.2885
 244.000       6.8471
 245.000       5.4667
 247.000       5.9231
 249.000       6.4017
 251.000       5.5512
 252.000       5.4381
 253.000       5.8325
 254.000       5.4634
 255.000       5.0584
 256.000       5.2125
 259.000       4.8390
 261.000       4.5427
 262.000       4.1313
 264.000       3.8581
 265.000       4.0435
 267.000       3.8768
 268.000       3.5605
 269.000       3.4673
 270.000       3.6423
 271.000       3.3541
 273.000       3.2963
 274.000       3.3433
 277.000       3.3905
 278.000       3.5306
 279.000       4.5889
 281.000       4.2736
 283.000       4.5201
 285.000       4.8743
 286.000       4.8924
 287.000       5.3691
 288.000       4.9607
 289.000       4.3908
 290.000       4.3634
 293.000       3.9517
 295.000       3.5755
 296.000       3.3237
 298.000       3.2475
 299.000       3.4225
 301.000       3.4064
 302.000       3.2066
 303.000       3.2417
 304.000       3.4101
 305.000       3.2440
 307.000       3.2043
 308.000       3.4073
 311.000       3.1321
 312.000       3.1306
 313.000       3.9596
 315.000       3.5737
 317.000       3.6214
 319.000       4.3214
 320.000       4.5927
 321.000       5.0504
 322.000       4.6957
 323.000       4.3194
 324.000       4.3958
 327.000       4.2418
 329.000       3.8503
 330.000       3.8030
 332.000       3.5886
 333.000       3.5738
 335.000       3.5613
 337.000       3.5332
 338.000       3.6578
 339.000       3.5254
 341.000       3.5717
 342.000       3.7341
 343.000       4.3886
 345.000       4.1802
 347.000       4.4464
 349.000       4.8435
 350.000       5.0487
 351.000       5.6704
 352.000       5.0831
 353.000       4.5952
 354.000       4.6989
 357.000       4.2863
 359.000       3.8388
 360.000       3.5364
 362.000       3.3197
 363.000       3.5433
 365.000       3.4816
 366.000       3.2068
 367.000       3.2921
 368.000       3.5933
 369.000       3.2621
 371.000       3.1307
 372.000       3.3548
 375.000       3.0521
 376.000       3.0953
 377.000       4.2213
 379.000       3.7749
 381.000       3.9363
 383.000       4.6186
 384.000       4.8121
 385.000       5.3466
 386.000       4.9195
 387.000       4.4277
 388.000       4.4045
 391.000       4.1458
 393.000       3.8497
 394.000       3.9307
 396.000       3.7936
 397.000       3.8273
 399.000       3.8496
 401.000       3.8856
 402.000       4.0891
 405.000       3.9319
 406.000       3.8636
 407.000       4.0598
 408.000       4.3811
 410.000       4.2587
 412.000       4.5707
 414.000       4.3776
 415.000       4.7422
 416.000       5.0319
 417.000       5.2992
 418.000       4.3626
 419.000       4.5113
 422.000       4.3074
 424.000       4.4399
 425.000       4.1809
 427.000       4.0563
 428.000       4.2336
 430.000       4.2108
 431.000       4.0141
 432.000       4.0440
 433.000       4.2250
 436.000       4.0519
 437.000       3.9959
 439.000       3.9323
 440.000       3.9408
 441.000       3.8569
 443.000       3.8889
 445.000       4.1340
 447.000       3.8375
 448.000       3.5483
 449.000       3.6987
 450.000       3.6531
 451.000       3.2327
 452.000       3.2746
 455.000       3.1837
 457.000       3.2127
 458.000       3.1484
 460.000       3.0935
 461.000       3.1200
 463.000       3.2887
 465.000       3.3693
 466.000       3.6285
 469.000       3.3482
 470.000       3.2364
 471.000       3.4173
 472.000       3.0537
 474.000       3.1345
 476.000       3.4334
 478.000       3.2167
 479.000       3.2676
 480.000       3.6291
 481.000       3.2833
 482.000       3.1681
 483.000       3.3551
 486.000       3.3546
 488.000       3.2480
 489.000       3.1988
 491.000       3.0447
 492.000       2.9742
 494.000       3.0371
 495.000       3.1612
 496.000       3.4757
 497.000       3.6698
 500.000       3.7810
 501.000       3.7714
 503.000       3.5017
 504.000       3.1844
 505.000       3.3327
 507.000       3.3049
 509.000       3.5948
 511.000       3.6192
 512.000       3.7062
 513.000       4.1439
 514.000       3.6282
 515.000       3.5916
 516.000       3.8281
 519.000       3.7907
 521.000       3.6634
 522.000       3.6380
 524.000       3.4516
 525.000       3.2673
 527.000       3.2722
 529.000       3.5137
 530.000       3.7216
 533.000       3.7669
 534.000       3.7194
 535.000       4.1077
 536.000       3.7272
 538.000       3.7110
 540.000       4.0628
 542.000       3.9887
 543.000       4.0333
 544.000       4.2918
 545.000       4.0707
 546.000       3.9909
 547.000       4.0879
 550.000       4.1396
 552.000       4.2230
 553.000       4.3388
 555.000       4.3673
 556.000       4.2578
 558.000       4.4384
 559.000       4.7381
 560.000       5.2180
 561.000       5.4028
 564.000       5.6735
 565.000       5.6290
 567.000       5.1669
 568.000       4.7247
 569.000       4.1525
 571.000       4.3193
 573.000       4.4970
 575.000       4.2480
 576.000       4.2585
 577.000       4.4155
 578.000       4.3232
 579.000       4.2933
 580.000       4.4132
 583.000       4.5982
 585.000       4.7522
 586.000       5.0099
 588.000       5.0782
 589.000       5.1004
 591.000       5.3015
 592.000       5.4249
 593.000       5.7703
 594.000       5.9763
 595.000       6.0166
 597.000       5.9590
 598.000       6.3849
 601.000       5.6077
 602.000       5.3310
 603.000       4.6871
 605.000       5.0188
 607.000       5.2531
 609.000       4.7059
 610.000       4.7735
 611.000       4.9940
 612.000       4.7470
 613.000       4.9129
 614.000       5.1935
 617.000       5.4664
 619.000       5.5038
 620.000       5.7291
 622.000       5.6180
 623.000       5.3605
 625.000       5.3953
 627.000       5.7060
 628.000       5.8737
 631.000       5.9903
 632.000       5.9469
 633.000       6.3340
 634.000       5.5302
 636.000       5.8003
 638.000       6.2167
 640.000       5.7812
 641.000       5.8626
 642.000       6.2623
 643.000       5.6639
 644.000       5.9728
 645.000       6.3861
 648.000       6.5932
 650.000       6.4387
 651.000       6.4753
 653.000       6.1279
 654.000       5.8990
 656.000       5.7519
 657.000       5.8835
 658.000       5.9838
 659.000       5.9048
 662.000       6.3450
 663.000       6.5947
 665.000       6.5227
 666.000       6.1422
 667.000       6.6326
 669.000       6.6534
 671.000       7.0960
 673.000       7.1328
 674.000       7.3962
 675.000       8.0241
 676.000       7.3387
 677.000       7.2917
 678.000       7.5479
 681.000       7.5969
 683.000       7.2783
 684.000       7.4197
 686.000       7.3040
 687.000       7.3930
 689.000       7.5942
 690.000       7.6301
 691.000       8.0929
 692.000       8.5876
 695.000       8.3300
 696.000       8.1046
 698.000       7.6958
 699.000       7.4493
 700.000       7.9081
 702.000       7.8630
 704.000       8.2858
 706.000       8.5754
 707.000       9.2441
 708.000      10.0255
 709.000       9.1845
 710.000       9.3895
 711.000       9.8440
 714.000      10.0962
 716.000       9.5473
 717.000       9.8122
 719.000       9.3556
 720.000       9.2583
 722.000       9.0530
 723.000       9.0258
 724.000       9.1123
 725.000       9.1841
 726.000       9.3955
 728.000       9.5591
 729.000      10.0387
 732.000       9.4870
 733.000       9.2142
 734.000      10.6651
 736.000      10.5948
 738.000      11.2207
 740.000      11.4959
