   2.000       1.4429
   3.000       1.5328
   6.000       1.2095
   8.000       1.2476
   9.000       1.1697
  11.000       1.0544
  12.000       1.1024
  14.000       1.1311
  15.000       1.1040
  16.000       1.2519
  17.000       1.4122
  18.000       1.3239
  20.000       1.2783
  21.000       1.4677
  24.000       1.1586
  25.000       1.0604
  26.000       0.9919
  28.000       1.1272
  30.000       1.4983
  32.000       1.0724
  33.000       1.0846
  34.000       1.2721
  35.000       1.1399
  36.000       0.9944
  37.000       1.1377
  40.000       1.1109
  42.000       1.0993
  43.000       1.0339
  45.000       0.9649
  46.000       1.0118
  48.000       1.1202
  50.000       1.2583
  51.000       1.5328
  54.000       1.2996
  55.000       1.1273
  56.000       1.2984
  57.000       1.0384
  59.000       1.0040
  61.000       1.2030
  63.000       1.0899
  64.000       1.1740
  65.000       1.3596
  66.000       1.1748
  67.000       1.1947
  68.000       1.2719
  71.000       1.2888
  73.000       1.2312
  74.000       1.2402
  76.000       1.2095
  77.000       1.1938
  79.000       1.2078
  80.000       1.2210
  81.000       1.2668
  82.000       1.3083
  85.000       1.3269
  86.000       1.3421
  88.000       1.3022
  89.000       1.2331
  90.000       1.3325
  92.000       1.3270
  94.000       1.4320
  96.000       1.4774
  97.000       1.5866
  98.000       1.8367
  99.000       1.5643
 100.000       1.5367
 101.000       1.6441
 104.000       1.6127
 106.000       1.5159
 107.000       1.4669
 109.000       1.3336
 110.000       1.2639
 112.000       1.1956
 113.000       1.2225
 114.000       1.2433
 115.000       1.2290
 118.000       1.3540
 119.000       1.4344
 121.000       1.4254
 122.000       1.3140
 123.000       1.5818
 125.000       1.5479
 127.000       1.7089
 129.000       1.7283
 130.000       1.7680
 131.000       1.9510
 132.000       1.7792
 133.000       1.6689
 134.000       1.6302
 137.000       1.5582
 139.000       1.4770
 140.000       1.4021
 142.000       1.3282
 143.000       1.3412
 145.000       1.2813
 146.000       1.2180
 147.000       1.1616
 148.000       1.1567
 149.000       1.1517
 151.000       1.1941
 152.000       1.2156
 155.000       1.2472
 156.000       1.2542
 157.000       1.5298
 159.000       1.4522
 161.000       1.5232
 163.000       1.6314
 164.000       1.6551
 165.000       1.8112
 166.000       1.6744
 167.000       1.5472
 168.000       1.5576
 171.000       1.4692
 173.000       1.4043
 174.000       1.3499
 176.000       1.3148
 177.000       1.3200
 179.000       1.2909
 180.000       1.2641
 181.000       1.2523
 182.000       1.2666
 183.000       1.2620
 185.000       1.2791
 186.000       1.3074
 189.000       1.2956
 190.000       1.2815
 191.000       1.4478
 193.000       1.3838
 195.000       1.4293
 197.000       1.5081
 198.000       1.5509
 199.000       1.6705
 200.000       1.6122
 201.000       1.4886
 202.000       1.4971
 205.000       1.4442
 207.000       1.4069
 208.000       1.3698
 210.000       1.3300
 211.000       1.3604
 213.000       1.3379
 215.000       1.2862
 216.000       1.3002
 217.000       1.2703
 219.000       1.2893
 220.000       1.3117
 221.000       1.4325
 223.000       1.4074
 225.000       1.4683
 227.000       1.4915
 228.000       1.5015
 229.000       1.6347
 230.000       1.5405
 231.000       1.4181
 232.000       1.4483
 235.000       1.4026
 237.000       1.3721
 238.000       1.3370
 240.000       1.2743
 241.000       1.2938
 243.000       1.2495
 244.000       1.2025
 245.000       1.1914
 246.000       1.2194
 249.000       1.2069
 250.000       1.2333
 252.000       1.2456
 253.000       1.2246
 254.000       1.3677
 256.000       1.3689
 258.000       1.4846
 260.000       1.4372
 261.000       1.4539
 262.000       1.5982
 263.000       1.4970
 264.000       1.4470
 265.000       1.5617
 268.000       1.5232
 270.000       1.4744
 271.000       1.4247
 273.000       1.3288
 274.000       1.3458
 276.000       1.3006
 278.000       1.2449
 279.000       1.2572
 282.000       1.2504
 283.000       1.2878
 284.000       1.3425
 285.000       1.4812
 287.000       1.4756
 289.000       1.6248
 291.000       1.5777
 292.000       1.6862
 293.000       1.7888
 294.000       1.8916
 295.000       1.8191
 296.000       1.9929
 299.000       1.9076
 301.000       1.8846
 302.000       1.7491
 304.000       1.5949
 305.000       1.5950
 307.000       1.4874
 308.000       1.4145
 309.000       1.3557
 310.000       1.3555
 311.000       1.3804
 313.000       1.4442
 314.000       1.5032
 317.000       1.5042
 318.000       1.4840
 319.000       1.7541
 321.000       1.7323
 323.000       1.9049
 325.000       1.8473
 326.000       1.7763
 327.000       1.9952
 328.000       1.7101
 329.000       1.6634
 330.000       1.7983
 333.000       1.7068
 335.000       1.6041
 336.000       1.4957
 338.000       1.3373
 339.000       1.3018
 341.000       1.2220
 342.000       1.2071
 343.000       1.2298
 344.000       1.2655
 345.000       1.3048
 347.000       1.3478
 348.000       1.4657
 351.000       1.3465
 352.000       1.2743
 353.000       1.6285
 355.000       1.5754
 357.000       1.7664
 359.000       1.8141
 360.000       1.8568
 361.000       2.1285
 362.000       1.8037
 363.000       1.7780
 364.000       1.9139
 367.000       1.8769
 369.000       1.7157
 370.000       1.6922
 372.000       1.5385
 373.000       1.4587
 375.000       1.3812
 377.000       1.4061
 378.000       1.4240
 381.000       1.5019
 382.000       1.5599
 383.000       1.6997
 384.000       1.9087
 386.000       1.8724
 388.000       2.0732
 390.000       2.1425
 391.000       2.2587
 392.000       2.5364
 393.000       2.2033
 394.000       2.2159
 395.000       2.3707
 398.000       2.3671
 400.000       2.1873
 401.000       2.1812
 403.000       1.9820
 404.000       1.8851
 406.000       1.7932
 407.000       1.8304
 408.000       1.8535
 409.000       1.8397
 410.000       1.9876
 412.000       2.0819
 413.000       2.2434
 416.000       2.0703
 417.000       1.9431
 418.000       2.4207
 420.000       2.3916
 422.000       2.6167
 424.000       2.6786
 425.000       2.7858
 426.000       3.0989
 427.000       2.6861
 428.000       2.7763
 429.000       2.8705
 432.000       2.9268
 434.000       3.1425
 435.000       3.1784
 437.000       3.2087
 438.000       3.2098
 440.000       3.3354
 441.000       3.4222
 442.000       3.6323
 443.000       3.7790
 446.000       3.7749
 447.000       3.7133
 449.000       3.5111
 450.000       3.3611
 451.000       2.7749
 453.000       2.9995
 455.000       3.1435
 457.000       2.6853
 458.000       2.4887
 459.000       2.5512
 460.000       2.3562
 461.000       2.5499
 462.000       2.7337
 465.000       2.8604
 467.000       2.9436
 468.000       2.9728
 470.000       2.8550
 471.000       2.6744
 473.000       2.6883
 474.000       2.8793
 475.000       3.0477
 476.000       3.0598
 479.000       3.2721
 480.000       3.3357
 482.000       3.2148
 483.000       2.9798
 484.000       2.7568
 486.000       2.9259
 488.000       3.1891
 490.000       2.8233
 491.000       2.7329
 492.000       2.8935
 493.000       2.5120
 494.000       2.8378
 495.000       3.0831
 498.000       3.2084
 500.000       3.2093
 501.000       3.2278
 503.000       3.0199
 504.000       2.7876
 506.000       2.6859
 507.000       2.8865
 508.000       2.9936
 509.000       2.9069
 512.000       3.2583
 513.000       3.4105
 515.000       3.3497
 516.000       3.0854
 517.000       3.1267
 519.000       3.2587
 521.000       3.5563
 523.000       3.2768
 524.000       3.1700
 525.000       3.4645
 526.000       3.1470
 527.000       2.9818
 528.000       3.0603
 531.000       2.8835
 533.000       2.7742
 534.000       2.5445
 536.000       2.3403
 537.000       2.3624
 539.000       2.1787
 540.000       2.0112
 541.000       1.8056
 542.000       1.7156
 543.000       1.7632
 545.000       1.9013
 546.000       1.9030
 549.000       2.0830
 550.000       2.1253
 551.000       2.6857
 553.000       2.5378
 555.000       2.6826
 557.000       2.8078
 558.000       2.7165
 559.000       2.9493
 560.000       2.6852
 561.000       2.4783
 562.000       2.5216
 565.000       2.3178
 567.000       2.1940
 568.000       1.9928
 570.000       1.8488
 571.000       1.9324
 573.000       1.8397
 575.000       1.6360
 576.000       1.5783
 579.000       1.5634
 580.000       1.6736
 581.000       1.6707
 582.000       2.1758
 584.000       2.0077
 586.000       2.1049
 588.000       2.2927
 589.000       2.2692
 590.000       2.4604
 591.000       2.3200
 592.000       2.0636
 593.000       2.0703
 596.000       1.9149
 598.000       1.8074
 599.000       1.6947
 601.000       1.6096
 602.000       1.6873
 604.000       1.6587
 606.000       1.5332
 607.000       1.5438
 610.000       1.4701
 611.000       1.5147
 612.000       1.5366
 613.000       1.8554
 615.000       1.7564
 617.000       1.8545
 619.000       1.9675
 620.000       1.9940
 621.000       2.1837
 622.000       2.0352
 623.000       1.8528
 624.000       1.8796
 627.000       1.7638
 629.000       1.6739
 630.000       1.5868
 632.000       1.5065
 633.000       1.5521
 635.000       1.4754
 636.000       1.3716
 637.000       1.2979
 638.000       1.2964
 639.000       1.2762
 641.000       1.3205
 642.000       1.3476
 645.000       1.3847
 646.000       1.4050
 647.000       1.7101
 649.000       1.6327
 651.000       1.7189
 653.000       1.8036
 654.000       1.7933
 655.000       1.9647
 656.000       1.8360
 657.000       1.6350
 658.000       1.6420
 661.000       1.5160
 663.000       1.4724
 664.000       1.3750
 666.000       1.3199
 667.000       1.3729
 669.000       1.3515
 671.000       1.2742
 672.000       1.2943
 673.000       1.2403
 675.000       1.2624
 676.000       1.2872
 677.000       1.4290
 679.000       1.3716
 681.000       1.4582
 683.000       1.4717
 684.000       1.4423
 685.000       1.5502
 686.000       1.5278
 687.000       1.3088
 688.000       1.2944
 691.000       1.2322
 693.000       1.2305
 694.000       1.1943
 696.000       1.1704
 697.000       1.2147
 699.000       1.2289
 700.000       1.1791
 701.000       1.2079
 702.000       1.2679
 705.000       1.2411
 706.000       1.2464
 708.000       1.2088
 709.000       1.1645
 710.000       1.2139
 712.000       1.2169
 714.000       1.3249
 716.000       1.2779
 717.000       1.4824
 718.000       1.7832
 719.000       2.0062
 720.000       1.3228
 721.000       1.0764
 724.000       1.0571
 726.000       1.0871
 727.000       1.0715
 729.000       0.9999
 730.000       0.9762
 732.000       0.9453
 733.000       0.9394
 734.000       0.9508
 735.000       0.9735
 736.000       0.9989
 738.000       1.0379
 739.000       1.1226
 742.000       1.0424
 743.000       0.9846
 744.000       1.0195
 746.000       1.1120
 748.000       1.2938
 750.000       1.1029
 751.000       1.0962
 752.000       1.2772
 753.000       1.0493
 754.000       1.0640
 755.000       1.1671
 758.000       1.1298
 760.000       1.0884
 761.000       1.0269
 763.000       0.9148
 764.000       0.8678
 766.000       0.7969
 767.000       0.7977
 768.000       0.7930
 769.000       0.7883
 770.000       0.8689
 772.000       0.9347
 773.000       1.0335
 776.000       0.9466
 777.000       0.8748
 778.000       1.0706
 780.000       1.0539
 782.000       1.1843
 784.000       1.1660
 785.000       1.1731
 786.000       1.3397
 787.000       1.1660
 788.000       1.1069
 789.000       1.1608
 792.000       1.1101
 794.000       1.0642
 795.000       1.0090
 797.000       0.9138
 798.000       0.8798
 800.000       0.8126
 801.000       0.8100
 802.000       0.8032
 803.000       0.7951
 804.000       0.8734
 806.000       0.9372
 807.000       1.0329
 810.000       0.9452
 811.000       0.8782
 812.000       1.0671
 814.000       1.0483
 816.000       1.1700
 818.000       1.1683
 819.000       1.1982
 820.000       1.3702
 821.000       1.2258
 822.000       1.1173
 823.000       1.1709
 826.000       1.1247
 828.000       1.0718
 829.000       1.0321
 831.000       0.9389
 832.000       0.8994
 834.000       0.8400
 835.000       0.8409
 836.000       0.8377
 837.000       0.8327
 838.000       0.9156
 840.000       0.9876
 841.000       1.0983
 844.000       0.9939
 845.000       0.9144
 846.000       1.1061
 848.000       1.0876
 850.000       1.2189
 852.000       1.2262
 853.000       1.2982
 854.000       1.5302
 855.000       1.3565
 856.000       1.2189
 857.000       1.2978
 860.000       1.2975
 862.000       1.2174
 863.000       1.2400
 865.000       1.1447
 866.000       1.0706
 868.000       1.1101
 870.000       1.2189
 871.000       1.3697
 874.000       1.2928
 875.000       1.2591
 876.000       1.4264
 877.000       1.3136
 879.000       1.3572
 881.000       1.5671
 883.000       1.4732
 884.000       1.5519
 885.000       1.8059
 886.000       1.6107
 887.000       1.4828
 888.000       1.5762
 891.000       1.5571
 893.000       1.4582
 894.000       1.4629
 896.000       1.3802
 897.000       1.3524
 899.000       1.3812
 901.000       1.4459
 902.000       1.5690
 903.000       1.4790
 905.000       1.4557
 906.000       1.5968
 907.000       1.5788
 909.000       1.5896
 911.000       1.7732
 913.000       1.7375
 914.000       1.8202
 915.000       2.0162
 916.000       1.8502
 917.000       1.7541
 918.000       1.8147
 921.000       1.7849
 923.000       1.6656
 924.000       1.6622
 926.000       1.5583
 927.000       1.5662
 929.000       1.5257
 931.000       1.4778
 932.000       1.4985
 933.000       1.4782
 935.000       1.5128
 936.000       1.5560
 937.000       1.8452
 939.000       1.8156
 941.000       1.9557
 943.000       2.0035
 944.000       2.1238
 945.000       2.2982
 946.000       2.1172
 947.000       2.1137
 948.000       2.2010
 951.000       2.2207
 953.000       2.3161
 954.000       2.2534
 956.000       2.1884
 957.000       2.1971
 959.000       2.1691
 960.000       2.1353
 961.000       2.1218
 962.000       2.1328
 963.000       2.1303
 965.000       2.1592
 966.000       2.2012
 969.000       2.1749
 970.000       2.1559
 971.000       2.0816
 973.000       2.1498
 975.000       2.2675
 977.000       2.0654
 978.000       1.9177
 979.000       1.9804
 980.000       1.8863
 981.000       1.8433
 982.000       1.9052
 985.000       1.8751
 987.000       1.9311
 988.000       1.8605
 990.000       1.7962
 991.000       1.7816
 993.000       1.7587
 994.000       1.7411
 995.000       1.7341
 996.000       1.7441
 999.000       1.7567
1000.000       1.7968
1002.000       1.8113
1003.000       1.7720
1004.000       1.7275
1006.000       1.7762
1008.000       1.8928
1010.000       1.7049
1011.000       1.5738
1012.000       1.6291
1013.000       1.5488
1014.000       1.5265
1015.000       1.6170
1018.000       1.5222
1020.000       1.5697
1021.000       1.4514
1023.000       1.4042
1024.000       1.4316
1026.000       1.4058
1027.000       1.3463
1028.000       1.3233
1029.000       1.3694
1030.000       1.2904
1032.000       1.2894
1033.000       1.2957
1036.000       1.3215
1037.000       1.3429
1038.000       1.3747
1040.000       1.3491
1042.000       1.4066
1044.000       1.3486
1045.000       1.2780
1046.000       1.3387
1047.000       1.3565
1048.000       1.1660
1049.000       1.1425
1052.000       1.0702
1054.000       1.1001
1055.000       1.0429
1057.000       1.0618
1058.000       1.1198
1060.000       1.1688
1061.000       1.1376
1062.000       1.2069
1063.000       1.3145
1066.000       1.2265
1067.000       1.1741
1069.000       1.1031
1070.000       1.0801
1071.000       1.0051
1073.000       0.9879
1075.000       1.0291
1077.000       1.0283
1078.000       0.9927
1079.000       1.1499
1080.000       1.0193
1081.000       0.9197
1082.000       0.9854
1085.000       1.0047
1087.000       1.0304
1088.000       1.0663
1090.000       1.0049
1091.000       0.9274
1093.000       0.9637
1094.000       1.0722
1095.000       1.2321
1096.000       1.3024
1099.000       1.3917
1100.000       1.4045
1102.000       1.2835
1103.000       1.1076
1104.000       0.9785
1106.000       1.0790
1108.000       1.2508
1110.000       1.0787
1111.000       1.0893
1112.000       1.2950
1113.000       1.0580
1114.000       1.0862
1115.000       1.2276
1118.000       1.2789
1120.000       1.2597
1121.000       1.2951
1123.000       1.1724
1124.000       1.0278
1126.000       0.9863
1128.000       1.0935
1129.000       1.1353
1132.000       1.2389
1133.000       1.2826
1134.000       1.4799
1135.000       1.2659
1137.000       1.3564
1139.000       1.5762
1141.000       1.4111
1142.000       1.4272
1143.000       1.6389
1144.000       1.3864
1145.000       1.3838
1146.000       1.4967
1149.000       1.4639
1151.000       1.3725
1152.000       1.3041
1154.000       1.1492
1155.000       1.0976
1157.000       0.9873
1159.000       0.9310
1160.000       0.8734
1163.000       0.9921
1164.000       1.1017
1165.000       1.2028
1166.000       1.4270
1168.000       1.3870
1170.000       1.5475
1172.000       1.5716
1173.000       1.6046
1174.000       1.8131
1175.000       1.5935
1176.000       1.5057
1177.000       1.5793
1180.000       1.4941
1182.000       1.3972
1183.000       1.3057
1185.000       1.1720
1186.000       1.1703
1188.000       1.0690
1190.000       0.9630
1191.000       0.9001
1194.000       0.9785
1195.000       1.0834
1196.000       1.1393
1197.000       1.4598
1199.000       1.3903
1201.000       1.5117
1203.000       1.5864
1204.000       1.6242
1205.000       1.8000
1206.000       1.6404
1207.000       1.5200
1208.000       1.5621
1211.000       1.4676
1213.000       1.3685
1214.000       1.2823
1216.000       1.1692
1217.000       1.1796
1219.000       1.0863
1221.000       0.9787
1222.000       0.9193
1225.000       0.9850
1226.000       1.0800
1227.000       1.1268
1228.000       1.4469
1230.000       1.3643
1232.000       1.4607
1234.000       1.5691
1235.000       1.6087
1236.000       1.7835
1237.000       1.6367
1238.000       1.5096
1239.000       1.5690
1242.000       1.4707
1244.000       1.3907
1245.000       1.3059
1247.000       1.2167
1248.000       1.2451
1250.000       1.1919
1252.000       1.1024
1253.000       1.0899
1256.000       1.0839
1257.000       1.1430
1258.000       1.1762
1259.000       1.4254
1261.000       1.3557
1263.000       1.4589
1265.000       1.5309
1266.000       1.5691
1267.000       1.7419
1268.000       1.6465
1269.000       1.5179
1270.000       1.5956
1273.000       1.6667
1275.000       1.6460
1276.000       1.7976
1278.000       1.7997
1279.000       1.6823
1281.000       1.8341
1283.000       2.0818
1284.000       2.3173
1287.000       2.1853
1288.000       2.0540
1289.000       2.2501
1290.000       1.7104
1292.000       1.9057
1294.000       2.1624
1296.000       1.8035
1297.000       1.8503
1298.000       2.0123
1299.000       1.9857
1300.000       1.6463
1301.000       1.5527
1304.000       1.3883
1306.000       1.3445
1307.000       1.3089
1309.000       1.4449
1310.000       1.5826
1312.000       1.7871
1314.000       1.8658
1315.000       2.1237
1318.000       1.7683
1319.000       1.5511
1320.000       1.5394
1321.000       1.3766
1323.000       1.3356
1325.000       1.3957
1327.000       1.4766
1328.000       1.6296
1329.000       1.9074
1330.000       1.7402
1331.000       1.5636
1332.000       1.7195
1335.000       1.7478
1337.000       1.9785
1338.000       1.9601
1340.000       2.3418
1341.000       2.4123
1343.000       3.0332
1345.000       3.6940
1346.000       4.4246
1347.000       3.6146
1349.000       2.9682
1350.000       3.1529
1351.000       1.5263
1353.000       1.7639
1355.000       2.0118
1357.000       1.5207
1358.000       1.5632
1359.000       1.9454
1360.000       2.1820
1361.000       1.3805
1362.000       1.5180
1365.000       1.3993
1367.000       1.4411
1368.000       1.3519
1370.000       1.2787
1371.000       1.2758
1373.000       1.2465
1375.000       1.2283
1376.000       1.2455
1379.000       1.2640
1380.000       1.2858
1381.000       1.3703
1382.000       1.2681
1384.000       1.3104
1386.000       1.4505
1388.000       1.2756
1389.000       1.2840
1390.000       1.4276
1391.000       1.3392
1392.000       1.2583
1393.000       1.3164
1396.000       1.3290
1398.000       1.2910
1399.000       1.2712
1401.000       1.1423
1402.000       1.1367
1404.000       1.0958
1406.000       1.0579
1407.000       1.0752
1410.000       1.0706
1411.000       1.1094
1412.000       1.1684
1413.000       1.3551
1415.000       1.3931
1417.000       1.5986
1419.000       1.4857
1420.000       1.5371
1421.000       1.8157
1422.000       1.5481
1423.000       1.4005
1424.000       1.5489
1427.000       1.4922
1429.000       1.3916
1430.000       1.3351
1432.000       1.1749
1433.000       1.2195
1435.000       1.2183
1437.000       1.2230
1438.000       1.3926
1441.000       1.2633
1442.000       1.2067
1443.000       1.3794
1444.000       1.4271
1446.000       1.4114
1448.000       1.6837
1450.000       1.6177
1451.000       1.6617
1452.000       1.9636
1453.000       1.7477
1454.000       1.4839
1455.000       1.6011
1458.000       1.5807
1460.000       1.5275
1461.000       1.5487
1463.000       1.4654
1464.000       1.4710
1466.000       1.5908
1468.000       1.7511
1469.000       2.0425
1472.000       1.8972
1473.000       1.7460
1474.000       2.0884
1475.000       1.6005
1477.000       1.6284
1479.000       2.0037
1481.000       1.7087
1482.000       1.9196
1483.000       2.2737
1484.000       2.1196
1485.000       1.6981
1486.000       1.7193
1489.000       1.5698
1491.000       1.4031
1492.000       1.3622
1494.000       1.3039
1495.000       1.4191
1497.000       1.4465
1498.000       1.3249
1499.000       1.3885
1500.000       1.5449
1503.000       1.4191
1504.000       1.3969
1506.000       1.3194
1507.000       1.2636
1508.000       1.6412
1510.000       1.5269
1512.000       1.6469
1514.000       1.6877
1515.000       1.8971
1516.000       2.0757
1517.000       2.0146
1518.000       1.8757
1519.000       1.8417
1522.000       1.7023
1524.000       1.5889
1525.000       1.4793
1527.000       1.4410
1528.000       1.5291
1530.000       1.5385
1532.000       1.4468
1533.000       1.4900
1536.000       1.3720
1537.000       1.3684
1538.000       1.3566
1539.000       1.7200
1541.000       1.5859
1543.000       1.6167
1545.000       1.8719
1546.000       1.9989
1547.000       2.1819
1548.000       2.0625
1549.000       1.9215
1550.000       1.9278
1553.000       1.8897
1555.000       1.7594
1556.000       1.7700
1558.000       1.7284
1559.000       1.7454
1561.000       1.7563
1563.000       1.7408
1564.000       1.7882
1565.000       1.7207
1567.000       1.7202
1568.000       1.7552
1569.000       1.9931
1571.000       1.9335
1573.000       2.0117
1575.000       2.1675
1576.000       2.3530
1577.000       2.5484
1578.000       2.3763
1579.000       2.3633
1580.000       2.4406
1583.000       2.4594
1585.000       2.2864
1586.000       2.3284
1588.000       2.2155
1589.000       2.1836
1591.000       2.1394
1593.000       2.1231
1594.000       2.1316
1597.000       2.1513
1598.000       2.1958
1599.000       2.2619
1600.000       2.6150
1602.000       2.5654
1604.000       2.7902
1606.000       2.8866
