   2.000       4.0744
   3.000       4.0058
   6.000       3.5700
   8.000       3.4408
   9.000       2.9702
  11.000       2.7055
  12.000       2.9398
  14.000       2.8415
  15.000       2.4883
  16.000       2.4524
  17.000       2.7190
  18.000       2.3190
  20.000       2.2341
  21.000       2.3564
  24.000       2.2848
  25.000       2.3998
  26.000       3.0605
  28.000       2.8109
  30.000       3.1442
  32.000       3.2297
  33.000       3.0228
  34.000       3.3958
  35.000       3.1792
  36.000       2.3955
  37.000       2.3364
  40.000       1.8864
  42.000       1.7903
  43.000       1.5125
  45.000       1.5465
  46.000       1.8242
  48.000       2.0569
  49.000       1.9499
  50.000       2.3110
  51.000       2.7059
  52.000       2.3700
  54.000       2.1498
  55.000       2.4862
  58.000       1.7865
  59.000       1.6623
  60.000       1.5374
  62.000       1.3797
  64.000       1.6349
  66.000       1.6077
  67.000       1.5442
  68.000       1.7166
  69.000       1.7060
  70.000       1.2731
  71.000       1.2170
  74.000       1.0653
  76.000       1.0351
  77.000       0.9587
  79.000       0.9637
  80.000       1.0667
  82.000       1.1339
  84.000       1.0900
  85.000       1.1954
  86.000       1.0141
  88.000       0.9629
  89.000       1.0181
  90.000       1.0140
  92.000       0.9863
  94.000       1.1109
  96.000       1.0867
  97.000       1.1343
  98.000       1.2819
  99.000       1.2441
 100.000       1.0210
 101.000       1.0231
 104.000       0.9434
 106.000       0.9217
 107.000       0.8770
 109.000       0.8503
 110.000       0.8903
 112.000       0.8699
 113.000       0.8093
 114.000       0.7935
 115.000       0.8205
 116.000       0.7890
 118.000       0.8042
 119.000       0.8446
 122.000       0.8139
 123.000       0.8113
 124.000       0.9112
 126.000       0.8792
 128.000       0.9469
 130.000       0.9648
 131.000       0.9795
 132.000       1.1118
 133.000       1.0476
 134.000       0.8946
 135.000       0.8935
 138.000       0.8243
 140.000       0.8296
 141.000       0.7826
 143.000       0.7507
 144.000       0.7677
 146.000       0.7553
 147.000       0.7223
 148.000       0.7184
 149.000       0.7507
 150.000       0.7203
 152.000       0.7331
 153.000       0.7723
 156.000       0.7389
 157.000       0.7265
 158.000       0.7566
 160.000       0.7533
 162.000       0.8440
 164.000       0.7977
 165.000       0.7942
 166.000       0.9458
 167.000       0.8850
 168.000       0.6880
 169.000       0.7078
 172.000       0.6520
 174.000       0.6766
 175.000       0.6351
 177.000       0.5918
 178.000       0.5998
 180.000       0.5988
 181.000       0.5760
 182.000       0.5964
 183.000       0.6572
 184.000       0.6033
 186.000       0.6030
 187.000       0.6471
 190.000       0.6005
 191.000       0.5760
 192.000       0.5885
 194.000       0.6202
 196.000       0.7605
 198.000       0.6495
 199.000       0.6603
 200.000       0.8306
 201.000       0.6834
 202.000       0.6357
 203.000       0.8091
 206.000       0.6866
 208.000       0.6291
 209.000       0.5684
 211.000       0.4787
 212.000       0.4825
 214.000       0.4797
 215.000       0.4627
 216.000       0.5213
 217.000       0.6112
 218.000       0.5478
 220.000       0.5347
 221.000       0.6017
 224.000       0.5086
 225.000       0.4611
 226.000       0.6530
 228.000       0.6246
 230.000       0.7953
 232.000       0.8022
 233.000       0.9400
 234.000       1.0439
 235.000       1.1248
 236.000       0.9058
 237.000       0.9130
 240.000       1.0056
 242.000       1.1866
 243.000       1.2919
 245.000       1.3465
 246.000       1.3838
 248.000       1.5249
 249.000       1.6018
 250.000       1.8458
 251.000       2.0249
 254.000       1.9902
 255.000       1.8956
 257.000       1.6633
 258.000       1.5117
 259.000       0.9912
 261.000       1.2969
 263.000       1.5783
 265.000       0.9723
 266.000       0.9305
 267.000       1.1586
 268.000       1.0250
 269.000       0.8847
 270.000       0.9959
 273.000       1.0277
 275.000       1.0700
 276.000       1.0949
 278.000       1.0667
 279.000       1.0060
 281.000       1.0998
 283.000       1.2373
 284.000       1.4035
 287.000       1.3034
 288.000       1.2288
 289.000       1.3944
 290.000       0.9595
 292.000       1.0826
 294.000       1.2822
 296.000       1.0421
 297.000       1.0057
 298.000       1.2029
 299.000       0.9282
 300.000       0.9820
 301.000       1.1100
 304.000       1.0997
 306.000       1.0600
 307.000       1.0013
 309.000       0.8811
 310.000       0.8271
 312.000       0.7838
 313.000       0.7989
 314.000       0.8387
 315.000       0.8806
 316.000       0.9273
 318.000       0.9867
 319.000       1.1386
 322.000       0.9734
 323.000       0.8669
 324.000       1.0416
 326.000       1.0287
 328.000       1.1734
 330.000       1.1601
 331.000       1.1703
 332.000       1.3491
 333.000       1.0694
 334.000       1.1777
 335.000       1.3363
 338.000       1.3496
 340.000       1.3969
 341.000       1.3492
 343.000       1.4302
 344.000       1.4526
 346.000       1.6188
 347.000       1.7304
 348.000       2.0240
 349.000       2.2100
 352.000       2.2240
 353.000       2.1401
 355.000       1.8561
 356.000       1.6433
 357.000       1.2275
 359.000       1.2000
 361.000       1.2297
 363.000       1.3148
 364.000       1.3199
 365.000       1.4691
 366.000       1.4008
 367.000       1.1794
 368.000       1.1663
 371.000       1.0370
 373.000       0.9877
 374.000       0.8743
 376.000       0.8215
 377.000       0.9191
 379.000       0.8870
 381.000       0.7519
 382.000       0.7550
 385.000       0.6859
 386.000       0.7199
 387.000       0.7303
 388.000       0.9775
 390.000       0.8852
 392.000       0.9462
 394.000       1.0499
 395.000       1.0937
 396.000       1.2301
 397.000       1.2007
 398.000       0.9732
 399.000       0.9561
 402.000       0.8718
 404.000       0.8212
 405.000       0.7680
 407.000       0.7305
 408.000       0.7915
 410.000       0.7809
 412.000       0.7062
 413.000       0.7261
 416.000       0.6622
 417.000       0.6760
 418.000       0.6962
 419.000       0.8715
 421.000       0.8275
 423.000       0.9070
 425.000       0.9472
 426.000       1.0062
 427.000       1.1417
 428.000       1.1006
 429.000       0.9185
 430.000       0.9143
 433.000       0.8502
 435.000       0.8242
 436.000       0.7936
 438.000       0.7651
 439.000       0.7992
 441.000       0.7937
 443.000       0.7568
 444.000       0.7842
 447.000       0.7422
 448.000       0.7447
 449.000       0.7773
 450.000       0.8450
 452.000       0.8330
 454.000       0.9199
 456.000       0.9054
 457.000       0.9639
 458.000       1.0910
 459.000       1.0768
 460.000       0.8851
 461.000       0.8925
 464.000       0.8641
 466.000       0.8602
 467.000       0.8473
 469.000       0.8038
 470.000       0.8107
 472.000       0.8033
 474.000       0.7885
 475.000       0.8232
 478.000       0.7902
 479.000       0.7997
 480.000       0.8516
 481.000       0.8663
 483.000       0.8987
 485.000       1.0303
 487.000       0.9403
 488.000       1.0041
 489.000       1.1825
 490.000       1.0606
 491.000       0.9636
 492.000       1.0533
 495.000       1.0587
 497.000       0.9869
 498.000       1.0007
 500.000       0.8816
 501.000       0.8766
 503.000       0.8475
 504.000       0.8273
 505.000       0.8695
 506.000       0.9438
 509.000       0.9115
 510.000       0.9089
 512.000       0.8925
 513.000       0.8433
 514.000       1.1328
 516.000       1.1460
 518.000       1.3906
 520.000       1.3396
 522.000       3.9000
 523.000       4.2855
 524.000       4.1808
 525.000       3.3606
 526.000       3.3865
 529.000       3.0677
 531.000       2.7675
 532.000       2.5657
 534.000       2.4761
 535.000       2.5771
 537.000       2.7721
 539.000       2.8901
 540.000       3.2931
 543.000       2.8249
 544.000       2.6004
 545.000       2.7515
 546.000       3.0263
 548.000       2.6800
 550.000       2.9566
 552.000       3.4577
