   2.000       4.7559
   3.000       4.9567
   6.000       5.0502
   8.000       5.1288
   9.000       5.1077
  11.000       4.8952
  12.000       4.7455
  14.000       4.6299
  15.000       4.7165
  16.000       4.7203
  17.000       4.6354
  18.000       4.8991
  20.000       5.0553
  21.000       5.2621
  24.000       5.0624
  25.000       4.8857
  26.000       4.8822
  28.000       5.0552
  30.000       5.3630
  32.000       4.9510
  33.000       4.7488
  34.000       4.9483
  35.000       4.5055
  36.000       4.7064
  37.000       4.9570
  40.000       4.9427
  42.000       4.9196
  43.000       4.7761
  45.000       4.5042
  46.000       4.3739
  48.000       4.1700
  50.000       4.0921
  51.000       3.9346
  54.000       4.2279
  55.000       4.4330
  56.000       4.5924
  57.000       4.6984
  59.000       4.7272
  61.000       5.0149
  63.000       4.7980
  64.000       4.5780
  65.000       4.8036
  66.000       4.3672
  67.000       4.4305
  68.000       4.6318
  71.000       4.5100
  73.000       4.4453
  74.000       4.2408
  76.000       3.9829
  77.000       3.9171
  79.000       3.7186
  81.000       3.5757
  82.000       3.4190
  85.000       3.6410
  86.000       3.8464
  87.000       3.9462
  88.000       4.2307
  90.000       4.1670
  92.000       4.3999
  94.000       4.3162
  95.000       4.1345
  96.000       4.3461
  97.000       3.9934
  98.000       3.9684
  99.000       3.9722
 102.000       3.8801
 104.000       3.8278
 105.000       3.6505
 107.000       3.4327
 108.000       3.3898
 110.000       3.2029
 111.000       3.1126
 112.000       2.9411
 113.000       2.8202
 114.000       2.9623
 116.000       3.1206
 117.000       3.1630
 120.000       3.2758
 121.000       3.2609
 122.000       3.6876
 124.000       3.6250
 126.000       3.8033
 128.000       3.7800
 129.000       3.6217
 130.000       3.8240
 131.000       3.5202
 132.000       3.4351
 133.000       3.5410
 136.000       3.3812
 138.000       3.3263
 139.000       3.1155
 141.000       2.9416
 142.000       2.9630
 144.000       2.8096
 145.000       2.6711
 146.000       2.5078
 147.000       2.4318
 150.000       2.4691
 151.000       2.5869
 153.000       2.7326
 154.000       2.7619
 155.000       3.1648
 157.000       3.0613
 159.000       3.1862
 161.000       3.2234
 162.000       3.0819
 163.000       3.2537
 164.000       3.0558
 165.000       2.8606
 166.000       2.9023
 169.000       2.7316
 171.000       2.6684
 172.000       2.4920
 174.000       2.3609
 175.000       2.4287
 177.000       2.3408
 179.000       2.1629
 180.000       2.0988
 183.000       2.1151
 184.000       2.2177
 185.000       2.2333
 186.000       2.5612
 188.000       2.4615
 190.000       2.5626
 192.000       2.6124
 193.000       2.5161
 194.000       2.6883
 195.000       2.5208
 196.000       2.3227
 197.000       2.3756
 200.000       2.2384
 202.000       2.1611
 203.000       2.0282
 205.000       1.9227
 206.000       1.9582
 208.000       1.8639
 209.000       1.7525
 210.000       1.6485
 211.000       1.6212
 212.000       1.6211
 214.000       1.6929
 215.000       1.7158
 218.000       1.7826
 219.000       1.8030
 220.000       2.1138
 222.000       2.0219
 224.000       2.1252
 226.000       2.1900
 227.000       2.1460
 228.000       2.2915
 229.000       2.1568
 230.000       2.0207
 231.000       1.9767
 234.000       1.8902
 236.000       1.8384
 237.000       1.7523
 239.000       1.6715
 240.000       1.7016
 242.000       1.6336
 243.000       1.5455
 244.000       1.4693
 245.000       1.4611
 246.000       1.4446
 248.000       1.4945
 249.000       1.5106
 252.000       1.5619
 253.000       1.5803
 254.000       1.8295
 256.000       1.7733
 258.000       1.8513
 260.000       1.9019
 261.000       1.8772
 262.000       2.0302
 263.000       1.8605
 264.000       1.7810
 265.000       1.8362
 268.000       1.7629
 270.000       1.7168
 271.000       1.6408
 273.000       1.5659
 274.000       1.5707
 276.000       1.5181
 277.000       1.4684
 278.000       1.4245
 279.000       1.4089
 282.000       1.4310
 283.000       1.4784
 285.000       1.5195
 286.000       1.5053
 287.000       1.6902
 289.000       1.6546
 291.000       1.7625
 293.000       1.7483
 294.000       1.7347
 295.000       1.8290
 296.000       1.7260
 297.000       1.6899
 298.000       1.7441
 301.000       1.7267
 303.000       1.7002
 304.000       1.6433
 306.000       1.5992
 307.000       1.6137
 309.000       1.5927
 310.000       1.5584
 311.000       1.5616
 312.000       1.5945
 313.000       1.5745
 315.000       1.5839
 316.000       1.6322
 319.000       1.5839
 320.000       1.5680
 321.000       1.6830
 323.000       1.6232
 325.000       1.6996
 327.000       1.7848
 328.000       1.8511
 329.000       2.0226
 330.000       1.9971
 331.000       1.7251
 332.000       1.6978
 335.000       1.7293
 337.000       1.7662
 338.000       1.7930
 340.000       1.7139
 341.000       1.7484
 343.000       1.6877
 344.000       1.5956
 345.000       1.5203
 346.000       1.5136
 347.000       1.4877
 349.000       1.5226
 350.000       1.5253
 353.000       1.5842
 354.000       1.6155
 355.000       1.8238
 357.000       1.8999
 359.000       2.0487
 361.000       1.9270
 362.000       2.0881
 363.000       2.2118
 364.000       2.1701
 365.000       2.1120
 366.000       2.3118
 369.000       2.2301
 371.000       2.3740
 372.000       2.3836
 374.000       2.6148
 375.000       2.7388
 377.000       3.0352
 379.000       3.2248
 380.000       3.5873
 383.000       3.1794
 384.000       2.8708
 385.000       2.9472
 386.000       2.1294
 388.000       2.2663
 390.000       2.2777
 392.000       2.0541
 393.000       1.9512
 394.000       2.0224
 395.000       2.0168
 396.000       1.8411
 397.000       1.8278
 400.000       1.7202
 402.000       1.6606
 403.000       1.5640
 405.000       1.5235
 406.000       1.5848
 408.000       1.5367
 409.000       1.4386
 410.000       1.3732
 411.000       1.3883
 412.000       1.3222
 414.000       1.3275
 415.000       1.2983
 418.000       1.3824
 419.000       1.4363
 420.000       1.6819
 422.000       1.5806
 424.000       1.5987
 426.000       1.7446
 427.000       1.8026
 428.000       1.8964
 429.000       1.8574
 430.000       1.7335
 431.000       1.7285
 434.000       1.6609
 436.000       1.5732
 437.000       1.5480
 439.000       1.5334
 440.000       1.5989
 442.000       1.5976
 444.000       1.5267
 445.000       1.5429
 448.000       1.4761
 449.000       1.4816
 450.000       1.4749
 451.000       1.7096
 453.000       1.6403
 455.000       1.6542
 457.000       1.8163
 458.000       1.9403
 459.000       2.0969
 460.000       2.0094
 461.000       1.8760
 462.000       1.8821
 465.000       1.8386
 467.000       1.7610
 468.000       1.7466
 470.000       1.7133
 471.000       1.7339
 473.000       1.7000
 474.000       1.6552
 475.000       1.6237
 476.000       1.6300
 477.000       1.6114
 479.000       1.6258
 480.000       1.6290
 483.000       1.6575
 484.000       1.6681
 485.000       1.8733
 487.000       1.8312
 489.000       1.8774
 491.000       1.9585
 492.000       2.0148
 493.000       2.1384
 494.000       2.0454
 495.000       1.9470
 496.000       1.9751
 499.000       1.9106
 501.000       1.8380
 502.000       1.7972
 504.000       1.7574
 505.000       1.7851
 507.000       1.7666
 509.000       1.7223
 510.000       1.7295
 513.000       1.7023
 514.000       1.7189
 515.000       1.7263
 516.000       1.9199
 518.000       1.8586
 520.000       1.9019
 522.000       2.0065
 523.000       2.0727
 524.000       2.2007
 525.000       2.1222
 526.000       1.9953
 527.000       1.9999
 530.000       1.9516
 532.000       1.8843
 533.000       1.8674
 535.000       1.8372
 536.000       1.8509
 538.000       1.8332
 540.000       1.8039
 541.000       1.8059
 544.000       1.8034
 545.000       1.8165
 546.000       1.8382
 547.000       1.9802
 549.000       1.9405
 551.000       1.9870
 553.000       2.0632
 554.000       2.1386
 555.000       2.2458
 556.000       2.1791
 557.000       2.1043
 558.000       2.1209
 561.000       2.0925
 563.000       2.0241
 564.000       2.0123
 566.000       1.9727
 567.000       1.9691
 569.000       1.9399
 571.000       1.9186
 572.000       1.9041
 575.000       1.9345
 576.000       1.9602
 577.000       1.9959
 578.000       2.1364
 580.000       2.0936
 582.000       2.1435
 584.000       2.2364
 585.000       2.3228
 586.000       2.4273
 587.000       2.3768
 588.000       2.2971
 589.000       2.3025
 592.000       2.2894
 594.000       2.2182
 595.000       2.2270
 597.000       2.2184
 598.000       2.2258
 600.000       2.2251
 601.000       2.2194
 602.000       2.2382
 603.000       2.2607
 604.000       2.2556
 606.000       2.2572
 607.000       2.3036
 610.000       2.2404
 611.000       2.2196
 612.000       2.3566
 614.000       2.3028
 616.000       2.3289
 618.000       2.4531
 619.000       2.5993
 620.000       2.8259
 621.000       2.6781
 622.000       2.5156
 623.000       2.3221
 626.000       2.3071
 628.000       2.3081
 629.000       2.2613
 631.000       2.2040
 632.000       2.2086
 634.000       2.1617
 635.000       2.1253
 636.000       2.0933
 637.000       2.0788
 640.000       2.1062
 641.000       2.1421
 643.000       2.1703
 644.000       2.1578
 645.000       2.2943
 647.000       2.2777
 649.000       2.3472
 651.000       2.3571
 652.000       2.3743
 653.000       2.4594
 654.000       2.4028
 655.000       2.3265
 656.000       2.3367
 659.000       2.2941
 661.000       2.2612
 662.000       2.2130
 664.000       2.1962
 665.000       2.2399
 667.000       2.2297
 668.000       2.1712
 669.000       2.1470
 670.000       2.1774
 671.000       2.1060
 673.000       2.0970
 674.000       2.0852
 677.000       2.1205
 678.000       2.1527
 679.000       2.2844
 681.000       2.2309
 683.000       2.2461
 685.000       2.3362
 686.000       2.3828
 687.000       2.4744
 688.000       2.4739
 689.000       2.2801
 690.000       2.2300
 693.000       2.1567
 695.000       2.1384
 696.000       2.1231
 698.000       2.1728
 699.000       2.2435
 701.000       2.2996
 702.000       2.2638
 703.000       2.3109
 704.000       2.4055
 707.000       2.2910
 708.000       2.2224
 710.000       2.1688
 711.000       2.1909
 712.000       2.1710
 714.000       2.1350
 716.000       2.1180
 718.000       2.1925
 719.000       2.2136
 720.000       2.3302
 721.000       2.2331
 722.000       2.1542
 723.000       2.1865
 726.000       2.1444
 728.000       2.1012
 729.000       2.0646
 731.000       2.0238
 732.000       2.0094
 734.000       2.0065
 736.000       2.0302
 737.000       2.0711
 738.000       2.0499
 740.000       2.0386
 741.000       2.0742
 742.000       2.1238
 744.000       2.0965
 746.000       2.1488
 748.000       2.1808
 749.000       2.1359
 750.000       2.2803
 751.000       2.0990
 752.000       2.0559
 753.000       2.1266
 756.000       2.0764
 758.000       2.0846
 759.000       2.0993
 761.000       2.1252
 762.000       2.0682
 764.000       2.1194
 765.000       2.2172
 766.000       2.3303
 767.000       2.3529
 768.000       2.4726
 770.000       2.5087
 771.000       2.7083
 774.000       2.3922
 775.000       2.2404
 776.000       1.9668
 778.000       2.0352
 780.000       2.0895
 782.000       1.9190
 783.000       2.1265
 784.000       2.4184
 785.000       2.6223
 786.000       1.9507
 787.000       1.7870
 790.000       1.7211
 792.000       1.6828
 793.000       1.7332
 795.000       1.7479
 796.000       1.7585
 798.000       1.7991
 799.000       1.8059
 800.000       1.8584
 801.000       1.9147
 804.000       1.8905
 805.000       1.8801
 807.000       1.8304
 808.000       1.7850
 809.000       1.8249
 811.000       1.8506
 813.000       1.9669
 815.000       1.8499
 816.000       1.8933
 817.000       1.9482
 818.000       2.0706
 819.000       2.0281
 820.000       2.0592
 823.000       1.8742
 825.000       1.9240
 826.000       1.8122
 828.000       1.8623
 829.000       1.9725
 831.000       2.0358
 832.000       1.9469
 833.000       1.9844
 834.000       2.1061
 835.000       1.9168
 837.000       1.8408
 838.000       1.8415
 841.000       1.8053
 842.000       1.8506
 843.000       1.7714
 845.000       1.8116
 847.000       1.9007
 849.000       1.7688
 850.000       1.7660
 851.000       1.9526
 852.000       1.9983
 853.000       1.7150
 854.000       1.7185
 857.000       1.6990
 859.000       1.7272
 860.000       1.7103
 862.000       1.6831
 863.000       1.6856
 865.000       1.6963
 867.000       1.7057
 868.000       1.7551
 869.000       1.7068
 871.000       1.7022
 872.000       1.7528
 873.000       1.6631
 875.000       1.7004
 877.000       1.7902
 879.000       1.7084
 880.000       1.7213
 881.000       1.8452
 882.000       1.7148
 883.000       1.7103
 884.000       1.7912
 887.000       1.7981
 889.000       1.7786
 890.000       1.7691
 892.000       1.7005
 893.000       1.6546
 895.000       1.6398
 896.000       1.6732
 897.000       1.7044
 898.000       1.7118
 901.000       1.7617
 902.000       1.7930
 904.000       1.7767
 905.000       1.7096
 906.000       1.7690
 908.000       1.7949
 910.000       1.9138
 912.000       1.8485
 913.000       1.8494
 914.000       1.9851
 915.000       1.8292
 916.000       1.8123
 917.000       1.8833
 920.000       1.8755
 922.000       1.8352
 923.000       1.8091
 925.000       1.7319
 926.000       1.6922
 928.000       1.6642
 929.000       1.6837
 930.000       1.7048
 931.000       1.7162
 932.000       1.7582
 934.000       1.7952
 935.000       1.8803
 938.000       1.7873
 939.000       1.7259
 940.000       1.8539
 942.000       1.8521
 944.000       1.9675
 946.000       1.9473
 947.000       1.9731
 948.000       2.1287
 949.000       1.9471
 950.000       1.9415
 951.000       2.0224
 954.000       1.9933
 956.000       1.9440
 957.000       1.9043
 959.000       1.8205
 960.000       1.7924
 962.000       1.7446
 963.000       1.7399
 964.000       1.7295
 965.000       1.7186
 966.000       1.7703
 968.000       1.8113
 969.000       1.8709
 972.000       1.8266
 973.000       1.7881
 974.000       1.9635
 976.000       1.9488
 978.000       2.0517
 980.000       2.0600
 981.000       2.0738
 982.000       2.2321
 983.000       2.0512
 984.000       2.0254
 985.000       2.0907
 988.000       2.0607
 990.000       1.9939
 991.000       1.9614
 993.000       1.8787
 994.000       1.8451
 996.000       1.7948
 998.000       1.7812
 999.000       1.7647
1002.000       1.8211
1003.000       1.8670
1004.000       1.9331
1005.000       2.0490
1007.000       2.0254
1009.000       2.1276
1011.000       2.1563
1012.000       2.2019
1013.000       2.3634
1014.000       2.1987
1015.000       2.1451
1016.000       2.1994
1019.000       2.1594
1021.000       2.0859
1022.000       2.0571
1024.000       1.9858
1025.000       1.9705
1027.000       1.9318
1029.000       1.9076
1030.000       1.9109
1031.000       1.9323
1033.000       1.9704
1034.000       2.0238
1035.000       2.1558
1037.000       2.1328
1039.000       2.2279
1041.000       2.2586
1042.000       2.2893
1043.000       2.4424
1044.000       2.2799
1045.000       2.2379
1046.000       2.2986
1049.000       2.2542
1051.000       2.1942
1052.000       2.1498
1054.000       2.0689
1055.000       2.0495
1057.000       1.9838
1058.000       1.9611
1059.000       1.9224
1060.000       1.8906
1061.000       1.9556
1063.000       2.0158
1064.000       2.0661
1067.000       2.0508
1068.000       2.0196
1069.000       2.2249
1071.000       2.1964
1073.000       2.2899
1075.000       2.3056
1076.000       2.3084
1077.000       2.4459
1078.000       2.3117
1079.000       2.2398
1080.000       2.2948
1083.000       2.2513
1085.000       2.1875
1086.000       2.1462
1088.000       2.0638
1089.000       2.0528
1091.000       1.9932
1093.000       1.9388
1094.000       1.9088
1095.000       1.9670
1097.000       2.0272
1098.000       2.0811
1099.000       2.2258
1101.000       2.1958
1103.000       2.2895
1105.000       2.3057
1106.000       2.3301
1107.000       2.4413
1108.000       2.3463
1109.000       2.3435
1110.000       2.4370
1113.000       2.3691
1115.000       2.3065
1116.000       2.2262
1118.000       2.1234
1119.000       2.1237
1121.000       2.0526
1123.000       1.9746
1124.000       1.9305
1127.000       1.9821
1128.000       2.0576
1129.000       2.0955
1130.000       2.2956
1132.000       2.2512
1134.000       2.3559
1136.000       2.3689
1137.000       2.3551
1138.000       2.4874
1139.000       2.3371
1140.000       2.2856
1141.000       2.3468
1144.000       2.2884
1146.000       2.2170
1147.000       2.1473
1149.000       2.0565
1150.000       2.0638
1152.000       2.0060
1154.000       1.9383
1155.000       1.9121
1158.000       1.9323
1159.000       1.9910
1160.000       2.0128
1161.000       2.2510
1163.000       2.2017
1165.000       2.2941
1167.000       2.3415
1168.000       2.3500
1169.000       2.4954
1170.000       2.3417
1171.000       2.2600
1172.000       2.2967
1175.000       2.2111
1177.000       2.1180
1178.000       2.0496
1180.000       1.9828
1181.000       2.0067
1183.000       1.9638
1185.000       1.8990
1186.000       1.8923
1189.000       1.8815
1190.000       1.9180
1191.000       1.9241
1192.000       2.2047
1194.000       2.1198
1196.000       2.1712
1198.000       2.3097
1199.000       2.3939
1200.000       2.5300
1201.000       2.4441
1202.000       2.3165
1203.000       2.2985
1206.000       2.2453
1208.000       2.1507
1209.000       2.1672
1211.000       2.1294
1212.000       2.1712
1214.000       2.1515
1215.000       2.0870
1216.000       2.0740
1217.000       2.1217
1220.000       2.0650
1221.000       2.0587
1223.000       2.0666
1224.000       2.0767
1225.000       2.3300
1227.000       2.2915
1229.000       2.3586
1231.000       2.3567
1232.000       2.4474
1233.000       2.5016
1234.000       2.5696
1235.000       2.3923
1236.000       2.3280
1239.000       2.2619
1241.000       2.1816
1242.000       2.2189
1244.000       2.2045
1245.000       2.2267
1247.000       2.2348
1249.000       2.2290
1250.000       2.2705
1251.000       2.2188
1253.000       2.2057
1254.000       2.2277
1255.000       2.3586
1257.000       2.3489
1259.000       2.4319
1261.000       2.3550
1262.000       2.3999
1263.000       2.5224
1264.000       2.4711
1265.000       2.2648
1266.000       2.1684
1269.000       2.0509
1271.000       2.0714
1272.000       1.9588
1274.000       1.9541
1275.000       1.9680
1277.000       1.9726
1279.000       1.9712
1280.000       1.9983
1283.000       1.9740
1284.000       1.9650
1285.000       1.9976
1286.000       1.9659
1288.000       1.9104
1290.000       1.8853
1292.000       1.9565
1293.000       2.0267
1294.000       2.1259
1295.000       2.1618
1296.000       1.9303
1297.000       1.8665
1300.000       1.8315
1302.000       1.8556
1303.000       1.9050
1305.000       1.9626
1306.000       2.0311
1308.000       2.0924
1309.000       2.0663
1310.000       2.1314
1311.000       2.2310
1314.000       2.1269
1315.000       2.0582
1317.000       1.9876
1318.000       1.9925
1319.000       1.8771
1321.000       1.9329
1323.000       2.0241
1325.000       1.8796
1326.000       1.9304
1327.000       2.0214
1328.000       2.0590
1329.000       1.8712
1330.000       1.8645
1333.000       1.8806
1335.000       1.9489
1336.000       2.0875
1338.000       2.1809
1339.000       2.2593
1341.000       2.3857
1342.000       2.3925
1343.000       2.5377
1344.000       2.6775
1345.000       2.5531
1347.000       2.4411
1348.000       2.5214
1351.000       2.2963
1352.000       2.2735
1353.000       1.8884
1355.000       2.2563
1357.000       2.6699
1359.000       2.0418
1360.000       2.0688
1361.000       2.5686
1362.000       2.1351
1363.000       1.9491
1364.000       2.0441
1367.000       2.0103
1369.000       1.9743
1370.000       2.0150
1372.000       1.9857
1373.000       1.9606
1375.000       1.9854
1376.000       2.0258
1377.000       2.0967
1378.000       2.1394
1379.000       2.1587
1381.000       2.1700
1382.000       2.2729
1385.000       2.1163
1386.000       2.0349
1387.000       2.0408
1389.000       2.0814
1391.000       2.2438
1393.000       2.2028
1394.000       2.2729
1395.000       2.4841
1396.000       2.2008
1397.000       2.2960
1398.000       2.4033
1401.000       2.4289
1403.000       2.3686
1404.000       2.3858
1406.000       2.2980
1407.000       2.1970
1409.000       2.1589
1410.000       2.2412
1411.000       2.2774
1412.000       2.2476
1413.000       2.3931
1415.000       2.4639
1416.000       2.5828
1419.000       2.4429
1420.000       2.3270
1421.000       2.4473
1423.000       2.4709
1425.000       2.6005
1427.000       2.5603
1428.000       2.6160
1429.000       2.7755
1430.000       2.5380
1431.000       2.6455
1432.000       2.7668
1435.000       2.7907
1437.000       2.7115
1438.000       2.7042
1440.000       2.5772
1441.000       2.4765
1443.000       2.3948
1444.000       2.4535
1445.000       2.4452
1446.000       2.3878
1447.000       2.5432
1449.000       2.6441
1450.000       2.7498
1453.000       2.6616
1454.000       2.5613
1455.000       2.7949
1457.000       2.8004
1459.000       2.9408
1461.000       2.9136
1462.000       2.9234
1463.000       3.0809
1464.000       2.8514
1465.000       2.8967
1466.000       3.0122
1469.000       2.9915
1471.000       2.9022
1472.000       2.8700
1474.000       2.7386
1475.000       2.6709
1477.000       2.5805
1478.000       2.5891
1479.000       2.5509
1480.000       2.4847
1483.000       2.6179
1484.000       2.7207
1486.000       2.7646
1487.000       2.6925
1488.000       2.9659
1490.000       2.9483
1492.000       3.0878
1494.000       3.0871
1495.000       3.0929
1496.000       3.2542
1497.000       3.0217
1498.000       3.0556
1499.000       3.1590
1502.000       3.1318
1504.000       3.0407
1505.000       2.9874
1507.000       2.8388
1508.000       2.7624
1510.000       2.6445
1511.000       2.6428
1512.000       2.5631
1513.000       2.4713
1514.000       2.6281
1516.000       2.7524
1517.000       2.8244
1520.000       2.8294
1521.000       2.7670
1522.000       3.0962
1524.000       3.0633
1526.000       3.1972
1528.000       3.2118
1529.000       3.1879
1530.000       3.3545
1531.000       3.0934
1532.000       3.1284
1533.000       3.2307
1536.000       3.1644
1538.000       3.0730
1539.000       2.9652
1541.000       2.8142
1542.000       2.7730
1544.000       2.6484
1545.000       2.5959
1546.000       2.4784
1547.000       2.3953
1548.000       2.4895
1550.000       2.6065
1551.000       2.6334
1554.000       2.7172
1555.000       2.7025
1556.000       3.0681
1558.000       3.0103
1560.000       3.1445
1562.000       3.1723
1563.000       3.1421
1564.000       3.2992
1565.000       3.0754
1566.000       3.0637
1567.000       3.1476
1570.000       3.0662
1572.000       3.0002
1573.000       2.8842
1575.000       2.7563
1576.000       2.7394
1578.000       2.6194
1579.000       2.5485
1580.000       2.4287
1581.000       2.3397
1584.000       2.4151
1585.000       2.5180
1587.000       2.6333
1588.000       2.6365
1589.000       2.9589
1591.000       2.8901
1593.000       2.9895
1595.000       3.0170
1596.000       2.9381
1597.000       3.0555
1598.000       2.9395
1599.000       2.8009
1600.000       2.8256
1603.000       2.7014
1605.000       2.6187
1606.000       2.5034
1608.000       2.4455
1609.000       2.5211
1611.000       2.4746
1612.000       2.3441
1613.000       2.2547
1614.000       2.2832
1617.000       2.1688
1618.000       2.1735
1620.000       2.2534
1621.000       2.3316
1622.000       2.6399
1624.000       2.5326
1626.000       2.5720
1628.000       2.7215
1629.000       2.7612
1630.000       2.8935
1631.000       2.8376
1632.000       2.6438
1633.000       2.6153
1636.000       2.5525
1638.000       2.4755
1639.000       2.4330
1641.000       2.4112
1642.000       2.5012
1644.000       2.5165
1646.000       2.4364
1647.000       2.4790
1648.000       2.3542
1650.000       2.3405
1651.000       2.3054
1652.000       2.6122
1654.000       2.5470
1656.000       2.5538
1658.000       2.6549
1659.000       2.5800
1660.000       2.7160
1661.000       2.4945
1662.000       2.5755
1663.000       2.5538
1666.000       2.6129
1668.000       2.7890
1669.000       2.8804
1671.000       3.0827
1672.000       3.1154
1674.000       3.3554
1676.000       3.5822
1677.000       3.8768
1680.000       3.5955
1681.000       3.3433
1682.000       3.4305
1683.000       2.5777
1685.000       2.7506
1687.000       2.8640
1689.000       2.5880
1690.000       2.4731
1691.000       2.5637
1692.000       2.4533
1693.000       2.3677
1694.000       2.4201
1697.000       2.3450
1699.000       2.3375
1700.000       2.2430
1702.000       2.1807
1703.000       2.1999
1705.000       2.1512
1706.000       2.0915
1707.000       2.0467
1708.000       2.0512
1709.000       2.0301
1711.000       2.0497
1712.000       2.0503
1715.000       2.0933
1716.000       2.1118
1717.000       2.2272
1719.000       2.1906
1721.000       2.2549
1723.000       2.2504
1724.000       2.1924
1725.000       2.2734
1726.000       2.2293
1727.000       2.0818
1728.000       2.0710
1731.000       1.9870
1733.000       1.9921
1734.000       1.9222
1736.000       1.8954
1737.000       1.9311
1739.000       1.9090
1740.000       1.8528
1741.000       1.8335
1742.000       1.8568
1743.000       1.8217
1745.000       1.8239
1746.000       1.8387
1749.000       1.8365
1750.000       1.8503
1751.000       1.9267
1753.000       1.8901
1755.000       1.9104
1757.000       1.9390
1758.000       1.9289
1759.000       1.9846
1760.000       1.9771
1761.000       1.8767
1762.000       1.8833
1765.000       1.8578
1767.000       1.8633
1768.000       1.8447
1770.000       1.8163
1771.000       1.8214
1773.000       1.8123
1774.000       1.8017
1775.000       1.8166
1776.000       1.8355
1777.000       1.8461
1779.000       1.8614
1780.000       1.9246
1783.000       1.8450
1784.000       1.8130
1785.000       1.8335
1787.000       1.8505
1789.000       1.9241
1791.000       1.8766
1792.000       1.8950
1793.000       1.9944
1794.000       1.9148
1795.000       1.8737
1796.000       1.9279
1799.000       1.9373
1801.000       1.9194
1802.000       1.9208
1804.000       1.8634
1805.000       1.8230
1807.000       1.8042
1808.000       1.8282
1809.000       1.8446
1810.000       1.8444
1811.000       1.8997
1813.000       1.9436
1814.000       2.0274
1817.000       1.9349
1818.000       1.8682
1819.000       1.9379
1821.000       1.9650
1823.000       2.0669
1825.000       2.0113
1826.000       2.0472
1827.000       2.1733
1828.000       2.0462
1829.000       2.0336
1830.000       2.1065
1833.000       2.1165
1835.000       2.0746
1836.000       2.0625
1838.000       1.9691
1839.000       1.9184
1841.000       1.8693
1842.000       1.8862
1843.000       1.8875
1844.000       1.8680
1847.000       1.9476
1848.000       2.0055
1850.000       2.0157
1851.000       1.9503
1852.000       2.1038
1854.000       2.1181
1856.000       2.2508
1858.000       2.2059
1859.000       2.2184
1860.000       2.3828
1861.000       2.1789
1862.000       2.1801
1863.000       2.2676
1866.000       2.2364
1868.000       2.1751
1869.000       2.1293
1871.000       2.0300
1872.000       1.9973
1874.000       1.9315
1876.000       1.9001
1877.000       1.8762
1880.000       1.9413
1881.000       2.0024
1882.000       2.0697
1883.000       2.2054
1885.000       2.1857
1887.000       2.3006
1889.000       2.2955
1890.000       2.2984
1891.000       2.4806
1892.000       2.2755
1893.000       2.2200
1894.000       2.3227
1897.000       2.2763
1899.000       2.2372
1900.000       2.1973
1902.000       2.1016
1903.000       2.0585
1905.000       2.0060
1906.000       2.0160
1907.000       2.0128
1908.000       1.9959
1909.000       2.0740
1911.000       2.1338
1912.000       2.2218
1915.000       2.1406
1916.000       2.0793
1917.000       2.2121
1919.000       2.2147
1921.000       2.3435
1923.000       2.2845
1924.000       2.2579
1925.000       2.3956
1926.000       2.2265
1927.000       2.1864
1928.000       2.2522
1931.000       2.2064
1933.000       2.1682
1934.000       2.0997
1936.000       2.0026
1937.000       1.9741
1939.000       1.9019
1940.000       1.8823
1941.000       1.8372
1942.000       1.8038
1943.000       1.8691
1945.000       1.9370
1946.000       1.9854
1949.000       1.9798
1950.000       1.9472
1951.000       2.1460
1953.000       2.1178
1955.000       2.2181
1957.000       2.2257
1958.000       2.2133
1959.000       2.3606
1960.000       2.1859
1961.000       2.1423
1962.000       2.2008
1965.000       2.1424
1967.000       2.0801
1968.000       2.0129
1970.000       1.9239
1971.000       1.9152
1973.000       1.8525
1975.000       1.7982
1976.000       1.7640
1979.000       1.8192
1980.000       1.8789
1981.000       1.9217
1982.000       2.0950
1984.000       2.0523
1986.000       2.1453
1988.000       2.1810
1989.000       2.1746
1990.000       2.3294
1991.000       2.1711
1992.000       2.0707
1993.000       2.1264
1996.000       2.0307
1998.000       1.9702
1999.000       1.8854
2001.000       1.8221
2002.000       1.8537
2004.000       1.8250
2006.000       1.7600
2007.000       1.7608
2008.000       1.7390
2010.000       1.7677
2011.000       1.7786
2012.000       1.9707
2014.000       1.9044
2016.000       1.9599
2018.000       2.0392
2019.000       2.0590
2020.000       2.1699
2021.000       2.1189
2022.000       1.9600
2023.000       1.9466
2026.000       1.8627
2028.000       1.7955
2029.000       1.7520
2031.000       1.7549
2032.000       1.8173
2034.000       1.8377
2035.000       1.7727
2036.000       1.7815
2037.000       1.8502
2038.000       1.7467
2040.000       1.7168
2041.000       1.7315
2044.000       1.7065
2045.000       1.7278
2046.000       1.8709
2048.000       1.7990
2050.000       1.7999
2052.000       1.9298
2053.000       1.9792
2054.000       2.1044
2055.000       2.0467
2056.000       1.9371
2057.000       1.9454
2060.000       1.8948
2062.000       1.8498
2063.000       1.8678
2065.000       1.8371
2066.000       1.8113
2068.000       1.8055
2069.000       1.8305
2070.000       1.8674
2071.000       1.8764
2074.000       1.9259
2075.000       1.9419
2077.000       1.9104
2078.000       1.8542
2079.000       1.9224
2081.000       1.9390
2083.000       2.0193
2085.000       1.9897
2086.000       2.0193
2087.000       2.1243
2088.000       2.0169
2089.000       2.0130
2090.000       2.0603
2093.000       2.0557
2095.000       2.0149
2096.000       2.0081
2098.000       1.9628
2099.000       1.9480
2101.000       1.9166
2102.000       1.9095
2103.000       1.9034
2104.000       1.8827
2107.000       1.9504
2108.000       1.9951
2110.000       1.9951
2111.000       1.9476
2112.000       2.0665
2114.000       2.0522
2116.000       2.1135
2118.000       2.1221
2119.000       2.2103
2120.000       2.2329
2121.000       2.3036
2122.000       2.2234
2123.000       2.1945
2126.000       2.2302
2128.000       2.2450
2129.000       2.3582
2131.000       2.4830
2132.000       2.5786
2134.000       2.7010
2135.000       2.6993
2136.000       2.8377
2137.000       2.9919
2140.000       2.8658
2141.000       2.7556
2143.000       2.6081
2144.000       2.5832
2145.000       2.2968
2147.000       2.3669
2149.000       2.3906
2151.000       2.3072
2152.000       2.2996
2153.000       2.4245
2154.000       2.3094
2155.000       2.2068
2156.000       2.2318
2159.000       2.1664
2161.000       2.1321
2162.000       2.0736
2164.000       2.0245
2165.000       2.0677
2167.000       2.0174
2168.000       1.9383
2169.000       1.8838
2170.000       1.8835
2171.000       1.8628
2173.000       1.8924
2174.000       1.9206
2177.000       1.9326
2178.000       1.9507
2179.000       2.1248
2181.000       2.0838
2183.000       2.1234
2185.000       2.1525
2186.000       2.1461
2187.000       2.2030
2188.000       2.1258
2189.000       2.1667
2190.000       2.2158
2193.000       2.2231
2195.000       2.2342
2196.000       2.2174
2198.000       2.1823
2199.000       2.2339
2201.000       2.1970
2202.000       2.1151
2203.000       2.0623
2204.000       2.0779
2205.000       2.0070
2207.000       2.0030
2208.000       1.9709
2211.000       2.0533
2212.000       2.1071
2213.000       2.2024
2215.000       2.2409
2217.000       2.3332
2219.000       2.1992
2220.000       2.1900
2221.000       2.1980
2222.000       2.2193
2223.000       2.1849
2224.000       2.2067
2227.000       2.2023
2229.000       2.1851
2230.000       2.1687
2232.000       2.1203
2233.000       2.1486
2235.000       2.1199
2237.000       2.0739
2238.000       2.0696
2241.000       2.0568
2242.000       2.0742
2243.000       2.0694
2244.000       2.1978
2246.000       2.1933
2248.000       2.3225
2250.000       2.2481
2251.000       2.2359
2252.000       2.2907
2253.000       2.2454
2254.000       2.2199
2255.000       2.2514
2258.000       2.2421
2260.000       2.2415
2261.000       2.2042
2263.000       2.1703
2264.000       2.1950
2266.000       2.1760
2267.000       2.1330
2268.000       2.1161
2269.000       2.1329
2270.000       2.1062
2272.000       2.1078
2273.000       2.1213
2276.000       2.1199
2277.000       2.1315
2278.000       2.2108
2280.000       2.1900
2282.000       2.2345
2284.000       2.2489
2285.000       2.2266
2286.000       2.3370
2287.000       2.2019
2288.000       2.1942
2289.000       2.2776
2292.000       2.2464
2294.000       2.2910
2295.000       2.3494
2297.000       2.4165
2298.000       2.5934
2300.000       2.6378
2301.000       2.4837
2302.000       2.4865
2303.000       2.6090
2306.000       2.4162
2307.000       2.3305
2309.000       2.2852
2310.000       2.3653
2311.000       2.3145
2313.000       2.3602
2315.000       2.3563
2317.000       2.2879
2318.000       2.4569
2319.000       2.5393
2320.000       2.6478
2321.000       2.3980
2322.000       2.2013
2325.000       2.1730
2327.000       2.1590
2328.000       2.1158
2330.000       2.0583
2331.000       2.0461
2333.000       2.0002
2334.000       1.9836
2335.000       1.9519
2336.000       1.9291
2337.000       1.9684
2339.000       2.0154
2340.000       2.0488
2343.000       2.0448
2344.000       2.0241
2345.000       2.1272
2347.000       2.1109
2349.000       2.1762
2351.000       2.1737
2352.000       2.1614
2353.000       2.2596
2354.000       2.1651
2355.000       2.0964
2356.000       2.1181
2359.000       2.0651
2361.000       2.0497
2362.000       1.9909
2364.000       1.9360
2365.000       1.9389
2367.000       1.8966
2368.000       1.8627
2369.000       1.8307
2370.000       1.8253
2371.000       1.8269
2373.000       1.8529
2374.000       1.8670
2377.000       1.8862
2378.000       1.8884
2379.000       2.0139
2381.000       1.9760
2383.000       2.0225
2385.000       2.0525
2386.000       2.0271
2387.000       2.1380
2388.000       2.0312
2389.000       1.9494
2390.000       1.9304
2393.000       1.8571
2395.000       1.8620
2396.000       1.7906
2398.000       1.7544
2399.000       1.7718
2401.000       1.7487
2402.000       1.7093
2403.000       1.6891
2404.000       1.7019
2405.000       1.6826
2407.000       1.6937
2408.000       1.7054
2411.000       1.7109
2412.000       1.7169
2413.000       1.7609
2415.000       1.7418
2417.000       1.8056
2419.000       1.7743
2420.000       1.7327
2421.000       1.8018
2422.000       1.7718
2423.000       1.6693
2424.000       1.6331
2427.000       1.6000
2429.000       1.6231
2430.000       1.5986
2432.000       1.5850
2433.000       1.6029
2435.000       1.6125
2437.000       1.5993
2438.000       1.6277
2441.000       1.5934
2442.000       1.5883
2443.000       1.6186
2444.000       1.5511
2446.000       1.5730
2448.000       1.6307
2450.000       1.5545
2451.000       1.5319
2452.000       1.6214
2453.000       1.5672
2454.000       1.4727
2455.000       1.4943
2458.000       1.4677
2460.000       1.4755
2461.000       1.4415
2463.000       1.4142
2464.000       1.4243
2466.000       1.4181
2467.000       1.4028
2468.000       1.4137
2469.000       1.4409
2470.000       1.4189
2472.000       1.4189
2473.000       1.4433
2476.000       1.4173
2477.000       1.4042
2478.000       1.4103
2480.000       1.4204
2482.000       1.4848
2484.000       1.4346
2485.000       1.4139
2486.000       1.5204
2487.000       1.4264
2488.000       1.3550
2489.000       1.3670
2492.000       1.3110
2494.000       1.2925
2495.000       1.2598
2497.000       1.2516
2498.000       1.2671
2500.000       1.2790
2502.000       1.2781
2503.000       1.3218
2506.000       1.2719
2507.000       1.2561
2508.000       1.2809
2509.000       1.2915
2511.000       1.2617
2513.000       1.2809
2515.000       1.3320
2516.000       1.3664
2517.000       1.4656
2518.000       1.4088
2519.000       1.3289
2520.000       1.3096
2523.000       1.2968
2525.000       1.2967
2526.000       1.3418
2528.000       1.3553
2529.000       1.3640
2531.000       1.3816
2533.000       1.3983
2534.000       1.4360
2537.000       1.4093
2538.000       1.3849
2539.000       1.4181
2540.000       1.3504
2542.000       1.3957
2544.000       1.4849
2546.000       1.3662
2547.000       1.3587
2548.000       1.3812
2549.000       1.4417
2550.000       1.3013
2551.000       1.2711
2554.000       1.2146
2556.000       1.2041
2557.000       1.1734
2559.000       1.1756
2560.000       1.2030
2562.000       1.2198
2563.000       1.2096
2564.000       1.2652
2565.000       1.3205
2566.000       1.2960
2568.000       1.2608
2569.000       1.3188
2572.000       1.2042
2573.000       1.1831
2574.000       1.2305
2576.000       1.2252
2578.000       1.2571
2580.000       1.2210
2581.000       1.2532
2582.000       1.3266
2583.000       1.2877
2584.000       1.2271
2585.000       1.2051
2588.000       1.1879
2590.000       1.2150
2591.000       1.2278
2593.000       1.2455
2594.000       1.2678
2596.000       1.3071
2597.000       1.3090
2598.000       1.3689
2599.000       1.4405
2602.000       1.3973
2603.000       1.3755
2605.000       1.3188
2606.000       1.2804
2607.000       1.1787
2609.000       1.2053
2611.000       1.2432
2613.000       1.1768
2614.000       1.2875
2615.000       1.3707
2616.000       1.4159
2617.000       1.2875
2618.000       1.2976
2621.000       1.3210
2623.000       1.3625
2624.000       1.3284
2626.000       1.2955
2627.000       1.3214
2629.000       1.3090
2630.000       1.2603
2631.000       1.2457
2632.000       1.2734
2635.000       1.2420
2636.000       1.2554
2638.000       1.2677
2639.000       1.2604
2640.000       1.3307
2642.000       1.3608
2644.000       1.4208
2646.000       1.3512
2647.000       1.3531
2648.000       1.4391
2649.000       1.3849
2650.000       1.3085
2651.000       1.3341
2654.000       1.2876
2656.000       1.2621
2657.000       1.2262
2659.000       1.2088
2660.000       1.2361
2662.000       1.2409
2663.000       1.2109
2664.000       1.2279
2665.000       1.2740
2666.000       1.2314
2668.000       1.2184
2669.000       1.2622
2672.000       1.2041
2673.000       1.1955
2674.000       1.2708
2676.000       1.2538
2678.000       1.3116
2680.000       1.3263
2681.000       1.3503
2682.000       1.4524
2683.000       1.3831
2684.000       1.3163
2685.000       1.3512
2688.000       1.3408
2690.000       1.3134
2691.000       1.3201
2693.000       1.2954
2694.000       1.2764
2696.000       1.2859
2697.000       1.3171
2698.000       1.3808
2699.000       1.4209
2700.000       1.4389
2702.000       1.4474
2703.000       1.5384
2706.000       1.3998
2707.000       1.3306
2708.000       1.3500
2710.000       1.3647
2712.000       1.4487
2714.000       1.4228
2715.000       1.4883
2716.000       1.6089
2717.000       1.5322
2718.000       1.4766
2719.000       1.5305
2722.000       1.5654
2724.000       1.5235
2725.000       1.5441
2727.000       1.4685
2728.000       1.4064
2730.000       1.3881
2731.000       1.4380
2732.000       1.4782
2733.000       1.4838
2734.000       1.5675
2736.000       1.6143
2737.000       1.7282
2740.000       1.5875
2741.000       1.4903
2742.000       1.5961
2744.000       1.6228
2746.000       1.7643
2748.000       1.7321
2749.000       1.7950
2750.000       1.9872
2751.000       1.7554
2752.000       1.7828
2753.000       1.8880
2756.000       1.8718
2758.000       1.7733
2759.000       1.7290
2761.000       1.6105
2762.000       1.5659
2764.000       1.4999
2766.000       1.4787
2767.000       1.4792
2768.000       1.5221
2770.000       1.5860
2771.000       1.6613
2772.000       1.8696
2774.000       1.8274
2776.000       1.9618
2778.000       2.0253
2779.000       2.0919
2780.000       2.3004
2781.000       2.0557
2782.000       2.0432
2783.000       2.1435
2786.000       2.0942
2788.000       1.9752
2789.000       1.9218
2791.000       1.8134
2792.000       1.7825
2794.000       1.7029
2795.000       1.6879
2796.000       1.6626
2797.000       1.6481
2798.000       1.7053
2800.000       1.7556
2801.000       1.8111
2804.000       1.7859
2805.000       1.7521
2806.000       2.1010
2808.000       2.0357
2810.000       2.1422
2812.000       2.2560
2813.000       2.3364
2814.000       2.5432
2815.000       2.3189
2816.000       2.2703
2817.000       2.3353
2820.000       2.2714
2822.000       2.1297
2823.000       2.0928
2825.000       1.9911
2826.000       1.9825
2828.000       1.9107
2830.000       1.8570
2831.000       1.8198
2834.000       1.8838
2835.000       1.9459
2836.000       2.0024
2837.000       2.3148
2839.000       2.2371
2841.000       2.3360
2843.000       2.4858
2844.000       2.5957
2845.000       2.7997
2846.000       2.6026
2847.000       2.5309
2848.000       2.5934
2851.000       2.5469
2853.000       2.4302
2854.000       2.4018
2856.000       2.3028
2857.000       2.2728
2859.000       2.1838
2860.000       2.1646
2861.000       2.1174
2862.000       2.0568
2865.000       2.1718
2866.000       2.2545
2868.000       2.2939
2869.000       2.2452
2870.000       2.5723
2872.000       2.5198
2874.000       2.6288
2876.000       2.7188
2877.000       2.7807
2878.000       2.9773
2879.000       2.7430
2880.000       2.7233
2881.000       2.8079
2884.000       2.7572
2886.000       2.6433
2887.000       2.5907
2889.000       2.4806
2890.000       2.4504
2892.000       2.3607
2893.000       2.3330
2894.000       2.2649
2895.000       2.2037
2896.000       2.3096
2898.000       2.4017
2899.000       2.4708
2902.000       2.4557
2903.000       2.4153
2904.000       2.7438
2906.000       2.6812
2908.000       2.7918
2910.000       2.8753
2911.000       2.9418
2912.000       3.0905
2913.000       2.9321
2914.000       2.8992
2915.000       2.9515
2918.000       2.8982
2920.000       2.8597
2921.000       2.8035
2923.000       2.7404
2924.000       2.7339
2926.000       2.6761
2927.000       2.6392
2928.000       2.5881
2929.000       2.5520
2932.000       2.5925
2933.000       2.6448
2935.000       2.6920
2936.000       2.6837
2937.000       2.8486
2939.000       2.8193
2941.000       2.8778
2943.000       2.8888
2944.000       2.8359
2945.000       2.9594
2946.000       2.8395
2947.000       2.7025
2948.000       2.7222
2951.000       2.6016
2953.000       2.5369
2954.000       2.4370
2956.000       2.3936
2957.000       2.4476
2959.000       2.4036
2960.000       2.3101
2961.000       2.2467
2962.000       2.2606
2963.000       2.1925
2965.000       2.2036
2966.000       2.1893
2969.000       2.2639
2970.000       2.3105
2971.000       2.5192
2973.000       2.4282
2975.000       2.4596
2977.000       2.5680
2978.000       2.5506
2979.000       2.6515
2980.000       2.6138
2981.000       2.4196
2982.000       2.3809
2985.000       2.2817
2987.000       2.2694
2988.000       2.2379
2990.000       2.2434
2991.000       2.3163
2993.000       2.3493
2995.000       2.3134
2996.000       2.3742
2997.000       2.2480
2999.000       2.2074
3000.000       2.1812
3001.000       2.2584
3003.000       2.2629
3005.000       2.3511
3007.000       2.2417
3008.000       2.3210
3009.000       2.4911
3010.000       2.4658
3011.000       2.2534
3012.000       2.2080
3015.000       2.1538
3017.000       2.1860
3018.000       2.1889
3020.000       2.2271
3021.000       2.2502
3023.000       2.3122
3025.000       2.3618
3026.000       2.4453
3027.000       2.3469
3029.000       2.2790
3030.000       2.2996
3031.000       2.1452
3033.000       2.1889
3035.000       2.2333
3037.000       2.1222
3038.000       2.1573
3039.000       2.1284
3040.000       2.2545
3041.000       2.2404
3042.000       2.3478
3045.000       2.4107
3047.000       2.3559
3048.000       2.3879
3050.000       2.3009
3051.000       2.2082
3053.000       2.1612
3055.000       2.2152
3056.000       2.2051
3059.000       2.3082
3060.000       2.3493
3061.000       2.4642
3062.000       2.4399
3064.000       2.4847
3066.000       2.6372
3068.000       2.5594
3069.000       2.6136
3070.000       2.7559
3071.000       2.5398
3072.000       2.6475
3073.000       2.7657
3076.000       2.7935
3078.000       2.7194
3079.000       2.7242
3081.000       2.6030
3082.000       2.5042
3084.000       2.4052
3086.000       2.4164
3087.000       2.3516
3090.000       2.5207
3091.000       2.6146
3092.000       2.7328
3093.000       2.8076
3095.000       2.8157
3097.000       2.9582
3099.000       2.9338
3100.000       2.9718
3101.000       3.1269
3102.000       2.8836
3103.000       2.9818
3104.000       3.1016
3107.000       3.0987
3109.000       3.0124
3110.000       2.9700
3112.000       2.8107
3113.000       2.7240
3115.000       2.5938
3117.000       2.5470
3118.000       2.4577
3119.000       2.6482
3121.000       2.7758
3122.000       2.8763
3123.000       3.0760
3125.000       3.0575
3127.000       3.2003
3129.000       3.1949
3130.000       3.1718
3131.000       3.3576
3132.000       3.0697
3133.000       3.1071
3134.000       3.2323
3137.000       3.1750
3139.000       3.0784
3140.000       2.9953
3142.000       2.8369
3143.000       2.7925
3145.000       2.6636
3147.000       2.5762
3148.000       2.4687
3151.000       2.6274
3152.000       2.7579
3153.000       2.8297
3154.000       3.0987
3156.000       3.0416
3158.000       3.1790
3160.000       3.2136
3161.000       3.1863
3162.000       3.3644
3163.000       3.1121
3164.000       3.0950
3165.000       3.1898
3168.000       3.1079
3170.000       3.0207
3171.000       2.9082
3173.000       2.7612
3174.000       2.7475
3176.000       2.6260
3178.000       2.5120
3179.000       2.4137
3182.000       2.5328
3183.000       2.6589
3184.000       2.7033
3185.000       3.0090
3187.000       2.9355
3189.000       3.0520
3191.000       3.1056
3192.000       3.0622
3193.000       3.2177
3194.000       3.0345
3195.000       2.9321
3196.000       2.9500
3199.000       2.8355
3201.000       2.7697
3202.000       2.6451
3204.000       2.5478
3205.000       2.5750
3207.000       2.5003
3209.000       2.3871
3210.000       2.3317
3213.000       2.3587
3214.000       2.4416
3215.000       2.4439
3216.000       2.7278
3218.000       2.6394
3220.000       2.7121
3222.000       2.7877
3223.000       2.7417
3224.000       2.8614
3225.000       2.7725
3226.000       2.5906
3227.000       2.5819
3230.000       2.4648
3232.000       2.4306
3233.000       2.3427
3235.000       2.3218
3236.000       2.3998
3238.000       2.3706
3239.000       2.2690
3240.000       2.2214
3241.000       2.2607
3242.000       2.1558
3244.000       2.1346
3245.000       2.0971
3248.000       2.1755
3249.000       2.2418
3250.000       2.3885
3252.000       2.3213
3254.000       2.3381
3256.000       2.3986
3257.000       2.3755
3258.000       2.4375
3259.000       2.4232
3260.000       2.3033
3261.000       2.2970
3264.000       2.2515
3266.000       2.2275
3267.000       2.1892
3269.000       2.1550
3270.000       2.2196
3272.000       2.2308
3274.000       2.1762
3275.000       2.2160
3278.000       2.1284
3279.000       2.1129
3280.000       2.0970
3281.000       2.2186
3283.000       2.2031
3285.000       2.2710
3287.000       2.2546
3288.000       2.2553
3289.000       2.3250
3290.000       2.2728
3291.000       2.2530
3292.000       2.3004
3295.000       2.3787
3297.000       2.4140
3298.000       2.4460
3300.000       2.3826
3301.000       2.3162
3303.000       2.2969
3305.000       2.3435
3306.000       2.3578
3307.000       2.4149
3309.000       2.4349
3310.000       2.5250
3311.000       2.3490
3313.000       2.4530
3315.000       2.5948
3317.000       2.3958
3318.000       2.3402
3319.000       2.4622
3320.000       2.2372
3321.000       2.3464
3322.000       2.4756
3325.000       2.5087
3327.000       2.4820
3328.000       2.4597
3330.000       2.3247
3331.000       2.2226
3333.000       2.1414
3335.000       2.1643
3336.000       2.1243
3339.000       2.2604
3340.000       2.3391
3341.000       2.4509
3342.000       2.4323
3344.000       2.4798
3346.000       2.6611
3348.000       2.5270
3349.000       2.4732
3350.000       2.6436
3351.000       2.3455
3352.000       2.4540
3353.000       2.5706
3356.000       2.5581
3358.000       2.5056
3359.000       2.4492
3361.000       2.3030
3362.000       2.2347
3364.000       2.1334
3366.000       2.1005
3367.000       2.0459
3368.000       2.1820
3370.000       2.2761
3371.000       2.3612
3372.000       2.4743
3374.000       2.4747
3376.000       2.6496
3378.000       2.5824
3379.000       2.5381
3380.000       2.7194
3381.000       2.4562
3382.000       2.4577
3383.000       2.5603
3386.000       2.4741
3388.000       2.4143
3389.000       2.2970
3391.000       2.1589
3392.000       2.1313
3394.000       2.0148
3395.000       1.9690
3396.000       1.8837
3397.000       1.8218
3398.000       1.9151
3400.000       2.0021
3401.000       2.0439
3404.000       2.0769
3405.000       2.0601
3406.000       2.3603
3408.000       2.2964
3410.000       2.4025
3412.000       2.4441
3413.000       2.3931
3414.000       2.5552
3415.000       2.3727
3416.000       2.2591
3417.000       2.3047
3420.000       2.1779
3422.000       2.1306
3423.000       2.0123
3425.000       1.9209
3426.000       1.9454
3428.000       1.8737
3430.000       1.7745
3431.000       1.7238
3434.000       1.7745
3435.000       1.8448
3436.000       1.8804
3437.000       2.0761
3439.000       1.9969
3441.000       2.0679
3443.000       2.1396
3444.000       2.1134
3445.000       2.2689
3446.000       2.1162
3447.000       2.0144
3448.000       2.0045
3451.000       1.9230
3453.000       1.8595
3454.000       1.7849
3456.000       1.6942
3457.000       1.7095
3459.000       1.6528
3460.000       1.5856
3461.000       1.5400
3462.000       1.5401
3465.000       1.5468
3466.000       1.6006
3468.000       1.6413
3469.000       1.6223
3470.000       1.8770
3472.000       1.8264
3474.000       1.9441
3476.000       1.9881
3477.000       2.0626
3478.000       2.2513
3479.000       2.0995
3480.000       1.9807
3481.000       2.0343
3484.000       1.9673
3486.000       1.8349
3487.000       1.8535
3489.000       1.7166
3490.000       1.7455
3492.000       1.7166
3494.000       1.6479
3495.000       1.6968
3496.000       1.6002
3498.000       1.6342
3499.000       1.6561
3500.000       2.0127
3502.000       2.1177
3504.000       2.5724
3506.000       2.1440
3507.000       2.3639
3508.000       2.6985
3509.000       2.6448
3510.000       2.2406
3511.000       2.1385
3514.000       2.2330
3516.000       2.3924
3517.000       2.7492
3519.000       2.9950
3520.000       3.4062
3522.000       3.5774
3523.000       3.2579
3524.000       3.3061
3525.000       3.6087
3526.000       3.0488
3528.000       2.7832
3529.000       2.7104
3532.000       2.6893
3533.000       2.9264
3534.000       2.5007
3536.000       2.8133
3538.000       3.2713
3540.000       2.5887
3541.000       2.4316
3542.000       2.4782
3543.000       2.6444
3544.000       2.1651
3545.000       2.0337
3548.000       1.9824
3550.000       2.1834
3551.000       2.2064
3553.000       2.2894
3554.000       2.4844
3556.000       2.6473
3558.000       2.5697
3559.000       2.7340
3562.000       2.4537
3563.000       2.3400
3564.000       2.3856
3565.000       1.9648
3567.000       2.0980
3569.000       2.1598
3571.000       1.9148
3572.000       1.8658
3573.000       1.9957
3574.000       1.9363
3575.000       1.7351
3576.000       1.7294
3579.000       1.6532
3581.000       1.6148
3582.000       1.5387
3584.000       1.4705
3585.000       1.5222
3587.000       1.4858
3589.000       1.3856
3590.000       1.3700
3593.000       1.3512
3594.000       1.3972
3595.000       1.4257
3596.000       1.6261
3598.000       1.5907
3600.000       1.6871
3602.000       1.6900
3603.000       1.6840
3604.000       1.8221
3605.000       1.7211
3606.000       1.5669
3607.000       1.5929
3610.000       1.5032
3612.000       1.4323
3613.000       1.3722
3615.000       1.3195
3616.000       1.3659
3618.000       1.3480
3620.000       1.2930
3621.000       1.3298
3622.000       1.2562
3624.000       1.2602
3625.000       1.2607
3626.000       1.4595
3628.000       1.3925
3630.000       1.4448
3632.000       1.5176
3633.000       1.5541
3634.000       1.6511
3635.000       1.6220
3636.000       1.4888
3637.000       1.4543
3640.000       1.4465
3642.000       1.4623
3643.000       1.4579
3645.000       1.4292
3646.000       1.4838
3648.000       1.4662
3649.000       1.4043
3650.000       1.4022
3651.000       1.4366
3652.000       1.4199
3654.000       1.4238
3655.000       1.5035
3658.000       1.4163
3659.000       1.3989
3660.000       1.4378
3662.000       1.4783
3664.000       1.5740
3666.000       1.4641
3667.000       1.4323
3668.000       1.4779
3669.000       1.4465
3670.000       1.4192
3671.000       1.4855
3674.000       1.5209
3676.000       1.4927
3677.000       1.5315
3679.000       1.4601
3680.000       1.4367
3682.000       1.3941
3683.000       1.3887
3684.000       1.3853
3685.000       1.3885
3686.000       1.4306
3688.000       1.4815
3689.000       1.5636
3692.000       1.4955
3693.000       1.4416
3694.000       1.5530
3696.000       1.5996
3698.000       1.7329
3700.000       1.6573
3701.000       1.6193
3702.000       1.7273
3703.000       1.5635
3704.000       1.6732
3705.000       1.8622
3708.000       1.8434
3710.000       1.7903
3711.000       1.7503
3713.000       1.6458
3714.000       1.6334
3716.000       1.5533
3717.000       1.5213
3718.000       1.4794
3719.000       1.4532
3720.000       1.5135
3722.000       1.5666
3723.000       1.6290
3726.000       1.5996
3727.000       1.5769
3728.000       1.8070
3730.000       1.7946
3732.000       1.9028
3734.000       1.8899
3735.000       1.8719
3736.000       2.0040
3737.000       1.8489
3738.000       1.8115
3739.000       1.8852
3742.000       1.8426
3744.000       1.7836
3745.000       1.7157
3747.000       1.6150
3748.000       1.5878
3750.000       1.5113
3751.000       1.4906
3752.000       1.4542
3753.000       1.4343
3754.000       1.4846
3756.000       1.5423
3757.000       1.5898
3760.000       1.5848
3761.000       1.5562
3762.000       1.7912
3764.000       1.7454
3766.000       1.8629
3768.000       1.9080
3769.000       1.9316
3770.000       2.1001
3771.000       1.9218
3772.000       1.8603
3773.000       1.9222
3776.000       1.8685
3778.000       1.7770
3779.000       1.7302
3781.000       1.6363
3782.000       1.6157
3784.000       1.5393
3785.000       1.5239
3786.000       1.5052
3787.000       1.4919
3788.000       1.5547
3790.000       1.5983
3791.000       1.6703
3794.000       1.6201
3795.000       1.5839
3796.000       1.8564
3798.000       1.8063
3800.000       1.8992
3802.000       1.9672
3803.000       2.0257
3804.000       2.1898
3805.000       2.0168
3806.000       1.9918
3807.000       2.0690
3810.000       2.0374
3812.000       1.9216
3813.000       1.9034
3815.000       1.8038
3816.000       1.7774
3818.000       1.7084
3820.000       1.6726
3821.000       1.6551
3822.000       1.7257
3824.000       1.7842
3825.000       1.8631
3826.000       2.0711
3828.000       2.0299
3830.000       2.1418
3832.000       2.2250
3833.000       2.3274
3834.000       2.5255
3835.000       2.3074
3836.000       2.2882
3837.000       2.3773
3840.000       2.3591
3842.000       2.2430
3843.000       2.2284
3845.000       2.1175
3846.000       2.0624
3848.000       1.9666
3849.000       1.9727
3850.000       1.9402
3851.000       1.8692
3854.000       2.0189
3855.000       2.1117
3857.000       2.1409
3858.000       2.0700
3859.000       2.3930
3861.000       2.3586
3863.000       2.4797
3865.000       2.5352
3866.000       2.5990
3867.000       2.7624
3868.000       2.5828
3869.000       2.5532
3870.000       2.6263
3873.000       2.5813
3875.000       2.4511
3876.000       2.4098
3878.000       2.2857
3879.000       2.2643
3881.000       2.1602
3883.000       2.0722
3884.000       1.9993
3885.000       2.1205
3887.000       2.2252
3888.000       2.2901
3889.000       2.6096
3891.000       2.5418
3893.000       2.6409
3895.000       2.7709
3896.000       2.8557
3897.000       3.0673
3898.000       2.8114
3899.000       2.7942
3900.000       2.8864
3903.000       2.8183
3905.000       2.6912
3906.000       2.6139
3908.000       2.4786
3909.000       2.4545
3911.000       2.3304
3912.000       2.2624
3913.000       2.1341
3914.000       2.0447
3915.000       2.1404
3917.000       2.2545
3918.000       2.2709
3921.000       2.3653
3922.000       2.3607
3923.000       2.7953
3925.000       2.7141
3927.000       2.8175
3929.000       2.9272
3930.000       2.9375
3931.000       3.1223
3932.000       2.8836
3933.000       2.8301
3934.000       2.8998
3937.000       2.7869
3939.000       2.6769
3940.000       2.5557
3942.000       2.4383
3943.000       2.4565
3945.000       2.3496
3946.000       2.2433
3947.000       2.1098
3948.000       2.0630
3949.000       2.0540
3951.000       2.1274
3952.000       2.0908
3955.000       2.2542
3956.000       2.3015
3957.000       2.7081
3959.000       2.6000
3961.000       2.6815
3963.000       2.8088
3964.000       2.7519
3965.000       2.9191
3966.000       2.7436
3967.000       2.5581
3968.000       2.7044
3971.000       2.4811
3973.000       2.3751
3974.000       2.1860
3976.000       2.1397
3977.000       2.2175
3979.000       2.1742
3980.000       2.0491
3981.000       1.9731
3982.000       2.0124
3983.000       1.8730
3985.000       1.8601
3986.000       1.8002
3989.000       1.9395
3990.000       2.0249
3991.000       2.3267
3993.000       2.1178
3995.000       2.1013
3997.000       2.3642
3998.000       2.3451
3999.000       2.3738
4000.000       2.4657
4001.000       2.1799
4002.000       2.0489
4005.000       1.9043
4007.000       1.8747
4008.000       1.8609
4010.000       2.0043
4011.000       2.1115
4013.000       2.2221
4014.000       2.1966
4015.000       2.2964
4016.000       2.4258
4017.000       2.2540
4019.000       2.1289
4020.000       2.1244
4023.000       2.0260
4024.000       2.0666
4025.000       1.9659
4027.000       1.8866
4029.000       1.7517
4031.000       1.9673
4032.000       2.0355
4033.000       2.0051
4034.000       2.1435
4035.000       2.0909
4036.000       2.1725
4039.000       2.1839
4041.000       2.1406
4042.000       2.1432
4044.000       2.1196
4045.000       2.1138
4047.000       2.0815
4048.000       2.0653
4049.000       2.0447
4050.000       2.0282
4053.000       2.0653
4054.000       2.1066
4056.000       2.1254
4057.000       2.0995
4058.000       2.2049
4060.000       2.2008
4062.000       2.2865
4064.000       2.2825
4065.000       2.2835
4066.000       2.3814
4067.000       2.2596
4068.000       2.2500
4069.000       2.3036
4072.000       2.2835
4074.000       2.2110
4075.000       2.1779
4077.000       2.0832
4078.000       2.0826
4080.000       2.0140
4081.000       1.9586
4082.000       1.8947
4083.000       1.8663
4086.000       1.8814
4087.000       1.9304
4089.000       1.9921
4090.000       2.0030
4091.000       2.2911
4093.000       2.2685
4095.000       2.3586
4097.000       2.3686
4098.000       2.4409
4099.000       2.6216
4100.000       2.3512
4101.000       2.4740
4102.000       2.8194
4105.000       2.8477
4107.000       3.1136
4108.000       3.0260
4110.000       3.4280
4111.000       4.0911
4113.000       4.5421
4115.000       4.5520
4116.000       5.1349
4117.000       4.1858
4119.000       3.5758
4120.000       3.5943
4121.000       2.4155
4123.000       2.6373
4125.000       2.5754
4127.000       2.2136
4128.000       2.0796
4129.000       2.0748
4130.000       2.2000
4131.000       1.9402
4132.000       1.8744
4135.000       1.7951
4137.000       1.8912
4138.000       1.7789
4140.000       1.8086
4141.000       1.9040
4143.000       1.9183
4144.000       1.8276
4145.000       1.8131
4146.000       1.8883
4149.000       1.7405
4150.000       1.6847
4152.000       1.6964
4153.000       1.7635
4154.000       1.6604
4156.000       1.6473
4158.000       1.6361
4160.000       1.5885
4161.000       1.5152
4162.000       1.5166
4163.000       1.5955
4164.000       1.4686
4165.000       1.4026
4168.000       1.4046
4170.000       1.4740
4171.000       1.5244
4173.000       1.5879
4174.000       1.6292
4176.000       1.7116
4178.000       1.7575
4179.000       1.8637
4182.000       1.7303
4183.000       1.6480
4184.000       1.6584
4185.000       1.4042
4187.000       1.4830
4189.000       1.5103
4191.000       1.3757
4192.000       1.4000
4193.000       1.4357
4194.000       1.4292
4195.000       1.4633
4196.000       1.5273
4199.000       1.6079
4201.000       1.6387
4202.000       1.7151
4204.000       1.6968
4205.000       1.6487
4207.000       1.6839
4209.000       1.7689
4210.000       1.8380
4213.000       1.8194
4214.000       1.7859
4215.000       1.8691
4216.000       1.6170
4218.000       1.7289
4220.000       1.8599
4222.000       1.6576
4223.000       1.6511
4224.000       1.7550
4225.000       1.5859
4226.000       1.7143
4227.000       1.8562
4230.000       1.9286
4232.000       1.9312
4233.000       1.9593
4235.000       1.8798
4236.000       1.7741
4238.000       1.7429
4240.000       1.8268
4241.000       1.8439
4244.000       1.9313
4245.000       1.9556
4246.000       2.0812
4247.000       1.8839
4249.000       1.9743
4251.000       2.1773
4253.000       1.9811
4254.000       1.9249
4255.000       2.1109
4256.000       1.8168
4257.000       1.9255
4258.000       2.1326
4261.000       2.1125
4263.000       2.1378
4264.000       2.0885
4266.000       1.9957
4267.000       1.9268
4269.000       1.8893
4270.000       1.9348
4271.000       1.9532
4272.000       1.9193
4275.000       2.0330
4276.000       2.0916
4278.000       2.0858
4279.000       2.0010
4280.000       1.9297
4282.000       2.1413
4284.000       2.8531
4286.000       2.3274
4287.000       2.2703
4288.000       2.5587
4289.000       2.1135
4290.000       2.2369
4291.000       2.4593
4294.000       2.4479
4296.000       2.3819
4297.000       2.3203
4299.000       2.1638
4300.000       2.0695
4302.000       1.9496
4304.000       1.9269
4305.000       1.8629
4306.000       2.0343
4308.000       2.1483
4309.000       2.2678
4310.000       2.3359
4312.000       2.3362
4314.000       2.5389
4316.000       2.4547
4317.000       2.4014
4318.000       2.5962
4319.000       2.3065
4320.000       2.3142
4321.000       2.4286
4324.000       2.3463
4326.000       2.2912
4327.000       2.1734
4329.000       2.0277
4330.000       1.9920
4332.000       1.8705
4333.000       1.8311
4334.000       1.7548
4335.000       1.6808
4338.000       1.7957
4339.000       1.8941
4341.000       1.9640
4342.000       1.9304
4343.000       2.2278
4345.000       2.1704
4347.000       2.2901
4349.000       2.3072
4350.000       2.2585
4351.000       2.4194
4352.000       2.2427
4353.000       2.1229
4354.000       2.1632
4357.000       2.0537
4359.000       1.9998
4360.000       1.8978
4362.000       1.8050
4363.000       1.8296
4365.000       1.7488
4367.000       1.6454
4368.000       1.5927
4371.000       1.6505
4372.000       1.7282
4373.000       1.7681
4374.000       1.9647
4376.000       1.9011
4378.000       1.9938
4380.000       2.0240
4381.000       2.0207
4382.000       2.1470
4383.000       2.0617
4384.000       1.9108
4385.000       1.9337
4388.000       1.8611
4390.000       1.8041
4391.000       1.7475
4393.000       1.6673
4394.000       1.6958
4396.000       1.6424
4398.000       1.5510
4399.000       1.5188
4402.000       1.5411
4403.000       1.6029
4404.000       1.6419
4405.000       1.8395
4407.000       1.7977
4409.000       1.8833
4411.000       1.9247
4412.000       1.9378
4413.000       2.0897
4414.000       1.9155
4415.000       1.9322
4416.000       2.0200
4419.000       1.9701
4421.000       1.9008
4422.000       1.8284
4424.000       1.7219
4425.000       1.7185
4427.000       1.6282
4428.000       1.5723
4429.000       1.5067
4430.000       1.4591
4433.000       1.5333
4434.000       1.6140
4436.000       1.6643
4437.000       1.6394
4438.000       1.9184
4440.000       1.8710
4442.000       1.9752
4444.000       2.0108
4445.000       2.0062
4446.000       2.1579
4447.000       1.9944
4448.000       1.9142
4449.000       1.9615
4452.000       1.8823
4454.000       1.8093
4455.000       1.7298
4457.000       1.6368
4458.000       1.6409
4460.000       1.5735
4462.000       1.4906
4463.000       1.4467
4466.000       1.4940
4467.000       1.5699
4468.000       1.6106
4469.000       1.8470
4471.000       1.7780
4473.000       1.8556
4475.000       1.9394
4476.000       1.9803
4477.000       2.1402
4478.000       2.0056
4479.000       1.8740
4480.000       1.9012
4483.000       1.8006
4485.000       1.7206
4486.000       1.6239
4488.000       1.5444
4489.000       1.5892
4491.000       1.5532
4493.000       1.4690
4494.000       1.4798
4495.000       1.4269
4497.000       1.4596
4498.000       1.4575
4499.000       1.7723
4501.000       1.6873
4503.000       1.7430
4505.000       1.8575
4506.000       1.8441
4507.000       2.0675
4508.000       1.8825
4509.000       1.6432
4510.000       1.6857
4513.000       1.5671
4515.000       1.5141
4516.000       1.4175
4518.000       1.3587
4519.000       1.3608
4521.000       1.3666
4522.000       1.3821
4523.000       1.4900
4524.000       1.5766
4525.000       1.5892
4527.000       1.5654
4528.000       1.7206
4531.000       1.4653
4532.000       1.3769
4533.000       1.4889
4535.000       1.4452
4537.000       1.5557
4539.000       1.5601
4540.000       1.5520
4541.000       1.6695
4542.000       1.6777
4543.000       1.3868
4544.000       1.3428
4547.000       1.2473
4549.000       1.2388
4550.000       1.2349
4552.000       1.3008
4553.000       1.4047
4555.000       1.5632
4557.000       1.6291
4558.000       1.8385
4559.000       1.5482
4561.000       1.4026
4562.000       1.4769
4563.000       1.2280
4565.000       1.2307
4567.000       1.2986
4569.000       1.2690
4570.000       1.2935
4571.000       1.4200
4572.000       1.3230
4573.000       1.3103
4574.000       1.4029
4577.000       1.4265
4579.000       1.4121
4580.000       1.4281
4582.000       1.3652
4583.000       1.3247
4585.000       1.3338
4587.000       1.3851
4588.000       1.4490
4591.000       1.4376
4592.000       1.4286
4593.000       1.5372
4594.000       1.4135
4596.000       1.4711
4598.000       1.6334
4600.000       1.5121
4601.000       1.5636
4602.000       1.7376
4603.000       1.5354
4604.000       1.5897
4605.000       1.7227
4608.000       1.7624
4610.000       1.7020
4611.000       1.7172
4613.000       1.6144
4614.000       1.5330
4616.000       1.5153
4617.000       1.5900
4618.000       1.6758
4619.000       1.7003
4622.000       1.8011
4623.000       1.8368
4625.000       1.7801
4626.000       1.6514
4627.000       1.7684
4629.000       1.8082
4631.000       1.9924
4633.000       1.9144
4634.000       1.9783
4635.000       2.1754
4636.000       1.9383
4637.000       1.9753
4638.000       2.0983
4641.000       2.1045
4643.000       1.9996
4644.000       2.0085
4646.000       1.8950
4647.000       1.8038
4649.000       1.7426
4651.000       1.7911
4652.000       1.8004
4655.000       1.8956
4656.000       1.9428
4657.000       2.0819
4658.000       2.1447
4660.000       2.1406
4662.000       2.2906
4664.000       2.3162
4665.000       2.4131
4666.000       2.6375
4667.000       2.3450
4668.000       2.4321
4669.000       2.5905
4672.000       2.6111
4674.000       2.4768
4675.000       2.4925
4677.000       2.3638
4678.000       2.2587
4680.000       2.2023
4681.000       2.2915
4682.000       2.3522
4683.000       2.3378
4684.000       2.4936
4686.000       2.5616
4687.000       2.7171
4690.000       2.5212
4691.000       2.3866
4692.000       2.6721
4694.000       2.6715
4696.000       2.8459
4698.000       2.8808
4699.000       3.0047
4700.000       3.2589
4701.000       2.9297
4702.000       3.0088
4703.000       3.1526
4706.000       3.1697
4708.000       3.0040
4709.000       3.0267
4711.000       2.8815
4712.000       2.7617
4714.000       2.6789
4715.000       2.7627
4716.000       2.7870
4717.000       2.7285
4718.000       2.9439
4720.000       3.0519
4721.000       3.2219
4724.000       3.0332
4725.000       2.8872
4726.000       3.2601
4728.000       3.2403
4730.000       3.4116
4732.000       3.4951
4733.000       3.6407
4734.000       3.9084
4735.000       3.5485
4736.000       3.6531
4737.000       3.8175
4740.000       3.8347
4742.000       3.6355
4743.000       3.6484
4745.000       3.4641
4746.000       3.3315
4748.000       3.2101
4749.000       3.2695
4750.000       3.2467
4751.000       3.1347
4754.000       3.3852
4755.000       3.5337
4757.000       3.5686
4758.000       3.4292
4759.000       3.9238
4761.000       3.8874
4763.000       4.0921
4765.000       4.1901
4766.000       4.3379
4767.000       4.6263
4768.000       4.2131
4769.000       4.3525
4770.000       4.5508
4773.000       4.5465
4775.000       4.3148
4776.000       4.2851
4778.000       4.0518
4779.000       3.9254
4781.000       3.7632
4782.000       3.7808
4783.000       3.6886
4784.000       3.5585
4785.000       3.8101
4787.000       3.9979
4788.000       4.1359
4791.000       4.0859
4792.000       3.9670
4793.000       4.6106
4795.000       4.5404
4797.000       4.7630
4799.000       4.9000
4800.000       5.0201
4801.000       5.3474
4802.000       4.8966
4803.000       4.9565
4804.000       5.1287
4807.000       5.0570
4809.000       4.7605
4810.000       4.6731
4812.000       4.4456
4813.000       4.3761
4815.000       4.2051
4816.000       4.1509
4817.000       4.0248
4818.000       3.9337
4819.000       4.0698
4821.000       4.2144
4822.000       4.2848
4825.000       4.3428
4826.000       4.3002
4827.000       5.1333
4829.000       4.9628
4831.000       5.1375
4833.000       5.4607
4834.000       5.6621
4835.000       6.0161
4836.000       5.6388
4837.000       5.5165
4838.000       5.5607
4841.000       5.4096
4843.000       5.0960
4844.000       5.0728
4846.000       4.8699
4847.000       4.9104
4849.000       4.7895
4851.000       4.6205
4852.000       4.5536
4853.000       4.5900
4855.000       4.7060
4856.000       4.7094
4857.000       5.5915
4859.000       5.3937
4861.000       5.4789
4863.000       5.6511
4864.000       5.9265
4865.000       6.2360
4866.000       6.0571
4867.000       5.7505
4868.000       5.5444
4871.000       5.1886
4873.000       5.0861
4874.000       4.8162
4876.000       4.8526
4877.000       5.1556
4879.000       5.2927
4881.000       5.1174
4882.000       5.3300
4885.000       4.8181
4886.000       4.6738
4887.000       4.4687
4888.000       5.0076
4890.000       4.8181
4892.000       4.8557
4894.000       5.0922
4895.000       5.0594
4896.000       5.2695
4897.000       5.1988
4898.000       4.7580
4899.000       4.6455
4902.000       4.4055
4904.000       4.3931
4905.000       4.3881
4907.000       4.5615
4908.000       4.7370
4910.000       4.9669
4912.000       5.0823
4913.000       5.3731
4914.000       4.9406
4916.000       4.6722
4917.000       4.6506
4918.000       4.3822
4920.000       4.4364
4922.000       4.4654
4924.000       4.2426
4925.000       4.2304
4926.000       4.4683
4927.000       4.1455
4928.000       4.1508
4929.000       4.3480
4932.000       4.3303
4934.000       4.2769
4935.000       4.1890
4937.000       3.9644
4938.000       3.8426
4940.000       3.6671
4942.000       3.6163
4943.000       3.4885
4946.000       3.7471
4947.000       3.9220
4948.000       4.0753
4949.000       4.1644
4951.000       4.1787
4953.000       4.4153
4955.000       4.2792
4956.000       4.1431
4957.000       4.3685
4958.000       3.9457
4959.000       4.0625
4960.000       4.2698
4963.000       4.2036
4965.000       4.1185
4966.000       3.9768
4968.000       3.7339
4969.000       3.6206
4971.000       3.4239
4973.000       3.3296
4974.000       3.1953
4975.000       3.4591
4977.000       3.6564
4978.000       3.7938
4979.000       4.0145
4981.000       3.9735
4983.000       4.2079
4985.000       4.1450
4986.000       4.0121
4987.000       4.2420
4988.000       3.8437
4989.000       3.8910
4990.000       4.0460
4993.000       3.9381
4995.000       3.8513
4996.000       3.6761
4998.000       3.4482
4999.000       3.3948
5001.000       3.2099
5003.000       3.0765
5004.000       2.9232
5007.000       3.1371
5008.000       3.3211
5009.000       3.4086
5010.000       3.7383
5012.000       3.6607
5014.000       3.8537
5016.000       3.8486
5017.000       3.7185
5018.000       3.9235
5019.000       3.6161
5020.000       3.5424
5021.000       3.6417
5024.000       3.4959
5026.000       3.4194
5027.000       3.2337
5029.000       3.0497
5030.000       3.0615
5032.000       2.9141
5034.000       2.7494
5035.000       2.6303
5038.000       2.7442
5039.000       2.8919
5040.000       2.9233
5041.000       3.3102
5043.000       3.2099
5045.000       3.3426
5047.000       3.3926
5048.000       3.2783
5049.000       3.4774
5050.000       3.2263
5051.000       3.0800
5052.000       3.1496
5055.000       3.0028
5057.000       2.9163
5058.000       2.7475
5060.000       2.6026
5061.000       2.6346
5063.000       2.4874
5064.000       2.3449
5065.000       2.1769
5066.000       2.1061
5067.000       2.1353
5069.000       2.2420
5070.000       2.2420
5073.000       2.3843
5074.000       2.4274
5075.000       2.8550
5077.000       2.7486
5079.000       2.8642
5081.000       2.9474
5082.000       2.8846
5083.000       3.0547
5084.000       2.8838
5085.000       2.7135
5086.000       2.7536
5089.000       2.6171
5091.000       2.5240
5092.000       2.3880
5094.000       2.2687
5095.000       2.3249
5097.000       2.2509
5099.000       2.0935
5100.000       2.0489
5101.000       2.0523
5103.000       2.1417
5104.000       2.1523
5105.000       2.5230
5107.000       2.4190
5109.000       2.5226
5111.000       2.6303
5112.000       2.6244
5113.000       2.8081
5114.000       2.6238
5115.000       2.4884
5116.000       2.5454
5119.000       2.4332
5121.000       2.3121
5122.000       2.1927
5124.000       2.0623
5125.000       2.0969
5127.000       1.9925
5128.000       1.8589
5129.000       1.7266
5130.000       1.7027
5131.000       1.6647
5133.000       1.7416
5134.000       1.7302
5137.000       1.8706
5138.000       1.9110
5139.000       2.3834
5141.000       2.2768
5143.000       2.3856
5145.000       2.5274
5146.000       2.5081
5147.000       2.7787
5148.000       2.4665
5149.000       2.3349
5150.000       2.4709
5153.000       2.2774
5155.000       2.1112
5156.000       1.9356
5158.000       1.7895
5159.000       1.8625
5161.000       1.8129
5162.000       1.6777
5163.000       1.6696
5164.000       1.7951
5165.000       1.6258
5167.000       1.6140
5168.000       1.6934
5171.000       1.6460
5172.000       1.6634
5173.000       2.1500
5175.000       1.9923
5177.000       2.1753
5179.000       2.3542
5180.000       2.3607
5181.000       2.7070
5182.000       2.5335
5183.000       2.0018
5184.000       1.9672
5187.000       1.7001
5189.000       1.5805
5190.000       1.5134
5192.000       1.6359
5193.000       1.8866
5195.000       2.1358
5196.000       2.0686
5197.000       2.4081
5198.000       2.8051
5201.000       2.5045
5202.000       2.2748
5204.000       1.9144
5205.000       1.7943
5206.000       1.6444
5208.000       1.6327
5210.000       1.6874
5212.000       1.5722
5213.000       1.6152
5214.000       1.6777
5215.000       1.7610
5216.000       1.5375
5217.000       1.4425
5220.000       1.2519
5222.000       1.2397
5223.000       1.3178
5225.000       1.3220
5226.000       1.3645
5228.000       1.3888
5229.000       1.3562
5230.000       1.3882
5231.000       1.4538
5232.000       1.3781
5234.000       1.3397
5235.000       1.3674
5238.000       1.3130
5239.000       1.3178
5240.000       1.3383
5242.000       1.4610
5244.000       1.6908
5246.000       1.3173
5247.000       1.3257
5248.000       1.3884
5249.000       1.3920
5250.000       1.3460
5251.000       1.3556
5254.000       1.4192
5256.000       1.5326
5257.000       1.5533
5259.000       1.6842
5260.000       1.8007
5262.000       1.9749
5263.000       2.0418
5264.000       2.3913
5265.000       2.5915
5268.000       2.6938
5269.000       2.6305
5271.000       2.2421
5272.000       1.9364
5273.000       1.4127
5275.000       1.4843
5277.000       1.6073
5279.000       1.4815
5280.000       1.4768
5281.000       1.6136
5282.000       1.4640
5283.000       1.4378
5284.000       1.4926
5287.000       1.4391
5289.000       1.4157
5290.000       1.3681
5292.000       1.3140
5293.000       1.2838
5295.000       1.2537
5296.000       1.2602
5297.000       1.2693
5298.000       1.2734
5299.000       1.3162
5301.000       1.3490
5302.000       1.4231
5305.000       1.3456
5306.000       1.2985
5307.000       1.3787
5309.000       1.3719
5311.000       1.4508
5313.000       1.4124
5314.000       1.3632
5315.000       1.4314
5316.000       1.3921
5317.000       1.3114
5318.000       1.3445
5321.000       1.3528
5323.000       1.3473
5324.000       1.3557
5326.000       1.3119
5327.000       1.2835
5329.000       1.2720
5331.000       1.2886
5332.000       1.3110
5335.000       1.3249
5336.000       1.3387
5337.000       1.4115
5338.000       1.3616
5340.000       1.3977
5342.000       1.5083
5344.000       1.4475
5345.000       1.5196
5346.000       1.6593
5347.000       1.5271
5348.000       1.5381
5349.000       1.6232
5352.000       1.6523
5354.000       1.6103
5355.000       1.6077
5357.000       1.5215
5358.000       1.4758
5360.000       1.4401
5362.000       1.4553
5363.000       1.4669
5366.000       1.5042
5367.000       1.5352
5368.000       1.6161
5369.000       1.6676
5371.000       1.6911
5373.000       1.8275
5375.000       1.7865
5376.000       1.8446
5377.000       2.0346
5378.000       1.8030
5379.000       1.8569
5380.000       1.9901
5383.000       2.0107
5385.000       1.9020
5386.000       1.9066
5388.000       1.7967
5389.000       1.7299
5391.000       1.6955
5392.000       1.7459
5393.000       1.8019
5394.000       1.8244
5395.000       1.8957
5397.000       1.9352
5398.000       2.0601
5401.000       1.9024
5402.000       1.8049
5403.000       2.0551
5405.000       2.0567
5407.000       2.2252
5409.000       2.2444
5410.000       2.3568
5411.000       2.5895
5412.000       2.3091
5413.000       2.3539
5414.000       2.4851
5417.000       2.4975
5419.000       2.3457
5420.000       2.3680
5422.000       2.2521
5423.000       2.1764
5425.000       2.1169
5427.000       2.1483
5428.000       2.1635
5429.000       2.2322
5431.000       2.2815
5432.000       2.4005
5433.000       2.5782
5435.000       2.5615
5437.000       2.7361
5439.000       2.8015
5440.000       2.9581
5441.000       3.2103
5442.000       2.8929
5443.000       2.9833
5444.000       3.1278
5447.000       3.1352
5449.000       2.9450
5450.000       2.9626
5452.000       2.8098
5453.000       2.7105
5455.000       2.6162
5457.000       2.6295
5458.000       2.5909
5461.000       2.7400
5462.000       2.8232
5463.000       2.9591
5464.000       3.2251
5466.000       3.1940
5468.000       3.3894
5470.000       3.4781
5471.000       3.6403
5472.000       3.9187
5473.000       3.5486
5474.000       3.6681
5475.000       3.8686
5478.000       3.8819
5480.000       3.6443
5481.000       3.6631
5483.000       3.4787
5484.000       3.3451
5486.000       3.2404
5487.000       3.3143
5488.000       3.3195
5489.000       3.2537
5490.000       3.4757
5492.000       3.6110
5493.000       3.7926
5496.000       3.6159
5497.000       3.4635
5498.000       4.0076
5500.000       3.9564
5502.000       4.1624
5504.000       4.3140
5505.000       4.5154
5506.000       4.8353
5507.000       4.3965
5508.000       4.5450
5509.000       4.7277
5512.000       4.7484
5514.000       4.4602
5515.000       4.4756
5517.000       4.2598
5518.000       4.1109
5520.000       3.9674
5521.000       4.0301
5522.000       3.9893
5523.000       3.8832
5524.000       4.1484
5526.000       4.3211
5527.000       4.5007
5530.000       4.3689
5531.000       4.2148
5532.000       4.9073
5534.000       4.8191
5536.000       5.0309
5538.000       5.2638
5539.000       5.4891
5540.000       5.8658
5541.000       5.3843
5542.000       5.4476
5543.000       5.6251
5546.000       5.5780
5548.000       5.2428
5549.000       5.2136
5551.000       4.9471
5552.000       4.8702
5554.000       4.6858
5556.000       4.5661
5557.000       4.4507
5558.000       4.6506
5560.000       4.8379
5561.000       4.9408
5562.000       5.7300
5564.000       5.5680
5566.000       5.8060
5568.000       6.0901
