   2.000       4.7628
   3.000       4.9132
   6.000       4.8467
   8.000       4.8054
   9.000       4.6149
  11.000       4.2933
  12.000       4.1723
  14.000       3.9135
  15.000       3.8635
  16.000       3.6649
  17.000       3.4794
  18.000       3.7609
  20.000       4.0127
  21.000       4.1244
  24.000       4.1911
  25.000       4.1052
  26.000       4.5712
  28.000       4.5667
  30.000       4.8838
  32.000       4.7026
  33.000       4.4463
  34.000       4.3547
  35.000       4.7218
  36.000       4.1308
  37.000       4.1938
  40.000       4.0994
  42.000       4.0295
  43.000       3.8273
  45.000       3.5563
  46.000       3.4846
  48.000       3.2527
  49.000       3.1616
  50.000       2.9546
  51.000       2.8005
  52.000       2.9942
  54.000       3.2025
  55.000       3.2553
  58.000       3.3886
  59.000       3.3564
  60.000       3.8514
  62.000       3.7882
  64.000       4.0267
  66.000       3.9638
  67.000       3.7729
  68.000       4.0123
  69.000       3.6386
  70.000       3.5446
  71.000       3.6600
  74.000       3.4604
  76.000       3.3837
  77.000       3.1231
  79.000       2.9042
  80.000       2.9257
  82.000       2.7294
  83.000       2.5547
  84.000       2.3467
  85.000       2.2447
  88.000       2.2972
  89.000       2.4418
  91.000       2.6280
  92.000       2.6724
  93.000       3.1987
  95.000       3.0570
  97.000       3.2026
  99.000       3.2786
 100.000       3.1158
 101.000       3.3269
 102.000       3.0828
 103.000       2.8369
 104.000       2.8825
 107.000       2.6573
 109.000       2.5830
 110.000       2.3396
 112.000       2.1794
 113.000       2.2769
 115.000       2.1675
 117.000       1.9345
 118.000       1.8543
 121.000       1.8554
 122.000       1.9853
 123.000       1.9865
 124.000       2.4293
 126.000       2.2738
 128.000       2.3748
 130.000       2.4849
 131.000       2.3780
 132.000       2.5412
 133.000       2.4049
 134.000       2.1567
 135.000       2.1496
 138.000       1.9769
 140.000       1.9253
 141.000       1.7527
 143.000       1.6590
 144.000       1.7461
 146.000       1.6722
 147.000       1.5090
 148.000       1.4084
 149.000       1.4358
 152.000       1.3588
 153.000       1.4080
 155.000       1.4799
 156.000       1.5172
 157.000       1.8302
 159.000       1.7278
 161.000       1.8309
 163.000       1.8890
 164.000       1.8577
 165.000       2.0061
 166.000       1.9521
 167.000       1.6797
 168.000       1.6863
 171.000       1.5731
 173.000       1.4928
 174.000       1.4094
 176.000       1.3446
 177.000       1.4038
 179.000       1.4127
 181.000       1.3378
 182.000       1.3896
 183.000       1.2856
 185.000       1.3049
 186.000       1.3683
 187.000       1.5250
 189.000       1.4616
 191.000       1.5730
 193.000       1.6291
 194.000       1.6486
 195.000       1.8344
 196.000       1.7264
 197.000       1.4871
 198.000       1.4901
 201.000       1.3591
 203.000       1.2835
 204.000       1.2335
 206.000       1.2327
 207.000       1.2919
 209.000       1.3733
 211.000       1.3823
 212.000       1.5064
 213.000       1.3212
 215.000       1.2606
 216.000       1.3102
 217.000       1.3444
 219.000       1.2762
 221.000       1.3432
 223.000       1.4584
 224.000       1.4875
 225.000       1.6907
 226.000       1.6213
 227.000       1.3702
 228.000       1.4584
 231.000       1.4514
 233.000       1.4093
 234.000       1.3303
 236.000       1.2517
 237.000       1.2451
 239.000       1.2175
 241.000       1.1889
 242.000       1.2136
 243.000       1.1998
 245.000       1.2357
 246.000       1.3079
 247.000       1.4329
 249.000       1.3420
 251.000       1.4391
 253.000       1.5776
 254.000       1.6558
 255.000       1.8311
 256.000       1.7683
 257.000       1.6637
 258.000       1.8400
 261.000       1.6813
 263.000       1.8911
 264.000       1.8303
 266.000       1.7115
 267.000       1.7934
 269.000       1.7099
 270.000       1.5430
 271.000       1.4220
 272.000       1.4364
 275.000       1.3443
 276.000       1.3854
 278.000       1.4841
 279.000       1.5536
 280.000       1.6268
 282.000       1.7781
 284.000       2.0004
 286.000       1.7580
 287.000       1.7405
 288.000       2.0396
 289.000       1.8173
 290.000       1.4954
 291.000       1.5262
 294.000       1.3534
 296.000       1.3579
 297.000       1.3547
 299.000       1.3670
 300.000       1.4339
 302.000       1.4714
 303.000       1.4272
 304.000       1.4770
 305.000       1.5743
 308.000       1.4789
 309.000       1.4269
 311.000       1.3726
 312.000       1.3709
 313.000       1.4066
 315.000       1.4119
 317.000       1.4720
 319.000       1.4919
 320.000       1.5272
 321.000       1.6929
 322.000       1.7123
 323.000       1.5101
 324.000       1.5608
 327.000       1.5302
 329.000       1.4672
 330.000       1.4302
 332.000       1.3361
 333.000       1.3166
 335.000       1.2863
 337.000       1.2581
 338.000       1.2742
 339.000       1.2992
 341.000       1.3401
 342.000       1.4309
 343.000       1.5172
 345.000       1.4892
 347.000       1.6679
 349.000       1.6902
 350.000       1.7479
 351.000       2.0123
 352.000       1.7541
 353.000       1.6647
 354.000       1.8165
 357.000       1.7957
 359.000       1.7637
 360.000       1.7572
 362.000       1.6674
 363.000       1.5911
 365.000       1.5937
 367.000       1.6809
 368.000       1.7745
 371.000       1.7865
 372.000       1.7773
 373.000       1.9623
 374.000       1.6996
 376.000       1.7630
 378.000       1.9952
 380.000       1.8039
 381.000       1.7604
 382.000       1.9339
 383.000       1.7570
 384.000       1.6562
 385.000       1.7114
 388.000       1.6253
 390.000       1.5948
 391.000       1.5018
 393.000       1.4161
 394.000       1.4286
 396.000       1.3661
 397.000       1.3096
 398.000       1.2709
 399.000       1.2833
 400.000       1.2703
 402.000       1.3021
 403.000       1.3259
 406.000       1.3427
 407.000       1.3426
 408.000       1.5438
 410.000       1.5029
 412.000       1.6036
 414.000       1.6111
 415.000       1.6073
 416.000       1.7528
 417.000       1.6424
 418.000       1.5065
 419.000       1.5283
 422.000       1.4502
 424.000       1.4093
 425.000       1.3540
 427.000       1.2997
 428.000       1.3153
 430.000       1.2924
 432.000       1.2545
 433.000       1.2673
 436.000       1.2572
 437.000       1.2784
 438.000       1.3249
 439.000       1.4196
 441.000       1.3942
 443.000       1.4845
 445.000       1.5017
 446.000       1.5492
 447.000       1.7119
 448.000       1.5901
 449.000       1.4804
 450.000       1.5315
 453.000       1.4858
 455.000       1.4417
 456.000       1.4070
 458.000       1.3424
 459.000       1.3368
 461.000       1.2916
 462.000       1.2684
 463.000       1.2549
 464.000       1.2550
 465.000       1.2843
 467.000       1.3201
 468.000       1.3782
 471.000       1.3336
 472.000       1.3045
 473.000       1.4756
 475.000       1.4562
 477.000       1.5631
 479.000       1.5735
 480.000       1.6344
 481.000       1.7942
 482.000       1.6832
 483.000       1.5720
 484.000       1.6093
 487.000       1.5594
 489.000       1.5032
 490.000       1.4725
 492.000       1.4297
 493.000       1.4352
 495.000       1.4251
 497.000       1.4084
 498.000       1.4362
 499.000       1.4143
 501.000       1.4242
 502.000       1.4731
 503.000       1.5555
 505.000       1.5261
 507.000       1.6104
 509.000       1.6451
 510.000       1.6885
 511.000       1.8423
 512.000       1.7204
 513.000       1.6169
 514.000       1.6459
 517.000       1.5991
 519.000       1.5598
 520.000       1.5134
 522.000       1.4529
 523.000       1.4487
 525.000       1.4070
 526.000       1.3789
 527.000       1.3518
 528.000       1.3497
 529.000       1.3639
 531.000       1.4035
 532.000       1.4411
 535.000       1.4313
 536.000       1.4116
 537.000       1.5733
 539.000       1.5425
 541.000       1.6265
 543.000       1.6488
 544.000       1.6647
 545.000       1.8131
 546.000       1.6794
 547.000       1.5888
 548.000       1.6671
 551.000       1.5876
 553.000       1.5398
 554.000       1.4434
 556.000       1.3663
 557.000       1.3967
 559.000       1.3622
 560.000       1.2889
 561.000       1.2595
 562.000       1.3048
 563.000       1.2353
 565.000       1.2463
 566.000       1.2660
 569.000       1.2845
 570.000       1.2953
 571.000       1.5216
 573.000       1.4673
 575.000       1.5721
 577.000       1.6056
 578.000       1.5978
 579.000       1.7587
 580.000       1.6031
 581.000       1.4962
 582.000       1.5412
 585.000       1.4610
 587.000       1.3963
 588.000       1.3006
 590.000       1.2224
 591.000       1.2462
 593.000       1.2006
 594.000       1.1323
 595.000       1.1008
 596.000       1.1397
 599.000       1.0853
 600.000       1.1035
 602.000       1.1429
 603.000       1.1497
 604.000       1.4192
 606.000       1.3395
 608.000       1.4125
 610.000       1.5189
 611.000       1.5537
 612.000       1.7054
 613.000       1.5838
 614.000       1.4598
 615.000       1.4748
 618.000       1.4022
 620.000       1.3012
 621.000       1.2750
 623.000       1.2320
 624.000       1.2872
 626.000       1.2959
 628.000       1.2684
 629.000       1.3388
 630.000       1.2204
 632.000       1.1920
 633.000       1.1864
 634.000       1.4524
 636.000       1.3824
 638.000       1.4637
 640.000       1.5284
 641.000       1.6421
 642.000       1.7353
 643.000       1.7298
 644.000       1.6628
 645.000       1.6952
 648.000       1.7114
 650.000       1.6143
 651.000       1.6430
 653.000       1.5206
 654.000       1.4978
 656.000       1.4549
 657.000       1.4554
 658.000       1.4880
 659.000       1.5149
 662.000       1.5623
 663.000       1.5933
 665.000       1.5676
 666.000       1.4958
 667.000       1.8366
 669.000       1.8087
 671.000       2.1199
 673.000       1.9884
 674.000       2.2972
 675.000       2.5021
 676.000       2.6027
 677.000       2.2329
 678.000       2.2196
 681.000       2.1887
 683.000       2.3713
 684.000       2.3384
 686.000       2.5437
 687.000       2.6779
 689.000       2.9195
 691.000       3.0503
 692.000       3.3189
 693.000       3.0591
 695.000       2.8384
 696.000       3.0926
 697.000       2.0197
 699.000       2.1428
 701.000       2.1364
 703.000       1.9776
 704.000       1.8722
 705.000       1.9623
 706.000       1.9574
 707.000       1.6725
 708.000       1.6281
 711.000       1.4652
 713.000       1.4220
 714.000       1.2957
 716.000       1.2814
 717.000       1.3642
 719.000       1.3385
 720.000       1.2321
 721.000       1.1951
 722.000       1.2454
 723.000       1.1485
 725.000       1.1328
 726.000       1.1428
 729.000       1.1560
 730.000       1.2025
 731.000       1.3989
 733.000       1.2782
 735.000       1.2888
 737.000       1.4802
 738.000       1.5351
 739.000       1.6954
 740.000       1.6416
 741.000       1.3753
 742.000       1.3428
 745.000       1.2388
 747.000       1.1457
 748.000       1.0983
 750.000       1.0743
 751.000       1.1575
 753.000       1.1670
 754.000       1.0750
 755.000       1.0841
 756.000       1.1729
 757.000       1.0498
 759.000       1.0144
 760.000       1.0485
 763.000       0.9999
 764.000       1.0228
 765.000       1.2580
 767.000       1.1744
 769.000       1.2549
 771.000       1.3932
 772.000       1.4399
 773.000       1.5296
 774.000       1.5480
 775.000       1.4480
 776.000       1.4726
 779.000       1.4427
 781.000       1.4531
 782.000       1.5426
 784.000       1.4115
 785.000       1.4121
 787.000       1.3835
 789.000       1.3511
 790.000       1.3779
 793.000       1.3488
 794.000       1.3776
 795.000       1.4296
 796.000       1.4615
 798.000       1.8091
 800.000       2.4712
 802.000       1.4976
 803.000       1.5700
 804.000       1.8853
 805.000       1.6596
 806.000       1.4462
 807.000       1.5688
 810.000       1.5372
 812.000       1.5108
 813.000       1.4823
 815.000       1.4196
 816.000       1.4031
 818.000       1.3750
 819.000       1.3676
 820.000       1.3704
 821.000       1.3768
 824.000       1.4067
 825.000       1.4386
 827.000       1.4398
 828.000       1.3995
 829.000       1.4633
 831.000       1.5009
 833.000       1.6904
 835.000       1.5728
 836.000       1.5981
 837.000       1.7767
 838.000       1.5929
 839.000       1.5501
 840.000       1.6310
 843.000       1.5772
 845.000       1.5165
 846.000       1.4637
 848.000       1.3859
 849.000       1.3785
 851.000       1.3328
 853.000       1.2890
 854.000       1.2742
 857.000       1.3070
 858.000       1.3566
 859.000       1.4174
 860.000       1.5376
 862.000       1.5000
 864.000       1.6112
 866.000       1.6405
 867.000       1.6604
 868.000       1.8286
 869.000       1.6691
 870.000       1.5805
 871.000       1.6349
 874.000       1.5507
 876.000       1.5086
 877.000       1.4397
 879.000       1.3824
 880.000       1.3933
 882.000       1.3520
 883.000       1.3059
 884.000       1.2760
 885.000       1.2799
 886.000       1.2770
 888.000       1.3047
 889.000       1.3340
 892.000       1.3331
 893.000       1.3300
 894.000       1.4934
 896.000       1.4469
 898.000       1.5232
 900.000       1.5615
 901.000       1.5739
 902.000       1.7046
 903.000       1.6287
 904.000       1.4743
 905.000       1.4834
 908.000       1.4273
 910.000       1.3869
 911.000       1.3488
 913.000       1.3118
 914.000       1.3313
 916.000       1.3215
 918.000       1.2877
 919.000       1.3019
 922.000       1.2823
 923.000       1.2946
 924.000       1.3274
 925.000       1.4187
 927.000       1.3977
 929.000       1.4796
 931.000       1.4978
 932.000       1.5540
 933.000       1.7016
 934.000       1.6958
 935.000       1.4529
 936.000       1.4563
 939.000       1.4702
 941.000       1.4835
 942.000       1.5921
 944.000       1.6448
 945.000       1.6342
 947.000       1.7786
 948.000       1.8814
 949.000       2.1024
 950.000       2.2511
 953.000       2.2358
 954.000       2.1657
 956.000       1.9694
 957.000       1.8154
 958.000       1.4968
 960.000       1.6183
 962.000       1.7542
 964.000       1.5416
 965.000       1.5448
 966.000       1.7079
 967.000       1.5636
 968.000       1.4648
 969.000       1.5077
 972.000       1.4599
 974.000       1.4158
 975.000       1.3790
 977.000       1.3267
 978.000       1.3358
 980.000       1.3051
 981.000       1.2705
 982.000       1.2627
 983.000       1.2623
 986.000       1.3046
 987.000       1.3543
 989.000       1.3549
 990.000       1.3031
 991.000       1.4255
 993.000       1.4139
 995.000       1.5104
 997.000       1.4954
 998.000       1.5124
 999.000       1.6538
1000.000       1.5170
1001.000       1.4635
1002.000       1.5184
1005.000       1.4942
1007.000       1.4537
1008.000       1.4033
1010.000       1.3237
1011.000       1.3426
1013.000       1.2909
1014.000       1.2245
1015.000       1.1809
1016.000       1.1936
1017.000       1.1688
1019.000       1.2000
1020.000       1.2180
1023.000       1.2469
1024.000       1.2513
1025.000       1.4788
1027.000       1.4574
1029.000       1.5688
1031.000       1.5921
1032.000       1.6661
1033.000       1.8800
1034.000       1.7795
1035.000       1.6386
1036.000       1.6042
1039.000       1.7301
1041.000       1.9024
1042.000       2.1877
1044.000       2.4987
1045.000       2.5166
1047.000       2.9710
1049.000       3.3871
1050.000       3.8510
1051.000       3.3520
1053.000       2.9666
1054.000       3.1663
1055.000       1.7730
1057.000       2.0327
1059.000       2.4977
1061.000       2.2000
1062.000       2.4970
1063.000       3.2526
1064.000       2.5364
1065.000       2.3392
1066.000       2.2519
1069.000       2.2413
1071.000       2.3277
1072.000       2.4047
1074.000       2.5571
1075.000       2.6135
1077.000       2.9015
1079.000       3.2144
1080.000       3.6089
1081.000       3.1942
1083.000       2.8686
1084.000       3.0144
1085.000       2.2349
1087.000       2.4301
1089.000       2.8994
1091.000       2.4495
1092.000       2.3705
1093.000       2.8302
1094.000       2.2681
1095.000       2.1609
1096.000       2.3402
1099.000       2.1797
1101.000       2.1436
1102.000       2.0819
1104.000       2.1028
1105.000       2.1155
1107.000       2.2482
1109.000       2.4093
1110.000       2.6297
1111.000       2.4350
1113.000       2.2831
1114.000       2.4373
1115.000       2.0373
1117.000       2.1716
1119.000       2.6196
1121.000       2.1591
1122.000       2.1288
1123.000       2.5211
1124.000       2.1015
1125.000       1.9622
1126.000       2.0680
1129.000       1.9565
1131.000       1.8486
1132.000       1.7388
1134.000       1.5786
1135.000       1.5742
1137.000       1.4776
1139.000       1.3905
1140.000       1.3566
1143.000       1.4236
1144.000       1.5110
1145.000       1.5944
1146.000       1.8650
1148.000       1.7874
1150.000       1.9483
1152.000       2.0048
1153.000       1.9837
1154.000       2.2370
1155.000       2.0122
1156.000       1.7585
1157.000       1.7340
1160.000       1.6260
1162.000       1.5621
1163.000       1.4899
1165.000       1.4046
1166.000       1.3940
1168.000       1.4547
1170.000       1.5289
1171.000       1.6927
1172.000       1.5346
1174.000       1.4826
1175.000       1.6253
1176.000       1.5144
1178.000       1.5153
1180.000       1.7044
1182.000       1.5963
1183.000       1.5465
1184.000       1.6646
1185.000       1.5875
1186.000       1.4251
1187.000       1.4399
1190.000       1.3646
1192.000       1.3325
1193.000       1.2688
1195.000       1.2353
1196.000       1.2637
1198.000       1.2399
1199.000       1.1918
1200.000       1.1777
1201.000       1.1992
1204.000       1.1814
1205.000       1.1972
1207.000       1.2083
1208.000       1.1985
1209.000       1.3041
1211.000       1.2663
1213.000       1.3144
1215.000       1.3489
1216.000       1.3673
1217.000       1.4843
1218.000       1.4043
1219.000       1.3136
1220.000       1.3229
1223.000       1.2970
1225.000       1.2691
1226.000       1.2801
1228.000       1.2086
1229.000       1.2338
1231.000       1.2210
1233.000       1.1751
1234.000       1.2070
1237.000       1.1611
1238.000       1.1752
1239.000       1.2164
1240.000       1.3190
1242.000       1.3809
1244.000       1.5852
1246.000       1.3605
1247.000       1.4425
1248.000       1.5441
1249.000       1.6798
1250.000       1.3997
1251.000       1.4082
1254.000       1.3649
1256.000       1.3850
1257.000       1.3566
1259.000       1.3436
1260.000       1.3733
1262.000       1.3797
1264.000       1.3612
1265.000       1.3873
1268.000       1.3543
1269.000       1.3421
1270.000       1.3658
1271.000       1.3244
1273.000       1.3388
1275.000       1.3965
1277.000       1.3379
1278.000       1.3249
1279.000       1.4064
1280.000       1.3461
1281.000       1.2980
1282.000       1.3332
1285.000       1.3240
1287.000       1.3242
1288.000       1.3144
1290.000       1.2792
1291.000       1.2644
1293.000       1.2597
1294.000       1.2749
1295.000       1.3103
1296.000       1.3383
1297.000       1.3523
1299.000       1.3615
1300.000       1.4315
1303.000       1.3348
1304.000       1.2905
1305.000       1.3015
1307.000       1.3297
1309.000       1.4201
1311.000       1.3493
1312.000       1.3579
1313.000       1.4787
1314.000       1.3575
1315.000       1.3423
1316.000       1.4120
1319.000       1.4127
1321.000       1.3872
1322.000       1.3784
1324.000       1.3124
1325.000       1.2671
1327.000       1.2421
1328.000       1.2713
1329.000       1.2978
1330.000       1.3012
1331.000       1.3684
1333.000       1.4087
1334.000       1.5016
1337.000       1.3919
1338.000       1.3186
1339.000       1.3935
1341.000       1.4178
1343.000       1.5322
1345.000       1.4708
1346.000       1.4968
1347.000       1.6421
1348.000       1.4809
1349.000       1.4893
1350.000       1.5741
1353.000       1.5836
1355.000       1.5558
1356.000       1.5499
1358.000       1.4577
1359.000       1.3896
1361.000       1.3434
1362.000       1.3912
1363.000       1.4159
1364.000       1.4036
1365.000       1.5103
1367.000       1.5728
1368.000       1.6896
1371.000       1.5572
1372.000       1.4637
1373.000       1.5674
1375.000       1.5941
1377.000       1.7245
1379.000       1.6532
1380.000       1.6608
1381.000       1.8190
1382.000       1.6175
1383.000       1.6402
1384.000       1.7429
1387.000       1.7263
1389.000       1.6682
1390.000       1.6204
1392.000       1.4936
1393.000       1.4298
1395.000       1.3345
1397.000       1.3120
1398.000       1.2553
1401.000       1.3882
1402.000       1.4780
1403.000       1.5832
1404.000       1.6776
1406.000       1.6699
1408.000       1.8172
1410.000       1.7865
1411.000       1.7872
1412.000       1.9659
1413.000       1.7696
1414.000       1.7021
1415.000       1.7957
1418.000       1.7419
1420.000       1.6761
1421.000       1.6092
1423.000       1.4896
1424.000       1.4480
1426.000       1.3722
1427.000       1.3630
1428.000       1.3558
1429.000       1.3489
1432.000       1.4251
1433.000       1.4974
1435.000       1.5184
1436.000       1.4429
1437.000       1.6953
1439.000       1.6643
1441.000       1.8093
1443.000       1.8175
1444.000       1.8177
1445.000       2.0058
1446.000       1.8267
1447.000       1.7011
1448.000       1.7519
1451.000       1.6524
1453.000       1.5394
1454.000       1.4277
1456.000       1.3225
1457.000       1.3790
1459.000       1.3332
1461.000       1.2182
1462.000       1.2264
1465.000       1.1632
1466.000       1.2185
1467.000       1.2302
1468.000       1.6147
1470.000       1.5134
1472.000       1.6168
1474.000       1.7415
1475.000       1.8033
1476.000       1.9919
1477.000       1.8193
1478.000       1.7016
1479.000       1.7451
1482.000       1.6296
1484.000       1.4820
1485.000       1.3924
1487.000       1.3091
1488.000       1.3707
1490.000       1.3354
1492.000       1.2304
1493.000       1.2410
1496.000       1.1761
1497.000       1.2127
1498.000       1.2121
1499.000       1.6340
1501.000       1.5032
1503.000       1.5695
1505.000       1.7947
1506.000       1.8972
1507.000       2.0680
1508.000       1.9574
1509.000       1.8674
1510.000       2.1477
1513.000       2.0548
1515.000       2.0237
1516.000       2.1600
1518.000       2.2656
1519.000       2.3666
1521.000       2.6030
1522.000       2.6490
1523.000       2.9660
1524.000       3.2391
1525.000       3.0667
1527.000       2.9186
1528.000       3.1675
1531.000       2.6315
1532.000       2.4752
1533.000       2.1610
1535.000       2.2192
1537.000       2.3873
1539.000       2.2298
1540.000       2.3844
1541.000       2.5596
1542.000       2.6087
1543.000       2.2784
1544.000       2.2115
1547.000       2.1146
1549.000       1.9476
1550.000       2.0335
1552.000       2.0826
1553.000       2.2008
1555.000       2.4582
1557.000       2.5931
1558.000       2.9099
1559.000       2.4599
1561.000       2.2251
1562.000       2.2989
1563.000       2.2628
1565.000       2.1735
1567.000       2.3356
1569.000       2.4621
1570.000       2.4587
1571.000       2.6714
1572.000       2.5531
1573.000       2.2736
1574.000       2.0886
1577.000       1.9525
1579.000       1.8270
1580.000       1.6836
1582.000       1.5552
1583.000       1.5252
1585.000       1.4588
1586.000       1.4249
1587.000       1.3993
1588.000       1.3890
1591.000       1.4559
1592.000       1.5433
1594.000       1.5758
1595.000       1.5002
1596.000       1.8855
1598.000       1.7353
1600.000       1.8151
1602.000       2.0458
1603.000       2.0893
1604.000       2.3519
1605.000       2.0751
1606.000       1.9320
1607.000       2.0150
1610.000       1.8794
1612.000       1.7212
1613.000       1.5826
1615.000       1.4470
1616.000       1.3887
1618.000       1.3130
1619.000       1.3091
1620.000       1.2885
1621.000       1.2477
1624.000       1.3648
1625.000       1.4556
1627.000       1.4845
1628.000       1.4019
1629.000       1.8424
1631.000       1.6726
1633.000       1.6306
1635.000       1.8601
1636.000       1.9997
1637.000       2.2980
1638.000       2.0270
1639.000       2.0563
1640.000       1.9045
1643.000       1.7295
1645.000       1.6289
1646.000       1.4582
1648.000       1.3225
1649.000       1.2981
1651.000       1.2071
1652.000       1.1533
1653.000       1.1068
1654.000       1.0921
1657.000       1.1531
1658.000       1.2323
1660.000       1.2773
1661.000       1.2317
1662.000       1.6209
1664.000       1.4587
1666.000       1.5477
1668.000       1.7683
1669.000       1.7662
1670.000       1.9912
1671.000       1.7332
1672.000       1.6547
1673.000       1.7412
1676.000       1.6892
1678.000       1.5971
1679.000       1.5448
1681.000       1.4259
1682.000       1.3776
1684.000       1.3290
1686.000       1.3319
1687.000       1.3715
1688.000       1.4209
1690.000       1.4668
1691.000       1.6230
1692.000       1.6574
1694.000       1.6251
1696.000       1.7863
1698.000       1.8047
1699.000       1.8391
1700.000       2.0389
1701.000       1.7756
1702.000       1.8355
1703.000       1.9519
1706.000       1.9315
1708.000       1.8462
1709.000       1.7900
1711.000       1.6534
1712.000       1.5992
1714.000       1.4928
1715.000       1.4788
1716.000       1.4089
1717.000       1.3385
1718.000       1.4705
1720.000       1.5757
1721.000       1.6466
1724.000       1.6404
1725.000       1.5847
1726.000       1.9096
1728.000       1.8729
1730.000       2.0050
1732.000       2.0412
1733.000       2.0555
1734.000       2.2452
1735.000       2.0281
1736.000       1.9590
1737.000       2.0297
1740.000       1.9408
1742.000       1.8284
1743.000       1.7434
1745.000       1.6350
1746.000       1.6489
1748.000       1.5797
1750.000       1.4845
1751.000       1.4618
1752.000       1.4832
1754.000       1.5589
1755.000       1.5959
1756.000       1.9065
1758.000       1.8159
1760.000       1.9073
1762.000       2.0316
1763.000       2.0687
1764.000       2.2422
1765.000       2.0619
1766.000       1.9782
1767.000       2.0281
1770.000       1.9423
1772.000       1.8517
1773.000       1.7659
1775.000       1.6666
1776.000       1.6856
1778.000       1.6090
1780.000       1.5040
1781.000       1.4482
1784.000       1.4970
1785.000       1.5780
1786.000       1.6042
1787.000       1.9017
1789.000       1.8247
1791.000       1.9099
1793.000       1.9933
1794.000       2.0005
1795.000       2.1465
1796.000       2.0401
1797.000       1.8764
1798.000       1.8995
1801.000       1.8164
1803.000       1.7441
1804.000       1.6772
1806.000       1.6048
1807.000       1.6289
1809.000       1.5765
1811.000       1.4888
1812.000       1.4569
1815.000       1.4736
1816.000       1.5354
1817.000       1.5633
1818.000       1.7912
1820.000       1.7380
1822.000       1.8305
1824.000       1.8874
1825.000       1.9255
1826.000       2.0728
1827.000       1.9437
1828.000       1.8641
1829.000       1.9063
1832.000       1.8351
1834.000       1.7676
1835.000       1.6920
1837.000       1.6237
1838.000       1.6593
1840.000       1.6079
1841.000       1.5258
1842.000       1.4659
1843.000       1.4793
1844.000       1.4263
1846.000       1.4457
1847.000       1.4381
1850.000       1.5040
1851.000       1.5377
1852.000       1.8113
1854.000       1.7417
1856.000       1.8044
1858.000       1.9160
1859.000       1.8348
1860.000       2.0285
1861.000       1.9864
1862.000       1.7842
1863.000       1.6609
1866.000       1.5144
1868.000       1.4621
1869.000       1.3993
1871.000       1.3512
1872.000       1.3670
1874.000       1.3489
1875.000       1.3106
1876.000       1.3073
1877.000       1.3366
1880.000       1.3217
1881.000       1.3320
1883.000       1.3338
1884.000       1.3178
1885.000       1.4765
1887.000       1.4329
1889.000       1.5021
1891.000       1.5385
1892.000       1.5513
1893.000       1.6888
1894.000       1.5742
1895.000       1.4769
1896.000       1.5195
1899.000       1.4675
1901.000       1.4041
1902.000       1.3564
1904.000       1.2914
1905.000       1.2850
1907.000       1.2691
1909.000       1.2560
1910.000       1.2971
1913.000       1.2702
1914.000       1.2883
1915.000       1.3538
1916.000       1.4397
1918.000       1.4076
1920.000       1.5109
1922.000       1.5432
1923.000       1.5666
1924.000       1.7413
1925.000       1.6097
1926.000       1.4582
1927.000       1.4817
1930.000       1.4107
1932.000       1.3405
1933.000       1.2856
1935.000       1.2326
1936.000       1.2567
1938.000       1.2363
1939.000       1.1984
1940.000       1.2238
1941.000       1.2814
1944.000       1.2619
1945.000       1.2633
1947.000       1.2388
1948.000       1.2030
1949.000       1.3915
1951.000       1.3405
1953.000       1.4176
1955.000       1.4939
1956.000       1.5131
1957.000       1.6937
1958.000       1.5159
1959.000       1.4163
1960.000       1.4815
1963.000       1.4277
1965.000       1.3839
1966.000       1.3074
1968.000       1.2124
1969.000       1.2138
1971.000       1.1832
1972.000       1.1497
1973.000       1.1669
1974.000       1.2184
1977.000       1.2091
1978.000       1.2338
1980.000       1.2271
1981.000       1.1734
1982.000       1.3506
1984.000       1.3323
1986.000       1.5040
1988.000       1.4651
1989.000       1.4509
1990.000       1.6443
1991.000       1.4293
1992.000       1.4237
1993.000       1.5686
1996.000       1.5889
1998.000       1.5127
1999.000       1.4801
2001.000       1.3172
2002.000       1.2470
2004.000       1.2082
2006.000       1.2323
2007.000       1.2920
2008.000       1.2941
2010.000       1.3457
2011.000       1.4948
2012.000       1.5853
2014.000       1.6229
2016.000       1.8698
2018.000       1.7727
2019.000       1.8163
2020.000       2.0889
2021.000       1.7366
2022.000       1.7803
2023.000       2.0011
2026.000       1.9520
2028.000       1.7820
2029.000       1.7159
2031.000       1.5444
2032.000       1.4873
2034.000       1.4138
2035.000       1.4279
2036.000       1.4748
2037.000       1.5235
2038.000       1.5627
2040.000       1.5987
2041.000       1.7346
2044.000       1.5846
2045.000       1.4965
2046.000       1.9550
2048.000       1.9022
2050.000       2.1176
2052.000       2.1985
2053.000       2.3260
2054.000       2.6274
2055.000       2.2742
2056.000       2.2871
2057.000       2.4352
2060.000       2.4024
2062.000       2.1685
2063.000       2.1822
2065.000       2.0425
2066.000       1.9681
2068.000       1.8964
2070.000       1.9277
2071.000       1.9546
2072.000       2.0178
2074.000       2.0696
2075.000       2.2058
2076.000       2.5242
2078.000       2.4618
2080.000       2.6461
2082.000       2.8168
2083.000       3.0346
2084.000       3.3371
2085.000       2.9759
2086.000       3.0455
2087.000       3.2114
2090.000       3.2220
2092.000       2.9589
2093.000       3.0125
2095.000       2.8366
2096.000       2.7239
2098.000       2.5998
2100.000       2.6082
2101.000       2.5514
2104.000       2.7394
2105.000       2.8464
2106.000       3.0050
2107.000       3.4022
2109.000       3.3478
2111.000       3.5521
2113.000       3.7325
2114.000       3.9867
2115.000       4.3366
2116.000       3.8797
2117.000       4.0159
2118.000       4.2296
2121.000       4.2641
2123.000       3.9673
2124.000       4.0059
2126.000       3.7405
2127.000       3.5830
2129.000       3.3875
2131.000       3.3624
2132.000       3.2368
2135.000       3.5279
2136.000       3.7120
2137.000       3.9012
2138.000       4.4389
2140.000       4.3381
2142.000       4.6117
2144.000       4.8156
