   2.000       3.3071
   3.000       3.2808
   6.000       3.1864
   8.000       3.1568
   9.000       3.0210
  11.000       2.8572
  12.000       2.8198
  14.000       2.6835
  15.000       2.6311
  16.000       2.5318
  17.000       2.4555
  18.000       2.5777
  20.000       2.6969
  21.000       2.7695
  24.000       2.7842
  25.000       2.7481
  26.000       3.0128
  28.000       2.9902
  30.000       3.1646
  32.000       3.1030
  33.000       3.0233
  34.000       3.2220
  35.000       2.9485
  36.000       2.9009
  37.000       3.0040
  40.000       2.9185
  42.000       2.8420
  43.000       2.7280
  45.000       2.5653
  46.000       2.5257
  48.000       2.3961
  49.000       2.3431
  50.000       2.2387
  51.000       2.1561
  52.000       2.2819
  54.000       2.4062
  55.000       2.4714
  58.000       2.4966
  59.000       2.4577
  60.000       2.8175
  62.000       2.7601
  64.000       2.9075
  66.000       2.9406
  67.000       2.9027
  68.000       3.1136
  69.000       2.8439
  70.000       2.7748
  71.000       2.9059
  74.000       2.7885
  76.000       2.6580
  77.000       2.5339
  79.000       2.3694
  80.000       2.3540
  82.000       2.2259
  84.000       2.0971
  85.000       1.9961
  88.000       2.1182
  89.000       2.2580
  90.000       2.3194
  91.000       2.7066
  93.000       2.6037
  95.000       2.7371
  97.000       2.8487
  98.000       2.8441
  99.000       3.0573
 100.000       2.8063
 101.000       2.7039
 102.000       2.7745
 105.000       2.6503
 107.000       2.5186
 108.000       2.3869
 110.000       2.2303
 111.000       2.2432
 113.000       2.1250
 115.000       1.9762
 116.000       1.8935
 117.000       1.9774
 119.000       2.1069
 120.000       2.1441
 121.000       2.5743
 123.000       2.4584
 125.000       2.5758
 127.000       2.7102
 128.000       2.7042
 129.000       2.8943
 130.000       2.7145
 131.000       2.5342
 132.000       2.5579
 135.000       2.3943
 137.000       2.2626
 138.000       2.1236
 140.000       2.0336
 141.000       2.1234
 143.000       2.0745
 145.000       1.9221
 146.000       1.9127
 147.000       1.8365
 149.000       1.8918
 150.000       1.8577
 151.000       2.3344
 153.000       2.1801
 155.000       2.2226
 157.000       2.4487
 158.000       2.4718
 159.000       2.6515
 160.000       2.5137
 161.000       2.3002
 162.000       2.2888
 165.000       2.1191
 167.000       2.0312
 168.000       1.9004
 170.000       1.8667
 171.000       1.9617
 173.000       1.9282
 174.000       1.7972
 175.000       1.7293
 176.000       1.7781
 179.000       1.6547
 180.000       1.6372
 182.000       1.6883
 183.000       1.7656
 184.000       2.0660
 186.000       1.9325
 188.000       1.9435
 190.000       2.1301
 191.000       2.1722
 192.000       2.2827
 193.000       2.3033
 194.000       2.0235
 195.000       1.9539
 198.000       1.8561
 200.000       1.8275
 201.000       1.7824
 203.000       1.7912
 204.000       1.8876
 206.000       1.9169
 208.000       1.8479
 209.000       1.8986
 210.000       1.7713
 212.000       1.7459
 213.000       1.7351
 214.000       1.8875
 216.000       1.8608
 218.000       1.9110
 220.000       1.9211
 221.000       2.0074
 222.000       2.1160
 223.000       2.1593
 224.000       1.8870
 225.000       1.8218
 228.000       1.7684
 230.000       1.7522
 231.000       1.7751
 233.000       1.7894
 234.000       1.8755
 236.000       1.9007
 238.000       1.8308
 239.000       1.8716
 242.000       1.7682
 243.000       1.7469
 244.000       1.7323
 245.000       1.8423
 247.000       1.8734
 249.000       1.9576
 251.000       1.8618
 252.000       1.9765
 253.000       2.2455
 254.000       2.1527
 255.000       1.8836
 256.000       1.8595
 259.000       1.8063
 261.000       1.8477
 262.000       1.9773
 264.000       2.0536
 265.000       2.1608
 267.000       2.3035
 268.000       2.2676
 269.000       2.4142
 270.000       2.6150
 273.000       2.4303
 274.000       2.3241
 276.000       2.1802
 277.000       2.1387
 278.000       1.7783
 280.000       2.1113
 282.000       2.5860
 284.000       1.8556
 285.000       1.8879
 286.000       2.0526
 287.000       2.0021
 288.000       1.8479
 289.000       1.9131
 292.000       1.8975
 294.000       1.9174
 295.000       1.9011
 297.000       1.8724
 298.000       1.8416
 300.000       1.9869
 301.000       2.1057
 302.000       2.3973
 303.000       2.6099
 306.000       2.5919
 307.000       2.5276
 309.000       2.2853
 310.000       2.0532
 311.000       1.8068
 313.000       1.8461
 315.000       1.9977
 317.000       1.8751
 318.000       1.8286
 319.000       1.9739
 320.000       1.7780
 321.000       1.7928
 322.000       1.8828
 325.000       1.8313
 327.000       1.7671
 328.000       1.6575
 330.000       1.5594
 331.000       1.5716
 333.000       1.5134
 334.000       1.4544
 335.000       1.4108
 336.000       1.4275
 337.000       1.3940
 339.000       1.4161
 340.000       1.4282
 343.000       1.4642
 344.000       1.4804
 345.000       1.7721
 347.000       1.6944
 349.000       1.7774
 351.000       1.8657
 352.000       1.8722
 353.000       2.0283
 354.000       1.8628
 355.000       1.7595
 356.000       1.7860
 359.000       1.6826
 361.000       1.6066
 362.000       1.5241
 364.000       1.4985
 365.000       1.5759
 367.000       1.5247
 368.000       1.4153
 369.000       1.3497
 370.000       1.3566
 373.000       1.3136
 374.000       1.3200
 376.000       1.3560
 377.000       1.4078
 378.000       1.6694
 380.000       1.5636
 382.000       1.5456
 384.000       1.7368
 385.000       1.8573
 386.000       2.0791
 387.000       2.0556
 388.000       1.8385
 389.000       1.9548
 392.000       1.9744
 394.000       1.8919
 395.000       1.8734
 397.000       1.7397
 398.000       1.7388
 400.000       1.6375
 401.000       1.5739
 402.000       1.5236
 403.000       1.5184
 404.000       1.5563
 406.000       1.6072
 407.000       1.6785
 410.000       1.6530
 411.000       1.6387
 412.000       2.0392
 414.000       2.0206
 416.000       2.1671
 418.000       2.2104
 419.000       2.3604
 420.000       2.5373
 421.000       2.3492
 422.000       2.4036
 423.000       2.6420
 426.000       2.7012
 428.000       2.8276
 429.000       2.8333
 431.000       3.0026
 432.000       3.0031
 434.000       3.4169
 435.000       3.7069
 436.000       4.3268
 437.000       4.7963
 440.000       4.5837
 441.000       4.2474
 443.000       3.7044
 444.000       3.4377
 445.000       2.5632
 447.000       2.8009
 449.000       2.9929
 451.000       2.5673
 452.000       2.4877
 453.000       2.7130
 454.000       2.4571
 455.000       2.3282
 456.000       2.3762
 459.000       2.2837
 461.000       2.2082
 462.000       2.1097
 464.000       1.9967
 465.000       2.0021
 467.000       1.9090
 468.000       1.8349
 469.000       1.7470
 470.000       1.7088
 471.000       1.7428
 473.000       1.8117
 474.000       1.8366
 477.000       1.8897
 478.000       1.8947
 479.000       2.2234
 481.000       2.1653
 483.000       2.2712
 485.000       2.3081
 486.000       2.3132
 487.000       2.4756
 488.000       2.3156
 489.000       2.2208
 490.000       2.2791
 493.000       2.1886
 495.000       2.0933
 496.000       2.0142
 498.000       1.9307
 499.000       1.9390
 501.000       1.8734
 502.000       1.8101
 503.000       1.7456
 504.000       1.7291
 505.000       1.7395
 507.000       1.7910
 508.000       1.8158
 511.000       1.8481
 512.000       1.8516
 513.000       2.1733
 515.000       2.0958
 517.000       2.1685
 519.000       2.2932
 520.000       2.3387
 521.000       2.5169
 522.000       2.3530
 523.000       2.2305
 524.000       2.2651
 527.000       2.1748
 529.000       2.0614
 530.000       1.9854
 532.000       1.8995
 533.000       1.9252
 535.000       1.8793
 537.000       1.7973
 538.000       1.7839
 539.000       1.7779
 541.000       1.8254
 542.000       1.8391
 543.000       2.1656
 545.000       2.0707
 547.000       2.1466
 549.000       2.2895
 550.000       2.3480
 551.000       2.5286
 552.000       2.4767
 553.000       2.1554
 554.000       2.0992
 557.000       1.9427
 559.000       1.8428
 560.000       1.7946
 562.000       1.8647
 563.000       2.0104
 565.000       2.1191
 566.000       2.0439
 567.000       2.1767
 568.000       2.3755
 569.000       2.1383
 571.000       1.9928
 572.000       2.0541
 575.000       1.8632
 576.000       1.8901
 577.000       1.9572
 579.000       1.8562
 581.000       1.8424
 583.000       2.0396
 584.000       2.1172
 585.000       2.2908
 586.000       2.2238
 587.000       1.9696
 588.000       1.8925
 591.000       1.7790
 593.000       1.7489
 594.000       1.7305
 596.000       1.7808
 597.000       1.9284
 599.000       1.9835
 600.000       1.8685
 601.000       1.9132
 602.000       2.0535
 603.000       1.8309
 605.000       1.7168
 606.000       1.7090
 609.000       1.6610
 610.000       1.7420
 611.000       1.8047
 613.000       1.7633
 615.000       1.8843
 617.000       1.8808
 618.000       1.8882
 619.000       1.9618
 620.000       1.9929
 621.000       1.7984
 622.000       1.7321
 625.000       1.6886
 627.000       1.6982
 628.000       1.7539
 630.000       1.8092
 631.000       1.9045
 633.000       1.9472
 634.000       1.8740
 635.000       1.8929
 636.000       1.9845
 639.000       1.8550
 640.000       1.7905
 642.000       1.7585
 643.000       1.7982
 644.000       1.7607
 646.000       1.8271
 648.000       1.9404
 650.000       1.7596
 651.000       1.7500
 652.000       1.8657
 653.000       1.8552
 654.000       1.6584
 655.000       1.5965
 658.000       1.5252
 660.000       1.5719
 661.000       1.4995
 663.000       1.5150
 664.000       1.5901
 666.000       1.6057
 667.000       1.5338
 668.000       1.5346
 669.000       1.5971
 670.000       1.4880
 672.000       1.4474
 673.000       1.4372
 676.000       1.4438
 677.000       1.4847
 678.000       1.4533
 680.000       1.4221
 682.000       1.4250
 684.000       1.4469
 685.000       1.4200
 686.000       1.4843
 687.000       1.5022
 688.000       1.3155
 689.000       1.2784
 692.000       1.2231
 694.000       1.2623
 695.000       1.2464
 697.000       1.2730
 698.000       1.3197
 700.000       1.3572
 701.000       1.3357
 702.000       1.3833
 703.000       1.4536
 704.000       1.3780
 706.000       1.3351
 707.000       1.3629
 710.000       1.2920
 711.000       1.2905
 712.000       1.1936
 714.000       1.2112
 716.000       1.2331
 718.000       1.1887
 719.000       1.1973
 720.000       1.2649
 721.000       1.2565
 722.000       1.1644
 723.000       1.1781
 726.000       1.2095
 728.000       1.2360
 729.000       1.2702
 731.000       1.2487
 732.000       1.2314
 734.000       1.2597
 735.000       1.2916
 736.000       1.3570
 737.000       1.4036
 738.000       1.4050
 740.000       1.3963
 741.000       1.4661
 744.000       1.3446
 745.000       1.2875
 746.000       1.2137
 748.000       1.2875
 750.000       1.4048
 752.000       1.2530
 753.000       1.2737
 754.000       1.3162
 755.000       1.4394
 756.000       1.2555
 757.000       1.2647
 760.000       1.2764
 762.000       1.3718
 763.000       1.3981
 765.000       1.4657
 766.000       1.5272
 768.000       1.6382
 769.000       1.6451
 770.000       1.7770
 771.000       1.9240
 774.000       1.8140
 775.000       1.7285
 777.000       1.5982
 778.000       1.5505
 779.000       1.2647
 781.000       1.3503
 783.000       1.4278
 785.000       1.2796
 786.000       1.3088
 787.000       1.3927
 788.000       1.3375
 789.000       1.3259
 790.000       1.3683
 793.000       1.3898
 795.000       1.4001
 796.000       1.4247
 798.000       1.3929
 799.000       1.3521
 801.000       1.3555
 803.000       1.4080
 804.000       1.4517
 807.000       1.4576
 808.000       1.4511
 809.000       1.5307
 810.000       1.3992
 812.000       1.4540
 814.000       1.5591
 816.000       1.4594
 817.000       1.4819
 818.000       1.6042
 819.000       1.4518
 820.000       1.4804
 821.000       1.5505
 824.000       1.5549
 826.000       1.5317
 827.000       1.5348
 829.000       1.4722
 830.000       1.4163
 832.000       1.3828
 834.000       1.4097
 835.000       1.4120
 836.000       1.4788
 838.000       1.5128
 839.000       1.6103
 840.000       1.5538
 842.000       1.5764
 844.000       1.6784
 846.000       1.6379
 847.000       1.6561
 848.000       1.7815
 849.000       1.6273
 850.000       1.6465
 851.000       1.7164
 854.000       1.7122
 856.000       1.6627
 857.000       1.6461
 859.000       1.5705
 860.000       1.5178
 862.000       1.4559
 863.000       1.4732
 864.000       1.4503
 865.000       1.4090
 866.000       1.5102
 868.000       1.5814
 869.000       1.6476
 872.000       1.6025
 873.000       1.5455
 874.000       1.7090
 876.000       1.7038
 878.000       1.8024
 880.000       1.8016
 881.000       1.8401
 882.000       1.9800
 883.000       1.8220
 884.000       1.8202
 885.000       1.8861
 888.000       1.8769
 890.000       1.8015
 891.000       1.7759
 893.000       1.6701
 894.000       1.6312
 896.000       1.5671
 897.000       1.5591
 898.000       1.5231
 899.000       1.4928
 900.000       1.5569
 902.000       1.6203
 903.000       1.6635
 906.000       1.6632
 907.000       1.6260
 908.000       1.8863
 910.000       1.8629
 912.000       1.9840
 914.000       2.0090
 915.000       2.0347
 916.000       2.2005
 917.000       2.0111
 918.000       1.9699
 919.000       2.0399
 922.000       1.9457
 924.000       1.8477
 925.000       1.7546
 927.000       1.6822
 928.000       1.7076
 930.000       1.6640
 932.000       1.5890
 933.000       1.5678
 936.000       1.5634
 937.000       1.6088
 938.000       1.6039
 939.000       1.9052
 941.000       1.8029
 943.000       1.8501
 945.000       2.0031
 946.000       2.0202
 947.000       2.1661
 948.000       2.0257
 949.000       1.9353
 950.000       1.9059
 953.000       1.7813
 955.000       1.7082
 956.000       1.6226
 958.000       1.5965
 959.000       1.6527
 961.000       1.6405
 963.000       1.5640
 964.000       1.5675
 967.000       1.5094
 968.000       1.5255
 969.000       1.4999
 970.000       1.7491
 972.000       1.6488
 974.000       1.6597
 976.000       1.8140
 977.000       1.8577
 978.000       1.9597
 979.000       1.9311
 980.000       1.7535
 981.000       1.7162
 984.000       1.6281
 986.000       1.5603
 987.000       1.5138
 989.000       1.5262
 990.000       1.5973
 992.000       1.6231
 994.000       1.5792
 995.000       1.6238
 998.000       1.5215
 999.000       1.4901
1000.000       1.4709
1001.000       1.6640
1003.000       1.5773
1005.000       1.5776
1007.000       1.7512
1008.000       1.8745
1009.000       1.9924
1010.000       2.0012
1011.000       1.8098
1012.000       1.7820
1015.000       1.7712
1017.000       1.6988
1018.000       1.7582
1020.000       1.7790
1021.000       1.8262
1023.000       1.9151
1024.000       1.9228
1025.000       2.0662
1026.000       2.2058
1027.000       2.1106
1029.000       2.0404
1030.000       2.1784
1033.000       1.9124
1034.000       1.8468
1035.000       1.8822
1037.000       1.8993
1039.000       1.9827
1041.000       1.9959
1042.000       2.1497
1043.000       2.3407
1044.000       2.2410
1045.000       2.2358
1046.000       2.3747
1049.000       2.4698
1051.000       2.4770
1052.000       2.6594
1054.000       2.7400
1055.000       3.0013
1057.000       3.1167
1058.000       2.9223
1059.000       3.0143
1060.000       3.3034
1063.000       2.9052
1064.000       2.6804
1066.000       2.5564
1067.000       2.6894
1068.000       2.6056
1070.000       2.6727
1072.000       2.9334
1074.000       2.8081
1075.000       2.9927
1076.000       3.0823
1077.000       3.3735
1078.000       2.9220
1079.000       3.1119
1082.000       3.1808
1084.000       3.6068
1085.000       3.6210
1087.000       4.0054
1088.000       4.0111
1090.000       4.5766
1092.000       5.1474
1093.000       5.8323
1096.000       5.1732
1097.000       4.6111
1098.000       4.8112
1099.000       2.8034
1101.000       3.1677
1103.000       3.4108
1105.000       2.7543
1106.000       2.6484
1107.000       2.8250
1108.000       3.0102
1109.000       2.3768
1110.000       2.3223
1113.000       2.1024
1115.000       2.0756
1116.000       1.9528
1118.000       1.9749
1119.000       2.1566
1121.000       2.2218
1122.000       2.0587
1123.000       2.1252
1124.000       2.3382
1125.000       2.0280
1127.000       1.8966
1128.000       1.9411
1131.000       1.8427
1132.000       1.9139
1133.000       1.9450
1135.000       1.8603
1137.000       1.8804
1139.000       1.9419
1140.000       1.8413
1141.000       1.9186
1142.000       1.8619
1143.000       1.7809
1144.000       1.8571
1147.000       1.8016
1149.000       1.7882
1150.000       1.7347
1152.000       1.6967
1153.000       1.8170
1155.000       1.8440
1156.000       1.7146
1157.000       1.7177
1158.000       1.8457
1161.000       1.6774
1162.000       1.6369
1164.000       1.6210
1165.000       1.6453
1166.000       1.7183
1168.000       1.7145
1170.000       1.8232
1172.000       1.7722
1173.000       1.7701
1174.000       1.8707
1175.000       1.8381
1176.000       1.6858
1177.000       1.6804
1180.000       1.6433
1182.000       1.6871
1183.000       1.6624
1185.000       1.6662
1186.000       1.7225
1188.000       1.7671
1189.000       1.7479
1190.000       1.8398
1191.000       1.9495
1194.000       1.8875
1195.000       1.8390
1197.000       1.7429
1198.000       1.6972
1199.000       1.6195
1201.000       1.6280
1203.000       1.6785
1205.000       1.6460
1206.000       1.6745
1207.000       1.7608
1208.000       1.7507
1209.000       1.6661
1210.000       1.7102
1213.000       1.7355
1215.000       1.7662
1216.000       1.7608
1218.000       1.7114
1219.000       1.7135
1221.000       1.7105
1222.000       1.7024
1223.000       1.7398
1224.000       1.7862
1227.000       1.7845
1228.000       1.7976
1230.000       1.7696
1231.000       1.7128
1232.000       1.7002
1234.000       1.7488
1236.000       1.8752
1238.000       1.7547
1239.000       1.7443
1240.000       1.8702
1241.000       1.7477
1242.000       1.7235
1243.000       1.8034
1246.000       1.8059
1248.000       1.8048
1249.000       1.7790
1251.000       1.7075
1252.000       1.6914
1254.000       1.6725
1256.000       1.6649
1257.000       1.6921
1260.000       1.6854
1261.000       1.7085
1262.000       1.7716
1263.000       1.7529
1265.000       1.7921
1267.000       1.9287
1269.000       1.8165
1270.000       1.7979
1271.000       1.9487
1272.000       1.7500
1273.000       1.7730
1274.000       1.8713
1277.000       1.8450
1279.000       1.8121
1280.000       1.7738
1282.000       1.6873
1283.000       1.6395
1285.000       1.5877
1287.000       1.5934
1288.000       1.5929
1291.000       1.6422
1292.000       1.6869
1293.000       1.7620
1294.000       1.7803
1296.000       1.7879
1298.000       1.9138
1300.000       1.8501
1301.000       1.8207
1302.000       1.9500
1303.000       1.8182
1304.000       1.7426
1305.000       1.7750
1308.000       1.7364
1310.000       1.7076
1311.000       1.6629
1313.000       1.5785
1314.000       1.5427
1316.000       1.4804
1318.000       1.4599
1319.000       1.4320
1322.000       1.5039
1323.000       1.5595
1324.000       1.6193
1325.000       1.6783
1327.000       1.6820
1329.000       1.7895
1331.000       1.7279
1332.000       1.6894
1333.000       1.8001
1334.000       1.6793
1335.000       1.6419
1336.000       1.6929
1339.000       1.6533
1341.000       1.6281
1342.000       1.5726
1344.000       1.4862
1345.000       1.4863
1347.000       1.4187
1348.000       1.3664
1349.000       1.3018
1350.000       1.2769
1351.000       1.3028
1353.000       1.3605
1354.000       1.3822
1357.000       1.4233
1358.000       1.4161
1359.000       1.5921
1361.000       1.5936
1363.000       1.7113
1365.000       1.6449
1366.000       1.6259
1367.000       1.7390
1368.000       1.6034
1369.000       1.5824
1370.000       1.6550
1373.000       1.6064
1375.000       1.5396
1376.000       1.4726
1378.000       1.3970
1379.000       1.4087
1381.000       1.3401
1382.000       1.2765
1383.000       1.2070
1384.000       1.1861
1385.000       1.1951
1387.000       1.2386
1388.000       1.2468
1391.000       1.3054
1392.000       1.3184
1393.000       1.5770
1395.000       1.5238
1397.000       1.5992
1399.000       1.6680
1400.000       1.6890
1401.000       1.8217
1402.000       1.6938
1403.000       1.6195
1404.000       1.6540
1407.000       1.5684
1409.000       1.4742
1410.000       1.3959
1412.000       1.3320
1413.000       1.3692
1415.000       1.3280
1417.000       1.2480
1418.000       1.2355
1421.000       1.2216
1422.000       1.2615
1423.000       1.2686
1424.000       1.5638
1426.000       1.4734
1428.000       1.5267
1430.000       1.6852
1431.000       1.7640
1432.000       1.9550
1433.000       1.7955
1434.000       1.6596
1435.000       1.6955
1438.000       1.6015
1440.000       1.4759
1441.000       1.4018
1443.000       1.3558
1444.000       1.4073
1446.000       1.4116
1447.000       1.3542
1448.000       1.3861
1449.000       1.4787
1452.000       1.3960
1453.000       1.3693
1455.000       1.3354
1456.000       1.3216
1457.000       1.6018
1459.000       1.4980
1461.000       1.5727
1463.000       1.7552
1464.000       1.8036
1465.000       2.0894
1466.000       1.9145
1467.000       1.6803
1468.000       1.8364
1471.000       1.9610
1473.000       1.9317
1474.000       2.0672
1476.000       2.2170
1477.000       2.3260
1479.000       2.6860
1480.000       2.8033
1481.000       3.2825
1482.000       3.6553
1485.000       3.5447
1486.000       3.3827
1488.000       2.9200
1489.000       2.5894
1490.000       2.0282
1492.000       2.0211
1494.000       2.2524
1496.000       2.3712
1497.000       2.2680
1498.000       2.5795
1499.000       2.3371
1500.000       2.0926
1501.000       2.2028
1504.000       2.0695
1506.000       1.9781
1507.000       1.8699
1509.000       1.7345
1510.000       1.7716
1512.000       1.7577
1514.000       1.6902
1515.000       1.7502
1518.000       1.6468
1519.000       1.6702
1520.000       1.7081
1521.000       1.9883
1523.000       1.9115
1525.000       2.0642
1527.000       2.1779
1528.000       2.2344
1529.000       2.5641
1530.000       2.1976
1531.000       2.0921
1532.000       2.1885
1535.000       2.0366
1537.000       1.8519
1538.000       1.7419
1540.000       1.6322
1541.000       1.6535
1543.000       1.6290
1545.000       1.5933
1546.000       1.6558
1549.000       1.5666
1550.000       1.5783
1551.000       1.6126
1552.000       2.0523
1554.000       1.8912
1556.000       1.9377
1558.000       2.2928
1559.000       2.4582
1560.000       2.7693
1561.000       2.4357
1562.000       2.3905
1563.000       2.4855
1566.000       2.4468
1568.000       2.2088
1569.000       2.2288
1571.000       2.1056
1572.000       2.0480
1574.000       2.0038
1575.000       2.0357
1576.000       2.0796
1577.000       2.0947
1580.000       2.1769
1581.000       2.2226
1583.000       2.1974
1584.000       2.0990
1585.000       2.5998
1587.000       2.5232
1589.000       2.6756
1591.000       2.9020
1592.000       3.1541
1593.000       3.4578
1594.000       3.1240
1595.000       3.1569
1596.000       3.3062
1599.000       3.3471
1601.000       3.0853
1602.000       3.1476
1604.000       2.9490
1605.000       2.8491
1607.000       2.7743
1608.000       2.8187
1609.000       2.8369
1610.000       2.8147
1611.000       2.9505
1613.000       3.0336
1614.000       3.1643
1617.000       3.0247
1618.000       2.9168
1619.000       3.5133
1621.000       3.4751
1623.000       3.7054
1625.000       3.8450
1626.000       4.0607
1627.000       4.4178
1628.000       3.9152
1629.000       4.1025
1630.000       4.2098
1633.000       4.3653
1635.000       4.6284
1636.000       4.6577
1638.000       4.6054
1639.000       4.5172
1641.000       4.5710
1642.000       4.7037
1643.000       4.8760
1644.000       4.9325
1647.000       5.0510
1648.000       5.0579
1650.000       4.9108
1651.000       4.7317
1652.000       4.1479
1654.000       4.4331
1656.000       4.6452
1658.000       4.0259
1659.000       3.7089
1660.000       3.7234
1661.000       3.5027
1662.000       3.7413
1663.000       3.9302
1666.000       4.0621
1668.000       4.2268
1669.000       4.2030
1671.000       4.0443
1672.000       3.8493
1674.000       3.8049
1675.000       3.9759
1676.000       4.0743
1677.000       4.0108
1680.000       4.2869
1681.000       4.4042
1683.000       4.3423
1684.000       4.1221
1685.000       3.8426
1687.000       4.0533
1689.000       4.3285
1691.000       3.8084
1692.000       3.5625
1693.000       3.6348
1694.000       3.2658
1695.000       3.6831
1696.000       3.9563
1699.000       4.1000
1701.000       4.1716
1702.000       4.1377
1704.000       3.8847
1705.000       3.6174
1707.000       3.4574
1708.000       3.6404
1709.000       3.6601
1710.000       3.4869
1713.000       3.9106
1714.000       4.1323
1716.000       4.1512
1717.000       3.8959
1718.000       3.9199
1720.000       4.0837
1722.000       4.4138
1724.000       4.0106
1725.000       3.8332
1726.000       4.1323
1727.000       3.7773
1728.000       3.5643
1729.000       3.6548
1732.000       3.4180
1734.000       3.3465
1735.000       3.0550
1737.000       2.8698
1738.000       2.9436
1740.000       2.7995
1742.000       2.5576
1743.000       2.4544
1744.000       2.5031
1746.000       2.6525
1747.000       2.6366
1748.000       3.1348
1750.000       2.9502
1752.000       3.0585
1754.000       3.2111
1755.000       3.0685
1756.000       3.2947
1757.000       3.0488
1758.000       2.7775
1759.000       2.8012
1762.000       2.5583
1764.000       2.4630
1765.000       2.2259
1767.000       2.1168
1768.000       2.2140
1770.000       2.1106
1771.000       1.9195
1772.000       1.7794
1773.000       1.7915
1774.000       1.6866
1776.000       1.7302
1777.000       1.7145
1780.000       1.8488
1781.000       1.9343
1782.000       2.3787
1784.000       2.1891
1786.000       2.2555
1788.000       2.4868
1789.000       2.4824
1790.000       2.6970
1791.000       2.5378
1792.000       2.2609
1793.000       2.2398
1796.000       2.0904
1798.000       1.9730
1799.000       1.8619
1801.000       1.7984
1802.000       1.8816
1804.000       1.8491
1805.000       1.7279
1806.000       1.6865
1807.000       1.7520
1808.000       1.6248
1810.000       1.6133
1811.000       1.6193
1814.000       1.6521
1815.000       1.7021
1816.000       2.0745
1818.000       1.9366
1820.000       2.0005
1822.000       2.2356
1823.000       2.2440
1824.000       2.5657
1825.000       2.4823
1826.000       1.7663
1827.000       1.7066
1830.000       1.3034
1832.000       1.2110
1833.000       1.1621
1835.000       1.3981
1836.000       1.6036
1838.000       2.0118
1840.000       2.2441
1841.000       2.6840
1842.000       2.0822
1844.000       1.6963
1845.000       1.8114
1846.000       1.1454
1848.000       1.1660
1850.000       1.3905
1852.000       1.1875
1853.000       1.2031
1854.000       1.3088
1855.000       1.3159
1856.000       1.1071
1857.000       1.0858
1860.000       1.0652
1862.000       1.0781
1863.000       1.0865
1865.000       1.0573
1866.000       1.0626
1868.000       1.0515
1869.000       1.0489
1870.000       1.0874
1871.000       1.1226
1872.000       1.1356
1874.000       1.1476
1875.000       1.2196
1878.000       1.1181
1879.000       1.0633
1880.000       1.0662
1882.000       1.1001
1884.000       1.1885
1886.000       1.1006
1887.000       1.1083
1888.000       1.2004
1889.000       1.1335
1890.000       1.1050
1891.000       1.1632
1894.000       1.1622
1896.000       1.1633
1897.000       1.1472
1899.000       1.1014
1900.000       1.0802
1902.000       1.0659
1904.000       1.0715
1905.000       1.0953
1908.000       1.1040
1909.000       1.1178
1910.000       1.1842
1911.000       1.1353
1913.000       1.1560
1915.000       1.2353
1917.000       1.1719
1918.000       1.1750
1919.000       1.2641
1920.000       1.1808
1921.000       1.1744
1922.000       1.2269
1925.000       1.2517
1927.000       1.2322
1928.000       1.2536
1930.000       1.1861
1931.000       1.1431
1933.000       1.1246
1935.000       1.1484
1936.000       1.1696
1939.000       1.1961
1940.000       1.2165
1941.000       1.3016
1942.000       1.2780
1944.000       1.3442
1946.000       1.5435
1948.000       1.3459
1949.000       1.4110
1950.000       1.5567
1951.000       1.8439
1952.000       1.4821
1953.000       1.4232
1956.000       1.3775
1958.000       1.4186
1959.000       1.4425
1961.000       1.3898
1962.000       1.4054
1964.000       1.3963
1965.000       1.3930
1966.000       1.4633
1967.000       1.5009
1970.000       1.5722
1971.000       1.5927
1973.000       1.5128
1974.000       1.4096
1975.000       1.3598
1977.000       1.4728
1979.000       1.6436
1981.000       1.3985
1982.000       1.4001
1983.000       1.4843
1984.000       1.3805
1985.000       1.4391
1986.000       1.5569
1989.000       1.5982
1991.000       1.5739
1992.000       1.5800
1994.000       1.5011
1995.000       1.4686
1997.000       1.4135
1998.000       1.4193
1999.000       1.4138
2000.000       1.3767
2003.000       1.4866
2004.000       1.5590
2006.000       1.5598
2007.000       1.4837
2008.000       1.6052
2010.000       1.6324
2012.000       1.7480
2014.000       1.6793
2015.000       1.6914
2016.000       1.6842
2017.000       1.7867
2018.000       1.6560
2019.000       1.7009
2022.000       1.6725
2024.000       1.7240
2025.000       1.6722
2027.000       1.6976
2028.000       1.7163
2030.000       1.7638
2032.000       1.8131
2033.000       1.9068
2034.000       1.8101
2036.000       1.7478
2037.000       1.7913
2038.000       1.5910
2040.000       1.5893
2042.000       1.5767
2044.000       1.6146
2045.000       1.6110
2046.000       1.6913
2047.000       1.6932
2048.000       1.5059
2049.000       1.4741
2052.000       1.3996
2054.000       1.3919
2055.000       1.4363
2057.000       1.4634
2058.000       1.4780
2060.000       1.5241
2062.000       1.5599
2063.000       1.6357
2064.000       1.5506
2066.000       1.5100
2067.000       1.5564
2068.000       1.4250
2070.000       1.4609
2072.000       1.5252
2074.000       1.4212
2075.000       1.3999
2076.000       1.4255
2077.000       1.3905
2078.000       1.4367
2079.000       1.4710
2082.000       1.5255
2084.000       1.5347
2085.000       1.5632
2087.000       1.5066
2088.000       1.4468
2090.000       1.4175
2092.000       1.4470
2093.000       1.4334
2096.000       1.5107
2097.000       1.5411
2098.000       1.6242
2099.000       1.5415
2101.000       1.6023
2103.000       1.6966
2105.000       1.5939
2106.000       1.5897
2107.000       1.6648
2108.000       1.5124
2109.000       1.6389
2110.000       1.7351
2113.000       1.7436
2115.000       1.7130
2116.000       1.6788
2118.000       1.5990
2119.000       1.5679
2121.000       1.5238
2123.000       1.5070
2124.000       1.4856
2127.000       1.5343
2128.000       1.5794
2129.000       1.6225
2130.000       1.7257
2132.000       1.7173
2134.000       1.8105
2136.000       1.8025
2137.000       1.8294
2138.000       1.9526
2139.000       1.8541
2140.000       1.7639
2141.000       1.7972
2144.000       1.7303
2146.000       1.6897
2147.000       1.6272
2149.000       1.5707
2150.000       1.6128
2152.000       1.6022
2154.000       1.5393
2155.000       1.5649
2156.000       1.5040
2158.000       1.5185
2159.000       1.5205
2160.000       1.7096
2162.000       1.6713
2164.000       1.7676
2166.000       1.7590
2167.000       1.7946
2168.000       1.9017
2169.000       1.8567
2170.000       1.7169
2171.000       1.7404
2174.000       1.7231
2176.000       1.6967
2177.000       1.7177
2179.000       1.6548
2180.000       1.6729
2182.000       1.6300
2183.000       1.5745
2184.000       1.5371
2185.000       1.5456
2186.000       1.5229
2188.000       1.5440
2189.000       1.5542
2192.000       1.5814
2193.000       1.5918
2194.000       1.7252
2196.000       1.8449
2198.000       2.1066
2200.000       1.8366
2201.000       1.8975
2202.000       2.1161
2203.000       1.9212
2204.000       1.8500
2205.000       1.9612
2208.000       1.9507
2210.000       1.9224
2211.000       1.9198
2213.000       1.6335
2214.000       1.6792
2216.000       1.5993
2218.000       1.4827
2219.000       1.6072
2222.000       1.4721
2223.000       1.5360
2224.000       1.7030
2225.000       1.9285
2227.000       2.2026
2229.000       2.8856
2231.000       2.0410
2232.000       2.1116
2233.000       2.5329
2234.000       2.0736
2235.000       2.0587
2236.000       2.3509
2239.000       2.4134
2241.000       2.3230
2242.000       2.3243
2244.000       2.0563
2245.000       1.8529
2247.000       1.7436
2248.000       1.8863
2249.000       1.9962
2250.000       1.9811
2253.000       2.2479
2254.000       2.3921
2256.000       2.3444
2257.000       2.0766
2258.000       2.3432
2260.000       2.4691
2262.000       2.9337
2264.000       2.6236
2265.000       2.6624
2266.000       3.0275
2267.000       2.4633
2268.000       2.7210
2269.000       3.0611
2272.000       3.1481
2274.000       2.9361
2275.000       2.9926
2277.000       2.7160
2278.000       2.4577
2280.000       2.3448
2281.000       2.5444
2282.000       2.6420
2283.000       2.5862
2284.000       2.9225
2286.000       3.1029
2287.000       3.4082
2290.000       3.0534
2291.000       2.7652
2292.000       3.1828
2294.000       3.2515
2296.000       3.6331
2298.000       3.5096
2299.000       3.5895
2300.000       3.9850
2301.000       3.3100
2302.000       3.6674
2303.000       4.0277
2306.000       4.1016
2308.000       3.8464
2309.000       3.8813
2311.000       3.5299
2312.000       3.2255
2314.000       2.9763
2316.000       3.0742
2317.000       2.9603
2320.000       3.3770
2321.000       3.5947
2322.000       3.9188
2323.000       4.1402
2325.000       4.1713
2327.000       4.5699
2329.000       4.5002
2330.000       4.5845
2331.000       4.9860
2332.000       4.2400
2333.000       4.7192
2334.000       5.1558
2337.000       5.2995
2339.000       5.0820
2340.000       5.0970
2342.000       4.6577
2343.000       4.2868
2345.000       3.9852
2346.000       4.2019
2347.000       4.1568
2348.000       3.8959
2349.000       4.5407
2351.000       4.9002
2352.000       5.2649
2355.000       4.9610
2356.000       4.6089
2357.000       5.2825
2359.000       5.3758
2361.000       5.8497
2363.000       5.6267
2364.000       5.5941
2365.000       6.0150
2366.000       5.2475
2367.000       5.5629
2368.000       5.9409
2371.000       5.9180
2373.000       5.6619
2374.000       5.5175
2376.000       5.0419
2377.000       4.7711
2379.000       4.4058
2380.000       4.4485
2381.000       4.2457
2382.000       3.9543
2383.000       4.5048
2385.000       4.8843
2386.000       5.1460
2389.000       5.0705
2390.000       4.8426
2391.000       5.7942
2393.000       5.7292
2395.000       6.1531
2397.000       6.1329
2398.000       6.2544
2399.000       6.8743
2400.000       6.2578
2401.000       5.8592
2402.000       5.8446
2405.000       5.6452
2407.000       5.9627
2408.000       6.0577
2410.000       6.3986
2411.000       6.6014
2413.000       6.9969
2414.000       7.0717
2415.000       7.5132
2416.000       7.9517
2419.000       7.6015
2420.000       7.2537
2422.000       6.8013
2423.000       6.7246
2424.000       5.4697
2426.000       5.7346
2428.000       5.6532
2430.000       5.0952
2431.000       4.8085
2432.000       4.5408
2433.000       4.9047
2434.000       4.9853
2435.000       5.0553
2438.000       5.4292
2440.000       5.7566
2441.000       6.0231
2443.000       6.0534
2444.000       5.8192
2446.000       6.0310
2447.000       6.4157
2448.000       6.8420
2449.000       6.9785
2452.000       7.2084
2453.000       7.1724
2455.000       6.8193
2456.000       6.4324
2457.000       5.4001
2459.000       5.8838
2461.000       6.1821
2463.000       5.2897
2464.000       5.1421
2465.000       5.0809
2466.000       4.8291
2467.000       5.5896
2468.000       5.9592
2471.000       6.4169
2473.000       6.5853
2474.000       6.8239
2476.000       6.6044
2477.000       6.1622
2479.000       6.1460
2480.000       6.6181
2481.000       6.9295
2482.000       6.8311
2485.000       7.4220
2486.000       7.6093
2488.000       7.3890
2489.000       6.8855
2490.000       6.4074
2492.000       6.8458
2494.000       7.2976
2496.000       6.5060
2497.000       6.3091
2498.000       6.6761
2499.000       6.0501
2500.000       6.1773
2501.000       6.5121
2504.000       6.4188
2506.000       6.2366
2507.000       5.9577
2509.000       5.4574
2510.000       5.2758
2512.000       4.8445
2514.000       4.5865
2515.000       4.1972
2518.000       4.7878
2519.000       5.2235
2520.000       5.4516
2521.000       6.0931
2523.000       6.0253
2525.000       6.4588
2527.000       6.3355
2528.000       6.0635
2529.000       6.4544
2530.000       5.7015
2531.000       5.8521
2532.000       6.1888
2535.000       6.0023
2537.000       5.7550
2538.000       5.4095
2540.000       4.9383
2541.000       4.8130
2543.000       4.3993
2544.000       4.2258
2545.000       3.8278
2546.000       3.5105
2547.000       3.8941
2549.000       4.2909
2550.000       4.3964
2553.000       4.6336
2554.000       4.5792
2555.000       5.6863
2557.000       5.4937
2559.000       5.8616
2561.000       5.9670
2562.000       5.7479
2563.000       6.1796
2564.000       5.5780
2565.000       5.3043
2566.000       5.4678
2569.000       5.0696
2571.000       4.7780
2572.000       4.3117
2574.000       3.9349
2575.000       4.0969
2577.000       3.8744
2579.000       3.4181
2580.000       3.2987
2581.000       3.2390
2583.000       3.5052
2584.000       3.4624
2585.000       4.7234
2587.000       4.3436
2589.000       4.5303
2591.000       4.9596
2592.000       4.7669
2593.000       5.1617
2594.000       4.5434
2595.000       4.4748
2596.000       4.7095
2599.000       4.4511
2601.000       4.1881
2602.000       3.8379
2604.000       3.4317
2605.000       3.4393
2607.000       3.1497
2609.000       2.7779
2610.000       2.5638
2611.000       2.7774
2613.000       3.1118
2614.000       3.1864
2615.000       4.1639
2617.000       3.9171
2619.000       4.2123
2621.000       4.4132
2622.000       4.2503
2623.000       4.6273
2624.000       4.0932
2625.000       3.9122
2626.000       4.0829
2629.000       3.7694
2631.000       3.5347
2632.000       3.1571
2634.000       2.8309
2635.000       2.8923
2637.000       2.6300
2638.000       2.3170
2639.000       1.9816
2640.000       1.9239
2641.000       1.8280
2643.000       2.0267
2644.000       2.0056
2647.000       2.3509
2648.000       2.4575
2649.000       3.4639
2651.000       3.1830
2653.000       3.4140
2655.000       3.6643
2656.000       3.4841
2657.000       3.8161
2658.000       3.3798
2659.000       3.1557
2660.000       3.1467
2663.000       2.8881
2665.000       2.7232
2666.000       2.4196
2668.000       2.1672
2669.000       2.2436
2671.000       2.1124
2672.000       1.9046
2673.000       1.8305
2674.000       1.9521
2677.000       1.8196
2678.000       1.8710
2680.000       1.9516
2681.000       1.9480
2682.000       2.6021
2684.000       2.4305
2686.000       2.6988
2688.000       2.7642
2689.000       2.5945
2690.000       2.8911
2691.000       2.5905
2692.000       2.2527
2693.000       2.3611
2696.000       2.1511
2698.000       1.9956
2699.000       1.8075
2701.000       1.6496
2702.000       1.7068
2704.000       1.7366
2705.000       1.6888
2706.000       1.8742
2707.000       2.1063
2710.000       1.9934
2711.000       1.9334
2713.000       1.7778
2714.000       1.6406
2715.000       1.9586
2717.000       1.8904
2719.000       2.1899
2721.000       2.1377
2722.000       2.1474
2723.000       2.3374
2724.000       2.1820
2725.000       2.0049
2726.000       2.0107
2729.000       1.9030
2731.000       1.8389
2732.000       1.7805
2734.000       1.7513
2735.000       1.8091
2737.000       1.7803
2738.000       1.6957
2739.000       1.6584
2740.000       1.6739
2743.000       1.6442
2744.000       1.6598
2746.000       1.6805
2747.000       1.6935
2748.000       1.8653
2750.000       1.8031
2752.000       1.8359
2754.000       1.9157
2755.000       1.9185
2756.000       2.0001
2757.000       1.9660
2758.000       1.8525
2759.000       1.8571
2762.000       1.8103
2764.000       1.8469
2765.000       1.8010
2767.000       1.7819
2768.000       1.8166
2770.000       1.8089
2771.000       1.7680
2772.000       1.7663
2773.000       1.8035
2774.000       1.7449
2776.000       1.7295
2777.000       1.7312
2780.000       1.7338
2781.000       1.7515
2782.000       1.7211
2784.000       1.7312
2786.000       1.7852
2788.000       1.7011
2789.000       1.6165
2790.000       1.6732
2791.000       1.6666
2792.000       1.5149
2793.000       1.5070
2796.000       1.4417
2798.000       1.4972
2799.000       1.4481
2801.000       1.4789
2802.000       1.5287
2804.000       1.5729
2805.000       1.5553
2806.000       1.6167
2807.000       1.6983
2810.000       1.6319
2811.000       1.5828
2813.000       1.5175
2814.000       1.5042
2815.000       1.3447
2817.000       1.3649
2819.000       1.4016
2821.000       1.3046
2822.000       1.2445
2823.000       1.2954
2824.000       1.3293
2825.000       1.1789
2826.000       1.1636
2829.000       1.1657
2831.000       1.2353
2832.000       1.2540
2834.000       1.3004
2835.000       1.3173
2837.000       1.3965
2839.000       1.4680
2840.000       1.5768
2841.000       1.4591
2843.000       1.3784
2844.000       1.4269
2845.000       1.1476
2847.000       1.2156
2849.000       1.2734
2851.000       1.1436
2852.000       1.1456
2853.000       1.2033
2854.000       1.1983
2855.000       1.1494
2856.000       1.3893
2859.000       1.3063
2861.000       1.3166
2862.000       1.3395
2864.000       1.3519
2865.000       1.3468
2867.000       1.3949
2868.000       1.4458
2869.000       1.5565
2870.000       1.6251
2871.000       1.6304
2873.000       1.6122
2874.000       1.7343
2877.000       1.5139
2878.000       1.4264
2879.000       1.2842
2881.000       1.3297
2883.000       1.4106
2885.000       1.3176
2886.000       1.4179
2887.000       1.5194
2888.000       1.4722
2889.000       1.4695
2890.000       1.5469
2893.000       1.6358
2895.000       1.5889
2896.000       1.6529
2898.000       1.5738
2899.000       1.4863
2901.000       1.4844
2902.000       1.5671
2903.000       1.6445
2904.000       1.6469
2907.000       1.7618
2908.000       1.8109
2910.000       1.7601
2911.000       1.6281
2912.000       1.7242
2914.000       1.7821
2916.000       1.9521
2918.000       1.8954
2919.000       2.0081
2920.000       2.2463
2921.000       1.9635
2922.000       2.0179
2923.000       2.1519
2926.000       2.1731
2928.000       2.0601
2929.000       2.0724
2931.000       1.9315
2932.000       1.8236
2934.000       1.7545
2935.000       1.8210
2936.000       1.8419
2937.000       1.8116
2938.000       1.9634
2940.000       2.0593
2941.000       2.1968
2944.000       2.0554
2945.000       1.9297
2946.000       2.2234
2948.000       2.2228
2950.000       2.3989
2952.000       2.4126
2953.000       2.5124
2954.000       2.7461
2955.000       2.4432
2956.000       2.5123
2957.000       2.6485
2960.000       2.6378
2962.000       2.4844
2963.000       2.4599
2965.000       2.3020
2966.000       2.2267
2968.000       2.1253
2970.000       2.1093
2971.000       2.0671
2974.000       2.1892
2975.000       2.2821
2976.000       2.3923
2977.000       2.6775
2979.000       2.6312
2981.000       2.8004
2983.000       2.8877
2984.000       2.9998
2985.000       3.2556
2986.000       2.9506
2987.000       2.9482
2988.000       3.0717
2991.000       3.0131
2993.000       2.8318
2994.000       2.7916
2996.000       2.6476
2997.000       2.5943
2999.000       2.4870
3001.000       2.4443
3002.000       2.3865
3005.000       2.5083
3006.000       2.6069
3007.000       2.7000
3008.000       3.0603
3010.000       2.9726
3012.000       3.1098
3014.000       3.2780
3015.000       3.4124
3016.000       3.6663
3017.000       3.3927
3018.000       3.3602
3019.000       3.4366
3022.000       3.4065
3024.000       3.2022
3025.000       3.1930
3027.000       3.0603
3028.000       3.0380
3030.000       2.9848
3031.000       2.9729
3032.000       2.9986
3033.000       3.0330
3034.000       3.0678
3036.000       3.1137
3037.000       3.2441
3040.000       3.0951
3041.000       3.0213
3042.000       3.5133
3044.000       3.4209
3046.000       3.5814
3048.000       3.7821
