   2.000       2.3483
   3.000       2.1067
   6.000       1.9126
   8.000       1.8892
   9.000       1.7944
  11.000       1.8000
  12.000       1.9006
  14.000       1.9047
  15.000       1.7983
  16.000       1.7735
  17.000       1.8459
  20.000       1.7146
  21.000       1.6810
  23.000       1.6912
  24.000       1.7422
  25.000       1.8877
  27.000       1.8797
  29.000       1.9539
  31.000       1.8832
  32.000       1.8525
  33.000       1.9724
  34.000       1.9727
  35.000       1.7183
  36.000       1.6644
  39.000       1.6201
  41.000       1.6533
  42.000       1.6377
  44.000       1.6599
  45.000       1.9774
  47.000       2.0757
  48.000       1.7931
  49.000       1.8445
  50.000       2.1551
  53.000       1.7095
  54.000       1.5216
  56.000       1.4199
  57.000       1.5457
  58.000       1.6358
  60.000       1.7976
  62.000       2.3436
  64.000       1.7028
  65.000       1.7112
  66.000       1.8237
  67.000       1.8108
  68.000       1.6617
  69.000       1.6729
  72.000       1.7224
  74.000       1.7444
  75.000       1.7531
  77.000       1.6824
  78.000       1.6550
  80.000       1.6185
  81.000       1.6255
  82.000       1.6290
  83.000       1.6260
  84.000       1.6878
  86.000       1.7386
  87.000       1.8223
  90.000       1.7395
  91.000       1.6753
  92.000       1.7224
  94.000       1.7967
  96.000       1.9418
  98.000       1.8067
  99.000       1.8329
 100.000       1.9910
 101.000       1.7895
 102.000       1.8372
 103.000       1.9410
 106.000       1.9614
 108.000       1.9026
 109.000       1.8956
 111.000       1.7752
 112.000       1.7063
 114.000       1.6350
 116.000       1.6279
 117.000       1.6005
 118.000       1.7040
 120.000       1.7787
 121.000       1.8822
 122.000       1.9533
 124.000       1.9775
 126.000       2.1376
 128.000       2.0760
 129.000       2.0984
 130.000       2.2818
 131.000       2.0387
 132.000       2.0660
 133.000       2.1790
 136.000       2.1577
 138.000       2.0630
 139.000       2.0197
 141.000       1.8730
 142.000       1.8195
 144.000       1.7096
 146.000       1.6482
 147.000       1.5812
 148.000       1.7240
 150.000       1.8294
 151.000       1.9250
 152.000       2.1421
 154.000       2.1111
 156.000       2.2657
 158.000       2.2839
 159.000       2.3146
 160.000       2.5178
 161.000       2.2697
 162.000       2.2369
 163.000       2.3364
 166.000       2.2657
 168.000       2.1572
 169.000       2.0724
 171.000       1.9250
 172.000       1.9172
 174.000       1.8070
 176.000       1.6962
 177.000       1.6265
 178.000       1.7302
 180.000       1.8413
 181.000       1.9051
 182.000       2.2161
 184.000       2.1476
 186.000       2.2817
 188.000       2.3454
 189.000       2.3595
 190.000       2.5523
 191.000       2.3355
 192.000       2.2504
 193.000       2.3253
 196.000       2.2138
 198.000       2.1160
 199.000       1.9954
 201.000       1.8856
 202.000       1.8966
 204.000       1.8025
 205.000       1.7202
 206.000       1.6282
 207.000       1.5912
 208.000       1.6164
 210.000       1.6840
 211.000       1.6986
 214.000       1.7650
 215.000       1.7774
 216.000       2.1328
 218.000       2.0299
 220.000       2.1064
 222.000       2.2299
 223.000       2.2247
 224.000       2.3944
 225.000       2.2650
 226.000       2.0677
 227.000       2.1283
 230.000       1.9841
 232.000       1.9065
 233.000       1.8119
 235.000       1.7665
 236.000       1.8108
 238.000       1.7801
 240.000       1.7025
 241.000       1.7008
 244.000       1.6678
 245.000       1.7002
 246.000       1.7018
 247.000       1.9477
 249.000       1.8500
 251.000       1.8955
 253.000       2.0218
 254.000       2.0795
 255.000       2.2056
 256.000       2.1753
 257.000       1.9778
 258.000       1.9507
 261.000       1.8525
 263.000       1.7759
 264.000       1.7136
 266.000       1.7282
 267.000       1.8325
 269.000       1.8778
 271.000       1.8238
 272.000       1.9020
 273.000       1.7307
 275.000       1.6785
 276.000       1.6404
 277.000       1.8619
 279.000       1.7614
 281.000       1.7458
 283.000       1.9372
 284.000       1.9817
 285.000       2.1463
 286.000       2.0059
 287.000       1.8647
 288.000       1.8762
 291.000       1.7847
 293.000       1.7447
 294.000       1.6782
 296.000       1.6334
 297.000       1.6598
 299.000       1.6278
 300.000       1.5751
 301.000       1.5439
 302.000       1.5530
 305.000       1.5357
 306.000       1.5506
 308.000       1.5778
 309.000       1.5850
 310.000       1.7058
 312.000       1.6609
 314.000       1.7165
 316.000       1.7342
 317.000       1.6870
 318.000       1.7581
 319.000       1.7743
 320.000       1.5474
 321.000       1.4831
 324.000       1.3742
 326.000       1.4003
 327.000       1.3428
 329.000       1.3817
 330.000       1.4620
 332.000       1.4916
 333.000       1.4314
 334.000       1.4554
 335.000       1.5244
 336.000       1.4206
 338.000       1.3625
 339.000       1.3590
 342.000       1.3325
 343.000       1.3703
 344.000       1.3028
 346.000       1.2682
 348.000       1.2485
 350.000       1.2743
 351.000       1.2161
 352.000       1.2577
 353.000       1.2812
 354.000       1.1448
 355.000       1.1240
 358.000       1.1007
 360.000       1.1612
 361.000       1.1532
 363.000       1.1717
 364.000       1.1936
 366.000       1.2343
 367.000       1.2307
 368.000       1.2845
 369.000       1.3466
 370.000       1.3039
 372.000       1.2826
 373.000       1.3405
 376.000       1.2340
 377.000       1.2024
 378.000       1.0643
 380.000       1.0973
 382.000       1.1445
 384.000       1.0779
 385.000       1.1083
 386.000       1.2599
 387.000       1.1598
 388.000       1.0698
 389.000       1.1114
 392.000       1.0899
 394.000       1.1217
 395.000       1.1108
 397.000       1.0601
 398.000       1.0505
 400.000       1.0820
 401.000       1.0940
 402.000       1.1614
 403.000       1.2308
 404.000       1.2024
 406.000       1.1969
 407.000       1.2842
 410.000       1.1482
 411.000       1.0862
 412.000       1.0332
 414.000       1.0936
 416.000       1.2440
 418.000       1.0907
 419.000       1.0925
 420.000       1.2645
 421.000       1.0611
 422.000       1.1050
 423.000       1.2393
 426.000       1.2671
 428.000       1.2083
 429.000       1.1537
 431.000       1.0624
 432.000       0.9980
 434.000       0.9877
 436.000       1.0433
 437.000       1.1079
 438.000       1.0914
 440.000       1.1048
 441.000       1.2087
 442.000       1.2789
 444.000       1.1597
 446.000       1.2487
 448.000       1.4616
 449.000       1.5994
 450.000       1.7935
 451.000       1.7141
 452.000       1.6423
 453.000       1.7390
 456.000       1.7618
 458.000       1.7557
 459.000       1.7658
 461.000       1.6380
 462.000       1.4777
 464.000       1.4032
 466.000       1.5060
 467.000       1.5141
 468.000       1.6951
 470.000       1.7615
 471.000       1.9888
 472.000       1.6950
 474.000       1.7729
 476.000       1.9644
 478.000       1.7805
 479.000       1.7445
 480.000       1.8927
 481.000       1.6694
 482.000       1.7362
 483.000       1.8576
 486.000       1.8626
 488.000       1.8504
 489.000       1.8029
 491.000       1.6475
 492.000       1.5592
 494.000       1.4394
 496.000       1.4186
 497.000       1.3449
 500.000       1.5250
 501.000       1.6352
 502.000       1.7673
 503.000       1.7821
 505.000       1.8199
 507.000       1.9904
 509.000       1.8619
 510.000       1.8135
 511.000       1.9669
 512.000       1.7261
 513.000       1.7846
 514.000       1.9176
 517.000       1.9093
 519.000       1.8736
 520.000       1.8205
 522.000       1.6541
 523.000       1.5635
 525.000       1.4364
 527.000       1.4033
 528.000       1.3241
 531.000       1.5063
 532.000       1.6309
 533.000       1.7611
 534.000       1.8269
 536.000       1.8546
 538.000       2.0352
 540.000       1.9138
 541.000       1.8636
 542.000       2.0316
 543.000       1.7920
 544.000       1.8159
 545.000       1.9415
 548.000       1.9179
 550.000       1.8412
 551.000       1.7526
 553.000       1.5859
 554.000       1.5284
 556.000       1.4143
 557.000       1.3795
 558.000       1.3007
 559.000       1.2501
 560.000       1.3475
 562.000       1.4637
 563.000       1.5416
 566.000       1.5474
 567.000       1.4928
 568.000       1.8499
 570.000       1.8246
 572.000       2.0120
 574.000       1.9928
 575.000       1.9636
 576.000       2.1820
 577.000       1.8653
 578.000       1.9161
 579.000       2.0649
 582.000       2.0064
 584.000       1.8663
 585.000       1.7589
 587.000       1.5812
 588.000       1.5536
 590.000       1.4494
 592.000       1.3719
 593.000       1.3408
 596.000       1.3987
 597.000       1.5018
 598.000       1.5765
 599.000       1.9591
 601.000       1.8875
 603.000       2.0662
 605.000       2.1512
 606.000       2.1748
 607.000       2.4495
 608.000       2.0746
 609.000       2.1192
 610.000       2.2915
 613.000       2.2563
 615.000       2.0526
 616.000       2.0255
 618.000       1.8524
 619.000       1.7547
 621.000       1.6957
 622.000       1.7650
 623.000       1.8590
 624.000       1.9002
 625.000       2.0200
 627.000       2.0838
 628.000       2.3015
 631.000       2.0231
 632.000       1.8590
 633.000       2.3005
 635.000       2.2568
 637.000       2.4768
 639.000       2.5739
 640.000       2.7179
 641.000       3.0514
 642.000       2.6352
 643.000       2.6647
 644.000       2.8409
 647.000       2.8135
 649.000       2.5726
 650.000       2.5561
 652.000       2.3303
 653.000       2.2327
 655.000       2.1055
 657.000       2.0830
 658.000       2.0785
 659.000       2.1958
 661.000       2.3155
 662.000       2.4859
 663.000       2.8851
 665.000       2.8117
 667.000       3.0511
 669.000       3.1857
 670.000       3.3631
 671.000       3.6283
 672.000       3.2898
 673.000       3.3934
 674.000       3.5511
 677.000       3.5916
 679.000       3.3975
 680.000       3.4463
 682.000       3.2959
 683.000       3.1971
 685.000       3.0987
 687.000       3.1143
 688.000       3.0769
 691.000       3.2213
 692.000       3.3070
 693.000       3.4430
 694.000       3.7098
 696.000       3.6925
 698.000       3.8964
 700.000       3.9831
 701.000       4.1705
 702.000       4.2990
 703.000       4.4137
 704.000       4.0949
 705.000       4.1599
 708.000       4.0955
 710.000       4.0513
 711.000       3.9158
 713.000       3.8636
 714.000       3.9565
 716.000       3.9519
 717.000       3.8482
 718.000       3.8649
 719.000       3.9602
 722.000       3.8663
 723.000       3.8419
 725.000       3.8095
 726.000       3.8066
 727.000       4.0192
 729.000       3.8558
 731.000       3.8136
 733.000       4.0919
 736.000       4.4886
 737.000       4.4895
 740.000       4.6054
 742.000       4.9065
 743.000       5.1761
 745.000       5.3639
 746.000       5.5610
 748.000       6.0205
 749.000       6.0875
 750.000       6.6479
 751.000       7.2662
 754.000       6.7518
 755.000       6.3474
 757.000       5.8448
 758.000       5.6960
 759.000       4.4234
 761.000       4.9563
 763.000       5.4179
 765.000       4.3693
 766.000       4.0891
 767.000       4.2874
 768.000       3.9186
 769.000       3.9645
 770.000       4.1893
 773.000       4.1257
 775.000       4.1496
 776.000       3.9564
 778.000       3.7183
 779.000       3.6330
 781.000       3.4549
 782.000       3.4145
 783.000       3.2865
 784.000       3.1749
 785.000       3.3483
 787.000       3.5145
 788.000       3.5917
 791.000       3.6387
 792.000       3.5787
 793.000       3.8077
 795.000       3.8330
 797.000       4.0926
 799.000       3.8393
 800.000       3.5813
 801.000       3.7471
 802.000       3.4675
 803.000       3.3655
 804.000       3.4679
 807.000       3.3091
 809.000       3.2856
 810.000       3.0787
 812.000       2.9541
 813.000       3.0169
 815.000       2.9366
 816.000       2.7970
 817.000       2.7125
 818.000       2.7483
 819.000       2.6559
 821.000       2.6829
 822.000       2.6927
 825.000       2.7635
 826.000       2.8120
 827.000       3.0501
 829.000       2.9691
 831.000       3.1038
 833.000       3.0883
 834.000       2.9365
 835.000       3.0848
 836.000       2.9744
 837.000       2.6794
 838.000       2.6553
 841.000       2.4529
 843.000       2.4374
 844.000       2.2677
 846.000       2.2659
 847.000       2.3910
 849.000       2.4624
 851.000       2.4107
 852.000       2.5358
 853.000       2.2869
 855.000       2.2143
 856.000       2.1902
 857.000       2.2758
 859.000       2.1580
 861.000       2.1735
 863.000       2.2871
 864.000       2.1502
 865.000       2.3259
 866.000       2.1053
 867.000       1.9689
 868.000       2.0228
 871.000       1.8988
 873.000       1.8680
 874.000       1.7211
 876.000       1.5933
 877.000       1.5900
 879.000       1.5004
 880.000       1.4297
 881.000       1.3641
 882.000       1.3476
 883.000       1.3898
 885.000       1.4762
 886.000       1.5614
 889.000       1.5343
 890.000       1.5008
 891.000       1.7277
 893.000       1.6754
 895.000       1.8070
 897.000       1.7719
 898.000       1.6856
 899.000       1.8445
 900.000       1.7121
 901.000       1.5042
 902.000       1.5219
 905.000       1.3756
 907.000       1.2860
 908.000       1.1520
 910.000       1.0770
 911.000       1.0774
 913.000       1.0587
 914.000       1.0424
 915.000       1.0856
 916.000       1.1395
 917.000       1.1515
 919.000       1.1802
 920.000       1.3118
 923.000       1.1443
 924.000       1.0661
 925.000       1.3141
 927.000       1.1728
 929.000       1.1363
 931.000       1.3372
 932.000       1.5052
 933.000       1.6179
 934.000       1.5503
 935.000       1.6613
 936.000       1.7466
 939.000       1.9555
 941.000       2.1157
 942.000       2.2432
 944.000       2.3942
 945.000       2.3781
 947.000       2.6328
 949.000       2.9155
 950.000       3.2173
 951.000       2.9383
 953.000       2.7042
 954.000       2.8785
 955.000       1.9975
 957.000       2.1541
 959.000       2.4127
 961.000       2.1312
 962.000       2.0489
 963.000       2.0111
 964.000       2.2296
 965.000       1.9062
 966.000       2.0207
 969.000       1.8721
 971.000       1.7761
 972.000       1.5779
 974.000       1.4205
 975.000       1.3626
 977.000       1.2762
 979.000       1.2315
 980.000       1.1921
 983.000       1.2877
 984.000       1.3867
 985.000       1.4972
 986.000       1.6827
 988.000       1.5054
 990.000       1.7966
 992.000       1.9737
 993.000       1.9595
 994.000       2.1632
 995.000       1.9554
 996.000       2.0044
 997.000       2.2759
1000.000       2.3207
1002.000       2.4769
1003.000       2.5548
1005.000       2.7733
1006.000       2.7943
1008.000       3.2109
1010.000       3.6156
1011.000       4.0958
1012.000       3.5255
1014.000       3.1388
1015.000       3.2356
1016.000       2.2432
1018.000       2.4818
1020.000       2.5998
1022.000       2.2805
1023.000       2.4332
1024.000       2.8889
1025.000       2.4583
1026.000       2.2818
1027.000       2.2170
1030.000       2.2114
1032.000       2.1467
1033.000       2.0632
1035.000       1.8612
1036.000       1.7792
1038.000       1.6352
1039.000       1.6118
1040.000       1.5054
1041.000       1.3991
1042.000       1.5906
1044.000       1.7505
1045.000       1.8529
1048.000       1.8446
1049.000       1.7651
1050.000       2.0872
1052.000       2.1010
1054.000       2.3282
1056.000       2.2104
1057.000       2.1275
1058.000       2.3524
1059.000       1.9610
1060.000       2.0900
1061.000       2.2856
1064.000       2.2665
1066.000       2.1775
1067.000       2.0818
1069.000       1.8749
1070.000       1.7751
1072.000       1.6157
1073.000       1.6131
1074.000       1.5118
1075.000       1.3969
1076.000       1.6029
1078.000       1.7583
1079.000       1.8455
1082.000       1.8500
1083.000       1.7739
1084.000       2.1583
1086.000       2.1429
1088.000       2.3544
1090.000       2.3008
1091.000       2.2589
1092.000       2.5129
1093.000       2.1664
1094.000       2.1192
1095.000       2.2014
1098.000       2.1148
1100.000       1.9982
1101.000       1.8960
1103.000       1.7362
1104.000       1.6995
1106.000       1.5772
1108.000       1.4842
1109.000       1.4098
1110.000       1.5421
1112.000       1.6610
1113.000       1.7353
1114.000       2.0276
1116.000       1.9629
1118.000       2.1032
1120.000       2.1534
1121.000       2.1352
1122.000       2.2820
1123.000       2.1416
1124.000       1.9960
1125.000       2.0028
1128.000       1.8759
1130.000       1.7498
1131.000       1.6507
1133.000       1.5879
1134.000       1.6512
1136.000       1.6059
1138.000       1.4845
1139.000       1.4585
1142.000       1.4216
1143.000       1.4759
1144.000       1.4528
1145.000       1.8573
1147.000       1.7267
1149.000       1.7613
1151.000       1.9730
1152.000       2.0423
1153.000       2.1828
1154.000       2.1000
1155.000       1.9299
1156.000       1.9046
1159.000       1.7910
1161.000       1.6967
1162.000       1.6217
1164.000       1.6025
1165.000       1.6772
1167.000       1.6762
1169.000       1.5965
1170.000       1.6184
1173.000       1.5275
1174.000       1.5263
1175.000       1.4894
1176.000       1.8018
1178.000       1.6940
1180.000       1.6845
1182.000       1.8845
1183.000       1.9654
1184.000       2.0586
1185.000       2.0922
1186.000       1.8460
1187.000       1.7471
1190.000       1.6539
1192.000       1.6003
1193.000       1.6123
1195.000       1.6897
1196.000       1.7710
1198.000       1.8306
1199.000       1.7931
1200.000       1.8573
1201.000       1.9677
1204.000       1.8471
1205.000       1.7715
1207.000       1.6983
1208.000       1.7119
1209.000       1.7316
1211.000       1.6668
1213.000       1.5877
1215.000       1.7678
1216.000       1.8608
1217.000       1.9533
1218.000       2.0009
1219.000       1.7563
1220.000       1.6579
1223.000       1.5682
1225.000       1.4875
1226.000       1.5575
1228.000       1.5407
1229.000       1.5513
1231.000       1.5593
1232.000       1.5510
1233.000       1.5810
1234.000       1.6137
1237.000       1.6093
1238.000       1.6025
1240.000       1.5756
1241.000       1.5464
1242.000       1.7767
1244.000       1.7617
1246.000       1.8558
1248.000       2.0228
1249.000       1.7809
1250.000       2.0804
1251.000       1.7853
1252.000       1.6271
1253.000       1.6365
1256.000       1.6168
1258.000       1.6286
1259.000       1.5859
1261.000       1.5610
1262.000       1.5882
1264.000       1.6094
1265.000       1.5856
1266.000       1.6334
1267.000       1.7075
1268.000       1.6451
1270.000       1.6278
1271.000       1.6912
1274.000       1.5909
1275.000       1.5631
1276.000       1.6151
1278.000       1.6006
1280.000       1.6566
1282.000       1.6957
1283.000       1.7285
1284.000       1.8727
1285.000       1.7543
1286.000       1.6593
1287.000       1.6790
1290.000       1.6473
1292.000       1.6209
1293.000       1.6415
1295.000       1.6279
1296.000       1.6190
1298.000       1.6591
1299.000       1.6980
1300.000       1.8092
1301.000       1.8911
1304.000       1.9060
1305.000       1.8925
1307.000       1.7875
1308.000       1.6874
1309.000       1.6495
1311.000       1.6895
1313.000       1.7723
1315.000       1.7021
1316.000       1.8097
1317.000       1.9871
1318.000       2.0425
1319.000       1.7033
1320.000       1.7834
1323.000       1.6685
1325.000       1.6445
1326.000       1.5841
1328.000       1.5235
1329.000       1.5101
1331.000       1.4908
1332.000       1.4885
1333.000       1.5101
1334.000       1.5406
1335.000       1.5396
1337.000       1.5493
1338.000       1.5992
1341.000       1.5434
1342.000       1.5099
1343.000       1.5996
1345.000       1.6005
1347.000       1.7098
1349.000       1.6862
1350.000       1.7071
1351.000       1.8979
1352.000       1.6818
1353.000       1.6536
1354.000       1.7166
1357.000       1.6990
1359.000       1.6506
1360.000       1.6305
1362.000       1.5509
1363.000       1.5118
1365.000       1.4715
1367.000       1.4803
1368.000       1.4842
1371.000       1.5281
1372.000       1.5602
1373.000       1.6364
1374.000       1.6908
1376.000       1.6915
1378.000       1.8137
1380.000       1.8017
1381.000       1.8482
1382.000       2.0268
1383.000       1.8307
1384.000       1.8114
1385.000       1.9036
1388.000       1.8879
1390.000       1.8198
1391.000       1.7919
1393.000       1.6848
1394.000       1.6277
1396.000       1.5515
1397.000       1.5678
1398.000       1.5592
1399.000       1.5176
1402.000       1.6361
1403.000       1.7099
1405.000       1.7268
1406.000       1.6527
1407.000       1.8731
1409.000       1.8637
1411.000       1.9969
1413.000       1.9891
1414.000       2.0106
1415.000       2.1992
1416.000       1.9600
1417.000       1.9687
1418.000       2.0780
1421.000       2.0475
1423.000       1.9740
1424.000       1.9212
1426.000       1.7987
1427.000       1.7484
1429.000       1.6546
1430.000       1.6500
1431.000       1.6131
1432.000       1.5506
1435.000       1.6850
1436.000       1.7772
1438.000       1.8127
1439.000       1.7467
1440.000       2.0050
1442.000       1.9837
1444.000       2.1157
1446.000       2.1193
1447.000       2.1159
1448.000       2.3024
1449.000       2.0561
1450.000       2.0608
1451.000       2.1751
1454.000       2.1212
1456.000       2.0495
1457.000       1.9879
1459.000       1.8743
1460.000       1.8339
1462.000       1.7424
1463.000       1.7266
1464.000       1.6793
1465.000       1.6187
1468.000       1.7353
1469.000       1.8261
1471.000       1.8687
1472.000       1.8138
1473.000       2.0533
1475.000       2.0246
1477.000       2.1488
1479.000       2.1429
1480.000       2.1086
1481.000       2.2555
1482.000       2.0678
1483.000       2.0470
1484.000       2.1306
1487.000       2.0903
1489.000       2.0313
1490.000       1.9618
1492.000       1.8517
1493.000       1.8257
1495.000       1.7514
1497.000       1.7013
1498.000       1.6529
1501.000       1.7354
1502.000       1.8110
1503.000       1.8767
1504.000       2.0211
1506.000       1.9926
1508.000       2.1193
1510.000       2.1127
1511.000       2.0876
1512.000       2.2329
1513.000       2.0689
1514.000       2.0032
1515.000       2.0520
1518.000       1.9795
1520.000       1.9360
1521.000       1.8441
1523.000       1.7720
1524.000       1.7859
1526.000       1.7346
1527.000       1.6801
1528.000       1.6456
1529.000       1.6626
1530.000       1.6365
1532.000       1.6648
1533.000       1.6811
1536.000       1.7024
1537.000       1.7061
1538.000       1.9045
1540.000       1.8529
1542.000       1.9319
1544.000       1.9794
1545.000       1.9651
1546.000       2.1284
1547.000       1.9495
1548.000       1.8677
1549.000       1.9217
1552.000       1.8578
1554.000       1.7928
1555.000       1.7194
1557.000       1.6314
1558.000       1.6346
1560.000       1.5875
1561.000       1.5471
1562.000       1.5337
1563.000       1.5588
1564.000       1.5484
1566.000       1.5811
1567.000       1.6491
1570.000       1.6015
1571.000       1.5769
1572.000       1.8124
1574.000       1.7602
1576.000       1.8794
1578.000       1.9395
1579.000       1.9860
1580.000       2.1964
1581.000       1.9658
1582.000       1.9228
1583.000       2.0119
1586.000       1.9633
1588.000       1.8363
1589.000       1.7814
1591.000       1.6607
1592.000       1.6322
1594.000       1.5832
1596.000       1.5661
1597.000       1.5813
1600.000       1.6019
1601.000       1.6459
1602.000       1.7260
1603.000       1.9728
1605.000       1.9085
1607.000       2.0531
1609.000       2.1696
1610.000       2.2809
1611.000       2.5445
1612.000       2.2678
1613.000       2.2023
1614.000       2.2914
1617.000       2.2453
1619.000       2.0836
1620.000       2.0766
1622.000       1.9578
1623.000       1.8963
1625.000       1.8315
1627.000       1.8324
1628.000       1.8355
1629.000       1.9044
1631.000       1.9659
1632.000       2.0728
1633.000       2.3249
1635.000       2.2735
1637.000       2.4191
1639.000       2.5444
1640.000       2.6872
1641.000       2.9762
1642.000       2.6139
1643.000       2.6949
1644.000       2.8775
1647.000       2.9094
1649.000       2.7009
1650.000       2.7380
1652.000       2.5308
1653.000       2.4064
1655.000       2.3031
1657.000       2.3318
1658.000       2.3328
1659.000       2.4601
1661.000       2.5596
1662.000       2.7396
1663.000       2.9906
1665.000       2.9893
1667.000       3.2720
1669.000       3.2652
1670.000       3.4220
1671.000       3.7034
1672.000       3.3846
1673.000       3.3940
1674.000       3.5462
1677.000       3.5420
1679.000       3.3624
1680.000       3.3625
1682.000       3.1859
1683.000       3.1382
1685.000       3.0377
1687.000       3.0083
1688.000       3.0122
1689.000       3.0919
1691.000       3.1674
1692.000       3.3081
1693.000       3.5968
1695.000       3.5436
1697.000       3.7515
1699.000       3.8485
1700.000       3.8725
1701.000       4.1571
1702.000       3.9535
1703.000       3.9347
1704.000       4.2442
1707.000       4.5197
1709.000       4.8670
1710.000       5.0672
1712.000       5.2791
1713.000       5.1855
1715.000       5.5526
1717.000       5.9906
1718.000       6.4457
1721.000       6.0935
1722.000       5.7530
1723.000       5.9972
1724.000       4.2794
1726.000       4.7671
1728.000       5.2644
1730.000       4.3852
1731.000       4.2619
1732.000       4.7454
1733.000       4.1529
1734.000       4.1822
1735.000       4.2290
1738.000       4.3361
1740.000       4.4956
1741.000       4.5148
1743.000       4.4402
1744.000       4.7138
1746.000       4.6729
1747.000       4.4161
1748.000       4.5029
1749.000       4.6394
1752.000       4.7232
1753.000       4.7528
1755.000       4.5092
1756.000       4.3545
1757.000       4.1228
1759.000       4.3745
1761.000       4.7362
1763.000       4.1519
1764.000       3.8725
1765.000       4.0845
1766.000       3.6308
1767.000       3.8229
1768.000       4.0912
1771.000       4.1415
1773.000       4.2024
1774.000       4.1599
1776.000       3.9456
1777.000       3.7536
1779.000       3.6475
1781.000       3.7614
1782.000       3.7732
1785.000       3.9563
1786.000       4.0451
1787.000       4.2970
1788.000       3.8928
1790.000       4.0587
1792.000       4.4157
1794.000       3.9614
1795.000       3.7008
1796.000       3.9459
1797.000       3.5506
1798.000       3.5138
1799.000       3.7228
1802.000       3.6501
1804.000       3.6223
1805.000       3.4752
1807.000       3.2245
1808.000       3.1183
1810.000       2.9761
1811.000       2.9952
1812.000       3.0103
1813.000       2.9917
1816.000       3.1697
1817.000       3.3059
1819.000       3.3236
1820.000       3.1558
1821.000       3.3862
1823.000       3.4238
1825.000       3.7343
1827.000       3.4782
1828.000       3.2897
1829.000       3.4877
1830.000       3.1771
1831.000       3.1440
1832.000       3.2930
1835.000       3.1900
1837.000       3.1439
1838.000       2.9872
1840.000       2.7930
1841.000       2.7675
1843.000       2.6212
1844.000       2.5518
1845.000       2.4664
1846.000       2.4011
1849.000       2.5239
1850.000       2.6417
1852.000       2.7183
1853.000       2.6683
1854.000       2.9881
1856.000       2.9434
1858.000       3.1401
1860.000       3.0926
1861.000       2.9706
1862.000       3.1938
1863.000       2.8980
1864.000       2.7837
1865.000       2.8754
1868.000       2.7366
1870.000       2.6684
1871.000       2.5102
1873.000       2.3574
1874.000       2.3670
1876.000       2.2432
1877.000       2.1400
1878.000       2.0309
1879.000       1.9824
1882.000       2.0369
1883.000       2.1411
1885.000       2.2319
1886.000       2.2236
1887.000       2.5814
1889.000       2.4945
1891.000       2.6258
1893.000       2.6835
1894.000       2.6335
1895.000       2.8468
1896.000       2.6003
1897.000       2.4747
1898.000       2.5492
1901.000       2.4247
1903.000       2.3486
1904.000       2.2095
1906.000       2.0702
1907.000       2.0879
1909.000       1.9707
1910.000       1.8594
1911.000       1.7385
1912.000       1.7026
1913.000       1.7170
1915.000       1.8106
1916.000       1.8343
1919.000       1.9167
1920.000       1.9317
1921.000       2.3173
1923.000       2.2285
1925.000       2.3575
1927.000       2.4272
1928.000       2.4131
1929.000       2.6158
1930.000       2.4300
1931.000       2.2521
1932.000       2.3011
1935.000       2.1761
1937.000       2.0539
1938.000       1.9393
1940.000       1.8243
1941.000       1.8824
1943.000       1.8321
1945.000       1.7074
1946.000       1.7050
1949.000       1.6514
1950.000       1.7144
1951.000       1.7288
1952.000       2.1373
1954.000       2.0230
1956.000       2.1416
1958.000       2.2907
1959.000       2.3679
1960.000       2.5976
1961.000       2.4449
1962.000       2.1980
1963.000       2.1676
1966.000       2.0577
1968.000       1.9708
1969.000       1.9896
1971.000       1.8134
1972.000       1.8237
1974.000       1.7648
1976.000       1.6872
1977.000       1.6997
1980.000       1.6682
1981.000       1.7298
1982.000       1.7744
1983.000       2.1211
1985.000       2.1747
1987.000       2.6914
1989.000       2.1995
1990.000       2.1322
1991.000       2.5278
1992.000       2.3270
1993.000       1.7974
1994.000       1.9058
1997.000       1.7568
1999.000       1.9012
2000.000       1.9821
2002.000       2.3735
2003.000       2.8576
2005.000       3.4634
2006.000       3.3538
2007.000       3.9573
2008.000       4.6330
2011.000       4.1089
2012.000       3.7687
2014.000       3.1251
2015.000       2.8214
2016.000       1.5903
2018.000       1.8974
2020.000       2.1984
2022.000       1.7521
2023.000       1.7328
2024.000       2.0722
2025.000       1.7102
2026.000       1.5958
2027.000       1.7231
2030.000       1.6558
2032.000       1.5935
2033.000       1.4754
2035.000       1.3439
2036.000       1.4098
2038.000       1.3560
2040.000       1.2382
2041.000       1.2470
2044.000       1.2031
2045.000       1.2480
2046.000       1.2780
2047.000       1.6008
2049.000       1.5239
2051.000       1.6616
2053.000       1.7816
2054.000       1.9014
2055.000       2.1243
2056.000       2.0364
2057.000       1.7431
2058.000       1.6843
2061.000       1.5880
2063.000       1.4753
2064.000       1.5643
2066.000       1.6392
2067.000       1.7464
2069.000       1.8440
2070.000       1.7940
2071.000       1.8869
2072.000       2.0528
2075.000       1.8692
2076.000       1.7686
2078.000       1.6719
2079.000       1.6783
2080.000       1.7682
2082.000       1.7517
2084.000       1.7467
2086.000       1.9141
2087.000       1.8490
2088.000       2.1491
2089.000       2.1255
2090.000       1.5607
2091.000       1.5792
2094.000       1.5194
2096.000       1.5692
2097.000       1.4989
2099.000       1.3966
2100.000       1.4111
2102.000       1.3941
2104.000       1.3415
2105.000       1.3705
2108.000       1.3650
2109.000       1.3980
2110.000       1.5070
2111.000       1.4303
2113.000       1.4737
2115.000       1.7111
2117.000       1.5850
2118.000       1.7321
2119.000       2.0196
2120.000       1.7737
2121.000       1.7126
2122.000       1.7963
2125.000       1.7738
2127.000       1.5544
2128.000       1.4427
2130.000       1.3168
2131.000       1.3407
2133.000       1.3253
2134.000       1.2624
2135.000       1.2866
2136.000       1.3894
2137.000       1.2663
2139.000       1.2371
2140.000       1.2788
2143.000       1.2467
2144.000       1.2486
2145.000       1.8990
2147.000       1.6383
2149.000       1.7432
2151.000       2.3178
2152.000       2.8931
2153.000       3.3668
2154.000       3.1509
2155.000       2.9679
2156.000       3.2348
2159.000       2.9560
2161.000       2.6949
2162.000       2.3396
2164.000       1.8852
2165.000       1.6843
2167.000       1.4745
2168.000       1.5350
2169.000       1.6634
2170.000       1.7492
2171.000       1.9811
2173.000       2.1662
2174.000       2.5878
2177.000       2.1114
2178.000       1.7877
2179.000       2.5338
2181.000       2.3981
2183.000       2.9285
2185.000       2.8195
2186.000       2.7378
2187.000       3.1244
2188.000       2.6453
2189.000       2.4600
2190.000       2.6672
2193.000       2.4994
2195.000       2.3052
2196.000       2.0833
2198.000       1.7340
2199.000       1.6169
2201.000       1.4517
2202.000       1.4700
2203.000       1.5618
2204.000       1.6191
2207.000       1.7924
2208.000       1.9009
2210.000       1.8591
2211.000       1.6405
2212.000       2.2688
2214.000       2.1646
2216.000       2.5588
2218.000       2.5422
2219.000       2.5076
2220.000       2.8330
2221.000       2.4542
2222.000       2.2722
2223.000       2.3511
2226.000       2.1269
2228.000       1.9801
2229.000       1.7551
2231.000       1.6147
2232.000       1.6969
2234.000       1.6010
2235.000       1.4774
2236.000       1.4957
2237.000       1.5603
2240.000       1.6131
2241.000       1.6490
2243.000       1.5762
2244.000       1.5026
2245.000       1.9949
2247.000       1.7739
2249.000       1.8648
2251.000       2.1649
2252.000       2.2543
2253.000       2.4655
2254.000       2.3793
2255.000       2.0583
2256.000       2.0158
2259.000       1.8975
2261.000       1.7755
2262.000       1.7469
2264.000       1.7252
2265.000       1.8104
2267.000       1.8503
2268.000       1.7822
2269.000       1.8663
2270.000       2.0205
2271.000       1.8388
2273.000       1.7547
2274.000       1.8028
2277.000       1.6914
2278.000       1.7014
2279.000       2.0008
2281.000       1.9034
2283.000       1.9317
2285.000       2.1573
2286.000       2.2521
2287.000       2.6169
2288.000       2.1624
2289.000       2.1540
2290.000       2.3820
2293.000       2.3480
2295.000       2.1774
2296.000       2.1492
2298.000       2.0270
2299.000       1.9742
2301.000       1.9599
2302.000       2.0371
2303.000       2.2067
2304.000       2.3090
2305.000       2.3708
2307.000       2.3586
2308.000       2.5908
2311.000       2.2204
2312.000       2.0683
2313.000       2.3125
2315.000       2.2631
2317.000       2.4393
2319.000       2.4610
2320.000       2.5144
2321.000       2.8029
2322.000       2.4362
2323.000       2.4892
2324.000       2.6206
2327.000       2.5873
2329.000       2.4573
2330.000       2.3745
2332.000       2.2021
2333.000       2.1708
2335.000       2.0298
2336.000       1.9581
2337.000       1.8427
2338.000       1.7458
2341.000       1.8832
2342.000       2.0259
2344.000       2.1252
2345.000       2.0797
2346.000       2.5844
2348.000       2.4873
2350.000       2.6427
2352.000       2.7803
2353.000       2.7740
2354.000       3.0581
2355.000       2.7156
2356.000       2.5766
2357.000       2.6717
2360.000       2.4882
2362.000       2.3559
2363.000       2.1619
2365.000       2.0378
2366.000       2.0794
2368.000       1.9960
2370.000       1.8486
2371.000       1.7959
2372.000       1.8166
2374.000       1.9098
2375.000       1.9144
2376.000       2.3408
2378.000       2.1689
2380.000       2.2314
2382.000       2.4122
2383.000       2.4111
2384.000       2.5243
2385.000       2.6179
2386.000       2.2097
2387.000       2.2152
2390.000       2.0508
2392.000       1.9341
2393.000       1.8017
2395.000       1.7190
2396.000       1.7928
2398.000       1.7274
2399.000       1.5870
2400.000       1.4904
2401.000       1.5099
2404.000       1.4191
2405.000       1.4464
2407.000       1.5337
2408.000       1.5910
2409.000       1.9815
2411.000       1.8403
2413.000       1.8832
2415.000       2.0826
2416.000       2.1050
2417.000       2.2429
2418.000       2.1779
2419.000       1.9351
2420.000       1.8960
2423.000       1.7275
2425.000       1.6294
2426.000       1.5163
2428.000       1.5195
2429.000       1.6352
2431.000       1.6468
2432.000       1.5235
2433.000       1.5040
2434.000       1.6078
2437.000       1.4232
2438.000       1.3643
2440.000       1.3710
2441.000       1.4466
2442.000       1.6896
2444.000       1.5483
2446.000       1.5128
2448.000       1.7425
2449.000       1.7552
2450.000       1.8311
2451.000       1.8599
2452.000       1.6053
2453.000       1.5257
2456.000       1.3814
2458.000       1.3265
2459.000       1.2731
2461.000       1.3500
2462.000       1.4703
2464.000       1.5310
2465.000       1.4530
2466.000       1.4980
2467.000       1.6260
2470.000       1.4459
2471.000       1.3397
2473.000       1.2809
2474.000       1.3427
2475.000       1.3950
2477.000       1.2882
2479.000       1.2161
2481.000       1.4259
2482.000       1.4955
2483.000       1.5516
2484.000       1.6266
2485.000       1.4106
2486.000       1.3371
2489.000       1.2905
2491.000       1.2619
2492.000       1.3101
2494.000       1.3806
2495.000       1.4391
2497.000       1.5168
2498.000       1.5124
2499.000       1.6007
2500.000       1.7103
2503.000       1.6246
2504.000       1.5630
2506.000       1.4693
2507.000       1.4411
2508.000       1.3794
2510.000       1.3848
2512.000       1.3723
2514.000       1.4204
2515.000       1.5867
2516.000       1.6830
2517.000       1.7585
2518.000       1.6201
2519.000       1.7451
2522.000       1.8308
2524.000       1.7163
2525.000       1.7746
2527.000       1.6893
2528.000       1.8642
2530.000       1.8108
2531.000       1.5658
2532.000       1.4848
2533.000       1.6200
2534.000       1.3401
2536.000       1.2812
2537.000       1.2701
2540.000       1.3542
2541.000       1.4923
2542.000       1.9328
2544.000       1.7680
2546.000       1.9595
2548.000       2.2424
2549.000       2.5166
2550.000       2.8129
2551.000       2.4477
2552.000       2.6163
2553.000       2.7454
2556.000       2.8348
2558.000       2.9077
2559.000       2.8373
2561.000       2.9490
2562.000       3.1785
2564.000       3.3239
2566.000       3.2427
2567.000       3.4355
2570.000       3.0423
2571.000       2.8798
2572.000       2.7300
2573.000       2.7479
2575.000       2.8914
2577.000       3.3929
2579.000       3.0224
2580.000       2.6713
2581.000       3.0792
2582.000       2.6300
2583.000       2.1683
2584.000       2.2178
2587.000       1.9821
2589.000       1.9983
2590.000       1.6909
2592.000       1.6224
2593.000       1.5735
2595.000       1.5081
2597.000       1.5034
2598.000       1.4828
2601.000       1.5602
2602.000       1.6243
2603.000       1.7266
2604.000       1.7224
2606.000       1.5587
2608.000       1.4415
2610.000       1.7269
2611.000       1.6696
2612.000       1.8528
2613.000       1.6743
2614.000       1.5884
2615.000       1.7052
2618.000       1.6736
2620.000       1.6238
2621.000       1.5921
2623.000       1.4759
2624.000       1.4103
2626.000       1.3727
2628.000       1.4068
2629.000       1.4499
2630.000       1.4837
2632.000       1.5118
2633.000       1.6320
2634.000       1.6058
2636.000       1.6328
2638.000       1.8553
2640.000       1.7832
2641.000       1.6015
2642.000       1.8173
2643.000       1.9270
2644.000       1.3721
2645.000       1.3180
2648.000       1.1521
2650.000       1.1102
2651.000       1.0477
2653.000       1.0979
2654.000       1.2278
2656.000       1.3230
2657.000       1.2481
2658.000       1.3709
2659.000       1.5510
2660.000       1.3633
2662.000       1.2655
2663.000       1.3875
2666.000       1.1416
2667.000       1.1227
2668.000       1.1331
2670.000       1.0824
2672.000       1.1119
2674.000       1.1435
2675.000       1.2860
2676.000       1.3954
2677.000       1.3764
2678.000       1.4714
2679.000       1.5545
2682.000       1.7250
2684.000       1.8948
2685.000       2.3272
2687.000       1.9150
2688.000       1.8854
2690.000       1.6190
2691.000       1.4665
2692.000       1.2729
2693.000       1.2098
2694.000       1.2629
2696.000       1.4060
2697.000       1.4178
2700.000       1.6161
2701.000       1.6371
2702.000       2.1576
2704.000       2.7389
2706.000       3.7117
2708.000       2.3799
2709.000       2.7563
2710.000       3.0669
2711.000       3.6705
2712.000       2.1033
2713.000       1.3823
2716.000       1.2100
2718.000       1.1933
2719.000       1.2538
2721.000       1.2371
2722.000       1.2245
2724.000       1.3138
2725.000       1.3800
2726.000       1.5558
2727.000       1.6772
2728.000       1.6687
2730.000       1.6475
2731.000       1.8442
2734.000       1.4985
2735.000       1.3507
2736.000       1.2739
2738.000       1.3944
2740.000       1.6030
2742.000       1.3780
2743.000       1.4661
2744.000       1.6687
2745.000       1.4638
2746.000       1.4269
2747.000       1.5221
2750.000       1.5283
2752.000       1.4678
2753.000       1.4824
2755.000       1.3937
2756.000       1.3175
2758.000       1.3082
2759.000       1.3902
2760.000       1.5004
2761.000       1.5227
2764.000       1.6619
2765.000       1.6945
2767.000       1.5992
2768.000       1.4479
2769.000       1.5568
2771.000       1.5750
2773.000       1.7203
2775.000       1.6978
2776.000       1.7927
2777.000       1.9735
2778.000       1.8141
2779.000       1.7537
2780.000       1.8218
2783.000       1.7778
2785.000       1.6678
2786.000       1.6374
2788.000       1.5457
2789.000       1.5285
2791.000       1.4782
2792.000       1.4437
2793.000       1.4108
2794.000       1.4107
2795.000       1.4326
2797.000       1.4943
2798.000       1.5635
2801.000       1.5336
2802.000       1.4938
2803.000       1.8214
2805.000       1.7649
2807.000       1.8579
2809.000       1.9727
2810.000       2.0633
2811.000       2.2694
2812.000       2.0525
2813.000       2.0155
2814.000       2.1026
2817.000       2.0715
2819.000       1.9173
2820.000       1.8915
2822.000       1.7699
2823.000       1.7549
2825.000       1.7152
2826.000       1.6952
2827.000       1.7269
2828.000       1.7850
2831.000       1.7894
2832.000       1.8182
2834.000       1.8016
2835.000       1.7325
2836.000       2.1408
2838.000       2.0709
2840.000       2.2194
2842.000       2.3617
2843.000       2.5386
2844.000       2.7908
2845.000       2.5699
2846.000       2.6415
2847.000       2.8520
2850.000       3.0750
2852.000       2.9707
2853.000       3.2475
2855.000       3.1434
2856.000       2.9004
2858.000       3.0155
2860.000       3.3613
2861.000       3.6023
2862.000       3.5549
2864.000       3.4835
2865.000       3.8274
2866.000       3.2737
2868.000       3.4791
2870.000       4.0280
2872.000       3.6272
