   2.000       3.8845
   3.000       4.0678
   6.000       4.0277
   8.000       4.0621
   9.000       3.9388
  11.000       3.7141
  12.000       3.6157
  14.000       3.5191
  15.000       3.5546
  16.000       3.5867
  17.000       3.5856
  18.000       3.7332
  20.000       3.8408
  21.000       4.0473
  24.000       3.8288
  25.000       3.6781
  26.000       3.7470
  28.000       3.8346
  30.000       4.1647
  32.000       3.8360
  33.000       3.6192
  34.000       3.8863
  35.000       3.4696
  36.000       3.4442
  37.000       3.6156
  40.000       3.5167
  42.000       3.4893
  43.000       3.3002
  45.000       3.0810
  46.000       3.0179
  48.000       2.8719
  49.000       2.8393
  50.000       2.7783
  51.000       2.7148
  54.000       2.8624
  55.000       2.9914
  57.000       3.0556
  58.000       2.9723
  59.000       3.2572
  61.000       3.2216
  63.000       3.4499
  65.000       3.3545
  66.000       3.1935
  67.000       3.4289
  68.000       3.1078
  69.000       2.9680
  70.000       3.0554
  73.000       2.8890
  75.000       2.8280
  76.000       2.6425
  78.000       2.4802
  79.000       2.4728
  81.000       2.3571
  83.000       2.2401
  84.000       2.1840
  85.000       2.2672
  87.000       2.3807
  88.000       2.4481
  89.000       2.6781
  91.000       2.5839
  93.000       2.7257
  95.000       2.7600
  96.000       2.6450
  97.000       2.8452
  98.000       2.6139
  99.000       2.4337
 100.000       2.4767
 103.000       2.3285
 105.000       2.2615
 106.000       2.1142
 108.000       1.9787
 109.000       2.0105
 111.000       1.9277
 113.000       1.8073
 114.000       1.7756
 117.000       1.7978
 118.000       1.8811
 119.000       1.9298
 120.000       2.1864
 122.000       2.1024
 124.000       2.2272
 126.000       2.2717
 127.000       2.2250
 128.000       2.4262
 129.000       2.2305
 130.000       2.0482
 131.000       2.1057
 134.000       1.9793
 136.000       1.8893
 137.000       1.7706
 139.000       1.6319
 140.000       1.6593
 142.000       1.5830
 144.000       1.4613
 145.000       1.4338
 146.000       1.4566
 148.000       1.5429
 149.000       1.6044
 150.000       1.8846
 152.000       1.8202
 154.000       2.0237
 156.000       2.0257
 157.000       2.0289
 158.000       2.2916
 159.000       2.0793
 160.000       1.8197
 161.000       1.8794
 164.000       1.7198
 166.000       1.6041
 167.000       1.5673
 169.000       1.4178
 170.000       1.4512
 172.000       1.3904
 174.000       1.2674
 175.000       1.2609
 176.000       1.2515
 178.000       1.3321
 179.000       1.3973
 180.000       1.6825
 182.000       1.8546
 184.000       2.4494
 186.000       1.8083
 187.000       1.8363
 188.000       2.1483
 189.000       1.8700
 190.000       1.6596
 191.000       1.7529
 194.000       1.6347
 196.000       1.5435
 197.000       1.4403
 199.000       1.3176
 200.000       1.3152
 202.000       1.2351
 204.000       1.1572
 205.000       1.1139
 208.000       1.1844
 209.000       1.2601
 210.000       1.3309
 211.000       1.5309
 213.000       1.4647
 215.000       1.6364
 217.000       1.6736
 218.000       1.6557
 219.000       1.8967
 220.000       1.6771
 221.000       1.4517
 222.000       1.4697
 225.000       1.2832
 227.000       1.2258
 228.000       1.0946
 230.000       1.0443
 231.000       1.1109
 233.000       1.0994
 234.000       1.0131
 235.000       1.0225
 236.000       1.1092
 237.000       1.0040
 239.000       0.9799
 240.000       1.0276
 243.000       0.9719
 244.000       0.9829
 245.000       1.1763
 247.000       1.0920
 249.000       1.1759
 251.000       1.2264
 252.000       1.4332
 253.000       2.1688
 254.000       1.8849
 255.000       1.2044
 256.000       1.1599
 259.000       1.0736
 261.000       1.0775
 262.000       0.9815
 264.000       1.0030
 265.000       1.1691
 267.000       1.2287
 268.000       1.0878
 269.000       1.1508
 270.000       1.3379
 271.000       1.0668
 273.000       0.9495
 274.000       0.9897
 277.000       0.8934
 278.000       0.9516
 279.000       1.0505
 281.000       0.9978
 283.000       1.0264
 285.000       1.1117
 286.000       1.1472
 287.000       1.3068
 288.000       1.1969
 289.000       1.0408
 290.000       1.0604
 293.000       0.9747
 295.000       0.8999
 296.000       0.8445
 298.000       0.8211
 299.000       0.8988
 301.000       0.9052
 302.000       0.8178
 303.000       0.8373
 304.000       0.9424
 305.000       0.8030
 307.000       0.7612
 308.000       0.8089
 311.000       0.7525
 312.000       0.7714
 313.000       0.9581
 315.000       0.8983
 317.000       0.9478
 319.000       1.0338
 320.000       1.0632
 321.000       1.2120
 322.000       1.1021
 323.000       0.9630
 324.000       0.9895
 327.000       0.9195
 329.000       0.8644
 330.000       0.8056
 332.000       0.7799
 333.000       0.8485
 335.000       0.8287
 336.000       0.7344
 337.000       0.7299
 338.000       0.8042
 339.000       0.7196
 341.000       0.7134
 342.000       0.7836
 345.000       0.7182
 346.000       0.7205
 347.000       0.9012
 349.000       0.8358
 351.000       0.8758
 353.000       0.9877
 354.000       1.0776
 355.000       1.3049
 356.000       1.3675
 357.000       1.1713
 358.000       1.3036
 361.000       1.2639
 363.000       1.2599
 364.000       1.2900
 366.000       1.2085
 367.000       1.0408
 369.000       1.0405
 371.000       1.2134
 372.000       1.3067
 375.000       1.4197
 376.000       1.4177
 377.000       1.6861
 378.000       1.2159
 380.000       1.3757
 382.000       1.8821
 384.000       1.4668
 385.000       1.4812
 386.000       1.6423
 387.000       1.6815
 388.000       1.3727
 389.000       1.4189
 392.000       1.4915
 394.000       1.5086
 395.000       1.5862
 397.000       1.4541
 398.000       1.3518
 400.000       1.3112
 401.000       1.3873
 402.000       1.4506
 403.000       1.4125
 406.000       1.6297
 407.000       1.7473
 409.000       1.6988
 410.000       1.5025
 411.000       1.5398
 413.000       1.6810
 415.000       1.9074
 417.000       1.6777
 418.000       1.6919
 419.000       1.9194
 420.000       1.6237
 421.000       1.6486
 422.000       1.7957
 425.000       1.7670
 427.000       1.6965
 428.000       1.6331
 430.000       1.4932
 431.000       1.4313
 433.000       1.3225
 434.000       1.3172
 435.000       1.2583
 436.000       1.1903
 437.000       1.3292
 439.000       1.4321
 440.000       1.5141
 443.000       1.4860
 444.000       1.4260
 445.000       1.7093
 447.000       1.6872
 449.000       1.8382
 451.000       1.8235
 452.000       1.8021
 453.000       1.9881
 454.000       1.7653
 455.000       1.7018
 456.000       1.8118
 459.000       1.7154
 461.000       1.6334
 462.000       1.5482
 464.000       1.4326
 465.000       1.3998
 467.000       1.3063
 468.000       1.2751
 469.000       1.2131
 470.000       1.1646
 471.000       1.2609
 473.000       1.3522
 474.000       1.4227
 477.000       1.4040
 478.000       1.3625
 479.000       1.6543
 481.000       1.5974
 483.000       1.7114
 485.000       1.7487
 486.000       1.7700
 487.000       1.9315
 488.000       1.7662
 489.000       1.6936
 490.000       1.7579
 493.000       1.7082
 495.000       1.6218
 496.000       1.5677
 498.000       1.4485
 499.000       1.4108
 501.000       1.3207
 502.000       1.2854
 503.000       1.2113
 504.000       1.1583
 505.000       1.2429
 507.000       1.3429
 508.000       1.3990
 511.000       1.4116
 512.000       1.3737
 513.000       1.6978
 515.000       1.6564
 517.000       1.7786
 519.000       1.8202
 520.000       1.8766
 521.000       2.0377
 522.000       1.8796
 523.000       1.8255
 524.000       1.8939
 527.000       1.8518
 529.000       1.7492
 530.000       1.6929
 532.000       1.5708
 533.000       1.5651
 535.000       1.4857
 537.000       1.3961
 538.000       1.3553
 539.000       1.4141
 541.000       1.5003
 542.000       1.5542
 543.000       1.8519
 545.000       1.7856
 547.000       1.9054
 549.000       2.0010
 550.000       2.0533
 551.000       2.2463
 552.000       2.0704
 553.000       1.9242
 554.000       1.9351
 557.000       1.8111
 559.000       1.6957
 560.000       1.5780
 562.000       1.5297
 563.000       1.6325
 565.000       1.5936
 566.000       1.4438
 567.000       1.3745
 568.000       1.4499
 569.000       1.2579
 571.000       1.2120
 572.000       1.1256
 575.000       1.2893
 576.000       1.4004
 577.000       1.8019
 579.000       1.6632
 581.000       1.6804
 583.000       1.9216
 584.000       2.0068
 585.000       2.1693
 586.000       2.0642
 587.000       1.9166
 588.000       1.9830
 591.000       1.9200
 593.000       1.9580
 594.000       1.8611
 596.000       1.8434
 597.000       1.9221
 599.000       1.9530
 600.000       1.8826
 601.000       1.9286
 602.000       2.0376
 605.000       1.9422
 606.000       1.9134
 608.000       1.8583
 609.000       1.8333
 610.000       1.7614
 612.000       1.7636
 614.000       1.8565
 616.000       1.7673
 617.000       1.6590
 618.000       1.7723
 619.000       1.6784
 620.000       1.5078
 621.000       1.5098
 624.000       1.3980
 626.000       1.4204
 627.000       1.3167
 629.000       1.3222
 630.000       1.3819
 632.000       1.4260
 633.000       1.3847
 634.000       1.4429
 635.000       1.5576
 638.000       1.4401
 639.000       1.3789
 641.000       1.3227
 642.000       1.3215
 643.000       1.2617
 645.000       1.2214
 647.000       1.2512
 649.000       1.2537
 650.000       1.1807
 651.000       1.2299
 652.000       1.2637
 653.000       1.0555
 654.000       0.9997
 657.000       0.9179
 659.000       0.9456
 660.000       0.9204
 662.000       1.0190
 663.000       1.1055
 665.000       1.2165
 666.000       1.2073
 667.000       1.3287
 668.000       1.4653
 671.000       1.3447
 672.000       1.2365
 674.000       1.1067
 675.000       1.0930
 676.000       0.9015
 678.000       0.8810
 680.000       0.8462
 682.000       0.9879
 683.000       1.0636
 684.000       1.2183
 685.000       1.2070
 686.000       0.9702
 687.000       0.9630
 690.000       0.8784
 692.000       0.9307
 693.000       0.8353
 695.000       0.9112
 696.000       1.1044
 698.000       1.2411
 700.000       1.2202
 701.000       1.4132
 702.000       1.2409
 704.000       1.1191
 705.000       1.4086
 706.000       0.7681
 708.000       0.7418
 710.000       0.7513
 712.000       0.7839
 713.000       0.8232
 714.000       0.9114
 715.000       0.8749
 716.000       0.7908
 717.000       0.7974
 720.000       0.7973
 722.000       0.7596
 723.000       0.8044
 725.000       0.8280
 726.000       0.8521
 728.000       0.9361
 730.000       1.0060
 731.000       1.1339
 732.000       0.9914
 734.000       0.9077
 735.000       0.9815
 736.000       0.8860
 738.000       0.8581
 740.000       0.9757
 742.000       0.9815
 743.000       1.0955
 744.000       1.2117
 745.000       1.1023
 746.000       1.1599
 747.000       1.2545
 750.000       1.3041
 752.000       1.2683
 753.000       1.2719
 755.000       1.1633
 756.000       1.0717
 758.000       0.9963
 760.000       1.0249
 761.000       0.9968
 764.000       1.1189
 765.000       1.1852
 766.000       1.2978
 767.000       1.3223
 769.000       1.3550
 771.000       1.5103
 773.000       1.4550
 774.000       1.4618
 775.000       1.6399
 776.000       1.3969
 777.000       1.4473
 778.000       1.5629
 781.000       1.5497
 783.000       1.4728
 784.000       1.4368
 786.000       1.3089
 787.000       1.2393
 789.000       1.1414
 791.000       1.1204
 792.000       1.0613
 795.000       1.1977
 796.000       1.2891
 797.000       1.3888
 798.000       1.5275
 800.000       1.5237
 802.000       1.6926
 804.000       1.6575
 805.000       1.6760
 806.000       1.8611
 807.000       1.6221
 808.000       1.6337
 809.000       1.7266
 812.000       1.6877
 814.000       1.6099
 815.000       1.5554
 817.000       1.4361
 818.000       1.3860
 820.000       1.2865
 822.000       1.2452
 823.000       1.1834
 826.000       1.3089
 827.000       1.4001
 828.000       1.4840
 829.000       1.6519
 831.000       1.6171
 833.000       1.7405
 835.000       1.7653
 836.000       1.7763
 837.000       1.9565
 838.000       1.7720
 839.000       1.6700
 840.000       1.7407
 843.000       1.6269
 845.000       1.5403
 846.000       1.4360
 848.000       1.3424
 849.000       1.3764
 851.000       1.2996
 852.000       1.1980
 853.000       1.1084
 854.000       1.1121
 855.000       1.0688
 857.000       1.1154
 858.000       1.1162
 861.000       1.1985
 862.000       1.2318
 863.000       1.5560
 865.000       1.4742
 867.000       1.5576
 869.000       1.6359
 870.000       1.6280
 871.000       1.7748
 872.000       1.6430
 873.000       1.5160
 874.000       1.5484
 877.000       1.4426
 879.000       1.3844
 880.000       1.2802
 882.000       1.2097
 883.000       1.2472
 885.000       1.1827
 886.000       1.0852
 887.000       1.0065
 888.000       1.0103
 891.000       0.9700
 892.000       1.0130
 894.000       1.0852
 895.000       1.1111
 896.000       1.3687
 898.000       1.2888
 900.000       1.3494
 902.000       1.4264
 903.000       1.4101
 904.000       1.5254
 905.000       1.4632
 906.000       1.2917
 907.000       1.2805
 910.000       1.1718
 912.000       1.1110
 913.000       1.0185
 915.000       0.9969
 916.000       1.0849
 918.000       1.0963
 920.000       1.0106
 921.000       1.0530
 924.000       0.9300
 925.000       0.9201
 926.000       0.8890
 927.000       1.1375
 929.000       1.0414
 931.000       1.0590
 933.000       1.2116
 934.000       1.2410
 935.000       1.3941
 936.000       1.3429
 937.000       1.0698
 938.000       1.0189
 941.000       0.8760
 943.000       0.8470
 944.000       0.7982
 946.000       0.8566
 947.000       0.9520
 949.000       1.0550
 951.000       1.0685
 952.000       1.2233
 955.000       1.0068
 956.000       0.8993
 957.000       0.9279
 958.000       0.8380
 960.000       0.8361
 962.000       0.9670
 964.000       0.8849
 965.000       0.9211
 966.000       1.0344
 967.000       0.9974
 968.000       0.8555
 969.000       0.8416
 972.000       0.7996
 974.000       0.7853
 975.000       0.8237
 977.000       0.7840
 978.000       0.8126
 980.000       0.8028
 981.000       0.7647
 982.000       0.7831
 983.000       0.8372
 984.000       0.7981
 986.000       0.8007
 987.000       0.8579
 990.000       0.7878
 991.000       0.7612
 992.000       0.8439
 994.000       0.9648
 996.000       1.2717
 998.000       0.8404
 999.000       0.9580
1000.000       1.0865
1001.000       1.0861
1002.000       0.9379
1003.000       0.9383
1006.000       0.9233
1008.000       0.9390
1009.000       0.9025
1011.000       0.8846
1012.000       0.9397
1014.000       0.9458
1015.000       0.8875
1016.000       0.8936
1017.000       0.9585
1018.000       0.8692
1020.000       0.8418
1021.000       0.8498
1024.000       0.8381
1025.000       0.8560
1026.000       0.8990
1028.000       0.8984
1030.000       0.9732
1032.000       0.9737
1033.000       0.9880
1034.000       1.1278
1035.000       1.0433
1036.000       0.9088
1037.000       0.9133
1040.000       0.8663
1042.000       0.8649
1043.000       0.8574
1045.000       0.8372
1046.000       0.8394
1048.000       0.8543
1050.000       0.8686
1051.000       0.9251
1052.000       0.8910
1054.000       0.8821
1055.000       0.9704
1056.000       0.8697
1058.000       0.8820
1060.000       0.9648
1062.000       0.9359
1063.000       1.0066
1064.000       1.1241
1065.000       1.0553
1066.000       1.0096
1067.000       1.0484
1070.000       1.0567
1072.000       1.0359
1073.000       1.0377
1075.000       0.9824
1076.000       0.9594
1078.000       0.9349
1079.000       0.9352
1080.000       0.9385
1081.000       0.9382
1082.000       0.9865
1084.000       1.0250
1085.000       1.0914
1088.000       1.0264
1089.000       0.9758
1090.000       1.0631
1092.000       1.0825
1094.000       1.1880
1096.000       1.1576
1097.000       1.2047
1098.000       1.3675
1099.000       1.2312
1100.000       1.1571
1101.000       1.2064
1104.000       1.1681
1106.000       1.1246
1107.000       1.1057
1109.000       1.0523
1110.000       1.0467
1112.000       1.0197
1113.000       0.9995
1114.000       0.9864
1115.000       0.9960
1116.000       1.0011
1118.000       1.0341
1119.000       1.0803
1122.000       1.0503
1123.000       1.0255
1124.000       1.1688
1126.000       1.1664
1128.000       1.2854
1130.000       1.2655
1131.000       1.3077
1132.000       1.4380
1133.000       1.3634
1134.000       1.2646
1135.000       1.3084
1138.000       1.3268
1140.000       1.2939
1141.000       1.3092
1143.000       1.1990
1144.000       1.2077
1146.000       1.1723
1148.000       1.1230
1149.000       1.1330
1150.000       1.1097
1152.000       1.1432
1153.000       1.1635
1154.000       1.3871
1156.000       1.4579
1158.000       1.6585
1160.000       1.4988
1161.000       1.8638
1162.000       2.3758
1163.000       2.2603
1164.000       1.6405
1165.000       1.5973
1168.000       1.3637
1170.000       1.4017
1171.000       1.2480
1173.000       1.2195
1174.000       1.2025
1176.000       1.2248
1177.000       1.2511
1178.000       1.3248
1179.000       1.3737
1182.000       1.4051
1183.000       1.4147
1185.000       1.3511
1186.000       1.2606
1187.000       1.2276
1189.000       1.1740
1191.000       1.1106
1193.000       1.2142
1194.000       1.2568
1195.000       1.4124
1196.000       1.2242
1197.000       1.2420
1198.000       1.2914
1201.000       1.2684
1203.000       1.3535
1204.000       1.3306
1206.000       1.4881
1207.000       1.6009
1209.000       1.8374
1211.000       1.9940
1212.000       2.2791
1213.000       1.9515
1215.000       1.7225
1216.000       1.8803
1217.000       1.1474
1219.000       1.1633
1221.000       1.1858
1223.000       1.2283
1224.000       1.2924
1225.000       1.4959
1226.000       1.4263
1227.000       1.1244
1228.000       1.0334
1231.000       0.9088
1233.000       0.8941
1234.000       0.8347
1236.000       0.8439
1237.000       0.9348
1239.000       0.9682
1240.000       0.9007
1241.000       0.9473
1242.000       1.0539
1245.000       0.9415
1246.000       0.8846
1248.000       0.8225
1249.000       0.8316
1250.000       0.9229
1252.000       0.8871
1254.000       0.9244
1256.000       0.9494
1257.000       1.0916
1258.000       1.2747
1259.000       1.2816
1260.000       1.0434
1261.000       1.0265
1264.000       0.9970
1266.000       1.0220
1267.000       0.9476
1269.000       0.8938
1270.000       0.9275
1272.000       0.9118
1273.000       0.8600
1274.000       0.8692
1275.000       0.9224
1276.000       0.8710
1278.000       0.8675
1279.000       0.9083
1282.000       0.8659
1283.000       0.8560
1284.000       0.9346
1286.000       0.9376
1288.000       1.0315
1290.000       0.9878
1291.000       0.9377
1292.000       1.0483
1293.000       0.9470
1294.000       0.8807
1295.000       0.9399
1298.000       0.9146
1300.000       0.8823
1301.000       0.8392
1303.000       0.8073
1304.000       0.7981
1306.000       0.7965
1308.000       0.8157
1309.000       0.8729
1310.000       0.8388
1312.000       0.8338
1313.000       0.9068
1314.000       0.8983
1316.000       0.8245
1318.000       0.9016
1320.000       1.0347
1321.000       1.2216
1322.000       1.4493
1323.000       1.4060
1324.000       1.0960
1325.000       1.1920
1328.000       1.0867
1330.000       1.0592
1331.000       1.0772
1333.000       1.0087
1334.000       1.0165
1336.000       0.9841
1338.000       0.9515
1339.000       0.9578
1342.000       0.9670
1343.000       0.9963
1344.000       1.0517
1345.000       1.1235
1347.000       1.1528
1349.000       1.3028
1351.000       1.3077
1352.000       1.3454
1353.000       1.6037
1354.000       1.3881
1355.000       1.2259
1356.000       1.2361
1359.000       1.2078
1361.000       1.2044
1362.000       1.1708
1364.000       1.0919
1365.000       1.0718
1367.000       1.0280
1369.000       0.9978
1370.000       0.9804
1373.000       1.0255
1374.000       1.0750
1375.000       1.1389
1376.000       1.2185
1378.000       1.2354
1380.000       1.3537
1382.000       1.3068
1383.000       1.3446
1384.000       1.5213
1385.000       1.3569
1386.000       1.2806
1387.000       1.3582
1390.000       1.2892
1392.000       1.2251
1393.000       1.1592
1395.000       1.0802
1396.000       1.0891
1398.000       1.0339
1399.000       0.9858
1400.000       0.9560
1401.000       0.9648
1404.000       0.9612
1405.000       0.9899
1407.000       1.0259
1408.000       1.0181
1409.000       1.2520
1411.000       1.1995
1413.000       1.2985
1415.000       1.3500
1416.000       1.3791
1417.000       1.5327
1418.000       1.4194
1419.000       1.2806
1420.000       1.3481
1423.000       1.2110
1425.000       1.1160
1426.000       1.0265
1428.000       1.0024
1429.000       1.0675
1431.000       1.0705
1433.000       1.0065
1434.000       1.0442
1437.000       0.9537
1438.000       0.9508
1439.000       0.9475
1440.000       1.1971
1442.000       1.0751
1444.000       1.0898
1446.000       1.3041
1447.000       1.4025
1448.000       1.5687
1449.000       1.5017
1450.000       1.2775
1451.000       1.2273
1454.000       1.1387
1456.000       1.0947
1457.000       1.0755
1459.000       1.1441
1460.000       1.2418
1462.000       1.3341
1463.000       1.2981
1464.000       1.4250
1465.000       1.5903
1466.000       1.4198
1468.000       1.3094
1469.000       1.3864
1472.000       1.1929
1473.000       1.1857
1474.000       1.1617
1476.000       1.1084
1478.000       1.1118
1480.000       1.2081
1481.000       1.2628
1482.000       1.3712
1483.000       1.3500
1484.000       1.2094
1485.000       1.2183
1488.000       1.2460
1490.000       1.3160
1491.000       1.4121
1493.000       1.4406
1494.000       1.4133
1496.000       1.5607
1497.000       1.7026
1498.000       1.9892
1499.000       2.1679
1502.000       2.1903
1503.000       2.1199
1505.000       1.8646
1506.000       1.6460
1507.000       1.2453
1509.000       1.3917
1511.000       1.5209
1513.000       1.2614
1514.000       1.2364
1515.000       1.3168
1516.000       1.2531
1517.000       1.3047
1518.000       1.4140
1521.000       1.5278
1523.000       1.5694
1524.000       1.6212
1526.000       1.5460
1527.000       1.4746
1529.000       1.5039
1530.000       1.5873
1531.000       1.7164
1532.000       1.7961
1535.000       1.8440
1536.000       1.8632
1538.000       1.7706
1539.000       1.6200
1540.000       1.5617
1542.000       1.6772
1544.000       1.8579
1546.000       1.6569
1547.000       1.6636
1548.000       1.8218
1549.000       1.5989
1550.000       1.7175
1551.000       1.9002
1554.000       1.9500
1556.000       1.8753
1557.000       1.8695
1559.000       1.7139
1560.000       1.6726
1562.000       1.6349
1563.000       1.6448
1564.000       1.7013
1565.000       1.7495
1568.000       1.7971
1569.000       1.8365
1571.000       1.8018
1572.000       1.6975
1573.000       1.9523
1575.000       1.9922
1577.000       2.2349
1579.000       2.1754
1580.000       2.1311
1581.000       2.5038
1582.000       2.1202
1583.000       2.1006
1584.000       2.4468
1587.000       2.3532
1589.000       2.2468
1590.000       2.1793
1592.000       2.0845
1593.000       2.0755
1595.000       2.0760
1596.000       2.0839
1597.000       2.1773
1598.000       2.2620
1599.000       2.2638
1601.000       2.2651
1602.000       2.4230
1605.000       2.1877
1606.000       2.0935
1607.000       2.3612
1609.000       2.3086
1611.000       2.4569
1613.000       2.5455
1614.000       2.6743
1615.000       2.9144
1616.000       2.6879
1617.000       2.6508
1618.000       2.7548
1621.000       2.7774
1623.000       2.6034
1624.000       2.6778
1626.000       2.5775
1627.000       2.4955
1629.000       2.4900
1631.000       2.5753
1632.000       2.6574
1633.000       2.6544
1635.000       2.6616
1636.000       2.8109
1637.000       2.9334
1639.000       2.9293
1641.000       3.1297
1643.000       3.1914
1644.000       3.4305
1645.000       3.7507
1646.000       3.4040
1647.000       3.4868
1648.000       3.6552
1651.000       3.8142
1653.000       3.6359
1654.000       3.8029
1656.000       3.6248
1657.000       3.4216
1659.000       3.4169
1660.000       3.6371
1661.000       3.8629
1662.000       3.8987
1665.000       4.1611
1666.000       4.2375
1668.000       4.0700
1669.000       3.7620
1670.000       4.0228
1672.000       4.0992
1674.000       4.4944
1676.000       4.3905
1679.000       4.5119
1680.000       4.6665
1683.000       4.4726
1685.000       4.3498
1686.000       4.0525
1688.000       3.7058
1689.000       3.6724
1691.000       3.4098
1692.000       3.2512
1693.000       3.0374
1694.000       2.9346
1695.000       3.0576
1697.000       3.2511
1698.000       3.3348
1701.000       3.4489
1702.000       3.4387
1703.000       4.1468
1705.000       4.0192
1707.000       4.3366
1709.000       4.3328
1710.000       4.1689
1711.000       4.4826
1712.000       4.1491
1713.000       3.7756
1714.000       3.8124
1717.000       3.4913
1719.000       3.3640
1720.000       3.0638
1722.000       2.9110
1723.000       3.0534
1725.000       3.0014
1727.000       2.7843
1728.000       2.8094
1731.000       2.6645
1732.000       2.7273
1733.000       2.7223
1734.000       3.2419
1736.000       3.0193
1738.000       3.1148
1740.000       3.3461
1741.000       3.2538
1742.000       3.4702
1743.000       3.2758
1744.000       2.9804
1745.000       2.9810
1748.000       2.7675
1750.000       2.6553
1751.000       2.4640
1753.000       2.3428
1754.000       2.4412
1756.000       2.3904
1758.000       2.2258
1759.000       2.2329
1760.000       2.1340
1762.000       2.1932
1763.000       2.1834
1764.000       2.6517
1766.000       2.4906
1768.000       2.5824
1770.000       2.7747
1771.000       2.7744
1772.000       3.0107
1773.000       2.8332
1774.000       2.5433
1775.000       2.5753
1778.000       2.3985
1780.000       2.2526
1781.000       2.1312
1783.000       2.0554
1784.000       2.1378
1786.000       2.1530
1788.000       2.0999
1789.000       2.2007
1790.000       2.0373
1792.000       2.0119
1793.000       2.0605
1794.000       2.3441
1796.000       2.1980
1798.000       2.2828
1800.000       2.5147
1801.000       2.5784
1802.000       2.8804
1803.000       2.6732
1804.000       2.3788
1805.000       2.4357
1808.000       2.3753
1810.000       2.4068
1811.000       2.5511
1813.000       2.8803
1814.000       2.9706
1816.000       3.4903
1818.000       3.9579
1819.000       4.5417
1820.000       3.8594
1822.000       3.3623
1823.000       3.5259
1824.000       2.3745
1826.000       2.4771
1828.000       2.6882
1830.000       2.5272
1831.000       2.3055
1832.000       2.4709
1833.000       2.4922
1834.000       2.0417
1835.000       1.9203
1838.000       1.8115
1840.000       2.0295
1841.000       2.0971
1843.000       2.2725
1844.000       2.1835
1846.000       2.4462
1847.000       2.7748
1848.000       3.2619
1849.000       3.4319
1850.000       3.6552
1852.000       3.6029
1853.000       4.1113
1856.000       3.1299
1857.000       2.7132
1858.000       1.6477
1860.000       1.8664
1862.000       1.9501
1864.000       1.5324
1865.000       1.4170
1866.000       1.5811
1867.000       1.4406
1868.000       1.2961
1869.000       1.3228
1872.000       1.2402
1874.000       1.2431
1875.000       1.1170
1877.000       1.1055
1878.000       1.1819
1880.000       1.1883
1881.000       1.1066
1882.000       1.1047
1883.000       1.1864
1886.000       1.0600
1887.000       1.0176
1889.000       1.0136
1890.000       1.0559
1891.000       1.1628
1893.000       1.0799
1895.000       1.0856
1897.000       1.2019
1898.000       1.2281
1899.000       1.3260
1900.000       1.3481
1901.000       1.1958
1902.000       1.1309
1905.000       1.1080
1907.000       1.0801
1908.000       0.9970
1910.000       0.9462
1911.000       0.9195
1913.000       0.9244
1915.000       0.9718
1916.000       1.0473
1917.000       1.0112
1919.000       0.9982
1920.000       1.0925
1921.000       1.0874
1923.000       1.0036
1925.000       1.0510
1927.000       1.1897
1928.000       1.1880
1929.000       1.5320
1930.000       1.3456
1931.000       1.2806
1932.000       1.6195
1935.000       1.3893
1937.000       1.3289
1938.000       1.2283
1940.000       1.2018
1941.000       1.2299
1943.000       1.2811
1945.000       1.3153
1946.000       1.4409
1947.000       1.3028
1949.000       1.2493
1950.000       1.3366
1951.000       1.3031
1953.000       1.2640
1955.000       1.4193
1957.000       1.3958
1958.000       1.4504
1959.000       1.6572
1960.000       1.4255
1961.000       1.4493
1962.000       1.5923
1965.000       1.6042
1967.000       1.5331
1968.000       1.5154
1970.000       1.3834
1971.000       1.2900
1973.000       1.2008
1975.000       1.2056
1976.000       1.1855
1977.000       1.3138
1979.000       1.4051
1980.000       1.5478
1981.000       1.5776
1983.000       1.5835
1985.000       1.7517
1987.000       1.7097
1988.000       1.7019
1989.000       1.8823
1990.000       1.6446
1991.000       1.6579
1992.000       1.7869
1995.000       1.7280
1997.000       1.6705
1998.000       1.6091
2000.000       1.4804
2001.000       1.4163
2003.000       1.3184
2004.000       1.3181
2005.000       1.2686
2006.000       1.2055
2007.000       1.3475
2009.000       1.4518
2010.000       1.5447
2013.000       1.4939
2014.000       1.4237
2015.000       1.6518
2017.000       1.6424
2019.000       1.7905
2021.000       1.7441
2022.000       1.7365
2023.000       1.8954
2024.000       1.7095
2025.000       1.6820
2026.000       1.8023
2029.000       1.7399
2031.000       1.6586
2032.000       1.5857
2034.000       1.4610
2035.000       1.4273
2037.000       1.3309
2038.000       1.2904
2039.000       1.2077
2040.000       1.1525
2041.000       1.2377
2043.000       1.3384
2044.000       1.3970
2047.000       1.4130
2048.000       1.3785
2049.000       1.6979
2051.000       1.6513
2053.000       1.7742
2055.000       1.8094
2056.000       1.8341
2057.000       1.9903
2058.000       1.8315
2059.000       1.7740
2060.000       1.8326
2063.000       1.7787
2065.000       1.7013
2066.000       1.6316
2068.000       1.5298
2069.000       1.5445
2071.000       1.4852
2073.000       1.4008
2074.000       1.3898
2075.000       1.4007
2077.000       1.4655
2078.000       1.5118
2079.000       1.7589
2081.000       1.7031
2083.000       1.8013
2085.000       1.8701
2086.000       1.9199
2087.000       2.0663
2088.000       1.9683
2089.000       1.8216
2090.000       1.8207
2093.000       1.7366
2095.000       1.6456
2096.000       1.5861
2098.000       1.5651
2099.000       1.6603
2101.000       1.6526
2102.000       1.5381
2103.000       1.5148
2104.000       1.6013
2105.000       1.4295
2107.000       1.3743
2108.000       1.3222
2111.000       1.4028
2112.000       1.4830
2113.000       1.7593
2115.000       1.6736
2117.000       1.7020
2119.000       1.8617
2120.000       1.9751
2121.000       2.1189
2122.000       2.0368
2123.000       1.9385
2124.000       2.0506
2127.000       2.0505
2129.000       2.0950
2130.000       2.0251
2132.000       1.9603
2133.000       1.9808
2135.000       1.9863
2136.000       1.9616
2137.000       2.0154
2138.000       2.0931
2141.000       2.0704
2142.000       2.0721
2144.000       2.0186
2145.000       1.9562
2146.000       1.9093
2148.000       1.9473
2150.000       2.0889
2152.000       1.9436
2153.000       1.8421
2154.000       1.9875
2155.000       1.7885
2156.000       1.7448
2157.000       1.8166
2160.000       1.7375
2162.000       1.7301
2163.000       1.6243
2165.000       1.5555
2166.000       1.5654
2168.000       1.5550
2169.000       1.5340
2170.000       1.5712
2171.000       1.6302
2174.000       1.6057
2175.000       1.6000
2177.000       1.5697
2178.000       1.5341
2179.000       1.5925
2181.000       1.5532
2183.000       1.6435
2185.000       1.6143
2186.000       1.5703
2187.000       1.6638
2188.000       1.5795
2189.000       1.4928
2190.000       1.4802
2193.000       1.3161
2195.000       1.2393
2196.000       1.1408
2198.000       1.1731
2199.000       1.2317
2201.000       1.2792
2202.000       1.2541
2203.000       1.3247
2204.000       1.4202
2207.000       1.3401
2208.000       1.2818
2210.000       1.2057
2211.000       1.1938
2212.000       1.4086
2214.000       1.3654
2216.000       1.5423
2218.000       1.4031
2219.000       1.5101
2220.000       1.9513
2221.000       1.9634
2222.000       1.1812
2223.000       1.0837
2226.000       0.9678
2228.000       1.0977
2229.000       1.0785
2231.000       1.3187
2232.000       1.5388
2234.000       1.8028
2236.000       1.9508
2237.000       2.2956
2238.000       1.8401
2240.000       1.5225
2241.000       1.5903
2242.000       0.9084
2244.000       0.9959
2246.000       1.0560
2248.000       0.8867
2249.000       0.8770
2250.000       0.9691
2251.000       0.9306
2252.000       0.8273
2253.000       0.8211
2256.000       0.8429
2258.000       0.8453
2259.000       0.8956
2261.000       0.9005
2262.000       0.8828
2264.000       0.9403
2266.000       1.0184
2267.000       1.1192
2268.000       1.0259
2270.000       0.9725
2271.000       1.0356
2272.000       0.9047
2274.000       0.9210
2276.000       1.0547
2278.000       0.9905
2279.000       1.0828
2280.000       1.2115
2281.000       1.1148
2282.000       1.1363
2283.000       1.2330
2286.000       1.3052
2288.000       1.2749
2289.000       1.2883
2291.000       1.1669
2292.000       1.0787
2294.000       1.0023
2296.000       1.0242
2297.000       1.0025
2300.000       1.1171
2301.000       1.1880
2302.000       1.3043
2303.000       1.3494
2305.000       1.3961
2307.000       1.5773
2309.000       1.5126
2310.000       1.5801
2311.000       1.7732
2312.000       1.5463
2313.000       1.5726
2314.000       1.6787
2317.000       1.6840
2319.000       1.6004
2320.000       1.5841
2322.000       1.4465
2323.000       1.3727
2325.000       1.2663
2327.000       1.2364
2328.000       1.1639
2331.000       1.3234
2332.000       1.4279
2333.000       1.5349
2334.000       1.7092
2336.000       1.7201
2338.000       1.9000
2340.000       1.8500
2341.000       1.9001
2342.000       2.0918
2343.000       1.8514
2344.000       1.8589
2345.000       1.9674
2348.000       1.9392
2350.000       1.8405
2351.000       1.7829
2353.000       1.6367
2354.000       1.5935
2356.000       1.4642
2357.000       1.4326
2358.000       1.3464
2359.000       1.2585
2362.000       1.3917
2363.000       1.5075
2365.000       1.5881
2366.000       1.5433
2367.000       1.9212
2369.000       1.8777
2371.000       2.0265
2373.000       2.0690
2374.000       2.1248
2375.000       2.3036
2376.000       2.1158
2377.000       2.0537
2378.000       2.1167
2381.000       2.0461
2383.000       1.9544
2384.000       1.8993
2386.000       1.8173
2387.000       1.8285
2389.000       1.7910
2390.000       1.7477
2391.000       1.7403
2392.000       1.7641
2395.000       1.7644
2396.000       1.7908
2398.000       1.7966
2399.000       1.7692
2400.000       2.0225
2402.000       1.9632
2404.000       2.0510
2406.000       2.1298
2407.000       2.1247
2408.000       2.3194
2409.000       2.0985
2410.000       1.9950
2411.000       2.0629
2414.000       1.9170
2416.000       1.8060
2417.000       1.6610
2419.000       1.5575
2420.000       1.6109
2422.000       1.5215
2423.000       1.3890
2424.000       1.2739
2425.000       1.2648
2428.000       1.2255
2429.000       1.2872
2431.000       1.3854
2432.000       1.4230
2433.000       1.8261
2435.000       1.6883
2437.000       1.7591
2439.000       1.9370
2440.000       1.9092
2441.000       2.0923
2442.000       1.9035
2443.000       1.7676
2444.000       1.6984
2447.000       1.5677
2449.000       1.4916
2450.000       1.3672
2452.000       1.2739
2453.000       1.3217
2455.000       1.2392
2456.000       1.1213
2457.000       1.0216
2458.000       1.0193
2461.000       0.9766
2462.000       1.0311
2464.000       1.1206
2465.000       1.1543
2466.000       1.4546
2468.000       1.3714
2470.000       1.4671
2472.000       1.5176
2473.000       1.4901
2474.000       1.6211
2475.000       1.5350
2476.000       1.3619
2477.000       1.3703
2480.000       1.2584
2482.000       1.1870
2483.000       1.0966
2485.000       1.0436
2486.000       1.1198
2488.000       1.1178
2490.000       1.0269
2491.000       1.0644
2494.000       0.9632
2495.000       0.9736
2496.000       0.9801
2497.000       1.2191
2499.000       1.1367
2501.000       1.1929
2503.000       1.3048
2504.000       1.3455
2505.000       1.4908
2506.000       1.3970
2507.000       1.2470
2508.000       1.2569
2511.000       1.1882
2513.000       1.1441
2514.000       1.0822
2516.000       1.0231
2517.000       1.0639
2519.000       1.0308
2521.000       0.9479
2522.000       0.9431
2525.000       0.9190
2526.000       0.9586
2527.000       0.9785
2528.000       1.1560
2530.000       1.1540
2532.000       1.2939
2534.000       1.2444
2535.000       1.2487
2536.000       1.4585
2537.000       1.2588
2538.000       1.1322
2539.000       1.2067
2542.000       1.1079
2544.000       1.0208
2545.000       1.0353
2547.000       0.9467
2548.000       0.9683
2550.000       0.9217
2551.000       0.8620
2552.000       0.8379
2553.000       0.8627
2554.000       0.8411
2556.000       0.8679
2557.000       0.9082
2560.000       0.8952
2561.000       0.8844
2562.000       1.1428
2564.000       1.2211
2566.000       1.4183
2568.000       1.2359
2569.000       1.2429
2570.000       1.5156
2571.000       1.4491
2572.000       1.1508
2573.000       1.2668
2576.000       1.2509
2578.000       1.2403
2579.000       1.2197
2581.000       1.1411
2582.000       1.1457
2584.000       1.2182
2585.000       1.2266
2586.000       1.3798
2587.000       1.5279
2590.000       1.5060
2591.000       1.5196
2593.000       1.3986
2594.000       1.2174
2595.000       1.1794
2597.000       1.2438
2599.000       1.4660
2601.000       1.3129
2602.000       1.3005
2603.000       1.4991
2604.000       1.2600
2605.000       1.2321
2606.000       1.3363
2609.000       1.2913
2611.000       1.2530
2612.000       1.1814
2614.000       1.0798
2615.000       1.0459
2617.000       0.9841
2619.000       0.9463
2620.000       0.9317
2623.000       0.9912
2624.000       1.0604
2625.000       1.1494
2626.000       1.2178
2628.000       1.1962
2630.000       1.3275
2632.000       1.3077
2633.000       1.3105
2634.000       1.4734
2635.000       1.2965
2636.000       1.2255
2637.000       1.2893
2640.000       1.2288
2642.000       1.1752
2643.000       1.1060
2645.000       1.0126
2646.000       0.9975
2648.000       0.9428
2649.000       0.9118
2650.000       0.8916
2651.000       0.8978
2654.000       0.9265
2655.000       0.9798
2657.000       1.0045
2658.000       0.9630
2659.000       1.1718
2661.000       1.1370
2663.000       1.2669
2665.000       1.2738
2666.000       1.2977
2667.000       1.4630
2668.000       1.3265
2669.000       1.2280
2670.000       1.2875
2673.000       1.2737
2675.000       1.2219
2676.000       1.1800
2678.000       1.0560
2679.000       1.0553
2681.000       0.9891
2682.000       0.9284
2683.000       0.8742
2684.000       0.8774
2685.000       0.8647
2687.000       0.9058
2688.000       0.9224
2691.000       0.9682
2692.000       0.9706
2693.000       1.2769
2695.000       1.2912
2697.000       1.4883
2699.000       1.4052
2700.000       1.4586
2701.000       1.6265
2702.000       1.5190
2703.000       1.3596
2704.000       1.3704
2707.000       1.3123
2709.000       1.2535
2710.000       1.1904
2712.000       1.0956
2713.000       1.2188
2715.000       1.1468
2717.000       0.9624
2718.000       0.9553
2719.000       0.9021
2721.000       0.9439
2722.000       0.9361
2723.000       1.3339
2725.000       1.2730
2727.000       1.3599
2729.000       1.4521
2730.000       1.5088
2731.000       1.6570
2732.000       1.6415
2733.000       1.4923
2734.000       1.3530
2737.000       1.2243
2739.000       1.1862
2740.000       1.0768
2742.000       1.0695
2743.000       1.0339
2745.000       1.0878
2746.000       1.1565
2747.000       1.2786
2748.000       1.3447
2751.000       1.3841
2752.000       1.3763
2754.000       1.2732
2755.000       1.1555
2756.000       1.1170
2758.000       1.0375
2760.000       1.0681
2762.000       1.1446
2763.000       1.2764
2764.000       1.4632
2765.000       1.3983
2766.000       1.2596
2767.000       1.4090
2770.000       1.3603
2772.000       1.4365
2773.000       1.3505
2775.000       1.4317
2776.000       1.4375
2778.000       1.5563
2779.000       1.7036
2780.000       2.0162
2781.000       2.1387
2782.000       2.2930
2784.000       2.2556
2785.000       2.6245
2788.000       1.9304
2789.000       1.6620
2790.000       1.1968
2792.000       1.1849
2794.000       1.1833
2796.000       1.2382
2797.000       1.2238
2798.000       1.3559
2799.000       1.3115
2800.000       1.0490
2801.000       1.0020
2804.000       0.8439
2806.000       0.7999
2807.000       0.7153
2809.000       0.6928
2810.000       0.7460
2812.000       0.7515
2813.000       0.6979
2814.000       0.7249
2815.000       0.8007
2818.000       0.7255
2819.000       0.6924
2821.000       0.6624
2822.000       0.6629
2823.000       0.8363
2825.000       0.7815
2827.000       0.8007
2829.000       0.8399
2830.000       0.9537
2831.000       1.0874
2832.000       1.0770
2833.000       0.8892
2834.000       0.8815
2837.000       0.8193
2839.000       0.8511
2840.000       0.7777
2842.000       0.7748
2843.000       0.8398
2845.000       0.8598
2846.000       0.8050
2847.000       0.8292
2848.000       0.9085
2849.000       0.8009
2851.000       0.7568
2852.000       0.7682
2855.000       0.7360
2856.000       0.7559
2857.000       0.7535
2859.000       0.7495
2861.000       0.8146
2863.000       0.7858
2864.000       0.7566
2865.000       0.8628
2866.000       0.7886
2867.000       0.7050
2868.000       0.7379
2871.000       0.7138
2873.000       0.7227
2874.000       0.6796
2876.000       0.6689
2877.000       0.6782
2879.000       0.7080
2881.000       0.7349
2882.000       0.8136
2883.000       0.7373
2885.000       0.7070
2886.000       0.7807
2887.000       0.6805
2889.000       0.6692
2891.000       0.7491
2893.000       0.7553
2894.000       0.8748
2895.000       1.0295
2896.000       0.9776
2897.000       0.8338
2898.000       0.8491
2901.000       0.8420
2903.000       0.8293
2904.000       0.8078
2906.000       0.7770
2907.000       0.7908
2909.000       0.7924
2911.000       0.7803
2912.000       0.8211
2915.000       0.7772
2916.000       0.7758
2917.000       0.8151
2918.000       0.8563
2920.000       0.8557
2922.000       0.9459
2924.000       0.9597
2925.000       1.0124
2926.000       1.1593
2927.000       1.0632
2928.000       0.9706
2929.000       0.9984
2932.000       0.9771
2934.000       0.9491
2935.000       0.9395
2937.000       0.8981
2938.000       0.8847
2940.000       0.8742
2942.000       0.8723
2943.000       0.8998
2944.000       0.9041
2946.000       0.9212
2947.000       0.9973
2948.000       0.9862
2950.000       0.9876
2952.000       1.0817
2954.000       1.0686
2955.000       1.1123
2956.000       1.2606
2957.000       1.1717
2958.000       1.0484
2959.000       1.0812
2962.000       1.0475
2964.000       1.0366
2965.000       1.0226
2967.000       0.9823
2968.000       0.9682
2970.000       0.9388
2971.000       0.9375
2972.000       0.9439
2973.000       0.9574
2974.000       0.9790
2976.000       1.0130
2977.000       1.0767
2980.000       1.0161
2981.000       0.9730
2982.000       1.0403
2984.000       1.0580
2986.000       1.1618
2988.000       1.0966
2989.000       1.1380
2990.000       1.2565
2991.000       1.1844
2992.000       1.1308
2993.000       1.1808
2996.000       1.2178
2998.000       1.2022
2999.000       1.2857
3001.000       1.2824
3002.000       1.2662
3004.000       1.3473
3005.000       1.4187
3006.000       1.5872
3007.000       1.7043
3008.000       1.6949
3010.000       1.6629
3011.000       1.8407
3014.000       1.5220
3015.000       1.3897
3016.000       1.2608
3018.000       1.3376
3020.000       1.4643
3022.000       1.3479
3023.000       1.5123
3024.000       1.9221
3025.000       1.7927
3026.000       1.4956
3027.000       1.5374
3030.000       1.5529
3032.000       1.5842
3033.000       1.5101
3035.000       1.5075
3036.000       1.5837
3038.000       1.5980
3039.000       1.5276
3040.000       1.5494
3041.000       1.6294
3044.000       1.5461
3045.000       1.5124
3047.000       1.4791
3048.000       1.4821
3049.000       1.5113
3051.000       1.4508
3053.000       1.4692
3055.000       1.5975
3056.000       1.7020
3057.000       1.7515
3058.000       1.8330
3059.000       1.7938
3060.000       1.9744
3063.000       2.1195
3065.000       2.4165
3066.000       2.4544
3068.000       2.6725
3069.000       2.5705
3071.000       2.8701
3073.000       3.2974
3074.000       3.6482
3075.000       3.3996
3077.000       3.1202
3078.000       3.3641
3079.000       1.9043
3081.000       2.1355
3083.000       2.4669
3085.000       2.1451
3086.000       1.8064
3087.000       2.0057
3088.000       2.1140
3089.000       1.6002
3090.000       1.5747
3093.000       1.4112
3095.000       1.3800
3096.000       1.2852
3098.000       1.2812
3099.000       1.3676
3101.000       1.3824
3102.000       1.3024
3103.000       1.3271
3104.000       1.4240
3105.000       1.2844
3107.000       1.2268
3108.000       1.2474
3111.000       1.2083
3112.000       1.2426
3113.000       1.3099
3115.000       1.2575
3117.000       1.3304
3119.000       1.3478
3120.000       1.3214
3121.000       1.4510
3122.000       1.3810
3123.000       1.2108
3124.000       1.2109
3127.000       1.1319
3129.000       1.1205
3130.000       1.0676
3132.000       1.0674
3133.000       1.1164
3135.000       1.1358
3136.000       1.0961
3137.000       1.1339
3138.000       1.2115
3141.000       1.1507
3142.000       1.1277
3144.000       1.0840
3145.000       1.0643
3146.000       1.0862
3148.000       1.0621
3150.000       1.1147
3152.000       1.1290
3153.000       1.1372
3154.000       1.2571
3155.000       1.1825
3156.000       1.0921
3157.000       1.1042
3160.000       1.0743
3162.000       1.0446
3163.000       1.0233
3165.000       1.0148
3166.000       1.0362
3168.000       1.0451
3169.000       1.0338
3170.000       1.0831
3171.000       1.1444
3172.000       1.1142
3174.000       1.1130
3175.000       1.1965
3178.000       1.0722
3179.000       1.0251
3180.000       1.0778
3182.000       1.0517
3184.000       1.0864
3186.000       1.1287
3187.000       1.1697
3188.000       1.2696
3189.000       1.2106
3190.000       1.1125
3191.000       1.1125
3194.000       1.0555
3196.000       1.0384
3197.000       0.9883
3199.000       0.9790
3200.000       1.1330
3202.000       1.1369
3203.000       0.9664
3204.000       0.9451
3205.000       1.0530
3208.000       0.9272
3209.000       0.9308
3211.000       0.8999
3212.000       0.9028
3213.000       1.0553
3215.000       1.0167
3217.000       1.0789
3219.000       1.1564
3220.000       1.2085
3221.000       1.3635
3222.000       1.2903
3223.000       1.1637
3224.000       1.2026
3227.000       1.1949
3229.000       1.1746
3230.000       1.1674
3232.000       1.0921
3233.000       1.0609
3235.000       1.0283
3236.000       1.0348
3237.000       1.0453
3238.000       1.0471
3239.000       1.1084
3241.000       1.1647
3242.000       1.2643
3245.000       1.1583
3246.000       1.0858
3247.000       1.2018
3249.000       1.2192
3251.000       1.3415
3253.000       1.3371
3254.000       1.4154
3255.000       1.6349
3256.000       1.3901
3257.000       1.3988
3258.000       1.5138
3261.000       1.5014
3263.000       1.4021
3264.000       1.3711
3266.000       1.2353
3267.000       1.1751
3269.000       1.1156
3270.000       1.1241
3271.000       1.1263
3272.000       1.1223
3275.000       1.1931
3276.000       1.2664
3278.000       1.2828
3279.000       1.2008
3280.000       1.5117
3282.000       1.4889
3284.000       1.6511
3286.000       1.6817
3287.000       1.7588
3288.000       1.9887
3289.000       1.7071
3290.000       1.7208
3291.000       1.8517
3294.000       1.8130
3296.000       1.6756
3297.000       1.6242
3299.000       1.4785
3300.000       1.4365
3302.000       1.3545
3303.000       1.3326
3304.000       1.3076
3305.000       1.3002
3308.000       1.3562
3309.000       1.4297
3311.000       1.4731
3312.000       1.4142
3313.000       1.8237
3315.000       1.7621
3317.000       1.9222
3319.000       2.0218
3320.000       2.1211
3321.000       2.3699
3322.000       2.0798
3323.000       2.0723
3324.000       2.1889
3327.000       2.1332
3329.000       1.9602
3330.000       1.9063
3332.000       1.7645
3333.000       1.7288
3335.000       1.6481
3336.000       1.6243
3337.000       1.6009
3338.000       1.6003
3339.000       1.6517
3341.000       1.7198
3342.000       1.8125
3345.000       1.7512
3346.000       1.6972
3347.000       2.1744
3349.000       2.0868
3351.000       2.2372
3353.000       2.4039
3354.000       2.5481
3355.000       2.8062
3356.000       2.5342
3357.000       2.4937
3358.000       2.5729
3361.000       2.5118
3363.000       2.3117
3364.000       2.2883
3366.000       2.1809
3367.000       2.1523
3369.000       2.0934
3370.000       2.0809
3371.000       2.0794
3372.000       2.0785
3375.000       2.1385
3376.000       2.1903
3378.000       2.1986
3379.000       2.1387
3380.000       2.6138
3382.000       2.5149
3384.000       2.6302
3386.000       2.8570
3387.000       3.0621
3388.000       3.3319
3389.000       3.0776
3390.000       3.0163
3391.000       3.1051
3394.000       3.0706
3396.000       2.8398
3397.000       2.8705
3399.000       2.7555
3400.000       2.7228
3402.000       2.6700
3404.000       2.6511
3405.000       2.6601
3406.000       2.6961
3408.000       2.7507
3409.000       2.8495
3410.000       3.2325
3412.000       3.1479
3414.000       3.2863
3416.000       3.5112
3417.000       3.7482
3418.000       4.0665
3419.000       3.7289
3420.000       3.7528
3421.000       3.9215
3424.000       3.9776
3426.000       3.7329
3427.000       3.8272
3429.000       3.6468
3430.000       3.5418
3432.000       3.4960
3434.000       3.5601
3435.000       3.6257
3436.000       3.6624
3438.000       3.7147
3439.000       3.9088
3440.000       4.1723
3442.000       4.1325
3444.000       4.4111
3446.000       4.4913
