   2.000       2.3636
   3.000       2.2794
   6.000       2.2199
   8.000       2.1964
   9.000       2.3190
  11.000       2.3350
  12.000       2.5488
  14.000       2.6258
  15.000       2.4586
  16.000       2.5958
  17.000       2.7721
  18.000       2.7170
  20.000       2.7086
  21.000       3.0956
  24.000       2.4916
  25.000       2.3497
  26.000       2.3089
  28.000       2.4885
  30.000       2.7541
  32.000       2.3782
  33.000       2.4313
  34.000       2.5742
  35.000       2.6303
  36.000       2.4396
  37.000       2.5025
  40.000       2.4600
  42.000       2.5138
  43.000       2.5549
  45.000       2.5713
  46.000       2.5277
  48.000       2.7126
  49.000       2.9034
  50.000       3.2876
  51.000       3.5253
  54.000       3.5498
  55.000       3.4290
  57.000       3.0862
  58.000       2.8208
  59.000       2.3488
  61.000       2.5059
  63.000       2.8771
  65.000       2.4378
  66.000       2.3604
  67.000       2.4130
  68.000       2.4882
  69.000       2.3426
  70.000       2.4525
  73.000       2.5465
  75.000       2.6085
  76.000       2.6381
  78.000       2.6657
  79.000       2.6180
  81.000       2.7747
  82.000       2.9633
  83.000       3.3410
  84.000       3.4743
  87.000       3.7463
  88.000       3.7738
  90.000       3.3914
  91.000       2.9680
  92.000       2.5731
  94.000       2.5696
  96.000       2.8976
  98.000       2.8803
  99.000       3.0543
 100.000       3.1016
 101.000       3.5032
 102.000       2.8654
 103.000       2.8153
 106.000       2.6972
 108.000       2.6512
 109.000       2.5924
 111.000       2.5817
 112.000       2.6486
 114.000       2.7244
 116.000       2.7333
 117.000       2.8801
 118.000       2.6572
 120.000       2.5922
 121.000       2.6362
 122.000       2.6611
 124.000       2.6186
 126.000       2.6942
 128.000       2.7301
 129.000       2.7105
 130.000       2.8781
 131.000       2.7127
 132.000       2.5921
 133.000       2.6393
 136.000       2.5402
 138.000       2.4884
 139.000       2.3977
 141.000       2.3263
 142.000       2.3599
 144.000       2.3225
 146.000       2.2483
 147.000       2.2449
 148.000       2.2337
 150.000       2.2708
 151.000       2.2930
 152.000       2.4408
 154.000       2.3761
 156.000       2.4599
 158.000       2.4982
 159.000       2.4692
 160.000       2.5780
 161.000       2.4816
 162.000       2.3767
 163.000       2.3655
 166.000       2.2839
 168.000       2.2818
 169.000       2.1980
 171.000       2.1678
 172.000       2.2046
 174.000       2.1836
 175.000       2.1271
 176.000       2.1075
 177.000       2.1418
 178.000       2.0727
 180.000       2.0609
 181.000       2.0476
 184.000       2.0861
 185.000       2.1164
 186.000       2.1958
 188.000       2.1491
 190.000       2.1818
 192.000       2.2066
 193.000       2.1668
 194.000       2.2311
 195.000       2.2180
 196.000       2.0636
 197.000       2.0223
 200.000       1.9433
 202.000       1.9655
 203.000       1.9154
 205.000       1.9362
 206.000       2.0011
 208.000       2.0450
 210.000       2.0206
 211.000       2.0865
 214.000       1.9629
 215.000       1.9217
 216.000       1.9030
 217.000       1.8925
 219.000       1.8672
 221.000       1.8538
 223.000       1.8752
 224.000       1.8705
 225.000       1.9212
 226.000       1.9484
 227.000       1.7953
 228.000       1.7589
 231.000       1.7141
 233.000       1.7615
 234.000       1.7539
 236.000       1.7820
 237.000       1.8063
 239.000       1.8285
 240.000       1.8209
 241.000       1.8575
 242.000       1.8974
 243.000       1.8756
 245.000       1.8568
 246.000       1.9007
 249.000       1.8169
 250.000       1.7991
 251.000       1.6829
 253.000       1.6972
 255.000       1.7013
 257.000       1.6668
 258.000       1.6800
 259.000       1.7249
 260.000       1.7435
 261.000       1.6878
 262.000       1.7240
 265.000       1.7624
 267.000       1.7961
 268.000       1.8306
 270.000       1.8061
 271.000       1.7830
 273.000       1.7896
 274.000       1.8184
 275.000       1.8668
 276.000       1.8901
 277.000       1.9262
 279.000       1.9428
 280.000       2.0321
 283.000       1.9034
 284.000       1.8359
 285.000       1.7624
 287.000       1.8333
 289.000       1.9390
 291.000       1.7929
 292.000       1.8114
 293.000       1.8907
 294.000       1.8072
 295.000       1.8463
 296.000       2.0371
 299.000       2.0654
 301.000       2.0945
 302.000       2.0928
 304.000       2.0167
 305.000       1.9504
 307.000       1.9317
 308.000       1.9786
 309.000       2.0101
 310.000       2.0136
 311.000       2.0846
 313.000       2.1389
 314.000       2.2346
 317.000       2.1251
 318.000       2.0345
 319.000       1.9979
 321.000       2.0759
 323.000       2.2278
 325.000       2.0428
 326.000       2.0078
 327.000       2.1694
 328.000       1.9647
 329.000       1.9711
 330.000       2.0774
 333.000       2.0463
 335.000       2.0150
 336.000       1.9639
 338.000       1.8872
 339.000       1.8766
 341.000       1.8505
 342.000       1.8431
 343.000       1.8789
 344.000       1.9202
 347.000       1.9471
 348.000       1.9777
 350.000       1.9472
 351.000       1.8744
 352.000       1.9876
 354.000       1.9744
 356.000       2.0867
 358.000       2.0896
 359.000       2.1036
 360.000       2.2867
 361.000       2.0245
 362.000       2.1164
 363.000       2.2475
 366.000       2.2470
 368.000       2.2043
 369.000       2.1730
 371.000       2.0739
 372.000       2.0265
 374.000       2.0018
 375.000       2.0328
 376.000       2.0856
 377.000       2.1115
 380.000       2.1685
 381.000       2.1936
 383.000       2.1603
 384.000       2.0765
 385.000       2.2147
 387.000       2.2264
 389.000       2.3868
 391.000       2.3540
 392.000       2.3972
 393.000       2.6245
 394.000       2.3445
 395.000       2.3558
 396.000       2.5021
 399.000       2.4826
 401.000       2.3739
 402.000       2.3631
 404.000       2.2492
 405.000       2.1625
 407.000       2.1245
 408.000       2.1964
 409.000       2.2699
 410.000       2.2776
 413.000       2.4028
 414.000       2.4524
 416.000       2.4031
 417.000       2.2694
 418.000       2.5020
 420.000       2.4827
 422.000       2.6480
 424.000       2.6973
 425.000       2.7906
 426.000       3.0713
 427.000       2.7461
 428.000       2.7223
 429.000       2.8264
 432.000       2.7871
 434.000       2.6549
 435.000       2.6109
 437.000       2.4524
 438.000       2.3612
 440.000       2.2400
 441.000       2.2658
 442.000       2.2232
 443.000       2.1392
 444.000       2.3418
 446.000       2.4746
 447.000       2.6211
 450.000       2.5095
 451.000       2.4013
 452.000       2.7863
 454.000       2.7416
 456.000       2.9004
 458.000       2.9669
 459.000       3.0222
 460.000       3.2595
 461.000       2.9539
 462.000       2.9551
 463.000       3.0764
 466.000       3.0271
 468.000       2.8731
 469.000       2.8190
 471.000       2.6518
 472.000       2.5869
 474.000       2.4544
 475.000       2.4279
 476.000       2.3241
 477.000       2.2308
 478.000       2.3833
 480.000       2.5302
 481.000       2.6130
 484.000       2.6213
 485.000       2.5587
 486.000       3.0246
 488.000       2.9598
 490.000       3.1162
 492.000       3.2112
 493.000       3.2666
 494.000       3.4905
 495.000       3.1972
 496.000       3.1979
 497.000       3.3175
 500.000       3.2469
 502.000       3.0905
 503.000       2.9982
 505.000       2.8359
 506.000       2.8002
 508.000       2.6665
 509.000       2.5991
 510.000       2.4696
 511.000       2.3859
 512.000       2.4768
 514.000       2.6012
 515.000       2.6287
 518.000       2.7242
 519.000       2.7112
 520.000       3.2152
 522.000       3.1187
 524.000       3.2548
 526.000       3.3873
 527.000       3.4083
 528.000       3.6360
 529.000       3.3503
 530.000       3.2833
 531.000       3.3715
 534.000       3.2516
 536.000       3.0939
 537.000       2.9710
 539.000       2.8328
 540.000       2.8309
 542.000       2.7198
 543.000       2.6311
 544.000       2.5219
 545.000       2.4796
 546.000       2.4999
 548.000       2.5778
 549.000       2.5846
 552.000       2.6878
 553.000       2.7046
 554.000       3.2082
 556.000       3.0722
 558.000       3.1714
 560.000       3.3671
 561.000       3.4088
 562.000       3.6031
 563.000       3.4484
 564.000       3.2261
 565.000       3.2005
 568.000       3.0342
 570.000       2.9050
 571.000       2.7890
 573.000       2.7471
 574.000       2.8615
 576.000       2.8526
 578.000       2.7294
 579.000       2.7502
 580.000       2.6217
 582.000       2.6219
 583.000       2.5494
 584.000       3.0444
 586.000       2.8902
 588.000       2.8744
 590.000       3.1384
 591.000       3.2204
 592.000       3.3756
 593.000       3.3106
 594.000       3.0544
 595.000       2.9977
 598.000       2.8609
 600.000       2.7288
 601.000       2.6766
 603.000       2.6912
 604.000       2.8066
 606.000       2.8235
 608.000       2.7286
 609.000       2.7634
 612.000       2.6337
 613.000       2.6083
 614.000       2.5400
 615.000       2.9303
 617.000       2.7875
 619.000       2.7246
 621.000       3.0430
 622.000       3.2005
 623.000       3.3426
 624.000       3.2758
 625.000       3.1548
 626.000       3.1045
 629.000       3.1443
 631.000       3.1050
 632.000       3.2351
 634.000       3.3366
 635.000       3.4537
 637.000       3.5734
 638.000       3.5350
 639.000       3.6670
 640.000       3.8483
 643.000       3.6809
 644.000       3.5547
 646.000       3.4082
 647.000       3.3997
 648.000       3.3306
 650.000       3.3885
 652.000       3.4814
 654.000       3.4412
 655.000       3.4466
 656.000       3.6515
 657.000       3.4870
 658.000       3.2380
 659.000       3.2206
 662.000       3.0230
 664.000       2.8996
 665.000       2.8004
 667.000       2.8080
 668.000       2.8990
 670.000       2.9121
 671.000       2.8083
 672.000       2.7806
 673.000       2.8558
 676.000       2.7000
 677.000       2.6556
 679.000       2.6790
 680.000       2.7472
 681.000       2.9590
 683.000       2.8784
 685.000       2.8199
 687.000       2.8823
 688.000       2.9656
 689.000       3.1555
 690.000       2.9729
 691.000       2.8767
 692.000       2.7442
 695.000       2.6853
 697.000       2.6603
 698.000       2.5614
 700.000       2.4668
 701.000       2.4487
 703.000       2.3964
 705.000       2.3578
 706.000       2.3310
 709.000       2.3761
 710.000       2.4333
 711.000       2.4877
 712.000       2.5794
 714.000       2.5317
 716.000       2.6870
 718.000       2.6755
 719.000       2.6393
 720.000       2.5149
 721.000       2.8550
 722.000       2.7299
 723.000       2.6132
 726.000       2.7154
 728.000       3.0589
 729.000       3.3014
 731.000       3.7330
 732.000       4.2645
 734.000       4.7316
 735.000       4.5549
 736.000       5.0766
 737.000       5.6555
 740.000       5.2759
 741.000       4.9703
 743.000       4.3126
 744.000       4.0716
 745.000       2.7152
 747.000       3.1637
 749.000       3.5336
 751.000       2.7619
 752.000       2.5498
 753.000       2.6787
 754.000       2.8276
 755.000       2.3605
 756.000       2.3489
 759.000       2.1957
 761.000       2.2017
 762.000       2.1221
 764.000       2.1499
 765.000       2.2484
 767.000       2.2986
 768.000       2.2289
 769.000       2.2799
 770.000       2.3957
 771.000       2.2278
 773.000       2.1430
 774.000       2.1516
 777.000       2.0978
 778.000       2.1403
 779.000       2.0593
 781.000       2.0248
 783.000       2.0404
 785.000       2.0335
 786.000       1.9912
 787.000       2.0232
 788.000       2.0620
 789.000       1.9347
 790.000       1.9148
 793.000       1.9335
 795.000       2.0009
 796.000       2.0281
 798.000       2.0223
 799.000       2.0085
 801.000       2.0391
 803.000       2.0819
 804.000       2.1397
 807.000       2.1146
 808.000       2.0871
 809.000       2.1646
 810.000       1.9378
 812.000       2.0134
 814.000       2.0930
 816.000       1.9601
 817.000       1.9817
 818.000       2.0619
 819.000       1.9735
 820.000       2.0339
 821.000       2.1227
 824.000       2.2002
 826.000       2.2227
 827.000       2.2515
 829.000       2.1703
 830.000       2.1003
 832.000       2.0733
 834.000       2.1111
 835.000       2.1186
 838.000       2.1732
 839.000       2.2065
 840.000       2.3010
 841.000       2.1876
 843.000       2.2873
 845.000       2.4527
 847.000       2.2485
 848.000       2.2386
 849.000       2.3638
 850.000       2.1795
 851.000       2.2586
 852.000       2.3756
 855.000       2.4178
 857.000       2.3861
 858.000       2.3660
 860.000       2.2274
 861.000       2.1399
 863.000       2.0536
 864.000       2.0834
 865.000       2.0600
 866.000       2.0049
 867.000       2.1364
 869.000       2.2277
 870.000       2.3074
 873.000       2.2651
 874.000       2.1864
 875.000       2.3854
 877.000       2.4078
 879.000       2.5790
 881.000       2.5173
 882.000       2.5807
 883.000       2.6690
 884.000       2.7732
 885.000       2.4325
 886.000       2.4240
 889.000       2.3299
 891.000       2.3626
 892.000       2.4746
 894.000       2.6752
 895.000       2.9219
 897.000       3.1511
 899.000       3.1781
 900.000       3.4414
 901.000       3.0006
 903.000       2.7508
 904.000       2.7351
 905.000       2.4741
 907.000       2.5933
 909.000       2.7441
 911.000       2.4210
 912.000       2.5740
 913.000       2.8293
 914.000       2.6156
 915.000       2.4758
 916.000       2.5663
 919.000       2.5182
 921.000       2.4744
 922.000       2.3851
 924.000       2.2664
 925.000       2.2404
 927.000       2.1564
 929.000       2.1007
 930.000       2.0639
 931.000       2.1372
 933.000       2.2148
 934.000       2.2678
 935.000       2.4269
 937.000       2.4008
 939.000       2.5459
 941.000       2.5046
 942.000       2.4929
 943.000       2.6367
 944.000       2.4677
 945.000       2.4286
 946.000       2.4787
 949.000       2.4194
 951.000       2.3810
 952.000       2.2985
 954.000       2.1961
 955.000       2.1978
 957.000       2.1189
 959.000       2.0345
 960.000       1.9753
 963.000       2.0547
 964.000       2.1368
 965.000       2.1921
 966.000       2.3377
 968.000       2.3043
 970.000       2.4080
 972.000       2.3988
 973.000       2.3799
 974.000       2.5025
 975.000       2.3706
 976.000       2.3014
 977.000       2.3441
 980.000       2.2862
 982.000       2.2449
 983.000       2.1774
 985.000       2.0971
 986.000       2.0923
 988.000       2.0224
 989.000       1.9772
 990.000       1.9199
 991.000       1.8870
 994.000       1.9304
 995.000       1.9914
 997.000       2.0458
 998.000       2.0321
 999.000       2.2238
1001.000       2.1911
1003.000       2.2836
1005.000       2.2859
1006.000       2.2704
1007.000       2.3953
1008.000       2.2585
1009.000       2.2013
1010.000       2.2508
1013.000       2.1971
1015.000       2.1468
1016.000       2.0710
1018.000       1.9827
1019.000       1.9852
1021.000       1.9169
1022.000       1.8586
1023.000       1.7939
1024.000       1.7782
1025.000       1.7839
1027.000       1.8392
1028.000       1.8530
1031.000       1.9023
1032.000       1.9036
1033.000       2.1394
1035.000       2.0980
1037.000       2.2003
1039.000       2.2128
1040.000       2.1853
1041.000       2.3311
1042.000       2.1997
1043.000       2.0760
1044.000       2.1311
1047.000       2.0448
1049.000       1.9792
1050.000       1.9119
1052.000       1.8440
1053.000       1.8744
1055.000       1.8842
1057.000       1.8696
1058.000       1.9436
1059.000       1.8373
1061.000       1.8243
1062.000       1.8606
1063.000       1.9753
1065.000       1.9434
1067.000       2.0644
1069.000       2.0548
1070.000       2.0273
1071.000       2.1850
1072.000       2.0095
1073.000       1.9171
1074.000       1.9582
1077.000       1.8690
1079.000       1.8173
1080.000       1.7279
1082.000       1.6631
1083.000       1.6873
1085.000       1.6500
1086.000       1.5893
1087.000       1.5510
1088.000       1.5695
1091.000       1.5284
1092.000       1.5405
1094.000       1.5803
1095.000       1.5984
1096.000       1.8006
1098.000       1.7387
1100.000       1.8002
1102.000       1.8569
1103.000       1.8614
1104.000       1.9749
1105.000       1.8990
1106.000       1.7643
1107.000       1.7574
1110.000       1.6782
1112.000       1.6225
1113.000       1.5722
1115.000       1.5703
1116.000       1.6080
1118.000       1.6207
1120.000       1.5942
1121.000       1.6287
1124.000       1.5673
1125.000       1.5539
1126.000       1.5639
1127.000       1.6743
1129.000       1.6112
1131.000       1.6176
1133.000       1.7369
1134.000       1.7896
1135.000       1.8867
1136.000       1.8412
1137.000       1.7373
1138.000       1.7256
1141.000       1.7094
1143.000       1.6505
1144.000       1.6821
1146.000       1.6581
1147.000       1.6489
1149.000       1.6556
1151.000       1.6710
1152.000       1.7064
1155.000       1.6851
1156.000       1.6839
1157.000       1.7357
1158.000       1.7906
1160.000       1.7814
1162.000       1.8764
1164.000       1.8363
1165.000       1.9030
1166.000       1.9384
1167.000       1.9749
1168.000       1.8936
1169.000       1.8628
1172.000       1.8602
1174.000       1.8114
1175.000       1.8507
1177.000       1.8602
1178.000       1.8303
1180.000       1.8617
1181.000       1.9127
1182.000       1.9853
1183.000       2.0243
1186.000       2.0432
1187.000       2.0308
1189.000       1.9708
1190.000       1.9104
1191.000       1.9524
1193.000       1.9419
1195.000       1.9704
1197.000       2.0270
1198.000       2.1543
1199.000       2.2422
1200.000       2.1877
1201.000       2.1936
1202.000       2.2359
1205.000       2.2851
1207.000       2.2353
1208.000       2.3035
1210.000       2.2678
1211.000       2.2079
1213.000       2.2141
1214.000       2.2803
1215.000       2.3459
1216.000       2.3476
1219.000       2.4424
1220.000       2.4710
1222.000       2.4172
1223.000       2.3200
1224.000       2.3566
1226.000       2.4059
1228.000       2.5070
1230.000       2.4594
1231.000       2.5074
1232.000       2.7356
1233.000       2.4280
1234.000       2.5097
1235.000       2.6713
1238.000       2.6876
1240.000       2.5743
1241.000       2.5678
1243.000       2.4077
1244.000       2.2894
1246.000       2.1944
1247.000       2.2527
1248.000       2.2456
1249.000       2.1736
1250.000       2.3918
1252.000       2.5228
1253.000       2.6988
1256.000       2.5288
1257.000       2.3893
1258.000       2.6794
1260.000       2.6795
1262.000       2.8910
1264.000       2.8600
1265.000       2.9265
1266.000       3.1178
1267.000       2.8714
1268.000       2.9171
1269.000       3.0250
1272.000       3.0091
1274.000       2.8880
1275.000       2.8429
1277.000       2.6945
1278.000       2.6323
1280.000       2.5202
1282.000       2.4568
1283.000       2.3867
1284.000       2.5314
1286.000       2.6518
1287.000       2.7496
1288.000       3.0070
1290.000       2.9466
1292.000       3.0938
1294.000       3.1788
1295.000       3.2405
1296.000       3.4393
1297.000       3.1790
1298.000       3.2031
1299.000       3.2936
1302.000       3.2456
1304.000       3.1222
1305.000       3.0399
1307.000       2.8748
1308.000       2.8426
1310.000       2.7190
1312.000       2.6282
1313.000       2.5329
1316.000       2.6669
1317.000       2.7862
1318.000       2.8423
1319.000       3.2295
1321.000       3.1458
1323.000       3.2770
1325.000       3.3916
1326.000       3.4285
1327.000       3.6407
1328.000       3.3982
1329.000       3.3079
1330.000       3.3763
1333.000       3.2545
1335.000       3.1085
1336.000       2.9920
1338.000       2.8620
1339.000       2.8920
1341.000       2.8041
1343.000       2.6777
1344.000       2.6230
1345.000       2.6571
1347.000       2.7413
1348.000       2.7367
1349.000       3.2214
1351.000       3.0853
1353.000       3.1633
1355.000       3.3684
1356.000       3.4180
1357.000       3.6179
1358.000       3.4230
1359.000       3.2700
1360.000       3.2883
1363.000       3.1502
1365.000       3.0175
1366.000       2.9001
1368.000       2.8125
1369.000       2.8791
1371.000       2.8208
1373.000       2.6935
1374.000       2.6605
1377.000       2.6333
1378.000       2.6886
1379.000       2.6560
1380.000       3.1299
1382.000       2.9895
1384.000       3.0278
1386.000       3.2523
1387.000       3.3207
1388.000       3.4847
1389.000       3.3785
1390.000       3.1741
1391.000       3.1600
1394.000       3.0383
1396.000       2.9225
1397.000       2.8481
1399.000       2.8192
1400.000       2.9060
1402.000       2.8772
1403.000       2.7683
1404.000       2.7189
1405.000       2.7550
1408.000       2.6625
1409.000       2.6465
1411.000       2.6772
1412.000       2.7373
1413.000       3.0549
1415.000       2.9352
1417.000       2.9372
1419.000       3.1619
1420.000       3.2633
1421.000       3.3968
1422.000       3.3715
1423.000       3.1450
1424.000       3.1024
1427.000       3.0286
1429.000       2.9590
1430.000       2.9859
1432.000       3.0313
1433.000       3.0809
1435.000       3.1543
1436.000       3.1539
1437.000       3.2565
1438.000       3.3557
1439.000       3.2858
1441.000       3.2303
1442.000       3.3291
1445.000       3.1264
1446.000       3.0880
1447.000       3.1053
1449.000       3.0778
1451.000       3.0861
1453.000       3.1727
1454.000       3.3020
1455.000       3.3944
1456.000       3.3863
1457.000       3.2889
1458.000       3.2969
1461.000       3.3420
1463.000       3.3321
1464.000       3.4054
1466.000       3.3776
1467.000       3.3293
1469.000       3.3479
1470.000       3.4087
1471.000       3.4785
1472.000       3.5045
1473.000       3.5571
1475.000       3.5737
1476.000       3.6850
1479.000       3.5178
1480.000       3.4311
1481.000       3.3967
1483.000       3.4883
1485.000       3.5855
1487.000       3.4302
1488.000       3.3691
1489.000       3.5338
1490.000       3.3188
1491.000       3.2245
1492.000       3.2741
1495.000       3.1319
1497.000       3.0845
1498.000       2.9498
1500.000       2.8846
1501.000       2.9186
1503.000       2.8651
1504.000       2.7844
1505.000       2.7241
1506.000       2.7282
1507.000       2.6847
1509.000       2.7122
1510.000       2.7040
1513.000       2.7717
1514.000       2.8000
1515.000       2.9885
1517.000       2.8930
1519.000       2.9400
1521.000       3.0119
1522.000       2.9301
1523.000       3.0098
1524.000       2.9808
1525.000       2.7581
1526.000       2.6992
1529.000       2.5582
1531.000       2.5476
1532.000       2.4573
1534.000       2.4976
1535.000       2.5835
1537.000       2.6157
1538.000       2.5502
1539.000       2.5785
1540.000       2.6704
1541.000       2.5373
1543.000       2.4680
1544.000       2.4652
1547.000       2.4342
1548.000       2.4789
1549.000       2.4947
1551.000       2.4075
1553.000       2.3695
1555.000       2.5045
1556.000       2.5569
1557.000       2.6176
1558.000       2.7238
1559.000       2.4285
1560.000       2.4270
1563.000       2.3047
1565.000       2.1970
1566.000       2.1040
1568.000       2.0507
1569.000       2.1181
1571.000       2.0770
1572.000       1.9643
1573.000       1.9000
1574.000       1.9294
1577.000       1.8532
1578.000       1.8733
1580.000       1.9286
1581.000       1.9633
1582.000       2.2816
1584.000       2.1690
1586.000       2.2245
1588.000       2.4014
1589.000       2.5248
1590.000       2.6825
1591.000       2.5847
1592.000       2.4526
1593.000       2.4661
1596.000       2.3519
1598.000       2.2004
1599.000       2.1125
1601.000       2.0709
1602.000       2.1561
1604.000       2.1437
1605.000       2.0249
1606.000       1.9856
1607.000       2.0709
1610.000       1.9070
1611.000       1.8734
1613.000       1.9156
1614.000       1.9821
1615.000       2.3711
1617.000       2.2237
1619.000       2.2555
1621.000       2.5222
1622.000       2.6218
1623.000       2.7931
1624.000       2.6684
1625.000       2.5109
1626.000       2.5138
1629.000       2.3675
1631.000       2.2109
1632.000       2.1134
1634.000       2.1266
1635.000       2.2648
1637.000       2.2959
1638.000       2.1664
1639.000       2.1797
1640.000       2.3371
1643.000       2.0985
1644.000       1.9912
1646.000       1.9668
1647.000       2.0576
1648.000       2.3849
1650.000       2.2030
1652.000       2.1766
1654.000       2.5088
1655.000       2.6474
1656.000       2.7311
1657.000       2.8079
1658.000       2.5808
1659.000       2.4809
1662.000       2.4069
1664.000       2.3385
1665.000       2.3812
1667.000       2.4691
1668.000       2.5267
1670.000       2.6061
1672.000       2.6216
1673.000       2.7016
1676.000       2.5831
1677.000       2.5080
1678.000       2.5064
1679.000       2.5477
1681.000       2.4928
1683.000       2.4235
1685.000       2.6127
1686.000       2.7920
1687.000       2.8792
1688.000       2.8918
1689.000       2.8010
1690.000       2.7987
1693.000       2.8202
1695.000       2.7509
1696.000       2.9227
1698.000       2.9063
1699.000       2.9112
1701.000       2.9395
1703.000       2.9488
1704.000       2.9988
1705.000       2.9454
1707.000       2.9362
1708.000       2.9863
1709.000       2.9477
1711.000       3.2824
1713.000       3.7053
1715.000       3.0215
1716.000       2.9826
1717.000       3.1650
1718.000       2.8700
1719.000       3.0095
1720.000       3.1966
1723.000       3.1981
1725.000       3.1980
1726.000       3.1214
1728.000       3.0092
1729.000       2.9154
1731.000       2.8758
1733.000       2.9289
1734.000       2.9664
1735.000       3.0130
1737.000       3.0572
1738.000       3.1855
1739.000       3.0412
1741.000       3.0651
1743.000       3.2417
1745.000       3.1113
1746.000       2.9984
1747.000       3.1659
1748.000       2.9080
1749.000       2.9094
1750.000       2.9986
1753.000       2.9123
1755.000       2.9163
1756.000       2.7963
1758.000       2.7237
1759.000       2.7169
1761.000       2.6784
1763.000       2.6561
1764.000       2.6685
1765.000       2.6663
1767.000       2.6910
1768.000       2.7167
1769.000       2.7442
1771.000       2.7116
1773.000       2.7994
1775.000       2.7661
1776.000       2.6623
1777.000       2.7792
1778.000       2.6475
1779.000       2.5389
1780.000       2.4961
1783.000       2.4157
1785.000       2.4282
1786.000       2.3574
1788.000       2.3368
1789.000       2.3498
1791.000       2.3469
1792.000       2.3457
1793.000       2.3880
1794.000       2.4315
1795.000       2.4184
1797.000       2.3987
1798.000       2.4575
1801.000       2.3581
1802.000       2.3358
1803.000       2.3195
1805.000       2.3064
1807.000       2.3693
1809.000       2.3495
1810.000       2.3226
1811.000       2.4427
1812.000       2.3201
1813.000       2.2731
1814.000       2.3208
1817.000       2.2999
1819.000       2.2878
1820.000       2.2922
1822.000       2.2702
1823.000       2.2401
1825.000       2.2454
1826.000       2.2912
1827.000       2.3617
1828.000       2.3889
1831.000       2.4461
1832.000       2.4555
1834.000       2.3910
1835.000       2.3086
1836.000       2.2885
1838.000       2.3093
1840.000       2.3967
1842.000       2.3580
1843.000       2.4031
1844.000       2.5415
1845.000       2.3897
1846.000       2.4080
1847.000       2.4760
1850.000       2.4945
1852.000       2.4508
1853.000       2.4742
1855.000       2.4103
1856.000       2.3444
1858.000       2.3231
1859.000       2.3813
1860.000       2.4201
1861.000       2.4025
1862.000       2.5252
1864.000       2.5799
1865.000       2.7004
1868.000       2.5406
1869.000       2.4407
1870.000       2.5120
1872.000       2.5435
1874.000       2.6577
1876.000       2.6133
1877.000       2.6486
1878.000       2.8182
1879.000       2.5771
1880.000       2.6476
1881.000       2.7475
1884.000       2.7481
1886.000       2.6567
1887.000       2.6297
1889.000       2.5156
1890.000       2.4372
1892.000       2.3664
1893.000       2.3990
1894.000       2.3972
1895.000       2.3484
1898.000       2.4862
1899.000       2.5713
1901.000       2.5852
1902.000       2.4941
1903.000       2.7514
1905.000       2.7245
1907.000       2.8677
1909.000       2.8971
1910.000       2.9166
1911.000       3.1269
1912.000       2.9566
1913.000       2.7444
1914.000       2.7719
1917.000       2.6546
1919.000       2.5733
1920.000       2.5124
1922.000       2.4614
1923.000       2.5051
1925.000       2.5409
1927.000       2.5402
1928.000       2.6529
1929.000       2.4980
1931.000       2.4641
1932.000       2.5182
1933.000       2.5952
1935.000       2.5534
1937.000       2.6512
1939.000       2.6684
1940.000       2.6370
1941.000       2.8164
1942.000       2.5784
1943.000       2.5264
1944.000       2.6024
1947.000       2.5052
1949.000       2.4284
1950.000       2.3330
1952.000       2.2337
1953.000       2.2346
1955.000       2.1595
1956.000       2.1028
1957.000       2.0376
1958.000       2.0171
1959.000       2.0295
1961.000       2.0766
1962.000       2.0835
1965.000       2.1402
1966.000       2.1481
1967.000       2.4051
1969.000       2.3430
1971.000       2.4249
1973.000       2.4596
1974.000       2.4053
1975.000       2.5276
1976.000       2.3954
1977.000       2.2735
1978.000       2.3015
1981.000       2.1561
1983.000       2.0872
1984.000       1.9646
1986.000       1.9739
1987.000       2.0371
1989.000       2.0304
1990.000       1.9513
1991.000       1.9232
1992.000       1.9625
1993.000       1.8717
1995.000       1.8494
1996.000       1.8267
1999.000       1.8771
2000.000       1.9242
2001.000       2.0633
2003.000       1.9357
2005.000       1.8963
2007.000       2.0880
2008.000       2.1955
2009.000       2.3481
2010.000       2.3821
2011.000       2.1319
2012.000       2.0412
2015.000       2.0331
2017.000       2.0387
2018.000       2.1281
2020.000       2.2359
2021.000       2.2497
2023.000       2.3933
2025.000       2.5185
2026.000       2.6884
2029.000       2.5097
2030.000       2.3715
2031.000       2.4064
2032.000       2.1391
2034.000       2.1740
2036.000       2.1477
2038.000       2.1506
2039.000       2.2986
2040.000       2.3020
2041.000       2.3762
2042.000       2.4456
2043.000       2.4836
2046.000       2.6719
2048.000       2.6805
2049.000       2.8731
2051.000       2.8761
2052.000       2.7626
2054.000       2.8098
2056.000       2.9724
2057.000       3.0565
2060.000       3.0783
2061.000       3.0356
2062.000       3.1706
2063.000       2.8671
2065.000       3.0624
2067.000       3.2568
2069.000       2.9621
2070.000       3.2819
2071.000       3.6628
2072.000       3.8359
2073.000       2.9279
2074.000       2.8605
2077.000       3.0168
2079.000       2.8997
2080.000       3.0329
2082.000       2.8568
2083.000       2.7624
2085.000       2.8019
2087.000       2.9332
2088.000       3.1395
2089.000       3.0121
2091.000       2.9976
2092.000       3.2655
2093.000       3.4019
2095.000       3.2561
2097.000       3.7319
2099.000       3.9265
2100.000       4.3748
2101.000       4.9221
2102.000       4.2734
2103.000       4.5160
2104.000       4.7277
2107.000       4.9291
2109.000       4.7161
2110.000       4.8938
2112.000       4.9058
2113.000       4.9115
2115.000       5.0511
2117.000       5.2141
2118.000       5.4664
2119.000       5.2258
2121.000       5.0834
2122.000       5.2552
2123.000       5.2051
2125.000       5.1834
2127.000       5.6167
2129.000       5.6307
2130.000       5.8836
2131.000       5.7669
2132.000       6.3447
2133.000       5.8097
2134.000       5.9803
2137.000       5.9480
2139.000       6.2338
2140.000       6.1614
2142.000       6.2785
2143.000       6.1839
2145.000       6.4648
2146.000       6.7743
2147.000       7.2858
2148.000       7.5542
2149.000       7.6016
2151.000       7.4488
2152.000       7.8827
2155.000       6.9908
2156.000       6.6603
2157.000       5.4931
2159.000       5.6723
2161.000       5.7962
2163.000       5.2587
2164.000       4.7975
2165.000       4.7000
2166.000       4.6094
2167.000       4.8804
2168.000       5.1300
2171.000       5.2297
2173.000       5.4402
2174.000       5.2365
2176.000       5.3161
2177.000       5.1521
2179.000       5.3085
2181.000       5.6454
2182.000       5.8825
2185.000       5.8003
2186.000       5.6367
2187.000       5.8463
2188.000       4.8632
2190.000       4.7778
2192.000       4.7031
2194.000       5.0707
2195.000       5.0965
2196.000       5.5100
2197.000       5.2155
2198.000       4.6026
2199.000       4.5290
2202.000       4.1045
2204.000       3.9020
2205.000       3.6444
2207.000       3.6233
2208.000       3.7198
2210.000       3.7774
2211.000       3.7354
2212.000       3.9017
2213.000       4.1136
2216.000       3.9874
2217.000       3.8776
2219.000       3.7011
2220.000       3.6410
2221.000       4.0213
2223.000       3.8087
2225.000       3.7071
2227.000       3.9295
2228.000       4.2331
2229.000       4.5410
2230.000       4.2043
2231.000       4.4134
2232.000       4.7231
2235.000       4.9220
2237.000       4.9754
2238.000       5.0675
2240.000       4.9005
2241.000       4.6231
2243.000       4.6594
2244.000       4.9745
2245.000       5.2884
2246.000       5.2956
2249.000       5.7461
2250.000       5.9037
2252.000       5.6425
2253.000       5.1562
2254.000       4.8240
2256.000       5.0583
2258.000       5.4132
2260.000       4.9550
2261.000       4.8837
2262.000       5.2469
2263.000       4.7375
2264.000       4.7270
2265.000       4.8799
2268.000       4.7899
2270.000       4.7489
2271.000       4.6023
2273.000       4.4161
2274.000       4.3501
2276.000       4.2239
2277.000       4.2119
2278.000       4.1736
2279.000       4.1250
2282.000       4.2657
2283.000       4.3769
2285.000       4.4179
2286.000       4.3316
2287.000       4.5766
2289.000       4.5535
2291.000       4.7604
2293.000       4.6543
2294.000       4.4679
2295.000       4.6411
2296.000       4.3809
2297.000       4.2749
2298.000       4.3479
2301.000       4.2089
2303.000       4.1881
2304.000       3.9944
2306.000       3.8588
2307.000       3.8724
2309.000       3.7454
2310.000       3.6263
2311.000       3.4721
2312.000       3.4084
2313.000       3.4226
2315.000       3.5222
2316.000       3.4986
2319.000       3.6639
2320.000       3.7040
2321.000       3.9955
2323.000       3.9137
2325.000       4.0151
2327.000       4.0187
2328.000       3.8623
2329.000       3.9824
2330.000       3.8254
2331.000       3.6711
2332.000       3.6970
2335.000       3.5297
2337.000       3.5132
2338.000       3.3312
2340.000       3.2625
2341.000       3.3505
2343.000       3.2707
2344.000       3.1052
2345.000       2.9667
2346.000       2.9744
2347.000       2.8297
2349.000       2.8444
2350.000       2.7322
2353.000       2.9826
2354.000       3.1012
2355.000       3.3383
2357.000       3.2307
2359.000       3.2749
2361.000       3.3389
2362.000       3.2383
2363.000       3.3099
2364.000       3.2883
2365.000       3.0762
2366.000       3.0324
2369.000       2.8896
2371.000       2.8852
2372.000       2.7821
2374.000       2.8196
2375.000       2.9448
2377.000       2.9906
2378.000       2.8836
2379.000       2.9058
2380.000       3.0252
2381.000       2.8187
2383.000       2.7194
2384.000       2.6829
2387.000       2.6952
2388.000       2.7782
2389.000       2.7955
2391.000       2.7173
2393.000       2.6980
2395.000       2.7949
2396.000       2.7806
2397.000       2.8622
2398.000       2.9021
2399.000       2.6516
2400.000       2.5995
2403.000       2.5558
2405.000       2.5755
2406.000       2.6162
2408.000       2.6975
2409.000       2.7725
2411.000       2.9490
2413.000       3.0580
2414.000       3.2814
2415.000       2.9764
2417.000       2.8068
2418.000       2.8354
2419.000       2.5687
2421.000       2.6264
2423.000       2.8247
2425.000       2.6132
2426.000       2.7670
2427.000       2.9937
2428.000       2.9302
2429.000       2.6710
2430.000       2.6541
2433.000       2.6113
2435.000       2.5101
2436.000       2.4891
2438.000       2.4700
2439.000       2.5728
2441.000       2.6209
2442.000       2.5309
2443.000       2.6025
2444.000       2.7654
2447.000       2.6032
2448.000       2.5357
2450.000       2.4589
2451.000       2.4498
2452.000       2.7143
2454.000       2.6351
2456.000       2.7180
2458.000       2.7544
2459.000       2.9423
2460.000       3.1602
2461.000       3.0897
2462.000       2.8076
2463.000       2.6788
2466.000       2.6532
2468.000       2.9316
2469.000       2.9924
2471.000       3.3019
2472.000       3.3918
2474.000       3.7098
2476.000       3.9722
2477.000       4.3010
2478.000       3.9109
2480.000       3.5936
2481.000       3.6614
2482.000       2.5204
2484.000       2.7713
2486.000       2.8335
2488.000       2.4719
2489.000       2.2778
2490.000       2.3979
2491.000       2.2537
2492.000       2.1237
2493.000       2.1688
2496.000       2.0961
2498.000       2.0982
2499.000       2.0107
2501.000       1.9463
2502.000       1.9649
2504.000       1.9140
2505.000       1.8484
2506.000       1.7917
2507.000       1.7901
2508.000       1.7718
2510.000       1.8055
2511.000       1.8106
2514.000       1.8629
2515.000       1.8750
2516.000       1.9716
2518.000       1.9602
2520.000       2.0412
2522.000       1.9733
2523.000       1.8872
2524.000       1.9605
2525.000       1.8627
2526.000       1.8176
2527.000       1.8586
2530.000       1.7992
2532.000       1.7871
2533.000       1.7084
2535.000       1.6634
2536.000       1.6947
2538.000       1.6674
2539.000       1.6106
2540.000       1.5863
2541.000       1.6163
2542.000       1.5630
2544.000       1.5600
2545.000       1.5577
2548.000       1.5886
2549.000       1.6092
2550.000       1.7182
2552.000       1.6815
2554.000       1.7403
2556.000       1.7527
2557.000       1.7103
2558.000       1.7972
2559.000       1.7387
2560.000       1.6101
2561.000       1.6164
2564.000       1.5404
2566.000       1.5206
2567.000       1.4808
2569.000       1.4628
2570.000       1.4793
2572.000       1.4887
2574.000       1.4880
2575.000       1.5334
2576.000       1.4806
2578.000       1.4694
2579.000       1.5020
2580.000       1.4837
2582.000       1.4701
2584.000       1.5106
2586.000       1.4996
2587.000       1.5204
2588.000       1.5270
2589.000       1.6329
2590.000       1.5442
2591.000       1.5866
2594.000       1.6143
2596.000       1.6474
2597.000       1.6597
2599.000       1.6978
2600.000       1.7547
2602.000       1.8076
2603.000       1.7803
2604.000       1.8345
2605.000       1.9338
2608.000       1.8305
2609.000       1.7731
2611.000       1.7172
2612.000       1.7184
2613.000       1.6305
2615.000       1.6726
2617.000       1.6894
2619.000       1.6405
2620.000       1.6877
2621.000       1.7002
2622.000       1.7128
2623.000       1.7306
2624.000       1.7285
2627.000       1.7720
2629.000       1.7612
2630.000       1.8122
2632.000       1.8202
2633.000       1.8504
2635.000       1.8713
2636.000       1.8507
2637.000       1.8772
2638.000       1.9300
2641.000       1.8734
2642.000       1.8395
2644.000       1.8132
2645.000       1.8203
2646.000       1.8499
2648.000       1.8817
2650.000       1.9280
2652.000       1.9052
2653.000       1.9224
2654.000       2.0245
2655.000       1.8741
2656.000       1.9582
2657.000       1.8450
2660.000       1.8933
2662.000       1.9630
2663.000       1.9151
2665.000       1.9647
2666.000       1.9528
2668.000       2.0539
2670.000       2.1457
2671.000       2.2714
2672.000       2.2191
2674.000       2.1600
2675.000       2.3783
2676.000       1.7968
2678.000       1.7853
2680.000       1.7697
2682.000       1.8599
2683.000       1.8718
2684.000       1.9722
2685.000       1.8984
2686.000       1.7999
2687.000       1.7379
2690.000       1.6423
2692.000       1.6530
2693.000       1.5890
2695.000       1.6139
2696.000       1.6431
2698.000       1.6737
2699.000       1.6621
2700.000       1.7064
2701.000       1.7720
2704.000       1.7138
2705.000       1.6762
2707.000       1.6333
2708.000       1.6267
2709.000       1.5753
2711.000       1.5334
2713.000       1.5324
2715.000       1.5617
2716.000       1.5570
2717.000       1.5893
2718.000       1.6500
2719.000       1.5310
2720.000       1.5350
2723.000       1.5046
2725.000       1.5563
2726.000       1.5538
2728.000       1.5869
2729.000       1.6840
2731.000       1.7228
2732.000       1.6474
2733.000       1.6705
2734.000       1.7760
2737.000       1.6368
2738.000       1.5717
2740.000       1.5305
2741.000       1.5689
2742.000       1.4741
2744.000       1.5023
2746.000       1.5426
2748.000       1.4685
2749.000       1.4769
2750.000       1.5521
2751.000       1.5128
2752.000       1.4849
2753.000       1.4892
2756.000       1.5336
2758.000       1.5896
2759.000       1.6509
2761.000       1.7576
2762.000       1.9716
2764.000       2.1232
2765.000       1.9971
2766.000       2.1403
2767.000       2.3949
2768.000       2.0432
2770.000       1.8542
2771.000       1.9091
2774.000       1.7105
2775.000       1.7793
2776.000       1.5741
2778.000       1.6310
2780.000       1.7526
2782.000       1.6521
2783.000       1.7046
2784.000       1.7380
2785.000       1.8439
2786.000       1.6570
2787.000       1.6905
2790.000       1.7046
2792.000       1.6975
2793.000       1.6959
2795.000       1.6510
2796.000       1.6395
2798.000       1.6492
2800.000       1.6559
2801.000       1.6942
2804.000       1.6742
2805.000       1.6769
2806.000       1.7393
2807.000       1.7090
2809.000       1.7403
2811.000       1.8475
2813.000       1.7957
2814.000       1.8443
2815.000       1.9827
2816.000       1.8312
2817.000       1.8514
2818.000       1.9407
2821.000       1.9677
2823.000       1.9226
2824.000       1.9349
2826.000       1.8572
2827.000       1.7841
2829.000       1.7567
2831.000       1.7985
2832.000       1.8193
2833.000       1.8613
2835.000       1.8982
2836.000       1.9907
2837.000       1.9842
2839.000       2.0161
2841.000       2.1594
2843.000       2.0971
2844.000       2.1469
2845.000       2.3044
2846.000       2.1080
2847.000       2.1442
2848.000       2.2278
2851.000       2.2212
2853.000       2.1476
2854.000       2.1262
2856.000       2.0306
2857.000       1.9742
2859.000       1.9167
2860.000       1.9365
2861.000       1.9258
2862.000       1.8975
2863.000       1.9882
2865.000       2.0521
2866.000       2.1245
2869.000       2.0675
2870.000       2.0072
2871.000       2.2231
2873.000       2.2113
2875.000       2.3204
2877.000       2.3346
2878.000       2.3686
2879.000       2.5295
2880.000       2.3293
2881.000       2.3358
2882.000       2.4128
2885.000       2.3715
2887.000       2.2802
2888.000       2.2466
2890.000       2.1660
2891.000       2.1416
2893.000       2.0819
2894.000       2.0691
2895.000       2.0473
2896.000       2.0199
2899.000       2.0883
2900.000       2.1422
2902.000       2.1646
2903.000       2.1255
2904.000       2.3824
2906.000       2.3428
2908.000       2.4393
2910.000       2.4973
2911.000       2.5573
2912.000       2.7132
2913.000       2.5450
2914.000       2.5202
2915.000       2.5991
2918.000       2.5636
2920.000       2.4657
2921.000       2.4269
2923.000       2.3235
2924.000       2.3046
2926.000       2.2209
2928.000       2.1501
2929.000       2.0818
2932.000       2.1803
2933.000       2.2692
2934.000       2.3269
2935.000       2.5704
2937.000       2.5292
2939.000       2.6357
2941.000       2.6923
2942.000       2.7395
2943.000       2.9120
2944.000       2.7059
2945.000       2.6919
2946.000       2.7795
2949.000       2.7378
2951.000       2.6285
2952.000       2.5703
2954.000       2.4512
2955.000       2.4219
2957.000       2.3317
2958.000       2.2955
2959.000       2.2186
2960.000       2.1665
2961.000       2.2410
2963.000       2.3299
2964.000       2.3732
2967.000       2.4012
2968.000       2.3740
2969.000       2.7191
2971.000       2.6608
2973.000       2.7775
2975.000       2.8611
2976.000       2.8913
2977.000       3.0783
2978.000       2.8526
2979.000       2.8076
2980.000       2.8712
2983.000       2.7929
2985.000       2.6818
2986.000       2.5968
2988.000       2.4978
2989.000       2.5009
2991.000       2.4205
2992.000       2.3527
2993.000       2.2717
2994.000       2.2508
2995.000       2.2447
2997.000       2.2980
2998.000       2.2929
3001.000       2.3843
3002.000       2.4038
3003.000       2.7740
3005.000       2.6823
3007.000       2.7557
3009.000       2.9049
3010.000       2.9545
3011.000       3.1386
3012.000       2.9805
3013.000       2.8583
3014.000       2.8545
3017.000       2.7887
3019.000       2.6954
3020.000       2.6886
3022.000       2.6617
3023.000       2.6947
3025.000       2.7344
3026.000       2.7264
3027.000       2.8245
3028.000       2.9410
3031.000       2.8788
3032.000       2.8316
3034.000       2.7415
3035.000       2.6858
3036.000       2.8080
3038.000       2.7910
3040.000       2.8990
3042.000       2.9102
3043.000       2.9732
3044.000       3.1298
3045.000       3.0346
3046.000       2.8350
3047.000       2.8004
3050.000       2.6749
3052.000       2.5507
3053.000       2.4956
3055.000       2.4951
3056.000       2.5983
3058.000       2.6040
3060.000       2.5075
3061.000       2.5361
3064.000       2.4206
3065.000       2.4081
3066.000       2.3570
3067.000       2.7251
3069.000       2.5923
3071.000       2.5451
3073.000       2.8195
3074.000       3.0022
3075.000       3.0397
3076.000       3.0981
3077.000       3.0847
3078.000       3.0895
3081.000       3.1460
3083.000       3.0241
3084.000       3.0999
3086.000       2.9952
3087.000       2.9268
3089.000       2.8738
3090.000       2.9145
3091.000       2.9297
3092.000       2.9026
3095.000       3.0124
3096.000       3.0676
3098.000       3.0648
3099.000       2.9865
3100.000       3.3257
3102.000       3.2897
3104.000       3.4407
3106.000       3.4222
3107.000       3.8116
3108.000       4.3400
3109.000       4.0787
3110.000       3.6405
3111.000       3.5585
3114.000       3.5117
3116.000       3.7913
3117.000       3.8717
3119.000       4.2064
3120.000       4.3043
3122.000       4.6576
3124.000       4.9615
3125.000       5.3373
3126.000       4.8818
3128.000       4.5188
3129.000       4.5618
3130.000       3.3711
3132.000       3.6623
3134.000       3.7531
3136.000       3.2743
3137.000       3.1117
3138.000       3.1122
3139.000       3.3263
3140.000       2.9084
3141.000       2.8666
3144.000       2.7426
3146.000       2.7974
3147.000       2.6837
3149.000       2.6911
3150.000       2.7864
3152.000       2.7786
3153.000       2.6792
3154.000       2.6567
3155.000       2.7151
3156.000       2.5853
3158.000       2.5383
3159.000       2.4980
3162.000       2.5567
3163.000       2.6283
3164.000       2.5761
3166.000       2.5399
3168.000       2.5416
3170.000       2.5197
3171.000       2.4055
3172.000       2.4291
3173.000       2.4631
3174.000       2.2782
3175.000       2.2334
3178.000       2.1510
3180.000       2.2210
3181.000       2.1731
3183.000       2.2172
3184.000       2.2744
3186.000       2.3122
3187.000       2.2902
3188.000       2.3452
3189.000       2.4145
3190.000       2.3453
3192.000       2.2912
3193.000       2.3285
3196.000       2.2311
3197.000       2.2350
3198.000       2.0540
3200.000       2.0674
3202.000       2.0669
3204.000       1.9977
3205.000       1.9587
3206.000       1.9672
3207.000       2.0102
3208.000       1.9522
3209.000       1.9634
3212.000       2.0203
3214.000       2.0721
3215.000       2.1163
3217.000       2.1170
3218.000       2.0935
3220.000       2.1351
3222.000       2.1980
3223.000       2.2680
3224.000       2.2269
3226.000       2.1992
3227.000       2.2848
3228.000       2.0057
3230.000       2.1068
3232.000       2.2319
3234.000       2.0564
3235.000       2.0744
3236.000       2.1727
3237.000       2.0324
3238.000       2.1460
3239.000       2.2852
3242.000       2.3517
3244.000       2.3400
3245.000       2.3432
3247.000       2.2609
3248.000       2.1603
3250.000       2.1218
3252.000       2.1864
3253.000       2.1933
3256.000       2.2912
3257.000       2.3299
3258.000       2.4572
3259.000       2.3161
3261.000       2.3635
3263.000       2.5205
3265.000       2.4852
3266.000       2.4957
3267.000       2.7442
3268.000       2.3658
3269.000       2.4760
3270.000       2.6706
3273.000       2.6528
3275.000       2.5606
3276.000       2.4931
3278.000       2.3390
3279.000       2.2177
3281.000       2.1229
3283.000       2.1495
3284.000       2.1031
3287.000       2.2662
3288.000       2.3606
3289.000       2.4993
3290.000       2.5663
3292.000       2.5325
3294.000       2.7368
3296.000       2.7886
3297.000       2.7908
3298.000       3.1035
3299.000       2.6618
3300.000       2.6729
3301.000       2.8473
3304.000       2.7416
3306.000       2.5967
3307.000       2.4494
3309.000       2.2622
3310.000       2.1809
3312.000       2.0469
3314.000       2.0008
3315.000       1.9504
3316.000       2.0970
3318.000       2.2221
3319.000       2.3434
3320.000       2.6302
3322.000       2.5117
3324.000       2.6816
3326.000       2.8398
3327.000       2.8944
3328.000       3.1936
3329.000       2.9768
3330.000       2.6249
3331.000       2.6036
3334.000       2.4236
3336.000       2.2577
3337.000       2.2387
3339.000       2.0721
3340.000       2.1840
3342.000       2.0738
3343.000       1.8674
3344.000       1.7777
3345.000       1.8457
3348.000       1.7595
3349.000       1.7991
3351.000       1.8458
3352.000       1.8784
3353.000       2.4960
3355.000       2.5779
3357.000       2.9725
3359.000       2.5679
3360.000       2.6456
3361.000       2.9815
3362.000       2.6221
3363.000       2.5371
3364.000       2.6164
3367.000       2.5244
3369.000       2.4225
3370.000       2.3502
3372.000       2.2647
3373.000       2.2568
3375.000       2.2261
3376.000       2.2177
3377.000       2.2582
3378.000       2.3029
3381.000       2.3296
3382.000       2.3420
3384.000       2.3033
3385.000       2.2417
3386.000       2.4962
3388.000       2.4302
3390.000       2.5260
3392.000       2.6139
3393.000       2.6828
3394.000       2.8008
3395.000       2.8178
3396.000       2.5947
3397.000       2.6078
3400.000       2.5488
3402.000       2.4544
3403.000       2.3979
3405.000       2.3208
3406.000       2.3549
3408.000       2.2940
3410.000       2.1985
3411.000       2.1598
3414.000       2.1812
3415.000       2.2424
3416.000       2.2652
3417.000       2.5648
3419.000       2.4913
3421.000       2.5545
3423.000       2.6807
3424.000       2.7097
3425.000       2.9084
3426.000       2.8012
3427.000       2.5511
3428.000       2.5832
3431.000       2.5206
3433.000       2.4657
3434.000       2.4844
3436.000       2.4684
3437.000       2.4894
3439.000       2.6141
3440.000       2.6610
3441.000       2.8846
3442.000       3.0876
3445.000       3.0131
3446.000       2.9360
3448.000       2.7423
3449.000       2.5892
3450.000       2.5003
3452.000       2.5558
3454.000       2.7188
3456.000       2.5713
3457.000       2.5684
3458.000       2.7209
3459.000       2.5552
3460.000       2.4697
3461.000       2.5452
3464.000       2.4412
3466.000       2.3507
3467.000       2.2576
3469.000       2.1716
3470.000       2.1958
3472.000       2.1413
3474.000       2.0532
3475.000       2.0270
3478.000       2.0305
3479.000       2.0902
3480.000       2.1013
3481.000       2.3832
3483.000       2.2941
3485.000       2.3697
3487.000       2.4701
3488.000       2.4730
3489.000       2.6104
3490.000       2.4820
3491.000       2.3742
3492.000       2.4259
3495.000       2.2567
3497.000       2.1700
3498.000       2.0607
3500.000       2.0521
3501.000       2.1107
3503.000       2.0885
3504.000       2.0159
3505.000       1.9856
3506.000       2.0213
3507.000       1.9356
3509.000       1.9150
3510.000       1.8864
3513.000       1.9426
3514.000       1.9934
3515.000       2.2069
3517.000       2.0788
3519.000       2.0629
3521.000       2.2564
3522.000       2.2991
3523.000       2.3891
3524.000       2.3917
3525.000       2.1848
3526.000       2.1287
3529.000       2.0643
3531.000       2.0163
3532.000       2.0063
3534.000       2.0195
3535.000       2.0528
3537.000       2.0666
3539.000       2.0480
3540.000       2.0791
3543.000       2.0282
3544.000       2.0131
3545.000       2.0183
3546.000       2.0991
3548.000       2.0559
3550.000       2.0609
3552.000       2.1476
3553.000       2.1902
3554.000       2.2397
3555.000       2.2348
3556.000       2.1706
3557.000       2.1847
3560.000       2.1793
3562.000       2.1653
3563.000       2.1645
3565.000       2.1316
3566.000       2.1342
3568.000       2.1307
3569.000       2.1242
3570.000       2.1475
3571.000       2.1793
3574.000       2.1700
3575.000       2.1679
3577.000       2.1484
3578.000       2.1256
3579.000       2.1775
3581.000       2.1877
3583.000       2.2673
3585.000       2.2378
3586.000       2.2761
3587.000       2.4145
3588.000       2.2801
3589.000       2.2623
3590.000       2.3451
3593.000       2.3584
3595.000       2.3309
3596.000       2.3476
3598.000       2.2870
3599.000       2.2642
3601.000       2.2870
3602.000       2.3310
3603.000       2.4352
3604.000       2.5040
3605.000       2.5200
3607.000       2.5068
3608.000       2.6424
3611.000       2.4185
3612.000       2.3303
3613.000       2.3438
3615.000       2.3913
3617.000       2.5570
3619.000       2.4530
3620.000       2.4748
3621.000       2.7250
3622.000       2.4691
3623.000       2.4426
3624.000       2.6219
3627.000       2.6846
3629.000       2.6989
3630.000       2.9510
3632.000       2.9438
3633.000       2.7818
3635.000       2.9353
3637.000       3.2314
3638.000       3.4840
3641.000       3.4016
3642.000       3.2703
3643.000       3.5612
3644.000       2.6643
3646.000       3.1539
3648.000       3.8334
3650.000       2.8512
3651.000       2.8963
3652.000       2.9891
3653.000       3.6012
3654.000       2.5940
3655.000       2.3981
3658.000       2.1329
3660.000       2.0980
3661.000       2.1025
3663.000       2.2614
3664.000       2.3353
3666.000       2.6907
3668.000       2.9771
3669.000       3.4286
3672.000       2.9477
3673.000       2.5933
3674.000       2.7456
3675.000       2.0896
3677.000       2.1393
3679.000       2.4306
3681.000       2.3396
3682.000       2.4539
3683.000       2.6239
3684.000       2.5320
3685.000       2.4568
3686.000       2.5834
3689.000       2.6423
3691.000       2.5969
3692.000       2.6313
3694.000       2.4673
3695.000       2.2957
3697.000       2.2703
3698.000       2.4323
3699.000       2.5916
3700.000       2.5855
3703.000       2.8697
3704.000       2.9908
3706.000       2.8656
3707.000       2.5731
3708.000       2.6345
3710.000       2.7221
3712.000       2.9683
3714.000       2.7926
3715.000       2.7646
3716.000       2.9686
3717.000       2.6795
3718.000       2.7527
3719.000       2.9240
3722.000       2.9198
3724.000       2.8571
3725.000       2.7817
3727.000       2.6021
3728.000       2.4974
3730.000       2.4175
3731.000       2.4627
3732.000       2.4870
3733.000       2.4808
3736.000       2.5941
3737.000       2.6863
3739.000       2.6969
3740.000       2.5747
3741.000       2.8183
3743.000       2.8337
3745.000       3.0737
3747.000       2.9832
3748.000       2.9450
3749.000       3.2764
3750.000       2.8930
3751.000       2.7947
3752.000       2.9275
3755.000       2.8071
3757.000       2.6656
3758.000       2.5401
3760.000       2.3839
3761.000       2.3611
3763.000       2.2729
3764.000       2.2359
3765.000       2.2328
3766.000       2.2524
3767.000       2.3036
3769.000       2.3627
3770.000       2.4983
3773.000       2.3725
3774.000       2.3071
3775.000       2.7361
3777.000       2.6361
3779.000       2.7885
3781.000       2.9182
3782.000       2.9577
3783.000       3.2175
3784.000       2.9251
3785.000       2.8110
3786.000       2.8874
3789.000       2.7689
3791.000       2.6063
3792.000       2.5019
3794.000       2.3561
3795.000       2.3751
3797.000       2.2828
3799.000       2.1661
3800.000       2.1262
3801.000       2.1658
3803.000       2.2547
3804.000       2.2953
3805.000       2.7364
3807.000       2.6127
3809.000       2.7392
3811.000       2.9204
3812.000       2.9500
3813.000       3.1988
3814.000       2.9266
3815.000       2.7929
3816.000       2.8372
3819.000       2.6937
3821.000       2.5424
3822.000       2.4119
3824.000       2.2707
3825.000       2.3002
3827.000       2.2169
3829.000       2.0884
3830.000       2.0490
3833.000       2.0650
3834.000       2.1575
3835.000       2.1866
3836.000       2.6294
3838.000       2.4981
3840.000       2.6053
3842.000       2.7758
3843.000       2.7675
3844.000       2.9951
3845.000       2.7305
3846.000       2.5973
3847.000       2.6575
3850.000       2.5048
3852.000       2.3602
3853.000       2.2169
3855.000       2.1019
3856.000       2.1470
3858.000       2.0791
3860.000       1.9557
3861.000       1.9354
3864.000       1.9143
3865.000       1.9867
3866.000       1.9938
3867.000       2.4268
3869.000       2.2751
3871.000       2.3564
3873.000       2.5697
3874.000       2.5711
3875.000       2.7571
3876.000       2.5952
3877.000       2.3848
3878.000       2.3759
3881.000       2.2007
3883.000       2.0927
3884.000       1.9669
3886.000       1.9259
3887.000       2.0222
3889.000       2.0232
3891.000       1.9321
3892.000       1.9782
3893.000       1.8478
3895.000       1.8407
3896.000       1.8133
3897.000       2.1401
3899.000       1.9903
3901.000       2.0022
3903.000       2.2303
3904.000       2.2735
3905.000       2.4117
3906.000       2.3712
3907.000       2.1091
3908.000       2.0448
3911.000       1.9479
3913.000       1.9067
3914.000       1.9176
3916.000       1.9375
3917.000       2.0003
3919.000       2.0326
3920.000       1.9932
3921.000       2.0421
3922.000       2.1275
3925.000       2.0547
3926.000       2.0087
3928.000       1.9483
3929.000       1.9420
3930.000       1.9853
3932.000       1.9854
3934.000       2.0384
3936.000       1.9747
3937.000       2.0358
3938.000       2.1441
3939.000       2.2222
3940.000       1.9471
3941.000       1.9733
3944.000       1.9715
3946.000       1.9536
3947.000       1.9545
3949.000       1.8924
3950.000       1.8559
3952.000       1.8521
3953.000       1.8866
3954.000       1.9506
3955.000       1.9705
3958.000       2.0497
3959.000       2.0814
3961.000       2.0252
3962.000       1.9207
3963.000       1.9842
3965.000       2.0157
3967.000       2.1380
3969.000       2.0745
3970.000       2.1282
3971.000       2.2533
3972.000       2.1392
3973.000       2.1385
3974.000       2.2172
3977.000       2.2502
3979.000       2.1962
3980.000       2.2001
3982.000       2.0933
3983.000       2.0311
3985.000       2.0083
3986.000       2.0444
3987.000       2.0856
3988.000       2.1034
3989.000       2.1713
3991.000       2.2254
3992.000       2.3515
3995.000       2.2025
3996.000       2.1024
3997.000       2.2854
3999.000       2.3154
4001.000       2.4734
4003.000       2.4231
4004.000       2.4651
4005.000       2.6521
4006.000       2.3923
4007.000       2.4763
4008.000       2.6156
4011.000       2.6335
4013.000       2.5117
4014.000       2.5106
4016.000       2.3719
4017.000       2.2829
4019.000       2.2081
4021.000       2.2218
4022.000       2.2097
4023.000       2.3142
4025.000       2.3904
4026.000       2.5131
4027.000       2.6646
4029.000       2.6675
4031.000       2.8452
4033.000       2.8478
4034.000       2.9199
4035.000       3.1560
4036.000       2.8013
4037.000       2.9527
4038.000       3.1415
4041.000       3.1667
4043.000       2.9980
4044.000       3.0086
4046.000       2.8285
4047.000       2.7101
4049.000       2.5866
4051.000       2.5910
4052.000       2.5298
4055.000       2.7114
4056.000       2.8275
4057.000       2.9757
4058.000       3.2131
4060.000       3.2108
4062.000       3.4333
4064.000       3.4394
4065.000       3.5369
4066.000       3.7872
4067.000       3.4123
4068.000       3.5640
4069.000       3.7616
4072.000       3.7821
4074.000       3.5920
4075.000       3.5819
4077.000       3.3669
4078.000       3.2219
4080.000       3.0656
4081.000       3.1206
4082.000       3.0785
4083.000       2.9479
4086.000       3.2217
4087.000       3.3948
4089.000       3.4537
4090.000       3.3087
4091.000       3.8325
4093.000       3.8073
4095.000       4.0356
4097.000       4.0885
4098.000       4.1872
4099.000       4.4784
4100.000       4.0307
4101.000       4.1932
4102.000       4.4072
4105.000       4.3996
4107.000       4.1631
4108.000       4.1192
4110.000       3.8639
4111.000       3.7252
4113.000       3.5280
4114.000       3.5443
4115.000       3.4459
4116.000       3.2820
4119.000       3.5689
4120.000       3.7711
4122.000       3.8786
4123.000       3.7562
4124.000       4.4427
4126.000       4.3691
4128.000       4.6039
4130.000       4.7359
4131.000       4.8498
4132.000       5.1837
4133.000       4.6946
4134.000       4.8111
4135.000       5.0217
4138.000       4.9551
4140.000       4.6735
4141.000       4.5854
4143.000       4.2937
4144.000       4.1987
4146.000       3.9634
4148.000       3.8275
4149.000       3.6366
4152.000       3.9288
4153.000       4.1615
4154.000       4.2933
4155.000       4.9894
4157.000       4.8540
4159.000       5.0865
4161.000       5.3119
4162.000       5.4231
4163.000       5.7788
4164.000       5.2813
4165.000       5.3290
4166.000       5.5217
4169.000       5.4214
4171.000       5.1447
4172.000       5.0133
4174.000       4.7261
4175.000       4.6562
4177.000       4.4083
4178.000       4.3119
4179.000       4.1004
4180.000       3.9171
4183.000       4.1217
4184.000       4.3344
4186.000       4.5369
4187.000       4.5117
4188.000       5.4231
4190.000       5.2598
4192.000       5.4667
4194.000       5.7220
4195.000       5.8204
4196.000       6.1636
4197.000       5.7261
4198.000       5.6739
4199.000       5.8111
4202.000       5.6619
4204.000       5.3774
4205.000       5.2180
4207.000       4.9363
4208.000       4.9316
4210.000       4.6895
4211.000       4.5126
4212.000       4.2657
4213.000       4.1425
4214.000       4.2273
4216.000       4.4065
4217.000       4.4082
4220.000       4.6332
4221.000       4.6721
4222.000       5.6588
4224.000       5.4604
4226.000       5.6286
4228.000       5.9385
4229.000       6.0306
4230.000       6.3874
4231.000       5.9702
4232.000       5.8278
4233.000       5.9462
4236.000       5.7625
4238.000       5.4855
4239.000       5.3271
4241.000       5.1326
4242.000       5.2335
4244.000       5.0390
4245.000       4.7840
4246.000       4.5377
4247.000       4.4732
4250.000       4.4177
4251.000       4.5270
4253.000       4.7376
4254.000       4.8539
4255.000       5.7520
4257.000       5.5324
4259.000       5.6430
4261.000       5.9929
4262.000       6.1899
4263.000       6.4808
4264.000       6.2304
4265.000       6.1017
4266.000       6.1863
4269.000       6.1942
4271.000       6.4528
4272.000       6.4853
4274.000       6.6437
4275.000       6.5601
4277.000       6.8477
4279.000       7.2917
4280.000       7.7052
4281.000       7.3684
4283.000       7.0538
4284.000       7.2740
4285.000       5.9534
4287.000       6.2433
4289.000       6.4998
4291.000       5.8409
4292.000       5.6721
4293.000       5.6684
4294.000       5.8716
4295.000       5.4457
4296.000       5.3211
4299.000       5.1276
4301.000       5.0296
4302.000       4.9987
4304.000       5.1805
4305.000       5.3910
4307.000       5.6414
4309.000       5.6766
4310.000       5.9812
4313.000       5.4793
4314.000       5.2248
4315.000       5.1180
4316.000       5.1890
4318.000       5.1486
4320.000       5.2448
4322.000       5.3472
4323.000       5.3502
4324.000       5.5839
4325.000       5.4473
4326.000       5.1016
4327.000       5.2631
4330.000       4.9980
4332.000       5.1487
4333.000       5.2709
4335.000       5.7176
4336.000       6.0576
4338.000       6.6270
4340.000       6.8902
4341.000       7.4934
4342.000       6.5843
4344.000       6.0358
4345.000       6.0402
4346.000       5.0568
4348.000       5.2969
4350.000       5.3936
4352.000       4.8241
4353.000       4.8938
4354.000       5.2351
4355.000       4.8562
4356.000       4.7790
4357.000       4.7444
4360.000       4.6410
4362.000       4.6369
4363.000       4.4948
4365.000       4.3309
4366.000       4.2892
4368.000       4.2155
4370.000       4.1792
4371.000       4.1808
4372.000       4.2327
4374.000       4.3077
4375.000       4.4136
4376.000       4.4114
4378.000       4.4034
4380.000       4.5983
4382.000       4.4695
4383.000       4.2820
4384.000       4.4620
4385.000       4.1501
4386.000       4.1574
4387.000       4.2884
4390.000       4.2433
4392.000       4.2280
4393.000       4.1407
4395.000       3.9774
4396.000       3.8691
4398.000       3.7850
4400.000       3.8190
4401.000       3.8139
4404.000       3.9332
4405.000       4.0077
4406.000       4.1647
4407.000       4.0664
4409.000       4.0994
4411.000       4.3167
4413.000       4.1350
4414.000       3.9948
4415.000       4.1835
4416.000       3.8308
4417.000       3.9485
4418.000       4.1466
4421.000       4.1607
4423.000       4.1255
4424.000       4.0890
4426.000       3.9012
4427.000       3.7303
4429.000       3.6028
4431.000       3.6552
4432.000       3.6101
4433.000       3.8388
4435.000       3.9603
4436.000       4.1658
4437.000       4.0181
4439.000       4.0941
4441.000       4.3617
4443.000       4.1288
4444.000       4.0158
4445.000       4.2307
4446.000       3.8117
4447.000       3.9979
4448.000       4.2207
4451.000       4.2492
4453.000       4.1989
4454.000       4.1450
4456.000       3.9084
4457.000       3.7211
4459.000       3.5663
4460.000       3.6602
4461.000       3.6250
4462.000       3.4872
4463.000       3.8208
4465.000       4.0226
4466.000       4.2279
4469.000       4.0623
4470.000       3.8738
4471.000       4.1182
4473.000       4.1789
4475.000       4.4581
4477.000       4.2475
4478.000       4.1243
4479.000       4.3600
4480.000       3.9121
4481.000       4.0767
4482.000       4.3188
4485.000       4.3003
4487.000       4.2057
4488.000       4.1077
4490.000       3.8388
4491.000       3.6798
4493.000       3.4651
4495.000       3.3946
4496.000       3.2426
4497.000       3.5738
4499.000       3.7919
4500.000       3.9771
4501.000       4.1340
4503.000       4.1443
4505.000       4.4246
4507.000       4.2763
4508.000       4.1292
4509.000       4.3650
4510.000       3.9276
4511.000       4.0327
4512.000       4.2427
4515.000       4.1675
4517.000       4.0749
4518.000       3.9206
4520.000       3.6484
4521.000       3.5420
4523.000       3.3243
4525.000       3.1913
4526.000       3.0287
4527.000       3.3251
4529.000       3.5502
4530.000       3.6946
4531.000       3.9557
4533.000       3.9211
4535.000       4.1735
4537.000       4.0690
4538.000       3.9026
4539.000       4.1127
4540.000       3.7244
4541.000       3.7846
4542.000       3.9695
4545.000       3.8754
4547.000       3.8105
4548.000       3.6303
4550.000       3.3828
4551.000       3.3049
4553.000       3.0962
4554.000       3.0278
4555.000       2.8473
4556.000       2.7016
4557.000       2.9002
4559.000       3.0969
4560.000       3.1681
4563.000       3.2565
4564.000       3.2104
4565.000       3.6475
4567.000       3.6002
4569.000       3.8113
4571.000       3.7220
4572.000       3.5082
4573.000       3.6940
4574.000       3.3683
4575.000       3.3302
4576.000       3.4781
4579.000       3.3387
4581.000       3.2672
4582.000       3.0661
4584.000       2.8634
4585.000       2.8424
4587.000       2.6808
4588.000       2.5765
4589.000       2.4332
4590.000       2.3395
4593.000       2.4434
4594.000       2.5871
4596.000       2.7165
4597.000       2.6988
4598.000       3.0975
4600.000       3.0101
4602.000       3.1804
4604.000       3.1638
4605.000       2.9994
4606.000       3.1530
4607.000       2.9522
4608.000       2.8002
4609.000       2.8587
4612.000       2.7055
4614.000       2.6668
4615.000       2.4835
4617.000       2.3673
4618.000       2.3950
4620.000       2.3340
4622.000       2.2217
4623.000       2.1924
4624.000       2.1957
4626.000       2.2721
4627.000       2.3024
4628.000       2.5038
4630.000       2.4076
4632.000       2.5027
4634.000       2.5313
4635.000       2.3781
4636.000       2.4896
4637.000       2.2729
4638.000       2.3333
4639.000       2.2851
4642.000       2.2368
4644.000       2.1272
4645.000       2.0308
4647.000       1.9038
4648.000       1.8546
4650.000       1.7958
4651.000       1.7958
4652.000       1.7962
4653.000       1.7897
4656.000       1.8623
4657.000       1.9326
4659.000       1.9471
4660.000       1.8681
4661.000       2.2304
4663.000       2.0630
4665.000       2.0951
4667.000       2.3651
4668.000       2.4876
4669.000       2.7126
4670.000       2.4779
4671.000       2.4149
4672.000       2.5547
4675.000       2.5421
4677.000       2.5965
4678.000       2.4544
4680.000       2.3558
4681.000       2.3750
4683.000       2.3264
4685.000       2.2413
4686.000       2.2343
4687.000       2.2208
4689.000       2.2857
4690.000       2.3250
4691.000       2.3565
4693.000       2.3378
4695.000       2.5781
4697.000       2.4923
4698.000       2.4455
4699.000       2.7118
4700.000       2.3958
4701.000       2.2513
4702.000       2.3194
4705.000       2.1791
4707.000       2.0282
4708.000       1.9241
4710.000       1.8465
4711.000       1.8743
4713.000       1.8455
4714.000       1.7859
4715.000       1.7783
4716.000       1.8224
4717.000       1.7788
4719.000       1.7827
4720.000       1.8352
4723.000       1.7872
4724.000       1.7862
4725.000       2.1259
4727.000       2.0035
4729.000       2.0960
4731.000       2.2911
4732.000       2.3545
4733.000       2.5932
4734.000       2.3518
4735.000       2.2432
4736.000       2.2175
4739.000       2.1544
4741.000       2.0403
4742.000       2.0017
4744.000       1.9008
4745.000       1.8766
4747.000       1.8416
4748.000       1.8300
4749.000       1.8459
4750.000       1.8728
4751.000       1.9003
4753.000       1.9481
4754.000       2.0483
4757.000       1.9438
4758.000       1.8762
4759.000       2.1523
4761.000       2.0997
4763.000       2.2469
4765.000       2.3116
4766.000       2.3691
4767.000       2.5795
4768.000       2.3340
4769.000       2.3075
4770.000       2.4219
4773.000       2.4023
4775.000       2.2747
4776.000       2.2391
4778.000       2.0873
4779.000       2.0348
4781.000       1.9545
4782.000       1.9532
4783.000       1.9522
4784.000       1.9390
4787.000       2.0384
4788.000       2.1133
4790.000       2.1267
4791.000       2.0400
4792.000       2.4095
4794.000       2.3707
4796.000       2.5471
4798.000       2.5999
4799.000       2.6794
4800.000       2.9285
4801.000       2.6679
4802.000       2.5779
4803.000       2.6614
4806.000       2.6073
4808.000       2.4378
4809.000       2.3611
4811.000       2.2198
4812.000       2.2076
4814.000       2.1749
4816.000       2.1595
4817.000       2.2358
4818.000       2.1790
4820.000       2.2059
4821.000       2.3120
4822.000       2.6573
4824.000       2.4855
4826.000       2.5442
4828.000       2.7994
4829.000       2.8819
4830.000       2.9985
4831.000       2.9977
4832.000       2.8962
4833.000       3.0391
4836.000       3.1007
4838.000       3.0599
4839.000       3.0750
4841.000       2.9155
4842.000       2.8142
4844.000       2.7902
4845.000       2.8613
4846.000       2.9490
4847.000       2.9946
4848.000       3.0775
4850.000       3.1535
4851.000       3.3562
4854.000       3.1094
4855.000       2.9446
4856.000       3.0805
4858.000       3.1614
4860.000       3.4375
4862.000       3.2707
4863.000       3.2916
4864.000       3.5508
4865.000       3.1916
4866.000       3.2453
4867.000       3.4004
4870.000       3.3752
4872.000       3.2651
4873.000       3.2219
4875.000       3.1256
4876.000       3.0506
4878.000       3.0268
4880.000       3.1014
4881.000       3.1667
4884.000       3.1750
4885.000       3.1755
4886.000       3.2828
4887.000       3.3302
4889.000       3.2955
4891.000       3.4956
4893.000       3.5326
4894.000       3.5636
4895.000       3.8093
4896.000       3.5499
4897.000       3.4026
4898.000       3.4437
4901.000       3.3082
4903.000       3.1795
4904.000       3.0624
4906.000       2.9784
4907.000       2.9761
4909.000       2.9266
4910.000       2.9111
4911.000       2.9398
4912.000       2.9597
4915.000       3.0209
4916.000       3.0439
4918.000       3.0047
4919.000       2.9457
4920.000       3.2653
4922.000       3.1315
4924.000       3.1937
4926.000       3.4117
4927.000       3.4571
4928.000       3.6501
4929.000       3.4990
4930.000       3.2977
4931.000       3.2851
4934.000       3.1405
4936.000       3.0385
4937.000       2.9372
4939.000       2.9299
4940.000       2.9967
4942.000       3.0132
4943.000       2.9652
4944.000       3.0287
4945.000       3.1117
4946.000       3.0624
4948.000       3.0279
4949.000       3.1480
4952.000       2.9518
4953.000       2.9251
4954.000       3.1258
4956.000       2.9975
4958.000       3.0074
4960.000       3.2293
4961.000       3.2667
4962.000       3.4446
4963.000       3.4546
4964.000       2.9956
4965.000       2.8728
4968.000       2.7068
4970.000       2.6784
4971.000       2.7004
4973.000       2.9054
4974.000       3.0233
4976.000       3.3258
4978.000       3.5440
4979.000       3.8963
4980.000       3.4504
4982.000       3.1497
4983.000       3.2299
4984.000       2.7205
4986.000       2.6704
4988.000       2.6347
4990.000       2.7548
4991.000       2.7825
4992.000       2.9313
4993.000       2.8538
4994.000       2.6507
4995.000       2.6231
4998.000       2.5232
5000.000       2.4965
5001.000       2.4713
5003.000       2.5278
5004.000       2.6097
5006.000       2.7504
5008.000       2.8188
5009.000       3.0130
5010.000       2.7581
5012.000       2.6273
5013.000       2.7056
5014.000       2.5155
5016.000       2.4854
5018.000       2.5241
5020.000       2.5672
5021.000       2.6834
5022.000       2.7618
5023.000       2.8123
5024.000       2.7010
5025.000       2.9293
5028.000       2.9848
5030.000       2.9414
5031.000       2.8258
5033.000       2.6391
5034.000       2.6066
5036.000       2.6646
5038.000       2.7223
5039.000       2.9221
5042.000       2.7065
5043.000       2.6713
5044.000       2.7931
5045.000       2.8509
5047.000       2.9011
5049.000       3.3315
5051.000       3.3110
