   2.000       6.1698
   3.000       6.1493
   6.000       5.5141
   8.000       5.2110
   9.000       4.6893
  11.000       4.5069
  12.000       5.2250
  14.000       5.3776
  15.000       4.6477
  16.000       4.8180
  17.000       5.6387
  18.000       4.3062
  20.000       3.7152
  21.000       3.7673
  24.000       3.5977
  25.000       4.0526
  26.000       4.9047
  28.000       4.5924
  30.000       5.2205
  32.000       5.3655
  33.000       5.2006
  34.000       5.9903
  35.000       5.3778
  36.000       4.1831
  37.000       4.2420
  40.000       3.4817
  42.000       2.9378
  43.000       2.3765
  45.000       2.2703
  46.000       2.8252
  48.000       3.2579
  49.000       3.0164
  50.000       3.7398
  51.000       4.5451
  52.000       3.8172
  54.000       3.3556
  55.000       3.9815
  58.000       2.6553
  59.000       2.4214
  60.000       3.0490
  62.000       2.4855
  64.000       3.1021
  66.000       3.6509
  67.000       3.6409
  68.000       4.5145
  69.000       3.7468
  70.000       2.8347
  71.000       3.1614
  74.000       2.7650
  76.000       2.3671
  77.000       2.2817
  79.000       2.0518
  80.000       1.8737
  82.000       2.4341
  84.000       3.0915
  85.000       3.8598
  86.000       3.1634
  88.000       2.7482
  89.000       3.3493
  90.000       2.3885
  92.000       2.3846
  94.000       3.1797
  96.000       2.9055
  97.000       2.8091
  98.000       3.4405
  99.000       2.7883
 100.000       2.3495
 101.000       2.6829
 104.000       2.5620
 106.000       2.4473
 107.000       2.4804
 109.000       2.2295
 110.000       1.9192
 112.000       2.0717
 114.000       2.5345
 115.000       2.9609
 118.000       2.8333
 119.000       2.6873
 120.000       3.1997
 121.000       2.2848
 123.000       2.5292
 125.000       3.1488
 127.000       2.5307
 128.000       2.4648
 129.000       2.7013
 130.000       2.5255
 131.000       2.3398
 132.000       2.4665
 135.000       2.3046
 137.000       2.3939
 138.000       2.3041
 140.000       2.3193
 141.000       2.4256
 143.000       2.5706
 144.000       2.5753
 145.000       2.8401
 146.000       3.1050
 149.000       2.9763
 150.000       2.8409
 152.000       2.5742
 153.000       2.4385
 154.000       2.0641
 156.000       2.1411
 158.000       2.3467
 160.000       2.0646
 161.000       1.9590
 162.000       2.1376
 163.000       1.9525
 164.000       1.9150
 165.000       2.0627
 168.000       2.1786
 170.000       2.2670
 171.000       2.4061
 173.000       2.3883
 174.000       2.2127
 176.000       2.3420
 178.000       2.6354
 179.000       2.8634
 182.000       2.7967
 183.000       2.6853
 184.000       2.9429
 185.000       2.1214
 187.000       2.3621
 189.000       2.6617
 191.000       2.2353
 192.000       2.1495
 193.000       2.4798
 194.000       1.9476
 195.000       2.1487
 196.000       2.4610
 199.000       2.5349
 201.000       2.5412
 202.000       2.5458
 204.000       2.3091
 205.000       2.0474
 207.000       1.9936
 208.000       2.2573
 209.000       2.4982
 210.000       2.5301
 213.000       2.8237
 214.000       2.9122
 216.000       2.7604
 217.000       2.4306
 218.000       2.3537
 220.000       2.5257
 222.000       2.9160
 224.000       2.5128
 225.000       2.3074
 226.000       2.6905
 227.000       2.0701
 228.000       2.1636
 229.000       2.4741
 232.000       2.4615
 234.000       2.4659
 235.000       2.3733
 237.000       2.0440
 238.000       1.7854
 240.000       1.6502
 241.000       1.8738
 242.000       2.0776
 243.000       2.0864
 244.000       2.4624
 246.000       2.6261
 247.000       3.0560
 250.000       2.4779
 251.000       2.1059
 252.000       2.1924
 254.000       2.3323
 256.000       2.7696
 258.000       2.3515
 259.000       2.1167
 260.000       2.5279
 261.000       1.9859
 262.000       1.8968
 263.000       2.2696
 266.000       2.3141
 268.000       2.2953
 269.000       2.3006
 271.000       1.9770
 272.000       1.6214
 274.000       1.5793
 276.000       1.9102
 277.000       2.1249
 280.000       2.2462
 281.000       2.2809
 282.000       2.7501
 283.000       2.1024
 285.000       2.3473
 287.000       2.8969
 289.000       2.3478
 290.000       2.2752
 291.000       2.7688
 292.000       2.2273
 293.000       2.1619
 294.000       2.5786
 297.000       2.7046
 299.000       2.5265
 300.000       2.6235
 302.000       2.2862
 303.000       1.8967
 305.000       1.8848
 307.000       2.2606
 308.000       2.5115
 311.000       2.5977
 312.000       2.6170
 313.000       3.1063
 314.000       2.7190
 316.000       2.9061
 318.000       3.4855
 320.000       3.1393
 321.000       3.2963
 322.000       3.8637
 323.000       3.1945
 324.000       3.3129
 325.000       3.7839
 328.000       3.9664
 330.000       3.6352
 331.000       3.7761
 333.000       3.3441
 334.000       2.9120
 336.000       2.7735
 338.000       3.0967
 339.000       3.2504
 342.000       3.4980
 343.000       3.6197
 344.000       4.1640
 345.000       4.1298
 347.000       4.1715
 349.000       4.8064
 351.000       4.7135
