   2.000       5.4222
   3.000       5.6924
   6.000       5.7023
   8.000       5.7403
   9.000       5.5813
  11.000       5.2551
  12.000       5.1029
  14.000       4.8610
  15.000       4.8608
  16.000       4.7122
  17.000       4.5337
  18.000       4.8475
  20.000       5.0909
  21.000       5.2346
  24.000       5.2318
  25.000       5.1075
  26.000       5.3884
  28.000       5.4757
  30.000       5.8333
  32.000       5.4784
  33.000       5.1794
  34.000       5.4279
  35.000       4.9087
  36.000       5.0147
  37.000       5.2532
  40.000       5.1317
  42.000       5.0957
  43.000       4.8467
  45.000       4.5287
  46.000       4.4434
  48.000       4.1977
  50.000       4.0277
  51.000       3.8188
  54.000       4.1268
  55.000       4.3761
  56.000       4.5062
  57.000       4.7774
  59.000       4.7304
  61.000       5.0066
  63.000       4.8462
  64.000       4.5520
  65.000       4.7633
  66.000       4.3743
  67.000       4.3187
  68.000       4.4828
  71.000       4.3083
  73.000       4.2756
  74.000       4.0114
  76.000       3.7466
  77.000       3.7244
  79.000       3.5286
  81.000       3.3316
  82.000       3.1693
  85.000       3.3574
  86.000       3.5680
  87.000       3.6459
  88.000       3.9698
  90.000       3.8908
  92.000       4.1076
  94.000       4.0133
  95.000       3.7541
  96.000       3.9532
  97.000       3.6406
  98.000       3.5158
  99.000       3.6389
 102.000       3.4832
 104.000       3.4547
 105.000       3.2353
 107.000       3.0146
 108.000       3.0250
 110.000       2.8997
 112.000       2.7290
 113.000       2.6501
 116.000       2.7132
 117.000       2.8670
 118.000       2.9366
 119.000       3.2038
 121.000       3.1519
 123.000       3.3860
 125.000       3.2654
 126.000       3.1049
 127.000       3.3000
 128.000       3.0725
 129.000       2.9350
 130.000       3.0610
 133.000       2.9639
 135.000       2.8678
 136.000       2.7729
 138.000       2.6549
 139.000       2.6688
 141.000       2.7106
 143.000       2.7372
 144.000       2.8916
 147.000       2.7213
 148.000       2.6808
 149.000       2.7825
 150.000       2.8421
 152.000       2.8257
 154.000       3.0719
 156.000       3.0157
 157.000       2.9888
 158.000       3.3024
 159.000       2.9785
 160.000       2.7723
 161.000       2.8953
 164.000       2.7470
 166.000       2.5865
 167.000       2.4868
 169.000       2.3737
 170.000       2.3895
 172.000       2.4060
 174.000       2.4193
 175.000       2.5453
 176.000       2.4102
 178.000       2.3889
 179.000       2.5004
 180.000       2.6763
 182.000       2.5953
 184.000       2.7870
 186.000       2.8776
 187.000       2.9187
 188.000       3.2257
 189.000       2.8579
 190.000       2.7694
 191.000       2.8661
 194.000       2.7574
 196.000       2.5919
 197.000       2.4920
 199.000       2.3330
 200.000       2.2910
 202.000       2.1678
 203.000       2.1241
 204.000       2.0387
 205.000       1.9707
 206.000       2.0982
 208.000       2.2128
 209.000       2.3006
 212.000       2.2816
 213.000       2.2329
 214.000       2.7372
 216.000       2.6312
 218.000       2.7676
 220.000       2.9266
 221.000       2.9780
 222.000       3.2235
 223.000       2.9256
 224.000       2.8824
 225.000       2.9793
 228.000       2.8979
 230.000       2.7163
 231.000       2.6377
 233.000       2.4665
 234.000       2.4261
 236.000       2.2996
 238.000       2.2076
 239.000       2.1230
 242.000       2.2617
 243.000       2.3914
 244.000       2.4873
 245.000       2.9200
 247.000       2.8191
 249.000       2.9740
 251.000       3.1427
 252.000       3.1863
 253.000       3.5428
 254.000       3.1644
 255.000       2.9932
 256.000       3.1599
 259.000       3.0843
 261.000       2.8785
 262.000       2.8712
 264.000       2.6986
 265.000       2.6082
 267.000       2.6390
 269.000       2.7596
 270.000       2.9475
 273.000       2.8497
 274.000       2.8209
 275.000       3.0509
 276.000       3.0594
 278.000       3.0649
 280.000       3.3994
 282.000       3.3156
 283.000       3.3484
 284.000       3.6615
 285.000       3.2775
 286.000       3.2068
 287.000       3.3748
 290.000       3.2782
 292.000       3.1451
 293.000       3.0580
 295.000       2.8732
 296.000       2.7918
 298.000       2.7070
 300.000       2.7109
 301.000       2.7441
 302.000       2.8104
 304.000       2.8905
 305.000       3.0619
 306.000       3.1725
 308.000       3.1242
 310.000       3.3395
 312.000       3.3300
 313.000       3.2938
 314.000       3.5165
 315.000       3.2638
 316.000       3.1126
 317.000       3.1606
 320.000       3.0069
 322.000       2.9071
 323.000       2.7689
 325.000       2.6866
 326.000       2.7338
 328.000       2.6596
 329.000       2.5546
 330.000       2.4722
 331.000       2.4700
 332.000       2.4251
 334.000       2.4513
 335.000       2.4310
 338.000       2.5265
 339.000       2.5748
 340.000       2.9096
 342.000       2.7784
 344.000       2.8275
 346.000       2.9960
 347.000       3.0055
 348.000       3.1457
 349.000       3.0388
 350.000       2.8811
 351.000       2.7956
 354.000       2.6936
 356.000       2.6333
 357.000       2.5640
 359.000       2.5268
 360.000       2.5888
 362.000       2.5877
 364.000       2.5228
 365.000       2.5456
 368.000       2.4708
 369.000       2.4710
 370.000       2.4517
 371.000       2.6653
 373.000       2.5897
 375.000       2.6345
 377.000       2.7397
 378.000       2.7691
 379.000       2.8919
 380.000       2.8188
 381.000       2.6780
 382.000       2.6921
 385.000       2.6449
 387.000       2.6041
 388.000       2.6025
 390.000       2.5823
 391.000       2.5751
 393.000       2.6059
 395.000       2.6486
 396.000       2.7298
 399.000       2.6675
 400.000       2.6326
 401.000       2.6930
 402.000       2.6419
 404.000       2.6337
 406.000       2.7169
 408.000       2.7168
 409.000       2.7460
 410.000       2.8867
 411.000       2.8880
 412.000       2.5854
 413.000       2.5363
 416.000       2.4779
 418.000       2.4891
 419.000       2.5244
 421.000       2.5873
 422.000       2.6356
 424.000       2.7696
 426.000       2.8597
 427.000       3.0363
 428.000       2.8174
 430.000       2.6915
 431.000       2.7519
 432.000       2.4878
 434.000       2.5366
 436.000       2.6179
 438.000       2.4995
 439.000       2.4729
 440.000       2.6088
 441.000       2.5196
 442.000       2.3473
 443.000       2.3711
 446.000       2.3159
 448.000       2.2967
 449.000       2.2449
 451.000       2.2372
 452.000       2.2422
 454.000       2.2580
 455.000       2.2690
 456.000       2.3277
 457.000       2.3843
 458.000       2.3650
 460.000       2.3471
 461.000       2.4180
 464.000       2.2957
 465.000       2.2561
 466.000       2.2667
 468.000       2.2292
 470.000       2.2454
 472.000       2.3173
 473.000       2.3201
 474.000       2.4815
 475.000       2.3571
 476.000       2.2563
 477.000       2.3388
 480.000       2.3378
 482.000       2.3588
 483.000       2.3613
 485.000       2.3120
 486.000       2.2568
 488.000       2.2408
 490.000       2.2844
 491.000       2.3045
 494.000       2.3518
 495.000       2.3646
 496.000       2.4576
 497.000       2.2518
 499.000       2.3315
 501.000       2.4985
 503.000       2.2924
 504.000       2.2558
 505.000       2.3607
 506.000       2.2074
 507.000       2.2707
 508.000       2.3812
 511.000       2.4287
 513.000       2.4687
 514.000       2.4730
 516.000       2.3802
 517.000       2.2855
 519.000       2.2484
 520.000       2.3276
 521.000       2.3731
 522.000       2.3422
 525.000       2.4838
 526.000       2.5480
 528.000       2.5207
 529.000       2.4077
 530.000       2.3489
 532.000       2.4467
 534.000       2.6166
 536.000       2.3834
 537.000       2.3097
 538.000       2.4076
 539.000       2.3529
 540.000       2.2979
 541.000       2.3704
 544.000       2.3598
 546.000       2.3766
 547.000       2.3186
 549.000       2.1975
 550.000       2.1177
 552.000       2.0420
 553.000       2.0743
 554.000       2.0609
 555.000       2.0165
 556.000       2.1510
 558.000       2.2392
 559.000       2.3367
 562.000       2.2590
 563.000       2.1725
 564.000       2.2328
 566.000       2.2786
 568.000       2.4381
 570.000       2.2649
 571.000       2.1675
 572.000       2.2955
 573.000       2.0942
 574.000       2.1167
 575.000       2.2242
 578.000       2.1957
 580.000       2.1738
 581.000       2.1038
 583.000       1.9726
 584.000       1.9200
 586.000       1.8345
 588.000       1.8086
 589.000       1.7686
 592.000       1.8727
 593.000       1.9509
 594.000       2.0415
 595.000       2.0801
 597.000       2.0896
 599.000       2.2484
 601.000       2.1496
 602.000       2.0807
 603.000       2.2410
 604.000       2.0353
 605.000       1.9889
 606.000       2.0927
 609.000       2.0231
 611.000       1.9802
 612.000       1.8935
 614.000       1.7446
 615.000       1.7018
 617.000       1.6081
 619.000       1.5499
 620.000       1.5193
 621.000       1.6139
 623.000       1.7113
 624.000       1.8214
 625.000       1.9145
 627.000       1.9641
 629.000       2.1505
 631.000       1.9928
 632.000       1.9513
 633.000       2.2078
 634.000       1.8640
 635.000       1.8797
 636.000       2.0632
 639.000       2.0320
 641.000       1.9356
 642.000       1.8208
 644.000       1.6859
 645.000       1.6390
 647.000       1.5881
 648.000       1.5923
 649.000       1.6192
 650.000       1.6330
 653.000       1.7150
 654.000       1.7892
 656.000       1.7737
 657.000       1.6621
 658.000       1.9614
 660.000       1.7941
 662.000       1.8730
 664.000       2.1309
 665.000       2.2726
 666.000       2.3677
 667.000       2.3885
 668.000       2.3765
 669.000       2.6009
 672.000       2.7661
 674.000       2.7943
 675.000       2.8104
 677.000       2.5868
 678.000       2.4022
 680.000       2.2658
 681.000       2.3763
 682.000       2.3799
 683.000       2.2515
 686.000       2.5756
 687.000       2.7550
 689.000       2.7776
 690.000       2.5790
 691.000       2.7541
 693.000       2.8825
 695.000       3.1648
 697.000       2.9252
 698.000       2.8790
 699.000       3.1357
 700.000       2.7232
 701.000       2.8209
 702.000       3.0053
 705.000       2.9457
 707.000       2.8372
 708.000       2.6759
 710.000       2.4268
 711.000       2.3568
 713.000       2.1558
 714.000       2.0812
 715.000       1.9056
 716.000       1.7732
 717.000       1.9462
 719.000       2.1344
 720.000       2.2038
 723.000       2.2929
 724.000       2.2549
 725.000       2.8232
 727.000       2.7496
 729.000       2.9609
 731.000       2.9988
 732.000       2.9669
 733.000       3.2360
 734.000       2.8566
 735.000       2.8224
 736.000       2.9552
 739.000       2.8105
 741.000       2.6218
 742.000       2.4449
 744.000       2.2472
 745.000       2.2489
 747.000       2.0848
 748.000       1.9562
 749.000       1.7937
 750.000       1.7375
 751.000       1.7661
 753.000       1.8811
 754.000       1.8957
 757.000       2.0343
 758.000       2.0615
 759.000       2.7382
 761.000       2.5756
 763.000       2.7155
 765.000       2.9510
 766.000       2.9954
 767.000       3.2744
 768.000       2.9566
 769.000       2.8317
 770.000       2.9207
 773.000       2.7783
 775.000       2.5414
 776.000       2.4289
 778.000       2.2736
 779.000       2.2886
 781.000       2.1762
 782.000       2.0691
 783.000       1.9667
 784.000       1.9406
 787.000       1.9608
 788.000       2.0508
 790.000       2.1434
 791.000       2.1396
 792.000       2.8131
 794.000       2.6458
 796.000       2.7781
 798.000       3.0736
 799.000       3.2526
 800.000       3.5371
 801.000       3.2781
 802.000       3.1404
 803.000       3.2160
 806.000       3.1363
 808.000       2.8625
 809.000       2.8220
 811.000       2.6458
 812.000       2.6782
 814.000       2.6025
 816.000       2.4830
 817.000       2.4815
 818.000       2.4469
 820.000       2.5295
 821.000       2.5642
 822.000       3.2603
 824.000       3.1242
 826.000       3.3009
 828.000       3.5698
 829.000       3.8021
 830.000       4.1314
 831.000       3.7811
 832.000       3.7427
 833.000       3.8988
 836.000       3.8394
 838.000       3.5399
 839.000       3.4834
 841.000       3.2474
 842.000       3.2543
 844.000       3.1024
 845.000       2.9802
 846.000       2.8743
 847.000       2.8705
 848.000       2.8523
 850.000       2.9161
 851.000       2.9228
 854.000       3.0254
 855.000       3.0556
 856.000       3.9378
 858.000       3.7850
 860.000       3.9791
 862.000       4.2831
 863.000       4.4942
 864.000       4.8477
 865.000       4.4549
 866.000       4.3996
 867.000       4.5308
 870.000       4.5249
 872.000       4.7105
 873.000       4.5770
 875.000       4.5096
 876.000       4.5526
 878.000       4.5711
 879.000       4.5350
 880.000       4.6056
 881.000       4.7116
 884.000       4.6489
 885.000       4.6143
 887.000       4.5455
 888.000       4.5039
 889.000       4.2214
 891.000       4.3273
 893.000       4.4868
 895.000       4.1518
 896.000       3.8174
 897.000       3.9158
 898.000       3.8560
 899.000       3.5684
 900.000       3.6282
 903.000       3.6243
 905.000       3.7812
 906.000       3.7247
 908.000       3.6897
 909.000       3.6173
 911.000       3.6779
 912.000       3.7917
 913.000       3.9515
 914.000       4.0326
 917.000       4.0930
 918.000       4.0747
 920.000       3.9401
 921.000       3.7985
 922.000       3.3882
 924.000       3.5282
 926.000       3.7009
 928.000       3.3239
 929.000       3.0740
 930.000       3.1397
 931.000       2.9096
 932.000       3.0719
 933.000       3.2124
 936.000       3.2679
 938.000       3.3907
 939.000       3.3792
 941.000       3.2822
 942.000       3.1244
 944.000       3.1124
 945.000       3.2798
 946.000       3.4219
 947.000       3.4098
 950.000       3.6441
 951.000       3.7165
 953.000       3.6046
 954.000       3.3833
 955.000       3.0886
 957.000       3.2493
 959.000       3.4638
 961.000       3.0829
 962.000       2.8994
 963.000       3.0569
 964.000       2.8453
 965.000       2.7710
 966.000       2.8487
 969.000       2.8096
 971.000       2.8348
 972.000       2.7186
 974.000       2.5570
 975.000       2.4944
 977.000       2.4021
 978.000       2.3981
 979.000       2.3796
 980.000       2.3563
 981.000       2.4716
 983.000       2.5740
 984.000       2.7131
 987.000       2.5958
 988.000       2.5005
 989.000       2.6046
 991.000       2.6386
 993.000       2.8576
 995.000       2.6581
 996.000       2.5087
 997.000       2.7096
 998.000       2.4151
 999.000       2.3776
1000.000       2.5207
1003.000       2.4347
1005.000       2.4014
1006.000       2.2620
1008.000       2.0907
1009.000       2.0583
1011.000       1.9646
1013.000       1.8943
1014.000       1.8783
1015.000       1.9437
1017.000       2.0413
1018.000       2.1472
1019.000       2.2405
1021.000       2.2113
1023.000       2.4117
1025.000       2.3322
1026.000       2.2075
1027.000       2.4276
1028.000       2.1337
1029.000       2.0432
1030.000       2.1581
1033.000       2.0264
1035.000       1.9872
1036.000       1.8396
1038.000       1.6883
1039.000       1.6764
1041.000       1.6039
1043.000       1.5492
1044.000       1.5541
1047.000       1.5937
1048.000       1.6560
1049.000       1.7658
1050.000       1.8330
1052.000       1.7808
1054.000       1.9512
1056.000       1.9185
1057.000       1.8318
1058.000       2.0232
1059.000       1.8556
1060.000       1.6573
1061.000       1.7072
1064.000       1.6297
1066.000       1.6106
1067.000       1.5654
1069.000       1.4814
1070.000       1.4353
1072.000       1.4186
1074.000       1.4342
1075.000       1.4731
1076.000       1.4989
1078.000       1.5308
1079.000       1.6683
1080.000       1.5569
1082.000       1.5849
1084.000       1.7575
1086.000       1.6446
1087.000       1.6806
1088.000       1.8657
1089.000       1.6936
1090.000       1.7008
1091.000       1.8255
1094.000       1.8320
1096.000       1.8187
1097.000       1.7872
1099.000       1.7271
1100.000       1.6235
1102.000       1.6667
1103.000       1.8130
1104.000       1.9841
1105.000       2.0446
1108.000       2.1642
1109.000       2.1747
1111.000       2.0371
1112.000       1.8503
1113.000       1.8420
1115.000       1.8296
1117.000       2.1989
1119.000       2.0491
1120.000       2.3252
1121.000       2.6472
1122.000       2.3515
1123.000       2.3756
1124.000       2.6745
1127.000       2.7081
1129.000       2.9083
1130.000       3.1048
1132.000       3.6169
1133.000       3.8618
1135.000       4.5060
1137.000       4.9519
1138.000       5.6199
1139.000       4.6955
1141.000       4.0646
1142.000       4.0676
1143.000       2.9205
1145.000       3.1777
1147.000       3.4362
1149.000       3.1892
1150.000       3.2476
1151.000       3.3724
1152.000       3.6107
1153.000       2.9472
1154.000       2.9727
1157.000       2.7310
1159.000       2.4985
1160.000       2.3496
1162.000       2.2004
1163.000       2.1697
1165.000       2.0471
1166.000       1.9909
1167.000       1.8967
1168.000       1.8381
1169.000       1.9200
1171.000       2.0195
1172.000       2.0734
1175.000       2.1054
1176.000       2.0867
1177.000       2.6847
1179.000       2.4903
1181.000       2.5807
1183.000       2.8796
1184.000       2.9950
1185.000       3.2351
1186.000       3.0102
1187.000       2.8902
1188.000       2.8024
1191.000       2.7422
1193.000       2.5698
1194.000       2.5186
1196.000       2.3789
1197.000       2.3465
1199.000       2.2432
1201.000       2.1653
1202.000       2.0880
1205.000       2.2019
1206.000       2.3135
1207.000       2.3840
1208.000       2.7893
1210.000       2.7033
1212.000       2.8581
1214.000       2.9997
1215.000       3.1221
1216.000       3.3456
1217.000       3.1206
1218.000       3.0509
1219.000       3.1161
1222.000       3.0503
1224.000       2.8979
1225.000       2.8529
1227.000       2.7434
1228.000       2.7322
1230.000       2.6493
1232.000       2.5723
1233.000       2.5214
1234.000       2.5963
1236.000       2.6815
1237.000       2.7306
1238.000       3.0795
1240.000       2.9948
1242.000       3.0970
1244.000       3.2484
1245.000       3.3119
1246.000       3.5344
1247.000       3.2787
1248.000       3.2083
1249.000       3.2765
1252.000       3.1666
1254.000       3.0369
1255.000       2.9427
1257.000       2.8410
1258.000       2.8475
1260.000       2.7490
1261.000       2.6705
1262.000       2.5643
1263.000       2.5173
1264.000       2.5406
1266.000       2.6135
1267.000       2.6046
1270.000       2.7125
1271.000       2.7335
1272.000       3.1227
1274.000       3.0107
1276.000       3.0818
1278.000       3.2449
1279.000       3.2468
1280.000       3.4071
1281.000       3.2456
1282.000       3.1180
1283.000       3.1339
1286.000       3.0102
1288.000       2.9183
1289.000       2.8064
1291.000       2.7285
1292.000       2.7857
1294.000       2.7337
1296.000       2.6194
1297.000       2.5932
1300.000       2.5663
1301.000       2.6207
1302.000       2.6009
1303.000       2.9584
1305.000       2.8490
1307.000       2.8971
1309.000       3.0484
1310.000       3.0512
1311.000       3.2248
1312.000       3.0960
1313.000       2.8728
1314.000       2.8797
1317.000       2.7528
1319.000       2.6760
1320.000       2.6023
1322.000       2.5620
1323.000       2.6101
1325.000       2.6269
1327.000       2.5948
1328.000       2.6675
1331.000       2.5587
1332.000       2.5381
1333.000       2.5589
1334.000       2.7048
1336.000       2.6332
1338.000       2.7250
1340.000       2.8019
1341.000       2.8099
1342.000       3.0125
1343.000       2.8733
1344.000       2.6427
1345.000       2.6667
1348.000       2.5665
1350.000       2.4955
1351.000       2.4483
1353.000       2.3846
1354.000       2.4149
1356.000       2.4401
1358.000       2.4369
1359.000       2.5346
1360.000       2.4070
1362.000       2.3868
1363.000       2.4591
1364.000       2.5279
1366.000       2.5007
1368.000       2.6552
1370.000       2.6186
1371.000       2.6239
1372.000       2.8130
1373.000       2.6753
1374.000       2.4970
1375.000       2.5436
1378.000       2.5032
1380.000       2.4734
1381.000       2.4399
1383.000       2.4344
1384.000       2.4869
1386.000       2.4825
1387.000       2.4309
1388.000       2.4340
1389.000       2.4861
1390.000       2.4117
1392.000       2.3860
1393.000       2.3962
1396.000       2.3830
1397.000       2.4052
1398.000       2.4816
1400.000       2.4543
1402.000       2.4937
1404.000       2.5609
1405.000       2.4720
1406.000       2.6474
1407.000       2.5607
1408.000       2.3744
1409.000       2.5719
1412.000       2.4332
1414.000       2.4274
1415.000       2.3762
1417.000       2.3599
1418.000       2.3884
1420.000       2.3994
1422.000       2.3806
1423.000       2.4251
1426.000       2.3720
1427.000       2.3590
1428.000       2.3889
1429.000       2.3631
1431.000       2.3689
1433.000       2.4660
1435.000       2.3925
1436.000       2.4002
1437.000       2.5451
1438.000       2.4402
1439.000       2.3295
1440.000       2.3961
1443.000       2.4041
1445.000       2.3863
1446.000       2.4196
1448.000       2.3754
1449.000       2.3175
1451.000       2.3495
1453.000       2.4405
1454.000       2.5418
1457.000       2.5030
1458.000       2.4724
1459.000       2.5966
1460.000       2.3914
1462.000       2.4560
1464.000       2.6252
1466.000       2.4870
1467.000       2.5032
1468.000       2.6882
1469.000       2.5239
1470.000       2.4281
1471.000       2.5128
1474.000       2.4829
1476.000       2.4547
1477.000       2.4439
1479.000       2.3743
1480.000       2.3356
1482.000       2.3552
1484.000       2.4234
1485.000       2.5255
1486.000       2.4821
1488.000       2.4655
1489.000       2.6176
1490.000       2.4151
1492.000       2.4519
1494.000       2.6237
1496.000       2.5053
1497.000       2.5511
1498.000       2.6380
1499.000       2.7312
1500.000       2.5703
1501.000       2.6675
1504.000       2.6301
1506.000       2.5980
1507.000       2.5232
1509.000       2.3680
1510.000       2.2947
1512.000       2.1936
1513.000       2.1964
1514.000       2.1546
1515.000       2.1028
1516.000       2.2350
1518.000       2.3444
1519.000       2.4518
1522.000       2.3924
1523.000       2.3094
1524.000       2.5474
1526.000       2.5474
1528.000       2.6975
1530.000       2.6300
1531.000       2.5865
1532.000       2.7409
1533.000       2.5199
1534.000       2.5287
1535.000       2.6411
1538.000       2.6080
1540.000       2.5227
1541.000       2.4534
1543.000       2.2787
1544.000       2.2378
1546.000       2.1297
1548.000       2.0571
1549.000       1.9984
1552.000       2.1064
1553.000       2.2193
1554.000       2.3148
1555.000       2.5596
1557.000       2.5314
1559.000       2.6958
1561.000       2.7063
1562.000       2.6934
1563.000       2.9399
1564.000       2.6700
1565.000       2.5599
1566.000       2.7148
1569.000       2.6245
1571.000       2.5432
1572.000       2.4888
1574.000       2.3811
1575.000       2.3344
1577.000       2.3518
1579.000       2.4199
1580.000       2.5430
1583.000       2.4764
1584.000       2.4540
1585.000       2.6010
1586.000       2.5213
1588.000       2.5314
1590.000       2.7546
1592.000       2.6467
1593.000       2.5942
1594.000       2.8224
1595.000       2.5712
1596.000       2.4919
1597.000       2.6437
1600.000       2.6354
1602.000       2.6073
1603.000       2.6096
1605.000       2.4897
1606.000       2.3643
1608.000       2.3787
1610.000       2.5326
1611.000       2.6683
1612.000       2.6547
1614.000       2.6474
1615.000       2.8832
1616.000       2.5444
1618.000       2.6502
1620.000       2.9278
1622.000       2.6716
1623.000       2.6428
1624.000       2.8929
1625.000       2.5511
1626.000       2.6169
1627.000       2.8239
1630.000       2.8431
1632.000       2.7003
1633.000       2.6659
1635.000       2.4462
1636.000       2.3460
1638.000       2.2535
1639.000       2.2899
1640.000       2.3216
1641.000       2.3329
1642.000       2.4484
1644.000       2.5487
1645.000       2.7329
1648.000       2.5481
1649.000       2.4076
1650.000       2.8420
1652.000       2.8552
1654.000       3.1295
1656.000       3.0944
1657.000       3.1998
1658.000       3.5080
1659.000       3.0503
1660.000       3.2494
1661.000       3.4532
1664.000       3.4953
1666.000       3.2506
1667.000       3.2602
1669.000       3.0301
1670.000       2.8757
1672.000       2.7693
1673.000       2.8632
1674.000       2.9016
1675.000       2.8700
1676.000       3.0754
1678.000       3.2005
1679.000       3.4091
1682.000       3.1971
1683.000       3.0184
1684.000       3.6073
1686.000       3.5800
1688.000       3.8497
1690.000       3.9555
1691.000       4.1573
1692.000       4.5360
1693.000       3.9868
1694.000       4.2059
1695.000       4.4442
1698.000       4.4610
1700.000       4.1352
1701.000       4.1563
1703.000       3.9213
1704.000       3.7378
1706.000       3.5942
1707.000       3.6984
1708.000       3.7029
1709.000       3.6112
1710.000       3.9101
1712.000       4.0789
1713.000       4.3013
1716.000       4.0912
1717.000       3.8968
1718.000       4.6406
1720.000       4.5564
1722.000       4.7971
1724.000       5.0397
1725.000       5.3158
1726.000       5.7364
1727.000       5.1703
1728.000       5.3315
1729.000       5.5610
1732.000       5.5791
1734.000       5.2012
1735.000       5.2426
1737.000       4.9542
1738.000       4.7820
1740.000       4.5677
1742.000       4.5425
1743.000       4.3969
1746.000       4.7189
1747.000       4.9173
1748.000       5.1105
1749.000       5.8043
1751.000       5.6763
1753.000       5.9600
1755.000       6.2463
