   2.000       3.3508
   3.000       3.4176
   6.000       3.3115
   8.000       3.3005
   9.000       3.1398
  11.000       2.9596
  12.000       2.9478
  14.000       2.8119
  15.000       2.7250
  16.000       2.6215
  17.000       2.5664
  18.000       2.6521
  20.000       2.7672
  21.000       2.8421
  24.000       2.8560
  25.000       2.8280
  26.000       3.1006
  28.000       3.0766
  30.000       3.2797
  32.000       3.2024
  33.000       3.0924
  34.000       3.3687
  35.000       3.0755
  36.000       2.8613
  37.000       2.9709
  40.000       2.8752
  42.000       2.7710
  43.000       2.6350
  45.000       2.4414
  46.000       2.4105
  48.000       2.2748
  49.000       2.2010
  50.000       2.1004
  51.000       2.0460
  52.000       2.1416
  54.000       2.2712
  55.000       2.3729
  58.000       2.3651
  59.000       2.3177
  60.000       2.7557
  62.000       2.6784
  64.000       2.8753
  66.000       2.9302
  67.000       2.9011
  68.000       3.1868
  69.000       2.8729
  70.000       2.6761
  71.000       2.7620
  74.000       2.5711
  76.000       2.4144
  77.000       2.2330
  79.000       2.0705
  80.000       2.1389
  82.000       2.0980
  84.000       1.9765
  85.000       2.0376
  86.000       1.9114
  88.000       1.9593
  89.000       2.0082
  90.000       2.4474
  92.000       2.2814
  94.000       2.4226
  96.000       2.6198
  97.000       2.6171
  98.000       2.8673
  99.000       2.5636
 100.000       2.4653
 101.000       2.5677
 104.000       2.4318
 106.000       2.2920
 107.000       2.1401
 109.000       1.9505
 110.000       1.9608
 112.000       1.8220
 114.000       1.6549
 115.000       1.5711
 116.000       1.6675
 118.000       1.8106
 119.000       1.8615
 120.000       2.3324
 122.000       2.2034
 124.000       2.3379
 126.000       2.4847
 127.000       2.4751
 128.000       2.7061
 129.000       2.4582
 130.000       2.2893
 131.000       2.3476
 134.000       2.1805
 136.000       2.0582
 137.000       1.9005
 139.000       1.7633
 140.000       1.8186
 142.000       1.7153
 144.000       1.5418
 145.000       1.4813
 146.000       1.5215
 148.000       1.6255
 149.000       1.6585
 150.000       2.0774
 152.000       1.9428
 154.000       2.0320
 156.000       2.1898
 157.000       2.2024
 158.000       2.4348
 159.000       2.3006
 160.000       1.9649
 161.000       1.9119
 164.000       1.7671
 166.000       1.6620
 167.000       1.5587
 169.000       1.4692
 170.000       1.5619
 172.000       1.5206
 174.000       1.3790
 175.000       1.3731
 178.000       1.3142
 179.000       1.3601
 180.000       1.3660
 181.000       1.7369
 183.000       1.6538
 185.000       1.7798
 187.000       1.8529
 188.000       1.8941
 189.000       2.1218
 190.000       1.9679
 191.000       1.6961
 192.000       1.7065
 195.000       1.5630
 197.000       1.4599
 198.000       1.3730
 200.000       1.3299
 201.000       1.3815
 203.000       1.3435
 204.000       1.2707
 205.000       1.2624
 206.000       1.2897
 209.000       1.2887
 210.000       1.3069
 212.000       1.2970
 213.000       1.2755
 214.000       1.5395
 216.000       1.4546
 218.000       1.4496
 220.000       1.5412
 221.000       1.6542
 222.000       1.8545
 223.000       1.5940
 224.000       1.7670
 225.000       2.0033
 228.000       2.1373
 230.000       2.1404
 231.000       2.0817
 233.000       1.8042
 234.000       1.6554
 236.000       1.5195
 237.000       1.5809
 238.000       1.6331
 239.000       1.6111
 242.000       1.8487
 243.000       2.0005
 245.000       1.9883
 246.000       1.7665
 247.000       2.0925
 249.000       2.1810
 251.000       2.5281
 253.000       2.3134
 254.000       2.2831
 255.000       2.6165
 256.000       2.1206
 257.000       2.2245
 258.000       2.4188
 261.000       2.3668
 263.000       2.1859
 264.000       2.0484
 266.000       1.7750
 267.000       1.6704
 269.000       1.5167
 271.000       1.4785
 272.000       1.4463
 275.000       1.6075
 276.000       1.7464
 277.000       1.9519
 278.000       2.3391
 280.000       2.1251
 282.000       2.4243
 284.000       2.6246
 285.000       2.7901
 286.000       3.1670
 287.000       2.8451
 288.000       2.6036
 289.000       2.7044
 292.000       2.4937
 294.000       2.2276
 295.000       2.0289
 297.000       1.8080
 298.000       1.7685
 300.000       1.6282
 301.000       1.5471
 302.000       1.4787
 303.000       1.4560
 306.000       1.5525
 307.000       1.6828
 309.000       1.7593
 310.000       1.6755
 311.000       2.4087
 313.000       2.1101
 315.000       2.1007
 317.000       2.5505
 318.000       2.9114
 319.000       3.2025
 320.000       3.1293
 321.000       2.8412
 322.000       2.9287
 325.000       3.0071
 327.000       3.0661
 328.000       3.2586
 330.000       3.4532
 331.000       3.4167
 333.000       3.7610
 335.000       4.2066
 336.000       4.6577
 337.000       4.3458
 339.000       4.0066
 340.000       4.4082
 341.000       3.1929
 343.000       3.2690
 345.000       3.6698
 347.000       3.4410
 348.000       3.6579
 349.000       3.7653
 350.000       4.0076
 351.000       3.4959
 352.000       3.4998
 355.000       3.4447
 357.000       3.7191
 358.000       3.6417
 360.000       3.7721
 361.000       3.8560
 363.000       4.0850
 365.000       4.2117
 366.000       4.5034
 369.000       4.1344
 370.000       3.9216
 371.000       3.9509
 372.000       3.1617
 374.000       3.3150
 376.000       3.3766
 378.000       2.9771
 379.000       2.7047
 380.000       2.8135
 381.000       2.7497
 382.000       2.5319
 383.000       2.6380
 386.000       2.6090
 388.000       2.7179
 389.000       2.7183
 391.000       2.7421
 392.000       2.7715
 394.000       3.0718
 396.000       3.3050
 397.000       3.7319
 400.000       3.2987
 401.000       3.0352
 402.000       3.2521
 403.000       2.3540
 405.000       2.5206
 407.000       2.8794
 409.000       2.4280
 410.000       2.2614
 411.000       2.5961
 412.000       2.3795
 413.000       1.9672
 414.000       2.0307
 417.000       1.9521
 419.000       2.0752
 420.000       2.1145
 422.000       2.2482
 423.000       2.1448
 425.000       2.4112
 427.000       2.7932
 428.000       3.1595
 431.000       2.9231
 432.000       2.6556
 433.000       2.8961
 434.000       1.7928
 436.000       2.0346
 438.000       2.3703
 440.000       1.9089
 441.000       1.8674
 442.000       2.0462
 443.000       2.1490
 444.000       1.7035
 445.000       1.6716
 448.000       1.6439
 450.000       1.7243
 451.000       1.7567
 453.000       1.8444
 454.000       1.8048
 456.000       1.9561
 458.000       2.1582
 459.000       2.3689
 462.000       2.2234
 463.000       2.0681
 464.000       2.2015
 465.000       1.6142
 467.000       1.6886
 469.000       1.7651
 471.000       1.6227
 472.000       1.5979
 473.000       1.6598
 474.000       1.7075
 475.000       1.5518
 476.000       1.6022
 479.000       1.5720
 481.000       1.5663
 482.000       1.4850
 484.000       1.4020
 485.000       1.4186
 487.000       1.3744
 488.000       1.3164
 489.000       1.2824
 490.000       1.2993
 491.000       1.2772
 493.000       1.3063
 494.000       1.3370
 497.000       1.3428
 498.000       1.3409
 499.000       1.5100
 501.000       1.4959
 503.000       1.6238
 505.000       1.6206
 506.000       1.6549
 507.000       1.8360
 508.000       1.6476
 509.000       1.5928
 510.000       1.6541
 513.000       1.5931
 515.000       1.5203
 516.000       1.4723
 518.000       1.4052
 519.000       1.3970
 521.000       1.3637
 523.000       1.3415
 524.000       1.3533
 525.000       1.3622
 527.000       1.3934
 528.000       1.4532
 529.000       1.5776
 531.000       1.5378
 533.000       1.6320
 535.000       1.6775
 536.000       1.7315
 537.000       1.8827
 538.000       1.7769
 539.000       1.6489
 540.000       1.6689
 543.000       1.6132
 545.000       1.5392
 546.000       1.5148
 548.000       1.4602
 549.000       1.4721
 551.000       1.4515
 553.000       1.4156
 554.000       1.4370
 555.000       1.4192
 557.000       1.4435
 558.000       1.4956
 559.000       1.6352
 561.000       1.5987
 563.000       1.6815
 565.000       1.7407
 566.000       1.8031
 567.000       1.9659
 568.000       1.8164
 569.000       1.7564
 570.000       1.8181
 573.000       1.7939
 575.000       1.7197
 576.000       1.7020
 578.000       1.6168
 579.000       1.5926
 581.000       1.5261
 583.000       1.4912
 584.000       1.4580
 587.000       1.5339
 588.000       1.5947
 589.000       1.6631
 590.000       1.7960
 592.000       1.7815
 594.000       1.9061
 596.000       1.9041
 597.000       1.9385
 598.000       2.1015
 599.000       1.9217
 600.000       1.8989
 601.000       1.9869
 604.000       1.9535
 606.000       1.9130
 607.000       1.8503
 609.000       1.7458
 610.000       1.7052
 612.000       1.6210
 613.000       1.6089
 614.000       1.5617
 615.000       1.5239
 616.000       1.6052
 618.000       1.6815
 619.000       1.7463
 622.000       1.7298
 623.000       1.6882
 624.000       1.8808
 626.000       1.8654
 628.000       1.9950
 630.000       1.9577
 631.000       1.9154
 632.000       2.0777
 633.000       1.8768
 634.000       1.8249
 635.000       1.9009
 638.000       1.8312
 640.000       1.7978
 641.000       1.7170
 643.000       1.6156
 644.000       1.5907
 646.000       1.5146
 647.000       1.4923
 648.000       1.4599
 649.000       1.4392
 650.000       1.5007
 652.000       1.5608
 653.000       1.6203
 656.000       1.5944
 657.000       1.5564
 658.000       1.7286
 660.000       1.7100
 662.000       1.8470
 664.000       1.7936
 665.000       1.7651
 666.000       1.9041
 667.000       1.7426
 668.000       1.7093
 669.000       1.7915
 672.000       1.7521
 674.000       1.7119
 675.000       1.6511
 677.000       1.5537
 678.000       1.5226
 680.000       1.4614
 682.000       1.4407
 683.000       1.4212
 686.000       1.4832
 687.000       1.5354
 688.000       1.6071
 689.000       1.6838
 691.000       1.6695
 693.000       1.8038
 695.000       1.7777
 696.000       1.7644
 697.000       1.9550
 698.000       1.7308
 699.000       1.6963
 700.000       1.7965
 703.000       1.7528
 705.000       1.6805
 706.000       1.6255
 708.000       1.5117
 709.000       1.4705
 711.000       1.4108
 712.000       1.4162
 713.000       1.4321
 714.000       1.4415
 715.000       1.5110
 717.000       1.5590
 718.000       1.6695
 721.000       1.5542
 722.000       1.4800
 723.000       1.7033
 725.000       1.6844
 727.000       1.8275
 729.000       1.8323
 730.000       1.8705
 731.000       2.0892
 732.000       1.8406
 733.000       1.8069
 734.000       1.9092
 737.000       1.8727
 739.000       1.7355
 740.000       1.7028
 742.000       1.5543
 743.000       1.5045
 745.000       1.4040
 747.000       1.3560
 748.000       1.3156
 751.000       1.4294
 752.000       1.5300
 753.000       1.6651
 754.000       1.9010
 756.000       1.8563
 758.000       2.0298
 760.000       2.1012
 761.000       2.2636
 762.000       2.5135
 763.000       2.2183
 764.000       2.3121
 765.000       2.5499
 768.000       2.4807
 770.000       2.2667
 771.000       2.1739
 773.000       1.9350
 774.000       1.8639
 776.000       1.7060
 778.000       1.5865
 779.000       1.5080
 780.000       1.6706
 782.000       1.8450
 783.000       1.9772
 784.000       2.4789
 786.000       2.3700
 788.000       2.5976
 790.000       2.7438
 791.000       2.8656
 792.000       3.1939
 793.000       2.8020
 794.000       2.7522
 795.000       2.8987
 798.000       2.7664
 800.000       2.5255
 801.000       2.3843
 803.000       2.1487
 804.000       2.1345
 806.000       1.9792
 808.000       1.8308
 809.000       1.7520
 812.000       1.8526
 813.000       2.0113
 814.000       2.0940
 815.000       2.7371
 817.000       2.5640
 819.000       2.7487
 821.000       3.0072
 822.000       3.1083
 823.000       3.4316
 824.000       3.0941
 825.000       2.9295
 826.000       3.0226
 829.000       2.8680
 831.000       2.6368
 832.000       2.5151
 834.000       2.3733
 835.000       2.4073
 837.000       2.3448
 838.000       2.2674
 839.000       2.2781
 840.000       2.3537
 841.000       2.2995
 843.000       2.3038
 844.000       2.4010
 847.000       2.2999
 848.000       2.2800
 849.000       2.8764
 851.000       2.6931
 853.000       2.8189
 855.000       3.1378
 856.000       3.2305
 857.000       3.5450
 858.000       3.1619
 859.000       3.2175
 860.000       3.4361
 863.000       3.4952
 865.000       3.7330
 866.000       3.6338
 868.000       3.7674
 869.000       3.6827
 871.000       4.0798
 872.000       4.3951
 873.000       4.9713
 874.000       5.3404
 877.000       5.3156
 878.000       5.1506
 880.000       4.6541
 881.000       4.2415
 882.000       3.1695
 884.000       3.2811
 886.000       3.6069
 888.000       3.3809
 889.000       3.2725
 890.000       3.8394
 891.000       3.0902
 892.000       3.0568
 893.000       3.1037
 896.000       2.9831
 898.000       3.1253
 899.000       3.0058
 901.000       3.0668
 902.000       3.4926
 904.000       3.7374
 905.000       3.3733
 906.000       3.5706
 907.000       3.9209
 910.000       3.7882
 911.000       3.8999
 913.000       3.5659
 914.000       3.1784
 915.000       2.6551
 917.000       2.7447
 919.000       2.9950
 921.000       2.7285
 922.000       2.6288
 923.000       2.9804
 924.000       2.5743
 925.000       2.5605
 926.000       2.7313
 929.000       2.8796
 931.000       2.9923
 932.000       3.1723
 934.000       3.2602
 935.000       3.8618
 937.000       4.0241
 938.000       3.4554
 939.000       3.4860
 940.000       3.9231
 943.000       3.4064
 944.000       3.3290
 946.000       3.1124
 947.000       3.1093
 948.000       2.7882
 950.000       3.0693
 952.000       3.4779
 954.000       2.9549
 955.000       2.9232
 956.000       3.1739
 957.000       3.1545
 958.000       2.5809
 959.000       2.5270
 962.000       2.4028
 964.000       2.2792
 965.000       2.1714
 967.000       2.0012
 968.000       1.9933
 970.000       1.8634
 971.000       1.7803
 972.000       1.6931
 973.000       1.6455
 974.000       1.7640
 976.000       1.8843
 977.000       2.0062
 980.000       1.9452
 981.000       1.8881
 982.000       2.3301
 984.000       2.2519
 986.000       2.4354
 988.000       2.5288
 989.000       2.5549
 990.000       2.8552
 991.000       2.4981
 992.000       2.4134
 993.000       2.5438
 996.000       2.4455
 998.000       2.2735
 999.000       2.1652
1001.000       1.9582
1002.000       1.9296
1004.000       1.7839
1005.000       1.6941
1006.000       1.5896
1007.000       1.5221
1010.000       1.6508
1011.000       1.8049
1013.000       1.8972
1014.000       1.8257
1015.000       2.4006
1017.000       2.3005
1019.000       2.5056
1021.000       2.6220
1022.000       2.6791
1023.000       2.9752
1024.000       2.6329
1025.000       2.5347
1026.000       2.6594
1029.000       2.5560
1031.000       2.3320
1032.000       2.2330
1034.000       2.0070
1035.000       1.9737
1037.000       1.8044
1038.000       1.7010
1039.000       1.5567
1040.000       1.4882
1041.000       1.5813
1043.000       1.7461
1044.000       1.8362
1047.000       1.8841
1048.000       1.8435
1049.000       2.5615
1051.000       2.4210
1053.000       2.6165
1055.000       2.8244
1056.000       2.9562
1057.000       3.2920
1058.000       3.0083
1059.000       2.7166
1060.000       2.7094
1063.000       2.4632
1065.000       2.2085
1066.000       2.1515
1068.000       2.0798
1069.000       2.2444
1071.000       2.1847
1072.000       1.9583
1073.000       1.8998
1074.000       2.0161
1075.000       1.8288
1077.000       1.8211
1078.000       1.9384
1081.000       1.8519
1082.000       1.9112
1083.000       2.5342
1085.000       2.4119
1087.000       2.4379
1089.000       2.4754
1090.000       2.6056
1091.000       2.9446
1092.000       2.6642
1093.000       2.4017
1094.000       2.1717
1097.000       1.9977
1099.000       2.1668
1100.000       2.1290
1102.000       2.5433
1103.000       2.8537
1105.000       3.3567
1107.000       3.6351
1108.000       4.1805
1109.000       3.3594
1111.000       2.8137
1112.000       2.7373
1113.000       1.9198
1115.000       2.0319
1117.000       2.1975
1119.000       1.8281
1120.000       1.8627
1121.000       2.0133
1122.000       1.9004
1123.000       1.8566
1124.000       1.7638
1127.000       1.8231
1129.000       1.9194
1130.000       1.9199
1132.000       2.0021
1133.000       2.2259
1135.000       2.3885
1136.000       2.2556
1137.000       2.4325
1138.000       2.7198
1139.000       2.3600
1141.000       2.1689
1142.000       2.2983
1145.000       1.9964
1146.000       2.0300
1147.000       1.7881
1149.000       1.8824
1151.000       2.0533
1153.000       1.8404
1154.000       1.8269
1155.000       2.0849
1156.000       1.7846
1157.000       1.7615
1158.000       1.8513
1161.000       1.8315
1163.000       1.7881
1164.000       1.7450
1166.000       1.6364
1167.000       1.6181
1169.000       1.5470
1170.000       1.5165
1171.000       1.4786
1172.000       1.4571
1173.000       1.5090
1175.000       1.5689
1176.000       1.6188
1179.000       1.6094
1180.000       1.5781
1181.000       1.8017
1183.000       1.8005
1185.000       1.9493
1187.000       1.9321
1188.000       1.9624
1189.000       2.1587
1190.000       1.9475
1191.000       1.8772
1192.000       1.9457
1195.000       1.8790
1197.000       1.8031
1198.000       1.7375
1200.000       1.6442
1201.000       1.6390
1203.000       1.5810
1205.000       1.5243
1206.000       1.4993
1209.000       1.5388
1210.000       1.5992
1211.000       1.6497
1212.000       1.8512
1214.000       1.7999
1216.000       1.8970
1218.000       1.9602
1219.000       1.9958
1220.000       2.1501
1221.000       2.0167
1222.000       1.9124
1223.000       1.9505
1226.000       1.9071
1228.000       1.8431
1229.000       1.8042
1231.000       1.7159
1232.000       1.6959
1234.000       1.6299
1236.000       1.5803
1237.000       1.5461
1240.000       1.6065
1241.000       1.6762
1242.000       1.7346
1243.000       1.8958
1245.000       1.8681
1247.000       1.9716
1249.000       1.9926
1250.000       2.0194
1251.000       2.1737
1252.000       2.0067
1253.000       1.9586
1254.000       2.0240
1257.000       1.9758
1259.000       1.9161
1260.000       1.8539
1262.000       1.7475
1263.000       1.7294
1265.000       1.6432
1266.000       1.6055
1267.000       1.5408
1268.000       1.5017
1269.000       1.5671
1271.000       1.6440
1272.000       1.6947
1275.000       1.6995
1276.000       1.6757
1277.000       1.9239
1279.000       1.8922
1281.000       1.9994
1283.000       2.0090
1284.000       2.0034
1285.000       2.1490
1286.000       1.9837
1287.000       1.9329
1288.000       2.0016
1291.000       1.9530
1293.000       1.9246
1294.000       1.8446
1296.000       1.7325
1297.000       1.6997
1299.000       1.6125
1300.000       1.5890
1301.000       1.5398
1302.000       1.5033
1303.000       1.5821
1305.000       1.6593
1306.000       1.7271
1309.000       1.7067
1310.000       1.6670
1311.000       1.8528
1313.000       1.8359
1315.000       1.9576
1317.000       1.9075
1318.000       1.8466
1319.000       1.9893
1320.000       1.8343
1321.000       1.7326
1322.000       1.7770
1325.000       1.6961
1327.000       1.6688
1328.000       1.5833
1330.000       1.5065
1331.000       1.5172
1333.000       1.4630
1334.000       1.4098
1335.000       1.3687
1336.000       1.3610
1339.000       1.3833
1340.000       1.4253
1342.000       1.4579
1343.000       1.4450
1344.000       1.5990
1346.000       1.5655
1348.000       1.6625
1350.000       1.6439
1351.000       1.6040
1352.000       1.7317
1353.000       1.6334
1354.000       1.5108
1355.000       1.5537
1358.000       1.5062
1360.000       1.4810
1361.000       1.4355
1363.000       1.3578
1364.000       1.3650
1366.000       1.3473
1368.000       1.3168
1369.000       1.3450
1372.000       1.3196
1373.000       1.3414
1374.000       1.3985
1375.000       1.4648
1377.000       1.4732
1379.000       1.6004
1381.000       1.5337
1382.000       1.5246
1383.000       1.7099
1384.000       1.5125
1385.000       1.4543
1386.000       1.5756
1389.000       1.5618
1391.000       1.5366
1392.000       1.4900
1394.000       1.3683
1395.000       1.3176
1397.000       1.2687
1399.000       1.2726
1400.000       1.2953
1401.000       1.3349
1403.000       1.3824
1404.000       1.4923
1405.000       1.4715
1407.000       1.5156
1409.000       1.7282
1411.000       1.5772
1412.000       1.5636
1413.000       1.7437
1414.000       1.5459
1415.000       1.4925
1416.000       1.5734
1419.000       1.5146
1421.000       1.4774
1422.000       1.4005
1424.000       1.3091
1425.000       1.2934
1427.000       1.2431
1428.000       1.2182
1429.000       1.2025
1430.000       1.2153
1431.000       1.2259
1433.000       1.2596
1434.000       1.3206
1437.000       1.2809
1438.000       1.2563
1439.000       1.4393
1441.000       1.4143
1443.000       1.5357
1445.000       1.5365
1446.000       1.5394
1447.000       1.7335
1448.000       1.5393
1449.000       1.4531
1450.000       1.5370
1453.000       1.4950
1455.000       1.4378
1456.000       1.3973
1458.000       1.3029
1459.000       1.2823
1461.000       1.2488
1462.000       1.2438
1463.000       1.2714
1464.000       1.2987
1467.000       1.3435
1468.000       1.3822
1470.000       1.3625
1471.000       1.2853
1472.000       1.4722
1474.000       1.4615
1476.000       1.6119
1478.000       1.6168
1479.000       1.6854
1480.000       1.9162
1481.000       1.6460
1482.000       1.6478
1483.000       1.7659
1486.000       1.7300
1488.000       1.6016
1489.000       1.5714
1491.000       1.4496
1492.000       1.3935
1494.000       1.3347
1495.000       1.3487
1496.000       1.3689
1497.000       1.3637
1500.000       1.4669
1501.000       1.5379
1503.000       1.5300
1504.000       1.4290
1505.000       1.7533
1507.000       1.7060
1509.000       1.8728
1511.000       1.9579
1512.000       2.0973
1513.000       2.3531
1514.000       2.0918
1515.000       2.0673
1516.000       2.1402
1519.000       2.1166
1521.000       1.9512
1522.000       1.9778
1524.000       1.8558
1525.000       1.7703
1527.000       1.7360
1528.000       1.8050
1529.000       1.8792
1530.000       1.8998
1531.000       2.0107
1533.000       2.0722
1534.000       2.2465
1537.000       2.0238
1538.000       1.8823
1539.000       2.2277
1541.000       2.1982
1543.000       2.3747
1545.000       2.4719
1546.000       2.6440
1547.000       2.9431
1548.000       2.6137
1549.000       2.5986
1550.000       2.7371
1553.000       2.6972
1555.000       2.4898
1556.000       2.4621
1558.000       2.2903
1559.000       2.2288
1561.000       2.1297
1563.000       2.0945
1564.000       2.0707
1567.000       2.1636
1568.000       2.2578
1569.000       2.3793
1570.000       2.7721
1572.000       2.6915
1574.000       2.8836
1576.000       3.0320
1577.000       3.1996
1578.000       3.4896
1579.000       3.1804
1580.000       3.1208
1581.000       3.2317
1584.000       3.1867
1586.000       2.9488
1587.000       2.9275
1589.000       2.7431
1590.000       2.6874
1592.000       2.5713
1594.000       2.5186
1595.000       2.4678
1598.000       2.5793
1599.000       2.6857
1600.000       2.7841
1601.000       3.3013
1603.000       3.1763
1605.000       3.4167
1607.000       3.6174
